512
127 127 0 70.9498 0
0 0 0 70.9498 0
127 0 127 69.7565 0
0 127 127 67.4869 0
117 119 121 48.7434 0
15 18 112 42.4585 0
21 106 24 38.6961 0
102 25 26 35.8831 0
68 69 41 20.2838 0
68 69 127 19.9814 0
11 63 67 19.5745 0
120 69 70 18.9374 0
68 127 73 17.9385 0
57 0 72 16.7057 0
58 37 49 12.2208 0
65 102 50 11.2129 0
38 60 50 11.2129 0
94 68 98 10.1286 0
43 64 109 9.7105 0
97 71 52 9.2351 0
104 93 70 8.6824 0
67 15 53 8.3435 0
81 8 63 8.1993 0
97 80 83 8.1426 0
61 42 117 7.8954 0
99 51 74 7.7637 0
26 64 93 7.2667 0
88 108 73 7.1814 0
81 91 54 7.1814 0
44 118 66 7.2169 0
24 88 67 6.5963 0
66 93 113 6.6312 0
74 52 105 6.6306 0
24 38 67 6.5963 0
75 19 73 6.4135 0
66 105 99 6.4134 0
51 86 55 6.1736 0
45 21 72 6.1736 0
61 16 90 6.1154 0
39 40 55 6.1736 0
101 55 57 6.2532 0
40 78 55 6.1736 0
80 48 55 6.1736 0
37 86 77 5.7565 0
32 46 75 5.6724 0
36 11 68 5.7605 0
90 39 72 5.4962 0
54 52 108 5.5259 0
102 39 66 5.4308 0
54 114 57 5.4237 0
88 58 56 5.1657 0
102 60 86 5.3016 0
52 16 56 5.2013 0
37 33 71 5.1657 0
84 28 71 5.1657 0
28 46 57 4.9731 0
50 110 75 4.9965 0
52 77 108 4.8519 0
33 77 84 4.739 0
79 64 104 4.7764 0
30 55 82 4.7705 0
40 72 96 4.7963 0
37 97 71 4.5201 0
101 83 60 4.6556 0
61 26 100 4.6414 0
85 55 97 4.5466 0
77 112 57 4.4395 0
74 33 57 4.1578 0
72 95 102 4.2789 0
84 75 108 4.2873 0
71 113 92 4.2774 0
45 24 57 4.1578 0
41 106 70 4.1578 0
61 32 108 4.1625 0
68 49 57 4.1578 0
56 53 57 4.1578 0
49 98 57 4.1578 0
47 48 57 4.1578 0
28 79 58 4.1457 0
90 83 57 4.1578 0
86 115 63 4.1678 0
81 103 57 4.1578 0
61 113 90 4.1562 0
63 47 105 3.8735 0
77 84 109 3.8515 0
25 81 76 3.7071 0
70 20 83 3.7251 0
27 27 67 3.7119 0
80 110 82 3.7323 0
99 107 68 3.4039 0
60 96 101 3.4272 0
50 74 58 3.1499 0
57 85 111 3.1127 0
56 111 83 3.4185 0
65 88 58 3.1499 0
88 86 91 3.3536 0
34 55 69 3.1499 0
94 99 77 3.3103 0
85 75 58 3.1499 0
43 13 61 3.2131 0
50 19 81 3.2166 0
68 27 58 3.1499 0
90 91 85 3.2139 0
77 107 69 3.1486 0
51 63 58 3.1499 0
35 22 69 3.1499 0
81 38 58 3.1499 0
92 98 69 3.1499 0
93 68 83 3.0339 0
90 49 58 3.1499 0
39 30 58 3.1499 0
38 63 96 3.151 0
78 19 58 3.1499 0
58 23 58 3.1499 0
40 88 58 3.1499 0
89 98 58 3.1499 0
96 90 58 3.1499 0
97 62 69 2.9908 0
26 71 84 3.1138 0
94 51 85 2.9981 0
67 28 94 2.9716 0
91 46 81 2.9723 0
35 70 89 2.9246 0
80 73 101 2.8842 0
28 98 67 2.8062 0
46 79 101 2.8954 0
28 18 67 2.8062 0
63 55 108 2.6715 0
41 95 78 2.7581 0
78 27 79 2.6628 0
78 89 93 1.0028 0
74 71 104 2.7208 0
100 80 68 2.6573 0
79 91 98 2.7477 0
84 35 78 2.6756 0
39 79 91 2.6558 0
29 78 68 2.6476 0
49 73 101 2.6788 0
56 66 106 2.6528 0
66 33 102 2.6303 0
56 108 69 2.6127 0
70 43 108 2.6289 0
33 55 90 2.5699 0
43 89 84 2.463 0
93 30 68 2.1421 0
65 19 71 2.5087 0
29 64 82 2.4445 0
90 72 78 2.5747 0
96 93 80 2.5231 0
94 84 72 2.3751 0
99 30 66 2.4415 0
70 63 104 2.3863 0
95 56 90 2.4588 0
58 103 93 2.3969 0
99 46 61 2.4415 0
42 90 70 2.3986 0
35 57 96 2.4371 0
99 64 63 2.374 0
49 106 59 2.1421 0
99 75 64 2.374 0
43 29 77 2.4129 0
73 85 59 2.1421 0
36 48 84 2.3135 0
32 72 59 2.1421 0
91 81 95 2.3482 0
74 78 106 2.3682 0
85 68 59 2.1421 0
95 113 66 2.225 0
73 42 59 2.1421 0
30 36 59 2.278 0
56 94 59 2.1421 0
75 102 95 2.2924 0
55 20 68 2.1421 0
93 14 63 2.152 0
50 56 101 2.2902 0
65 18 78 2.1801 0
85 18 68 2.1421 0
87 41 81 2.2619 0
49 105 68 2.1421 0
87 41 59 2.1421 0
101 69 83 2.1491 0
49 56 59 2.1421 0
38 39 78 2.0708 0
79 58 59 2.1421 0
70 14 66 2.225 0
99 62 75 2.2396 0
34 62 68 2.1421 0
90 47 68 2.1421 0
37 43 68 2.1421 0
33 113 66 2.225 0
76 26 59 2.1421 0
81 31 59 2.1421 0
52 26 59 2.1421 0
33 106 68 2.1421 0
39 84 86 1.9974 0
44 109 59 2.1421 0
36 48 59 2.1421 0
42 94 59 2.1421 0
34 86 59 2.1421 0
46 68 59 2.1421 0
83 89 94 2.1458 0
57 80 59 2.1421 0
74 54 59 2.1421 0
90 23 68 2.1421 0
82 63 59 2.1421 0
86 108 59 2.1421 0
46 31 59 2.1421 0
44 103 59 2.1421 0
63 54 59 2.1421 0
72 92 59 2.1421 0
80 82 59 2.1421 0
67 37 107 1.9566 0
67 24 89 1.9853 0
74 26 84 2.0182 0
53 21 87 2.0705 0
32 60 75 2.0827 0
37 77 77 2.0093 0
56 91 92 0.3205 0
98 68 67 1.9806 0
60 76 106 1.8901 0
45 56 99 2.0648 0
82 62 97 2.0668 0
77 108 76 1.9648 0
29 49 67 1.9806 0
45 30 68 1.7323 0
55 94 97 1.9182 0
56 24 93 1.9832 0
55 60 105 1.9975 0
70 33 96 2.0111 0
46 52 105 1.9897 0
78 89 104 1.853 0
65 92 96 1.1046 0
37 49 68 1.729 0
72 30 90 1.9287 0
69 76 105 1.8687 0
43 80 96 1.9087 0
47 25 80 1.9093 0
50 90 88 0.5629 0
45 96 82 1.8849 0
58 109 77 1.8209 0
79 50 97 1.8224 0
27 75 78 1.8643 0
63 26 66 0.6263 0
73 90 107 1.8552 0
32 71 68 1.8243 0
61 17 81 1.8102 0
39 56 100 1.776 0
44 104 76 1.8395 0
52 112 67 1.8181 0
83 83 106 1.7687 0
89 15 67 1.8181 0
83 87 99 1.7982 0
34 55 75 1.8021 0
74 110 85 1.7046 0
74 91 95 1.6447 0
58 91 108 1.6564 0
52 44 109 1.7719 0
56 37 109 1.7651 0
90 89 66 0.4539 0
38 43 82 1.7121 0
87 77 79 1.6181 0
83 98 66 0.6263 0
85 95 88 1.547 0
33 91 68 1.6299 0
65 53 101 1.4536 0
51 92 93 1.5397 0
55 71 104 1.6665 0
69 92 96 1.6257 0
70 31 66 0.6263 0
47 91 89 1.6912 0
80 32 81 1.5264 0
93 90 68 1.6161 0
91 86 76 1.595 0
78 109 89 1.67 0
95 88 76 1.669 0
70 85 110 1.6035 0
57 99 96 1.6508 0
71 107 69 1.6586 0
90 78 91 1.6469 0
41 34 78 1.5001 0
91 80 73 1.6091 0
36 51 88 1.6112 0
67 59 105 1.597 0
54 100 91 1.5458 0
81 68 97 1.4915 0
93 58 68 1.5538 0
60 19 69 1.5453 0
64 106 67 0.7866 0
55 57 101 1.512 0
56 17 82 1.3911 0
40 19 60 1.1342 0
98 97 61 1.4685 0
88 58 88 0.8362 0
77 30 84 1.5315 0
98 101 64 1.3662 0
74 107 94 1.4884 0
29 104 66 1.4685 0
89 79 105 1.5212 0
79 79 105 1.4442 0
62 110 84 1.5201 0
70 36 100 1.4487 0
92 89 79 1.4726 0
99 74 69 1.4718 0
82 36 83 1.4278 0
62 82 60 1.1342 0
61 81 109 1.4214 0
43 60 97 1.4102 0
82 72 96 1.4928 0
78 35 66 0.6263 0
85 100 68 1.4265 0
81 98 91 1.4775 0
92 52 91 1.5132 0
38 24 60 1.1342 0
89 47 75 1.2338 0
87 104 82 1.4068 0
54 19 73 1.476 0
96 57 82 1.4925 0
29 29 61 1.4685 0
60 92 95 0.8469 0
62 25 93 1.4858 0
29 108 66 1.4685 0
65 84 110 1.287 0
42 80 74 1.421 0
55 106 60 1.1342 0
39 66 91 1.3406 0
87 85 97 1.4385 0
75 29 66 0.6263 0
60 70 106 1.4512 0
77 97 97 1.2839 0
69 69 104 1.3578 0
87 83 86 1.4022 0
37 52 92 1.3612 0
36 68 81 0.5701 0
41 39 67 1.1342 0
40 70 60 1.1342 0
68 41 60 1.1342 0
42 53 102 1.2298 0
67 107 68 1.4242 0
35 70 83 1.3445 0
50 24 84 1.3381 0
70 81 108 1.353 0
56 60 60 1.1342 0
81 103 68 1.3419 0
84 54 90 1.3417 0
30 54 60 1.3459 0
98 57 65 1.3662 0
61 107 68 1.3543 0
84 35 68 1.3924 0
57 45 105 1.3915 0
69 26 66 0.6263 0
77 26 68 1.4034 0
58 89 60 1.1342 0
91 80 100 1.4001 0
70 110 84 1.3892 0
98 23 65 1.3662 0
60 58 60 1.1342 0
101 65 79 1.3584 0
90 105 60 1.1342 0
29 51 63 1.3662 0
80 86 88 0.4946 0
55 102 60 1.1342 0
97 84 67 1.3459 0
30 88 60 1.3459 0
87 58 91 1.3383 0
91 54 68 1.2252 0
60 108 72 1.365 0
43 100 67 1.1342 0
66 95 99 1.3293 0
65 77 106 1.3512 0
38 41 72 1.3143 0
37 93 60 1.1342 0
90 101 81 1.1796 0
60 47 60 1.1342 0
47 104 72 1.347 0
79 58 99 1.2928 0
93 63 60 1.1342 0
34 67 67 1.1342 0
44 30 72 1.3179 0
61 112 61 1.2594 0
34 26 60 1.1342 0
52 24 68 1.2941 0
82 86 103 1.2838 0
57 32 102 1.0696 0
38 112 61 1.2594 0
66 110 84 1.2729 0
59 58 109 1.3022 0
89 15 61 1.2594 0
88 45 86 1.1967 0
86 80 82 1.0969 0
66 93 104 1.2883 0
52 68 102 1.275 0
28 76 74 1.2713 0
90 48 87 1.265 0
34 39 67 1.1342 0
81 112 66 1.2594 0
36 72 80 1.2842 0
69 55 60 1.1342 0
75 104 60 1.1342 0
55 47 60 1.1342 0
60 43 101 1.177 0
34 83 66 0.6258 0
73 34 92 1.1118 0
93 93 71 1.2722 0
44 84 60 1.1342 0
90 76 75 1.2206 0
37 111 67 1.2537 0
90 93 67 1.1342 0
80 77 60 1.1342 0
94 103 67 1.1342 0
68 45 102 1.2857 0
71 111 60 1.2537 0
32 44 67 1.1342 0
59 16 60 1.2537 0
32 64 73 1.2741 0
66 16 67 1.2537 0
56 112 66 1.2594 0
71 27 87 1.2396 0
48 15 63 1.1441 0
62 28 60 1.1342 0
49 41 60 1.1342 0
80 73 60 1.1342 0
74 109 81 1.195 0
66 111 60 1.2537 0
44 15 66 1.2594 0
90 66 60 1.1342 0
42 86 89 1.1698 0
73 15 62 1.1441 0
60 52 103 1.238 0
58 85 60 1.1342 0
46 39 60 1.1342 0
87 103 60 1.1342 0
73 107 60 1.1342 0
96 34 67 1.1342 0
44 72 60 1.1342 0
80 24 60 1.1342 0
42 99 60 1.1342 0
40 50 60 1.1342 0
84 84 60 1.1342 0
95 26 67 1.1342 0
94 45 67 1.1342 0
60 92 60 1.1342 0
92 63 86 0.9117 0
41 100 77 1.1822 0
37 90 70 1.1981 0
48 106 81 1.233 0
69 23 68 1.1687 0
56 35 105 1.1515 0
91 77 60 1.1342 0
34 91 60 1.1342 0
93 102 60 1.1342 0
52 45 60 1.1342 0
76 100 60 1.1342 0
53 58 60 1.1342 0
71 38 60 1.1342 0
45 54 60 1.1342 0
36 69 60 1.1342 0
32 67 60 1.1342 0
49 99 86 1.19 0
56 109 89 1.1561 0
61 109 80 1.1043 0
93 54 60 1.1342 0
79 34 85 1.0478 0
31 64 77 1.0545 0
86 18 60 1.1342 0
99 67 73 1.1177 0
91 91 60 1.1342 0
49 79 60 1.1342 0
83 20 60 1.1342 0
84 80 60 1.1342 0
51 69 60 1.1342 0
47 109 67 1.1342 0
87 97 67 1.1342 0
67 34 60 1.1342 0
32 32 60 1.1342 0
32 40 60 1.1342 0
75 79 60 1.1342 0
80 31 77 1.1606 0
33 27 67 1.1342 0
64 93 60 1.1342 0
70 81 60 1.1342 0
66 81 60 1.1342 0
80 67 60 1.1342 0
45 18 60 1.1342 0
94 86 67 1.1342 0
28 70 79 1.0814 0
59 109 60 1.1342 0
92 19 67 1.1342 0
95 79 60 1.1342 0
88 89 60 1.1342 0
88 93 60 1.1342 0
64 45 60 1.1342 0
54 67 60 1.1342 0
55 74 60 1.1342 0
63 23 60 1.1342 0
39 25 67 1.1342 0
71 23 60 1.1342 0
94 98 60 1.1342 0
94 46 60 1.1342 0
84 98 60 1.1342 0
68 84 60 1.1342 0
93 94 60 1.1342 0
47 60 60 1.1342 0
86 52 60 1.1342 0
53 78 60 1.1342 0
57 64 60 1.1342 0
78 112 64 1.1441 0
75 31 87 1.1418 0
88 35 60 1.1342 0
92 39 60 1.1342 0
90 33 67 1.1342 0
82 21 67 1.1342 0
88 71 60 1.1342 0
0
