512
0 0 127 81.9377 0
127 127 0 53.3387 0
127 0 0 60.1985 0
0 127 0 54.1148 0
127 50 127 53.4799 0
33 127 127 47.9971 0
0 17 0 45.1438 0
108 127 87 34.2417 0
60 57 0 25.7309 0
57 119 56 24.8789 0
121 68 51 23.4567 0
11 89 69 23.178 0
89 10 73 21.334 0
56 10 40 20.6016 0
18 57 45 16.3126 0
64 98 11 15.1618 0
63 73 117 13.4405 0
97 67 14 12.8965 0
26 67 16 12.1249 0
101 38 57 12.0388 0
91 105 50 10.7686 0
85 99 117 10.5646 0
35 63 67 10.1563 0
35 79 92 10.1347 0
29 31 45 9.1086 0
40 45 57 8.9926 0
70 103 85 8.7529 0
69 55 101 8.9625 0
78 103 33 8.7529 0
107 84 77 8.5958 0
43 83 17 8.4695 0
24 82 40 8.3062 0
81 26 48 8.1991 0
77 33 91 8.0566 0
50 29 18 7.9683 0
51 69 97 7.8059 0
67 28 19 7.6788 0
78 80 18 7.4763 0
103 93 61 7.2984 0
94 39 76 7.1598 0
49 101 29 6.7371 0
62 23 65 6.8326 0
39 101 77 6.7372 0
100 55 31 6.7283 0
101 80 30 6.7937 0
75 101 101 6.7371 0
31 100 48 6.5971 0
44 65 83 6.3394 0
103 52 71 6.2451 0
49 31 58 5.9532 0
101 90 43 5.9686 0
55 100 82 5.7293 0
81 100 72 5.7293 0
35 50 20 5.6081 0
84 48 20 5.618 0
52 82 103 5.2539 0
31 73 54 5.1151 0
63 99 33 4.7214 0
76 26 33 4.8238 0
68 30 53 4.6791 0
104 69 75 4.7055 0
77 38 21 4.6593 0
38 99 37 4.7214 0
41 39 21 4.6544 0
71 91 115 4.6752 0
82 95 21 4.6394 0
57 80 21 4.4528 0
91 83 21 4.438 0
98 68 33 4.3468 0
43 34 48 4.4493 0
99 44 40 4.4137 0
69 28 81 4.3103 0
29 82 27 4.2644 0
79 82 113 4.3314 0
45 55 76 4.1817 0
82 36 79 4.2786 0
68 43 92 4.1832 0
35 75 77 4.0813 0
95 94 104 4.0729 0
91 98 65 3.7135 0
36 93 86 3.9171 0
74 68 103 3.7963 0
76 98 46 3.7135 0
91 34 44 3.7949 0
37 98 63 3.7135 0
53 34 48 3.7238 0
91 98 36 3.7135 0
38 26 32 3.7616 0
82 98 90 3.7135 0
78 98 55 3.7135 0
77 46 93 3.5712 0
28 72 32 3.7103 0
81 66 22 3.5137 0
45 48 70 3.5042 0
28 41 35 3.4369 0
38 58 53 3.5662 0
42 68 22 3.5039 0
66 37 85 3.5711 0
83 58 22 3.5531 0
67 77 22 3.4597 0
59 32 55 3.4699 0
28 54 27 3.4821 0
99 51 47 3.3752 0
103 88 89 3.2651 0
60 40 79 3.1645 0
87 39 86 3.1665 0
57 58 95 3.053 0
75 27 59 3.2507 0
98 80 41 3.2483 0
31 86 50 3.0923 0
95 50 79 3.1553 0
30 94 39 3.1263 0
101 77 68 3.0984 0
28 47 30 3.1275 0
100 60 77 3.0719 0
79 64 98 3.005 0
83 97 62 2.7056 0
60 97 92 2.7056 0
99 85 52 2.9403 0
52 40 53 2.9926 0
62 66 101 3.0102 0
51 60 89 2.9428 0
44 65 56 2.897 0
93 52 23 2.8267 0
41 30 40 2.9185 0
85 33 57 2.8761 0
50 97 74 2.7056 0
67 97 72 2.7056 0
68 31 44 2.7899 0
70 97 41 2.7056 0
65 97 99 2.7056 0
41 97 46 2.7056 0
79 75 108 2.7786 0
86 37 51 2.6437 0
50 54 83 2.7956 0
75 97 62 2.7056 0
61 97 75 2.7056 0
68 39 23 2.6386 0
47 85 96 2.7435 0
46 97 41 2.7056 0
47 97 87 2.7056 0
64 89 110 2.7027 0
98 56 42 2.7612 0
99 82 60 2.5617 0
53 97 38 2.7056 0
43 97 68 2.7056 0
88 97 102 2.7056 0
41 57 23 2.5501 0
54 39 23 2.6386 0
81 97 81 2.7056 0
38 97 55 2.7057 0
54 44 77 2.6291 0
75 46 23 2.6042 0
76 31 77 2.6716 0
59 35 23 2.6583 0
31 72 40 2.547 0
60 34 41 2.6145 0
42 94 23 2.4422 0
48 43 23 2.619 0
44 48 23 2.5944 0
64 26 75 2.55 0
47 38 66 2.4379 0
49 72 23 2.4764 0
74 69 23 2.4911 0
36 65 52 2.4606 0
53 87 23 2.4026 0
49 92 23 2.3781 0
86 86 110 2.4423 0
99 54 58 2.4941 0
68 84 23 2.4174 0
61 33 47 2.4041 0
30 89 32 2.2283 0
71 27 69 2.2834 0
80 54 95 2.389 0
101 61 68 2.4093 0
34 76 62 2.2133 0
50 49 77 2.2603 0
76 90 23 2.3879 0
88 90 23 2.3879 0
99 85 67 2.3183 0
100 93 72 2.1676 0
48 73 87 2.354 0
83 29 37 2.3279 0
58 30 72 2.2772 0
73 29 40 2.285 0
40 71 57 2.1537 0
59 86 107 2.2267 0
96 46 33 2.2713 0
32 43 44 2.2706 0
60 51 93 2.0355 0
53 30 67 2.1209 0
84 44 90 2.1114 0
61 73 100 2.179 0
102 74 82 2.2012 0
41 28 25 2.1059 0
43 90 92 2.1077 0
97 74 38 2.0613 0
98 92 34 2.1093 0
45 56 55 2.1899 0
90 89 107 2.1074 0
35 83 79 2.0483 0
30 65 31 1.9859 0
97 64 40 2.0843 0
102 91 96 2.0246 0
31 75 46 2.1011 0
90 45 84 1.8723 0
63 32 79 2.0113 0
97 82 47 2.0166 0
45 53 65 1.8929 0
89 96 75 1.6978 0
70 96 109 1.9424 0
67 70 101 1.8747 0
94 38 39 1.8902 0
100 71 67 1.9934 0
37 53 48 1.8574 0
32 82 55 1.9759 0
76 34 41 1.7051 0
35 92 79 1.9771 0
85 33 40 1.9363 0
44 70 75 1.9079 0
90 34 68 1.9089 0
34 87 24 1.736 0
45 28 29 1.8386 0
54 96 91 1.6978 0
96 87 25 1.8741 0
97 96 69 1.91 0
68 29 30 1.7 0
87 96 83 1.6978 0
35 47 46 1.8471 0
70 96 66 1.6978 0
49 80 94 1.8802 0
30 60 29 1.8048 0
101 79 86 1.8299 0
50 45 50 1.7763 0
80 71 103 1.8805 0
42 74 81 1.7878 0
97 53 53 1.8407 0
100 56 63 1.824 0
49 44 73 1.8556 0
35 76 70 1.807 0
73 35 81 1.848 0
83 96 98 1.6978 0
47 96 80 1.6978 0
98 93 52 1.7793 0
84 96 42 1.6978 0
45 56 61 1.7234 0
81 29 60 1.7474 0
77 31 24 1.7797 0
62 40 24 1.6258 0
93 96 72 1.6978 0
69 96 29 1.6978 0
32 80 50 1.7404 0
84 40 24 1.6259 0
54 54 90 1.768 0
95 46 68 1.8086 0
58 29 26 1.6576 0
62 96 40 1.6978 0
58 96 28 1.6978 0
95 57 81 1.676 0
46 62 74 1.7069 0
88 96 92 1.6978 0
88 96 26 1.7268 0
58 77 100 1.7371 0
78 53 24 1.5619 0
30 35 33 1.652 0
97 69 40 1.7252 0
87 96 31 1.6978 0
76 96 78 1.6978 0
37 40 46 1.6169 0
100 91 83 1.6741 0
88 33 63 1.5316 0
74 96 68 1.6978 0
72 96 74 1.6978 0
56 96 73 1.6978 0
83 96 104 1.6978 0
42 96 85 1.6978 0
67 96 94 1.6978 0
67 96 104 1.6977 0
76 96 93 1.6978 0
56 96 33 1.6978 0
41 96 28 1.6978 0
34 41 24 1.621 0
42 96 59 1.6978 0
83 49 92 1.6921 0
77 60 24 1.5275 0
70 26 74 1.6099 0
37 96 30 1.6978 0
90 96 96 1.6978 0
71 96 50 1.6978 0
33 69 47 1.5503 0
48 32 43 1.6004 0
74 27 65 1.6816 0
59 34 76 1.4602 0
70 44 24 1.6062 0
53 48 81 1.5949 0
98 76 61 1.571 0
35 58 24 1.5374 0
32 91 46 1.6291 0
99 66 81 1.6023 0
44 74 24 1.4587 0
100 66 67 1.5475 0
91 46 24 1.5964 0
76 32 56 1.6007 0
34 78 24 1.5213 0
84 74 24 1.4587 0
89 58 24 1.5373 0
94 62 29 1.5557 0
32 90 54 1.568 0
70 28 62 1.5511 0
81 88 24 1.3899 0
96 51 39 1.335 0
74 51 24 1.5717 0
45 53 24 1.5619 0
74 63 24 1.5128 0
97 55 77 1.5626 0
62 29 28 1.5263 0
88 54 24 1.557 0
75 56 24 1.5472 0
92 53 83 1.5023 0
47 65 24 1.5029 0
80 72 24 1.4685 0
30 45 25 1.5195 0
88 46 80 1.4601 0
48 51 51 1.48 0
45 60 24 1.5275 0
82 69 99 1.3878 0
38 61 24 1.5226 0
61 86 24 1.3997 0
88 75 24 1.4538 0
78 59 95 1.4952 0
45 60 58 1.4868 0
48 39 48 1.4602 0
71 49 91 1.4697 0
69 69 24 1.4833 0
66 30 60 1.4654 0
53 75 24 1.4538 0
38 76 24 1.4489 0
60 72 24 1.4685 0
96 62 81 1.2843 0
74 34 53 1.4829 0
36 87 82 1.3856 0
72 87 24 1.3948 0
71 73 24 1.4636 0
48 77 90 1.4061 0
93 57 25 1.4749 0
65 71 24 1.4734 0
55 71 24 1.4734 0
85 70 24 1.4783 0
86 79 24 1.4341 0
54 33 40 1.4759 0
38 72 24 1.4685 0
30 42 28 1.4052 0
51 48 54 1.3149 0
49 77 24 1.444 0
73 33 44 1.4111 0
76 52 92 1.4069 0
86 34 73 1.3295 0
63 82 24 1.4194 0
33 80 59 1.3864 0
85 85 24 1.4046 0
97 61 44 1.4203 0
92 47 50 1.4275 0
58 31 61 1.3183 0
96 84 37 1.3171 0
37 90 24 1.3801 0
87 47 88 1.3929 0
97 80 55 1.03 0
97 80 51 1.3854 0
75 95 25 1.1482 0
52 67 87 1.3713 0
82 30 32 1.3555 0
97 51 62 1.3557 0
89 34 38 1.3022 0
97 56 50 1.3617 0
50 40 60 1.2558 0
96 62 36 1.295 0
42 94 90 1.3447 0
57 89 104 1.3069 0
48 41 70 1.2858 0
75 36 77 1.3129 0
33 67 40 1.3184 0
68 29 35 1.3021 0
73 83 110 1.3382 0
78 31 39 1.2971 0
32 88 28 1.3163 0
100 70 81 1.2975 0
71 40 86 1.3087 0
85 36 46 1.1996 0
89 41 49 1.1287 0
69 66 98 1.2532 0
96 95 38 1.2471 0
97 89 100 1.1504 0
97 74 43 1.1955 0
32 30 33 1.1379 0
99 92 99 1.2763 0
32 94 55 1.1657 0
50 34 66 1.1548 0
74 64 96 1.2431 0
98 79 64 1.2846 0
48 43 65 1.152 0
96 49 65 1.2056 0
77 42 74 0.4002 0
80 32 74 1.1771 0
95 42 35 1.2432 0
94 48 26 1.2541 0
44 70 59 1.1714 0
96 59 38 1.234 0
84 41 75 1.1498 0
77 91 111 1.2415 0
75 94 110 1.1606 0
76 38 82 1.2103 0
35 80 73 1.1775 0
87 41 55 1.1199 0
83 80 108 1.1289 0
77 40 76 0.919 0
31 45 38 1.1165 0
97 58 47 1.1879 0
94 45 28 1.1898 0
45 55 69 1.016 0
36 51 44 0.9602 0
37 74 59 1.0614 0
59 63 96 1.1771 0
97 88 32 1.112 0
56 37 76 1.1148 0
62 45 91 1.1798 0
94 76 26 1.1825 0
95 48 73 1.0958 0
101 83 87 1.1383 0
80 30 28 1.1868 0
93 88 103 1.1156 0
91 40 67 1.1488 0
98 89 69 1.1374 0
33 48 39 1.1748 0
45 60 53 1.1175 0
50 32 39 1.1356 0
94 74 32 0.9272 0
43 41 47 1.1336 0
101 87 94 1.1166 0
46 66 74 1.0723 0
69 86 110 0.9697 0
32 89 40 1.0556 0
50 89 97 1.0379 0
55 36 55 1.1099 0
49 29 29 1.0539 0
86 38 56 1.0922 0
90 49 85 1.0625 0
36 61 48 1.0009 0
80 34 41 1.0375 0
73 74 105 1.0777 0
35 51 41 1.0974 0
41 90 88 1.0363 0
94 51 51 1.0135 0
32 95 34 0.9783 0
73 33 49 0.9561 0
88 42 52 1.0568 0
32 87 45 1.0971 0
97 78 48 1.0808 0
91 36 36 1.0558 0
54 89 101 0.9853 0
96 86 48 1.0519 0
76 29 68 1.016 0
97 90 29 0.911 0
44 95 51 0.6899 0
90 44 50 1.0345 0
41 72 73 1.0153 0
93 59 84 1.0713 0
50 51 56 0.8931 0
93 95 59 0.6899 0
35 87 78 1.0642 0
101 75 76 1.063 0
33 92 51 1.0111 0
99 92 79 0.8047 0
82 60 96 1.0503 0
53 79 96 0.8701 0
44 29 36 0.9914 0
86 43 80 1.0089 0
51 70 85 0.9127 0
94 71 29 1.0455 0
65 31 40 0.9631 0
62 77 102 0.9994 0
46 31 40 0.9865 0
62 31 60 0.8291 0
74 43 89 0.9142 0
70 95 60 0.6899 0
60 36 51 0.899 0
82 95 51 0.6899 0
63 41 88 0.902 0
57 95 41 0.6899 0
53 95 70 0.6899 0
90 95 80 0.6899 0
90 49 81 0.8757 0
98 57 54 0.9053 0
45 95 35 0.6899 0
94 62 84 0.9911 0
51 59 83 0.8494 0
98 74 64 0.9832 0
100 73 71 0.9982 0
84 31 62 0.8089 0
35 64 47 0.9059 0
47 43 48 0.821 0
31 76 28 0.9247 0
70 95 34 0.6899 0
83 75 104 0.9322 0
95 40 43 0.9841 0
56 37 52 0.9255 0
57 43 25 0.6032 0
99 68 64 0.9229 0
78 95 85 0.6899 0
44 76 84 0.8313 0
36 95 70 0.6901 0
41 73 76 0.8908 0
33 84 45 0.931 0
0
