512
127 0 127 69.8101 0
0 127 127 69.6801 0
127 127 0 68.7386 0
0 0 0 64.4517 0
117 7 6 50.7927 0
14 109 13 45.1755 0
17 17 107 42.2024 0
110 110 110 41.733 0
65 32 59 26.0584 0
64 96 63 24.5047 0
65 60 15 22.5739 0
127 67 71 16.343 0
0 61 70 16.1928 0
48 59 127 12.1746 0
79 68 127 11.8156 0
64 44 97 11.6679 0
99 83 63 11.4023 0
64 83 99 11.4023 0
29 83 64 11.4023 0
124 57 44 10.9592 0
103 38 59 10.5601 0
28 39 59 10.515 0
5 62 42 9.5877 0
95 61 29 8.4636 0
34 59 29 8.4636 0
106 65 86 8.0045 0
62 79 122 7.717 0
64 49 117 7.5871 0
20 63 85 7.4591 0
76 79 37 7.4222 0
53 79 37 7.4222 0
46 79 86 7.3708 0
81 49 84 7.0208 0
12 78 57 6.6294 0
47 49 83 6.4746 0
90 78 46 6.363 0
78 78 87 6.363 0
40 78 47 6.363 0
10 44 57 6.424 0
109 51 70 6.3794 0
45 44 35 6.3115 0
84 45 35 6.0529 0
95 45 73 5.6963 0
93 43 44 5.6153 0
117 48 58 5.6487 0
111 59 32 5.44 0
35 44 44 5.4616 0
114 77 55 5.5219 0
19 61 32 5.44 0
52 51 109 5.4276 0
88 77 76 5.3551 0
63 61 74 5.2824 0
37 62 112 5.295 0
59 54 83 5.2309 0
91 66 112 5.2069 0
38 45 71 4.9863 0
18 48 69 4.9394 0
18 74 76 4.9119 0
70 55 81 4.661 0
80 52 99 4.6287 0
101 53 80 4.6255 0
100 65 99 4.5579 0
87 72 33 4.4991 0
28 63 98 4.3014 0
43 69 33 4.4321 0
41 76 74 4.3472 0
34 76 82 4.3472 0
99 76 79 4.3472 0
75 52 109 4.1513 0
28 49 72 4.2992 0
48 52 98 4.3533 0
102 76 48 4.3472 0
73 76 113 4.3472 0
53 76 112 4.3472 0
48 76 100 4.3472 0
106 63 68 4.0198 0
44 51 46 3.9799 0
70 62 66 3.9075 0
100 53 63 3.8242 0
69 62 51 3.7462 0
106 71 72 3.8967 0
78 56 74 3.7546 0
114 44 48 3.5617 0
58 62 65 3.6446 0
76 54 118 3.6341 0
59 62 55 3.6878 0
79 75 104 3.3393 0
92 49 61 3.4197 0
49 55 72 3.5642 0
65 75 42 3.3393 0
85 52 71 3.6053 0
65 59 124 3.5709 0
89 75 87 3.3393 0
43 53 64 3.4264 0
83 75 55 3.3393 0
85 51 44 3.3831 0
93 51 84 3.5045 0
63 67 124 3.484 0
46 56 34 3.4242 0
84 56 34 3.4242 0
45 69 114 3.4702 0
43 75 64 3.3393 0
29 75 50 3.3393 0
21 75 51 3.3393 0
84 75 65 3.3393 0
84 59 113 3.3385 0
68 75 84 3.3393 0
18 53 77 3.3377 0
95 49 35 3.1745 0
78 75 48 3.3393 0
51 75 48 3.3393 0
57 75 87 3.3393 0
83 75 96 3.3393 0
45 75 56 3.3393 0
26 54 80 3.2489 0
108 47 43 3.1668 0
29 69 91 3.1004 0
117 68 52 3.1643 0
25 46 45 3.0076 0
92 47 53 3.0669 0
78 56 45 2.8784 0
48 57 60 3.0952 0
39 47 53 2.9752 0
9 54 53 3.0109 0
101 47 40 3.0717 0
10 50 47 2.97 0
35 48 35 2.9498 0
49 56 50 2.9051 0
16 74 67 2.8177 0
12 72 48 2.8892 0
42 53 92 2.8337 0
98 57 90 2.8741 0
26 74 82 2.811 0
29 59 91 2.8023 0
51 53 43 2.7869 0
90 54 90 2.7643 0
44 53 56 2.7765 0
18 44 50 2.7203 0
117 70 44 2.7206 0
85 53 51 2.6748 0
103 52 35 2.4164 0
84 64 35 2.4164 0
82 74 112 2.5826 0
85 54 60 2.6872 0
37 50 81 2.5669 0
78 58 66 2.4885 0
95 72 35 2.5283 0
111 58 63 2.5202 0
105 60 75 2.4582 0
27 67 35 2.4164 0
49 74 74 2.3315 0
116 59 56 2.4653 0
38 74 37 2.4712 0
55 48 36 2.4597 0
24 54 35 2.4164 0
73 74 79 2.3315 0
48 63 35 2.4164 0
78 74 74 2.3315 0
53 53 90 2.4277 0
76 74 97 2.3315 0
42 53 72 2.3316 0
107 67 35 2.4164 0
53 71 118 2.4524 0
11 68 53 2.3828 0
43 55 112 2.2159 0
53 74 94 2.3315 0
39 49 60 2.4055 0
98 74 40 2.3315 0
33 70 35 2.4164 0
38 74 56 2.3315 0
55 74 78 2.3315 0
40 74 96 2.3315 0
29 74 76 2.3315 0
71 74 47 2.3315 0
79 58 60 2.3739 0
96 74 86 2.3315 0
61 74 112 2.3315 0
90 74 55 2.3315 0
110 74 46 2.3315 0
88 54 96 2.277 0
60 74 81 2.3315 0
59 74 45 2.3315 0
72 63 59 2.3209 0
55 57 75 2.3102 0
30 52 65 2.2401 0
75 53 92 2.3163 0
37 74 89 2.3315 0
31 74 42 2.3315 0
109 52 60 2.243 0
103 43 45 2.1656 0
51 58 66 2.1774 0
17 50 60 2.1873 0
32 65 105 2.0724 0
98 53 70 2.0758 0
62 60 49 2.07 0
36 53 87 2.1222 0
75 49 36 2.1083 0
31 60 104 2.0436 0
80 56 52 2.0055 0
89 50 78 1.9789 0
19 60 75 1.9547 0
115 66 36 1.9142 0
71 59 73 1.9284 0
19 66 74 1.7262 0
90 50 67 1.9292 0
96 63 106 1.8324 0
97 68 92 1.7985 0
67 61 58 1.8828 0
24 52 62 1.6621 0
50 57 79 1.8674 0
83 54 106 1.8695 0
30 55 86 1.7602 0
43 54 104 1.7513 0
65 58 87 1.7854 0
56 58 70 1.8494 0
11 62 53 1.7949 0
54 59 58 1.7725 0
32 52 83 1.801 0
70 57 120 1.7574 0
71 54 89 1.7731 0
33 49 77 1.768 0
97 63 92 1.6513 0
58 69 120 1.5022 0
83 65 112 1.6789 0
114 48 41 1.6761 0
73 54 42 1.6501 0
56 58 50 1.6391 0
109 73 66 1.5202 0
41 53 77 1.6303 0
48 73 68 1.3236 0
114 54 53 1.6452 0
64 61 63 1.6107 0
30 53 60 1.5572 0
12 52 41 1.6535 0
29 49 36 1.5224 0
40 69 109 1.5268 0
40 52 36 1.4085 0
62 73 37 1.5339 0
73 55 99 1.5996 0
80 55 92 1.4462 0
79 66 36 1.4085 0
87 55 101 1.473 0
114 51 37 1.6075 0
106 73 55 1.3236 0
77 58 81 1.4343 0
15 67 36 1.5472 0
114 50 50 1.5784 0
71 64 73 1.3618 0
26 73 44 1.3236 0
88 51 55 1.5371 0
58 64 49 1.5292 0
69 55 110 1.5645 0
53 57 46 1.5805 0
14 56 36 1.5373 0
97 50 57 1.3769 0
102 67 76 1.404 0
53 68 36 1.4085 0
81 54 112 1.5681 0
78 60 115 1.5356 0
73 73 105 1.3236 0
51 73 55 1.3236 0
78 53 36 1.4085 0
45 63 112 1.4494 0
84 73 40 1.3236 0
78 49 40 1.5515 0
97 59 95 1.5288 0
89 49 48 1.5212 0
85 55 92 1.4731 0
48 54 91 1.4419 0
17 69 70 1.5269 0
96 73 73 1.3236 0
68 73 37 1.5339 0
87 53 65 1.4337 0
34 73 73 1.3236 0
108 51 36 1.4085 0
59 55 110 1.4462 0
77 58 55 1.4512 0
19 48 43 1.4197 0
90 52 36 1.4085 0
46 73 42 1.3236 0
54 55 100 1.4547 0
66 73 109 1.3236 0
45 73 109 1.3236 0
79 73 79 1.3236 0
18 54 36 1.4085 0
102 67 36 1.4085 0
80 61 36 1.4085 0
51 59 36 1.4085 0
104 63 36 1.4085 0
100 71 36 1.4085 0
32 49 51 1.29 0
106 57 64 1.4278 0
84 73 107 1.3236 0
18 73 46 1.3236 0
106 73 42 1.3236 0
22 73 45 1.3236 0
76 69 36 1.4085 0
52 55 36 1.4085 0
14 71 42 1.4045 0
30 55 75 1.367 0
65 73 89 1.3236 0
83 73 81 1.3236 0
73 73 93 1.3236 0
103 58 36 1.4085 0
42 62 36 1.4085 0
26 62 36 1.4085 0
37 67 36 1.4085 0
108 73 51 1.3236 0
58 73 108 1.3236 0
75 58 51 1.2193 0
51 51 36 1.4085 0
40 55 101 1.3723 0
55 64 60 1.4161 0
41 54 51 1.3753 0
22 68 36 1.4085 0
45 73 94 1.3236 0
50 73 79 1.3236 0
81 70 36 1.4085 0
92 73 70 1.3236 0
80 73 69 1.3236 0
88 73 69 1.3236 0
80 73 61 1.3236 0
51 73 106 1.3236 0
32 73 88 1.3236 0
42 73 102 1.3236 0
19 48 56 1.3672 0
33 73 92 1.3236 0
20 73 60 1.3236 0
38 73 68 1.3236 0
95 73 54 1.3236 0
96 68 106 1.2795 0
46 73 78 1.3236 0
63 55 109 1.3976 0
54 55 95 1.1223 0
82 56 56 1.385 0
67 73 77 1.3236 0
51 58 55 1.3057 0
83 56 66 1.1464 0
87 54 78 1.3473 0
30 64 88 1.1843 0
73 73 74 1.3236 0
36 55 92 1.1577 0
106 45 48 1.3161 0
28 48 40 1.2112 0
78 73 65 1.3236 0
74 73 53 1.3236 0
66 73 49 1.3236 0
62 73 49 1.3236 0
95 51 67 1.2626 0
95 73 91 1.3237 0
91 73 95 1.3236 0
109 73 62 1.3236 0
92 73 39 1.3236 0
42 73 40 1.3236 0
63 73 77 1.3236 0
40 73 80 1.3236 0
100 73 73 1.3236 0
38 50 65 1.2963 0
81 73 43 1.3236 0
96 73 50 1.3236 0
34 73 52 1.3236 0
85 73 101 1.3236 0
48 73 62 1.3236 0
23 73 56 1.3236 0
85 73 91 1.3236 0
89 73 63 1.3236 0
56 73 50 1.3236 0
91 73 82 1.3236 0
86 73 60 1.3236 0
88 73 98 1.3236 0
14 71 63 1.3279 0
77 73 58 1.3236 0
38 73 61 1.3236 0
52 73 70 1.3236 0
54 73 100 1.3236 0
102 73 54 1.3236 0
56 54 42 1.2944 0
69 73 91 1.3236 0
24 73 72 1.3236 0
56 73 104 1.3236 0
21 73 69 1.3236 0
66 73 115 1.3236 0
69 73 118 1.3236 0
53 73 83 1.3236 0
97 56 85 1.3216 0
102 58 67 1.2423 0
12 69 58 1.2532 0
53 59 62 1.2899 0
33 55 90 1.2646 0
86 72 110 1.3004 0
29 72 86 1.2474 0
70 55 106 1.2465 0
24 52 66 1.2674 0
56 55 115 1.1296 0
74 55 103 1.1719 0
57 55 103 1.0859 0
30 55 70 1.2417 0
13 52 59 1.233 0
97 55 74 1.1468 0
34 50 67 1.1159 0
115 64 56 1.0626 0
31 69 96 1.2353 0
15 46 46 1.2174 0
20 52 63 1.1309 0
38 55 96 1.0654 0
52 58 83 0.9878 0
35 50 63 1.1886 0
73 59 55 1.1463 0
42 55 98 1.2176 0
25 70 79 1.1884 0
90 59 108 1.1431 0
84 69 111 1.0993 0
84 55 76 1.1582 0
81 69 113 1.1274 0
110 63 63 1.1157 0
35 50 55 1.0978 0
13 46 49 1.125 0
97 70 88 1.1668 0
94 56 94 0.8694 0
69 61 120 1.1452 0
67 64 121 1.1691 0
100 45 48 0.9968 0
48 58 42 0.6914 0
47 59 68 1.0481 0
61 55 105 1.1174 0
31 53 78 1.1299 0
37 68 107 1.1345 0
40 54 85 1.0514 0
101 60 78 0.9533 0
70 49 37 1.1215 0
30 47 49 1.1198 0
49 65 114 1.1149 0
24 48 40 0.9628 0
114 56 60 1.1008 0
60 49 37 1.0876 0
68 65 56 1.0916 0
73 56 46 1.0614 0
12 57 50 1.0831 0
40 55 81 0.6801 0
79 55 105 1.0705 0
113 49 45 0.9699 0
106 48 38 0.9907 0
46 58 65 1.0101 0
114 72 49 0.9996 0
87 55 55 1.0235 0
56 64 70 1.0818 0
73 65 55 0.9931 0
47 59 55 0.9259 0
23 68 77 0.9758 0
74 60 62 1.0646 0
115 66 47 1.0441 0
69 65 76 0.9943 0
51 68 115 0.958 0
50 49 40 0.9184 0
22 58 77 0.9804 0
67 55 89 0.9314 0
58 55 106 1.0372 0
61 62 121 0.9281 0
72 55 114 1.0017 0
97 59 99 1.0273 0
69 58 87 0.991 0
82 59 64 1.0039 0
66 55 105 1.007 0
70 62 76 1.0138 0
48 55 104 0.9839 0
102 65 73 0.9305 0
49 58 45 0.7953 0
57 55 45 1.0185 0
28 69 85 0.9933 0
111 46 53 0.9046 0
64 65 65 0.5937 0
64 65 56 0.9069 0
34 50 59 1.0122 0
62 64 48 0.9775 0
109 69 67 0.8979 0
15 52 64 0.9297 0
40 56 109 0.9615 0
114 60 52 0.929 0
62 65 68 0.9797 0
40 49 41 0.8678 0
46 55 107 0.9347 0
47 57 113 0.9592 0
80 52 41 0.864 0
53 49 40 0.9167 0
97 46 51 0.8339 0
88 56 85 0.9851 0
59 65 120 0.859 0
75 59 84 0.7893 0
94 51 78 0.8532 0
75 51 41 0.9594 0
53 58 42 0.6672 0
22 51 59 0.8853 0
60 54 42 0.8264 0
80 63 113 0.8881 0
44 59 111 0.9034 0
93 51 56 0.9005 0
98 49 44 0.806 0
75 55 87 0.9078 0
13 65 50 0.8356 0
55 51 41 0.9136 0
28 58 84 0.8779 0
40 55 88 0.8527 0
39 50 76 0.829 0
114 63 53 0.7667 0
35 58 106 0.7891 0
115 66 42 0.9197 0
31 64 91 0.8898 0
72 60 118 0.8149 0
109 49 56 0.703 0
101 70 78 0.8362 0
23 46 50 0.8896 0
79 59 49 0.7248 0
0
