512
67 63 64 14.4739 0
71 64 102 16.5022 0
66 43 19 6.4266 0
49 74 18 5.6029 0
65 73 35 8.4595 0
73 57 38 8.4528 0
75 55 20 6.7185 0
62 76 19 6.5576 0
60 80 52 6.4614 0
66 36 81 0.5 0
70 86 54 4.1219 0
61 67 83 3.9572 0
64 57 83 3.84 0
60 69 47 3.8282 0
73 57 81 3.3834 0
70 71 47 3.3213 0
61 45 76 1.5675 0
74 67 81 3.2799 0
58 47 60 3.1266 0
49 63 58 2.7786 0
66 53 48 2.6732 0
68 71 81 2.8904 0
57 61 87 2.6273 0
63 62 46 2.7819 0
74 46 64 2.723 0
59 48 71 2.7009 0
51 54 61 2.5841 0
70 78 53 2.7504 0
71 77 25 2.6813 0
49 67 67 2.4965 0
71 80 16 2.6242 0
78 49 68 2.6468 0
74 65 47 2.5011 0
52 72 69 2.4004 0
73 53 50 2.3564 0
78 60 50 2.4309 0
49 61 64 2.3971 0
77 54 76 2.3768 0
63 85 92 0.5 0
59 55 88 2.2824 0
78 61 28 2.2526 0
66 43 69 0.8803 0
57 58 115 2.1308 0
67 77 46 2.0792 0
57 69 89 2.0568 0
64 51 89 2.0915 0
71 74 16 2.087 0
59 73 76 2.0291 0
54 81 16 1.9202 0
58 75 44 1.9526 0
65 52 16 1.9057 0
79 63 16 1.9035 0
78 45 91 0.6648 0
65 42 84 0.5 0
68 45 66 1.7496 0
65 80 92 1.7146 0
60 73 88 1.8385 0
62 43 71 1.7865 0
69 82 22 1.7735 0
59 59 49 1.8472 0
56 67 114 1.8622 0
75 50 73 1.8255 0
69 53 86 1.7968 0
75 46 16 1.6248 0
77 49 91 1.6637 0
65 73 86 1.7533 0
65 39 79 1.2534 0
76 70 51 1.711 0
78 63 84 1.6781 0
74 83 103 1.6896 0
73 65 30 1.6156 0
56 70 15 1.6327 0
56 75 70 1.6865 0
79 82 113 0.5 0
56 50 67 1.6518 0
55 74 58 1.5497 0
82 60 32 1.5948 0
55 62 113 1.5954 0
58 62 79 1.4496 0
54 87 52 1.5892 0
63 51 52 1.6117 0
55 64 91 1.5726 0
77 80 69 0.5 0
80 56 28 1.5424 0
64 46 68 1.4993 0
72 61 27 1.4214 0
66 81 26 1.4427 0
69 82 115 0.5 0
68 80 112 1.5855 0
48 82 16 1.5267 0
71 49 14 1.5447 0
64 79 76 0.5 0
62 52 114 1.5191 0
77 82 106 1.5358 0
61 55 50 1.4911 0
69 81 48 1.4307 0
56 57 92 1.3992 0
70 80 58 1.5001 0
69 72 24 1.4096 0
81 61 24 1.4677 0
52 84 50 1.5291 0
64 88 51 1.5193 0
57 64 50 1.4152 0
73 82 108 1.4847 0
76 80 111 1.5106 0
83 66 69 1.4627 0
84 81 107 0.5 0
77 70 85 1.4869 0
79 65 52 1.3901 0
72 51 76 1.4173 0
60 52 92 1.375 0
78 82 102 1.343 0
55 52 58 1.2126 0
63 64 41 1.3423 0
82 56 32 1.3979 0
73 51 88 1.2462 0
58 72 114 1.132 0
62 76 74 1.251 0
63 76 89 1.3168 0
81 80 104 1.3347 0
68 53 80 1.2845 0
83 57 16 1.342 0
75 77 69 1.3419 0
75 78 63 1.2621 0
82 74 70 0.5 0
63 72 78 1.2568 0
69 51 52 1.2613 0
58 54 113 1.2995 0
71 82 66 0.5 0
73 74 51 1.2612 0
77 62 80 1.2304 0
58 79 41 1.2314 0
52 81 21 1.2025 0
73 83 31 0.5 0
55 70 74 1.1486 0
84 65 64 1.1468 0
73 54 86 1.3032 0
69 74 86 1.2792 0
71 47 60 1.2752 0
65 85 58 1.2777 0
55 53 71 1.1262 0
77 55 52 1.1765 0
68 81 71 0.5 0
71 52 28 1.0627 0
63 88 55 1.1164 0
53 54 66 1.2651 0
78 55 48 0.9571 0
71 48 112 1.2188 0
82 78 108 1.2564 0
52 82 55 1.2417 0
63 56 117 1.2508 0
52 58 58 1.1739 0
55 68 93 1.2494 0
87 78 103 0.5 0
73 81 50 1.1595 0
56 87 56 1.1093 0
57 72 54 1.2246 0
78 59 77 0.9547 0
56 59 52 1.2154 0
83 58 23 1.2194 0
58 64 116 1.2162 0
77 65 32 1.1877 0
61 69 120 0.5 0
77 63 24 1.176 0
59 69 116 1.2076 0
64 57 45 1.1252 0
67 49 113 1.0694 0
66 78 72 1.0477 0
61 79 43 1.1699 0
79 49 110 1.1794 0
80 57 73 1.0972 0
69 50 89 1.0918 0
69 82 107 1.1702 0
79 51 73 1.1634 0
69 64 30 1.0553 0
90 73 104 0.5 0
92 66 103 0.5 0
67 86 16 0.5 0
72 80 113 1.0232 0
58 74 111 1.1753 0
76 82 99 1.1448 0
75 73 86 1.1457 0
80 78 111 1.0896 0
55 69 19 1.1275 0
77 50 61 1.163 0
69 58 28 1.0759 0
82 61 18 1.1425 0
58 73 92 1.1464 0
61 47 66 1.1241 0
75 48 111 1.0958 0
75 63 15 1.1264 0
92 62 101 0.5 0
76 78 30 0.5 0
76 52 29 1.0937 0
61 50 16 0.9451 0
67 76 88 1.1333 0
42 80 14 0.5 0
65 78 113 1.1429 0
61 59 117 1.116 0
73 48 44 1.0362 0
88 54 109 0.5 0
53 63 55 1.1115 0
72 67 43 0.9968 0
77 76 118 0.5 0
51 57 65 1.0951 0
72 84 62 0.5 0
58 69 77 1.0651 0
43 78 15 1.0574 0
59 53 53 0.9417 0
80 80 99 1.0905 0
84 52 108 1.0418 0
85 76 105 1.0372 0
77 79 89 0.5 0
52 67 16 0.9815 0
77 50 45 1.0047 0
66 85 31 0.5 0
80 72 69 1.0581 0
49 82 20 1.0528 0
79 63 20 1.0483 0
66 81 58 1.0552 0
63 49 56 1.0201 0
63 42 77 1.0018 0
75 78 114 0.9723 0
72 74 21 0.8764 0
80 46 95 0.5 0
66 91 53 0.8986 0
46 81 19 1.0369 0
73 43 14 0.9834 0
79 59 86 1.0343 0
60 52 111 1.0249 0
83 54 61 0.5 0
85 74 109 1.0271 0
68 83 14 1.0298 0
76 56 86 1.0227 0
73 79 31 0.9026 0
55 71 22 0.9536 0
91 61 106 0.5 0
66 90 57 0.9107 0
53 79 57 0.951 0
68 72 14 1.0313 0
58 76 73 1.0198 0
73 76 19 1.0241 0
78 67 49 0.8647 0
80 64 31 0.9696 0
75 76 88 0.8465 0
72 83 59 1.0067 0
52 70 65 0.984 0
68 54 14 0.9027 0
68 48 57 0.9492 0
58 57 84 0.8812 0
58 52 74 0.803 0
57 89 52 0.9927 0
45 81 14 0.8914 0
65 53 116 0.8817 0
73 84 49 0.9896 0
79 53 58 0.8609 0
66 51 22 0.9312 0
65 48 71 0.8877 0
80 51 115 0.5 0
73 49 57 0.8359 0
59 66 42 0.9362 0
57 69 52 0.9779 0
61 79 27 0.9559 0
62 73 118 0.5 0
80 76 63 0.5 0
59 47 16 0.8788 0
82 52 111 0.9154 0
81 75 116 0.5 0
79 56 119 0.5 0
80 53 31 0.8457 0
55 55 56 0.9436 0
64 47 60 0.808 0
76 53 88 0.9567 0
69 50 74 0.9204 0
89 60 100 0.9222 0
77 50 113 0.8 0
64 54 78 0.9451 0
76 47 38 0.9457 0
73 79 21 0.8232 0
52 80 49 0.8889 0
87 55 105 0.8766 0
59 50 56 0.9382 0
63 50 111 0.9417 0
56 77 39 0.8381 0
72 72 27 0.8137 0
90 71 100 0.5 0
88 75 100 0.5 0
51 83 18 0.9399 0
54 73 73 0.8292 0
79 67 85 0.8531 0
91 66 99 0.5 0
70 49 32 0.9151 0
55 81 20 0.9254 0
58 43 16 0.846 0
80 53 61 0.8029 0
59 42 60 0.915 0
82 61 75 0.5 0
84 60 58 0.5 0
82 60 15 0.9103 0
52 79 13 0.8562 0
76 64 19 0.7577 0
46 68 61 0.5 0
66 58 30 0.7764 0
87 73 104 0.9047 0
60 55 116 0.8533 0
76 43 21 0.5 0
57 70 41 0.8937 0
51 67 71 0.8935 0
55 59 111 0.872 0
65 80 110 0.864 0
86 56 113 0.5 0
85 79 100 0.5 0
66 76 77 0.5 0
47 67 16 0.8944 0
49 80 13 0.7618 0
67 80 13 0.7559 0
83 78 100 0.8406 0
66 73 77 0.8822 0
82 50 107 0.878 0
79 58 54 0.8927 0
79 48 38 0.7423 0
67 49 92 0.864 0
67 83 18 0.7893 0
68 77 13 0.8426 0
67 84 95 0.5 0
85 76 101 0.8482 0
88 70 111 0.5 0
74 74 30 0.8743 0
72 76 88 0.8316 0
69 61 29 0.7698 0
80 73 64 0.8478 0
64 63 38 0.8236 0
72 74 43 0.7758 0
54 77 13 0.8199 0
57 55 110 0.8232 0
67 83 32 0.7188 0
72 73 85 0.7929 0
75 56 120 0.5 0
53 76 56 0.8412 0
53 55 69 0.8466 0
73 50 114 0.771 0
81 63 86 0.826 0
56 71 112 0.849 0
84 76 113 0.5 0
89 72 108 0.5 0
65 75 75 0.8134 0
61 56 78 0.7362 0
74 42 17 0.8322 0
78 63 45 0.7529 0
62 70 117 0.7742 0
88 71 102 0.8249 0
86 55 108 0.7685 0
72 77 115 0.8086 0
90 62 96 0.5 0
84 58 116 0.5 0
70 52 118 0.5 0
55 65 53 0.7936 0
49 58 60 0.7574 0
54 50 63 0.9015 0
82 56 57 0.5 0
71 82 33 0.9769 0
72 78 70 0.759 0
62 77 112 0.6595 0
73 82 98 0.7366 0
54 63 95 0.7858 0
67 49 54 0.6333 0
65 83 14 0.7483 0
63 51 19 0.815 0
90 64 102 0.984 0
89 58 103 0.9838 0
83 75 111 0.7427 0
73 79 66 0.9889 0
61 66 118 0.9928 0
89 61 104 0.8005 0
71 50 55 0.8102 0
67 48 110 0.8135 0
61 76 92 0.7045 0
83 68 63 0.6416 0
65 41 82 0.6069 0
64 83 31 0.5455 0
89 63 98 0.7409 0
62 52 85 0.7627 0
57 82 14 0.8022 0
56 71 94 0.7683 0
80 56 57 0.7738 0
68 52 24 0.7646 0
56 75 13 0.7107 0
74 52 54 0.7601 0
73 81 56 0.6782 0
53 86 56 0.6678 0
47 80 22 0.7527 0
58 47 65 0.7539 0
80 53 71 0.772 0
58 60 82 0.6123 0
78 80 96 0.7054 0
70 37 15 0.7765 0
90 67 107 0.5 0
58 53 95 0.7286 0
85 52 105 0.6208 0
66 81 107 0.7244 0
68 51 115 0.7111 0
76 52 47 0.6751 0
77 49 14 0.6731 0
82 54 15 0.7005 0
83 58 19 0.757 0
61 79 69 0.5 0
73 81 92 0.5 0
59 85 16 0.5 0
57 63 82 0.766 0
70 50 46 0.8634 0
68 83 59 0.6857 0
61 73 115 0.5649 0
88 58 106 0.6749 0
67 55 17 0.7424 0
81 75 113 0.6589 0
76 48 43 0.6544 0
73 40 15 0.568 0
69 84 103 0.5 0
80 60 74 0.6166 0
89 66 110 0.5 0
81 70 118 0.5 0
84 78 103 0.6656 0
78 63 76 0.7438 0
61 75 113 0.7481 0
65 83 94 0.6972 0
57 54 92 0.7606 0
82 60 58 0.6612 0
68 82 104 0.7106 0
89 68 102 0.6697 0
59 48 76 0.6166 0
52 79 25 0.5 0
57 72 51 0.7462 0
80 52 113 0.6739 0
70 82 110 0.6902 0
62 50 94 0.6456 0
72 67 40 0.7273 0
72 48 68 0.7065 0
83 63 88 0.6412 0
63 73 81 0.6654 0
74 82 24 0.5 0
54 78 23 0.8538 0
82 60 46 0.5 0
72 47 109 0.6576 0
71 74 119 0.5 0
78 47 94 0.5707 0
78 78 113 0.736 0
78 74 70 0.6344 0
71 79 43 0.5 0
72 79 61 0.9788 0
56 56 95 0.7157 0
78 48 63 0.6759 0
62 77 71 0.6374 0
68 51 31 0.5711 0
72 48 24 0.6463 0
57 55 53 0.6438 0
76 47 60 0.6561 0
84 77 95 0.5 0
70 86 17 0.5 0
70 93 52 0.5 0
66 53 20 0.6302 0
67 62 31 0.6029 0
56 79 13 0.5661 0
44 66 59 0.5 0
74 79 92 0.6815 0
71 79 29 0.6727 0
75 51 79 0.9103 0
58 78 62 0.5 0
82 56 25 0.675 0
79 51 64 0.5957 0
66 63 33 0.6672 0
43 71 15 0.6879 0
86 60 114 0.5 0
65 69 120 0.5 0
77 51 58 0.5758 0
82 54 113 0.6022 0
79 81 109 0.9557 0
66 86 49 0.5837 0
57 76 60 0.5985 0
55 62 52 0.5795 0
74 54 117 0.6658 0
54 60 94 0.8632 0
65 70 25 0.5531 0
50 80 23 0.6427 0
53 74 64 0.5 0
60 88 54 0.646 0
59 44 69 0.6495 0
59 48 23 0.5 0
78 75 115 0.574 0
54 66 95 0.6533 0
58 63 47 0.5774 0
42 74 15 0.5196 0
75 46 20 0.8829 0
64 61 120 0.5 0
81 69 70 0.5707 0
89 66 99 0.588 0
69 52 77 0.5618 0
57 53 55 0.5666 0
75 62 121 0.5 0
67 66 121 0.5 0
53 78 47 0.9492 0
83 62 71 0.5 0
75 70 47 0.6138 0
54 76 23 0.6793 0
68 54 119 0.5 0
90 63 108 0.5 0
81 55 117 0.5 0
88 64 112 0.5 0
86 71 113 0.5 0
53 62 72 0.6578 0
89 66 104 0.6373 0
70 77 74 0.5 0
80 69 74 0.5 0
0
