512
56 61 63 7.2587 0
58 68 105 12.9785 0
75 67 21 7.823 0
78 49 75 9.2251 0
56 60 24 10.5381 0
77 70 44 7.775 0
55 59 45 8.8625 0
71 49 30 7.5511 0
58 64 79 6.0249 0
69 49 45 5.8176 0
63 44 19 5.5233 0
71 48 59 4.766 0
72 87 96 2.229 0
58 81 16 2.139 0
40 83 95 1.7107 0
64 75 18 4.8974 0
67 39 72 4.9142 0
81 55 18 4.8974 0
43 76 96 4.8166 0
85 74 98 0.5 0
72 78 97 4.7689 0
51 95 100 0.5 0
75 45 18 4.7082 0
81 60 103 1.749 0
87 54 64 4.477 0
54 85 98 4.1977 0
38 56 98 1.4199 0
77 71 67 0.5 0
63 55 74 4.3578 0
84 37 69 4.2797 0
78 61 66 4.0403 0
72 49 107 1.4721 0
52 46 18 4.2089 0
65 85 98 4.1771 0
47 46 101 0.5987 0
43 60 99 4.0146 0
54 75 18 3.9846 0
75 63 101 3.9148 0
71 55 17 3.8895 0
76 35 73 3.7707 0
69 54 104 3.7708 0
88 44 64 3.5896 0
74 79 17 3.7232 0
44 53 17 3.5969 0
67 63 40 3.7175 0
51 52 101 3.6008 0
60 50 103 3.2525 0
72 66 33 3.4616 0
70 60 71 3.305 0
78 71 98 3.2267 0
70 83 38 1.3572 0
61 68 88 3.2565 0
78 71 32 3.2489 0
83 86 37 0.5 0
86 64 17 3.173 0
83 75 17 3.0882 0
47 70 18 3.0721 0
91 79 37 0.5 0
39 67 97 2.9406 0
63 47 71 2.9967 0
81 59 41 2.8445 0
75 81 39 2.8884 0
64 74 41 1.8206 0
83 79 39 2.8217 0
46 85 96 2.8347 0
69 78 40 2.7494 0
65 69 44 2.7175 0
44 64 16 2.5927 0
68 60 32 2.6228 0
47 59 35 2.6687 0
59 67 36 2.6595 0
87 73 39 2.5685 0
64 53 38 2.6303 0
73 59 43 2.4033 0
51 67 36 2.3833 0
89 63 38 0.9709 0
45 66 95 2.3776 0
72 68 96 2.2712 0
51 77 93 2.2464 0
87 67 40 2.3292 0
76 55 105 2.3396 0
59 80 94 2.3233 0
53 52 35 2.2467 0
86 62 64 2.0976 0
56 63 88 2.1379 0
73 66 68 2.0998 0
48 81 100 2.1637 0
66 64 47 2.1327 0
79 65 34 2.1268 0
62 96 100 0.5 0
63 62 71 2.0251 0
64 54 99 1.9953 0
92 49 61 1.9888 0
64 71 25 2.0093 0
80 77 96 1.8769 0
44 53 100 1.9848 0
68 61 15 1.8737 0
49 61 55 1.9435 0
66 48 105 1.9055 0
43 59 20 1.8567 0
58 70 15 1.8737 0
58 50 15 1.8737 0
64 65 34 1.8564 0
82 65 101 1.7075 0
57 53 55 1.898 0
66 68 15 1.8737 0
73 44 39 1.893 0
66 47 53 1.8671 0
65 79 93 1.6674 0
64 54 15 1.8737 0
42 70 101 1.8742 0
46 59 15 1.8737 0
57 53 98 1.6886 0
55 58 73 1.7849 0
72 38 78 1.7743 0
47 64 38 1.8042 0
54 43 104 0.7142 0
59 90 98 1.7818 0
57 68 71 1.7264 0
53 66 72 1.8046 0
86 70 15 1.6695 0
67 58 45 1.5958 0
82 48 15 1.7781 0
78 62 30 1.7124 0
60 42 70 1.6743 0
47 65 33 1.6244 0
70 78 22 1.7436 0
73 59 28 1.6812 0
62 60 55 1.6706 0
66 62 76 1.6907 0
49 58 96 1.5655 0
76 57 25 1.5487 0
72 45 52 1.6529 0
67 44 38 1.6955 0
69 52 53 1.6798 0
86 61 39 1.6471 0
56 46 24 1.5056 0
49 90 97 1.5328 0
70 32 71 1.6065 0
48 54 33 1.577 0
53 66 54 1.6127 0
63 82 15 1.5714 0
60 47 26 1.6297 0
80 85 96 0.5 0
70 58 99 1.5961 0
36 73 95 1.508 0
36 62 97 1.4776 0
67 69 28 1.5815 0
68 80 104 1.5712 0
69 55 39 1.5682 0
80 31 70 1.5603 0
72 60 106 1.5543 0
69 94 99 0.5 0
70 41 22 1.5285 0
80 84 38 1.3374 0
64 92 98 1.3969 0
51 55 55 1.5239 0
55 47 103 1.533 0
47 56 104 1.415 0
58 50 72 1.3476 0
59 52 34 1.4835 0
70 40 16 1.4686 0
70 52 66 1.1926 0
59 85 103 1.346 0
55 68 86 1.4919 0
75 52 64 1.4947 0
65 45 76 1.4885 0
45 47 15 1.3685 0
74 72 102 1.496 0
82 38 76 1.4791 0
68 91 97 1.4335 0
77 83 95 1.4365 0
47 50 22 1.235 0
58 66 54 1.2409 0
68 50 69 1.4633 0
61 66 70 1.4155 0
70 62 97 1.405 0
89 38 63 1.3904 0
68 75 45 1.3927 0
61 56 55 1.4505 0
88 45 70 1.4162 0
72 72 32 1.3515 0
67 81 15 1.4331 0
52 61 72 1.3605 0
66 57 41 1.4177 0
51 46 102 1.3656 0
68 72 94 1.3915 0
59 73 23 1.3601 0
85 57 70 1.3232 0
52 69 14 0.8659 0
87 58 15 1.3212 0
74 52 39 1.3191 0
34 80 96 0.5 0
87 70 22 0.7146 0
37 80 95 1.2648 0
93 61 62 0.5 0
48 54 37 1.2645 0
62 83 105 1.2008 0
46 49 100 1.313 0
81 65 29 1.2828 0
55 56 96 1.3104 0
51 82 93 1.2882 0
60 62 90 1.2356 0
61 64 55 1.2294 0
82 69 66 0.5 0
61 43 107 0.5 0
70 33 75 1.2143 0
64 48 38 1.2286 0
65 49 76 1.2567 0
68 46 69 1.1417 0
84 60 68 1.1807 0
48 76 16 1.1484 0
46 71 92 1.2261 0
93 54 61 1.2304 0
69 43 79 1.1916 0
80 80 18 1.104 0
73 51 53 1.2056 0
82 58 27 0.5 0
66 58 36 1.1802 0
70 62 47 1.141 0
68 68 72 0.5 0
54 93 98 0.8939 0
86 69 20 1.1766 0
43 65 104 1.1123 0
89 49 68 1.1721 0
47 81 93 1.1599 0
55 68 90 1.1252 0
80 55 65 1.1027 0
83 65 65 1.1467 0
88 79 38 1.1365 0
82 47 19 1.102 0
62 82 19 1.0333 0
74 40 69 1.1015 0
90 58 20 0.5 0
71 77 104 1.0633 0
80 67 65 1.0661 0
56 53 106 1.1533 0
76 38 79 1.0645 0
56 41 18 1.1564 0
66 32 71 1.1192 0
77 49 63 1.1016 0
68 65 72 1.138 0
73 63 38 1.0846 0
50 48 24 1.0032 0
90 60 63 1.057 0
58 51 38 1.1181 0
54 53 58 1.033 0
79 49 22 1.0887 0
40 52 99 1.0697 0
49 73 92 1.0254 0
47 54 97 1.0054 0
72 72 93 0.9704 0
84 61 21 1.082 0
86 41 74 1.1216 0
78 80 43 1.0817 0
57 70 32 1.0308 0
71 62 66 1.0949 0
84 63 43 1.093 0
72 79 44 1.0039 0
34 67 96 1.098 0
64 63 14 0.8659 0
63 45 106 0.9443 0
82 58 62 1.0523 0
72 45 66 1.0131 0
62 66 40 1.1046 0
70 73 14 0.8659 0
73 57 67 0.9324 0
76 55 42 0.8 0
87 48 60 1.0546 0
55 69 38 1.0108 0
66 75 93 0.9538 0
83 58 24 1.0684 0
68 81 19 0.9278 0
50 51 14 0.8659 0
75 57 101 1.0647 0
52 92 98 1.1772 0
82 70 14 0.8659 0
76 47 38 1.0461 0
62 68 32 0.957 0
55 79 92 0.9604 0
83 69 99 0.963 0
66 51 55 1.052 0
49 62 94 0.8555 0
82 43 66 0.9259 0
50 65 56 1.0144 0
78 53 24 1.0239 0
74 48 51 1.0429 0
78 39 68 1.0087 0
57 44 104 0.9652 0
44 63 21 0.9738 0
59 56 96 1.0285 0
56 83 105 0.9786 0
71 61 36 0.9138 0
65 50 14 0.8659 0
62 69 14 0.8659 0
49 67 93 1.0181 0
77 67 67 0.9764 0
49 67 40 0.9933 0
76 63 37 0.9987 0
83 73 98 0.9503 0
69 65 69 1.0169 0
45 61 30 1.0123 0
65 72 120 0.5 0
49 73 14 0.8659 0
51 82 103 0.9218 0
80 57 25 0.885 0
44 74 103 0.815 0
77 59 45 0.9703 0
69 50 14 0.8659 0
77 50 109 0.5 0
69 47 66 0.9136 0
64 53 107 0.9273 0
45 66 21 0.8991 0
64 58 14 0.8659 0
64 78 39 0.8117 0
84 71 28 0.5 0
87 68 64 0.5 0
60 45 105 0.9056 0
65 59 79 0.7967 0
73 67 105 0.9426 0
45 60 105 0.8266 0
56 43 14 0.8659 0
57 46 14 0.8659 0
73 74 14 0.8659 0
79 78 14 0.8659 0
78 50 14 0.8659 0
84 60 14 0.8659 0
78 60 14 0.8659 0
62 78 118 0.5 0
45 58 30 0.9507 0
71 55 68 0.909 0
57 55 70 0.9353 0
84 48 63 0.8649 0
79 76 20 0.9365 0
51 66 14 0.8659 0
51 54 14 0.8659 0
73 73 35 0.9583 0
66 57 97 0.8767 0
46 55 30 0.864 0
89 53 15 0.5 0
82 68 30 0.9182 0
53 51 14 0.8659 0
62 50 14 0.8659 0
91 49 65 0.93 0
76 74 14 0.8659 0
92 45 60 0.8617 0
41 70 93 0.834 0
42 49 100 0.6794 0
74 37 68 0.9333 0
70 76 14 0.8659 0
75 74 29 0.9331 0
60 54 58 0.7901 0
82 67 14 0.8659 0
75 61 32 0.8876 0
66 83 108 0.5 0
88 57 18 0.8899 0
47 78 103 0.8687 0
92 58 62 0.9069 0
58 77 14 0.8659 0
82 55 106 0.5 0
56 81 20 0.7042 0
68 73 40 0.6958 0
68 59 76 0.9112 0
70 47 14 0.8659 0
70 43 14 0.8659 0
73 50 14 0.8659 0
70 42 37 0.8401 0
76 60 72 0.6869 0
50 71 22 0.8487 0
48 65 14 0.8659 0
88 34 65 0.7908 0
61 91 103 0.5 0
80 62 14 0.8659 0
67 48 14 0.8659 0
48 49 14 0.8659 0
80 72 14 0.8659 0
76 58 14 0.8659 0
76 52 14 0.8659 0
79 37 78 0.7152 0
58 79 20 0.8324 0
59 83 106 0.856 0
49 65 52 0.7669 0
42 59 16 0.7076 0
82 59 71 0.6974 0
41 66 102 0.8855 0
73 64 64 0.7669 0
58 60 86 0.8348 0
65 51 52 0.7674 0
79 75 14 0.8659 0
63 76 93 0.8516 0
51 69 31 0.8632 0
81 58 108 0.5 0
78 58 101 0.8592 0
71 85 103 0.5 0
75 80 44 0.7695 0
44 68 14 0.8659 0
82 34 74 0.8621 0
72 61 14 0.8659 0
67 47 78 0.8142 0
63 64 91 0.7363 0
82 82 97 0.5 0
48 62 14 0.8659 0
69 70 14 0.8659 0
68 65 14 0.8659 0
63 66 14 0.8659 0
67 52 14 0.8659 0
55 68 14 0.8659 0
60 67 14 0.8659 0
49 57 14 0.8659 0
60 53 14 0.8659 0
75 51 107 0.7327 0
51 55 96 0.7788 0
56 42 21 0.7934 0
67 40 14 0.7814 0
76 46 64 0.6848 0
70 83 101 0.8184 0
57 94 99 0.8876 0
62 62 86 0.6437 0
88 52 71 0.8038 0
84 68 34 0.5 0
62 52 32 0.71 0
50 79 13 0.5 0
69 72 49 0.8362 0
78 66 97 0.8276 0
61 94 99 0.5892 0
59 68 68 0.8315 0
66 76 117 0.5 0
49 57 57 0.7857 0
44 82 99 0.8277 0
76 28 71 0.5 0
67 82 93 0.7848 0
52 54 106 0.8115 0
54 68 69 0.8053 0
70 85 17 0.5 0
93 40 61 0.5 0
64 59 68 0.5722 0
47 50 26 0.854 0
89 41 69 0.6746 0
69 65 95 0.6917 0
78 87 98 0.5 0
65 67 30 0.7899 0
73 30 72 0.6635 0
61 74 120 0.5 0
58 46 71 0.6753 0
75 69 103 0.8146 0
72 34 69 0.7959 0
72 73 105 0.7806 0
46 46 19 0.7871 0
51 51 31 0.7679 0
68 44 54 0.7862 0
91 71 38 0.7154 0
69 43 50 0.7254 0
78 80 94 0.7778 0
44 82 93 0.7888 0
75 55 66 0.7143 0
54 70 31 0.7975 0
91 68 38 0.5863 0
71 41 80 0.8059 0
67 75 24 0.8039 0
53 65 86 0.7158 0
79 67 102 0.7913 0
74 84 94 0.764 0
71 59 39 0.685 0
69 47 107 0.7795 0
64 82 111 0.5 0
46 56 39 0.5952 0
58 41 14 0.713 0
77 85 37 0.6997 0
55 77 25 0.5 0
60 84 94 0.782 0
69 79 110 0.5 0
45 54 23 0.6645 0
73 75 103 0.7698 0
70 70 30 0.7182 0
74 80 48 0.5 0
78 46 24 0.6394 0
51 78 14 0.8101 0
68 38 19 0.5321 0
90 43 74 0.5 0
66 81 38 0.702 0
68 50 65 0.7685 0
61 89 101 0.69 0
73 61 47 0.656 0
83 63 39 0.6874 0
71 39 19 0.7422 0
66 79 114 0.5 0
54 73 120 0.5 0
59 71 121 0.5 0
45 90 96 0.5332 0
41 88 94 0.5 0
34 70 96 0.7119 0
69 56 76 0.6399 0
69 35 77 0.7666 0
65 81 107 0.6979 0
61 72 42 0.6968 0
70 42 40 0.7327 0
59 53 107 0.7333 0
60 83 111 0.5 0
64 66 120 0.5 0
63 82 93 0.6724 0
57 71 90 0.5745 0
64 45 36 0.6139 0
75 71 94 0.7457 0
62 57 96 0.739 0
66 83 104 0.6143 0
50 87 94 0.729 0
68 54 69 0.9237 0
85 76 43 0.9885 0
52 46 24 0.7272 0
56 67 52 0.743 0
43 55 22 0.7253 0
90 68 13 0.5 0
0
