512
70 67 61 13.0867 0
69 61 30 17.1582 0
58 79 109 6.39 0
69 45 97 9.4196 0
67 69 92 14.0842 0
50 90 76 2.6546 0
74 48 51 6.9206 0
52 81 81 6.7775 0
70 54 77 6.1479 0
55 86 95 5.7508 0
61 52 51 5.1863 0
49 77 100 5.1154 0
65 78 46 5.0969 0
79 62 77 4.7304 0
61 56 106 4.6014 0
76 50 66 4.5519 0
82 58 49 4.3197 0
73 81 20 4.5518 0
56 64 49 4.437 0
67 85 104 4.3415 0
61 52 85 4.2517 0
58 71 75 4.2366 0
78 74 46 4.2081 0
80 55 92 3.9987 0
57 53 95 3.9631 0
48 74 90 3.6145 0
65 44 16 3.584 0
62 78 18 3.7437 0
68 49 61 3.6942 0
82 47 41 3.5553 0
79 72 77 3.2899 0
73 77 76 3.53 0
64 78 75 3.3154 0
60 59 78 3.4093 0
82 54 57 3.3355 0
83 46 22 3.2052 0
69 78 109 3.3817 0
73 41 23 3.3726 0
81 78 23 3.2411 0
73 43 41 3.2797 0
75 52 86 3.2404 0
72 80 40 3.2264 0
73 56 104 3.1921 0
58 73 50 3.1644 0
78 75 16 3.1137 0
83 67 48 2.8309 0
58 68 108 2.9468 0
52 78 70 2.7113 0
64 45 43 2.9667 0
75 84 98 2.9277 0
76 81 32 2.738 0
66 38 86 2.7854 0
77 42 35 2.7296 0
57 51 16 2.8134 0
80 57 84 2.7195 0
73 80 50 2.6217 0
75 80 104 2.6206 0
56 71 43 2.7342 0
71 46 84 2.7205 0
81 57 69 2.7038 0
73 46 16 2.726 0
71 82 28 2.6968 0
80 51 15 2.5864 0
64 42 23 2.6915 0
84 50 48 2.6181 0
56 71 17 2.5762 0
79 43 27 2.5906 0
51 72 107 2.5561 0
80 77 38 2.4105 0
68 52 108 2.4926 0
67 52 68 2.5217 0
59 88 104 2.2864 0
56 75 22 2.4165 0
83 46 34 2.4003 0
59 76 40 2.4226 0
57 58 56 2.3955 0
61 53 60 2.3144 0
66 81 24 2.3152 0
49 74 74 2.2822 0
83 57 63 2.3104 0
67 81 34 2.2812 0
62 55 72 2.2549 0
74 41 86 2.2575 0
78 54 100 2.1507 0
85 56 42 2.1749 0
84 72 21 2.1405 0
79 52 73 2.2225 0
48 72 83 2.24 0
56 89 86 2.1358 0
53 65 17 1.9308 0
65 44 85 2.2119 0
81 78 30 2.1267 0
82 61 88 2.1892 0
60 78 54 2.1476 0
71 41 34 2.1487 0
65 81 54 2.1305 0
64 86 96 2.0723 0
52 86 72 2.038 0
56 55 45 2.1167 0
58 78 27 2.0125 0
59 49 43 2.0857 0
60 84 87 2.0431 0
91 53 23 0.5 0
53 69 102 2.0574 0
86 52 37 1.9596 0
58 50 102 2.0078 0
80 59 98 1.9471 0
65 44 49 1.9862 0
54 86 104 1.9935 0
91 65 21 0.5 0
81 68 82 1.884 0
87 52 27 1.854 0
82 57 15 1.9009 0
79 46 60 1.7975 0
62 79 36 1.8855 0
67 41 30 1.9334 0
63 49 108 1.9236 0
55 57 16 1.8719 0
84 68 42 1.7448 0
67 42 37 1.91 0
87 55 23 1.846 0
53 71 82 1.8872 0
56 57 87 1.8763 0
52 69 22 1.7161 0
49 77 108 1.8821 0
68 74 14 1.5786 0
87 65 22 1.8408 0
85 63 44 1.711 0
66 83 112 1.7507 0
69 86 97 1.7609 0
65 46 56 1.8034 0
80 54 79 1.6477 0
59 46 18 1.7295 0
87 52 32 1.6558 0
50 70 95 1.6404 0
84 60 58 1.7561 0
84 46 28 1.7352 0
63 80 28 1.767 0
60 63 73 1.6445 0
78 78 52 1.6241 0
57 62 104 1.6591 0
74 40 29 1.6703 0
59 47 90 1.5889 0
62 71 14 1.5786 0
67 80 14 1.5767 0
55 68 56 1.6744 0
72 44 60 1.6487 0
53 63 42 1.5584 0
79 41 21 1.546 0
78 47 19 1.6606 0
58 77 35 1.6382 0
63 86 91 1.4706 0
65 74 112 1.6032 0
55 58 99 1.5877 0
76 37 91 1.5665 0
66 83 18 1.6284 0
47 80 93 1.5761 0
53 67 40 1.6309 0
61 52 78 1.5525 0
77 33 102 0.5 0
49 87 88 1.4577 0
81 68 73 1.5575 0
73 72 14 1.5786 0
64 90 100 1.5452 0
82 48 57 1.5769 0
77 77 81 1.5044 0
63 51 14 1.5786 0
72 47 72 1.555 0
73 77 14 1.5786 0
47 79 72 1.5073 0
68 58 107 1.5066 0
61 80 24 1.548 0
76 48 73 1.5306 0
68 49 14 1.5786 0
83 63 69 1.5091 0
61 43 28 1.5226 0
66 35 91 1.5232 0
55 57 50 1.4855 0
79 83 12 0.5 0
83 74 35 1.5217 0
67 56 115 0.5 0
47 72 78 1.4971 0
84 74 30 1.4594 0
66 81 39 1.5091 0
60 79 31 1.5122 0
59 74 14 1.4826 0
83 40 99 0.5 0
55 63 57 1.3179 0
50 82 106 1.4355 0
82 50 62 1.4318 0
71 61 106 1.4794 0
62 43 34 1.4576 0
77 81 26 1.4369 0
57 47 23 1.4458 0
82 41 91 0.5 0
77 60 102 1.3822 0
64 81 80 1.4616 0
70 82 54 1.3331 0
64 87 110 1.375 0
74 85 104 1.4627 0
75 81 45 1.3479 0
63 53 65 1.4025 0
80 64 14 1.4325 0
84 63 55 1.4315 0
46 86 75 1.1379 0
71 36 87 1.3237 0
51 65 23 1.395 0
45 79 87 1.323 0
84 48 53 1.2586 0
84 74 26 1.3691 0
69 42 45 1.4037 0
82 64 84 1.2839 0
57 74 56 1.3823 0
62 63 107 1.3505 0
68 48 71 1.3265 0
83 61 93 1.2169 0
84 60 72 1.3425 0
55 54 101 1.3638 0
82 45 47 1.3197 0
82 72 52 1.2138 0
54 71 38 1.2823 0
61 45 38 1.3458 0
74 79 70 1.3245 0
64 72 108 1.3023 0
55 67 80 1.1179 0
57 66 15 1.1947 0
62 48 59 1.1648 0
48 83 89 1.3208 0
62 90 93 1.2276 0
64 79 69 1.2362 0
58 65 78 1.2526 0
69 72 109 1.1746 0
77 81 37 1.3001 0
62 87 116 0.5 0
68 81 80 1.1957 0
79 43 45 1.2859 0
74 81 56 1.2917 0
81 72 71 1.1462 0
62 80 58 1.207 0
70 80 72 1.2827 0
59 62 109 1.2313 0
48 84 73 1.2492 0
77 69 14 1.1873 0
59 45 14 1.1944 0
61 77 70 1.1368 0
44 77 94 1.0394 0
61 82 83 1.1241 0
85 52 21 1.2278 0
65 55 112 1.0189 0
53 90 80 1.186 0
53 96 79 0.5 0
60 59 71 1.1817 0
68 39 25 1.1554 0
80 74 83 1.0857 0
60 90 100 1.1862 0
50 84 102 1.214 0
78 42 90 1.141 0
82 52 69 1.1261 0
75 61 105 1.1805 0
75 51 105 1.1986 0
69 41 19 1.1908 0
70 47 67 1.1965 0
48 75 69 1.117 0
47 69 98 0.9477 0
51 70 87 1.196 0
53 61 19 1.1676 0
60 89 89 0.9882 0
51 67 26 1.1884 0
56 51 89 1.1704 0
68 82 57 1.1673 0
81 56 74 1.1373 0
82 74 41 1.1727 0
63 85 13 0.5 0
90 66 28 0.5 0
65 78 114 1.1188 0
48 70 102 1.136 0
74 35 101 1.0219 0
52 72 78 1.0688 0
58 76 45 1.1189 0
68 80 69 1.0903 0
71 82 45 1.1396 0
54 73 27 1.0883 0
86 54 53 1.0693 0
84 71 45 1.0947 0
56 77 74 1.1449 0
54 70 52 1.1162 0
83 53 65 1.1446 0
63 37 90 1.1072 0
77 80 42 1.1344 0
84 61 66 1.0939 0
86 51 42 1.1025 0
88 65 26 1.0395 0
70 35 91 1.0255 0
67 43 54 1.0729 0
45 73 95 1.0134 0
52 70 27 1.0974 0
59 44 23 1.0798 0
44 78 91 1.0965 0
89 66 36 0.5 0
56 76 30 1.1007 0
64 51 72 1.0426 0
77 37 100 1.0076 0
71 83 33 0.9981 0
87 65 64 0.5 0
59 71 112 1.0687 0
50 80 116 0.5 0
52 68 36 1.0521 0
73 83 81 0.5 0
54 59 42 1.0571 0
79 42 40 0.9539 0
80 41 98 0.9681 0
77 76 72 1.0175 0
45 75 85 0.973 0
74 80 81 0.9304 0
61 61 114 0.5 0
70 42 14 1.0422 0
90 60 26 0.5 0
74 35 94 1.0413 0
66 48 81 1.0693 0
54 65 101 1.0209 0
80 49 93 1.0714 0
70 40 84 1.0562 0
52 68 98 1.0618 0
47 69 93 1.058 0
80 51 97 0.9058 0
61 86 113 1.0011 0
62 90 97 1.0603 0
57 62 15 1.0484 0
83 67 69 0.9902 0
78 89 102 0.5 0
75 84 26 0.9873 0
69 75 116 0.5 0
83 69 53 1.011 0
52 90 88 0.8365 0
78 80 14 0.9178 0
84 59 81 0.8723 0
60 47 105 0.6984 0
85 61 62 0.8944 0
59 69 14 1.0135 0
87 54 48 0.9452 0
83 54 18 0.7951 0
57 47 95 0.9929 0
78 49 90 0.737 0
53 96 75 0.5 0
86 63 48 0.9123 0
73 68 109 0.5 0
81 84 19 0.5 0
72 57 111 0.5 0
84 66 53 0.8977 0
71 84 61 0.5 0
82 78 56 0.5 0
66 45 108 0.9745 0
84 71 38 0.6724 0
51 61 23 0.8746 0
62 45 106 0.9599 0
54 73 31 0.9066 0
53 72 24 0.9316 0
56 52 41 0.8844 0
74 52 13 0.5707 0
62 74 117 0.5 0
79 80 17 0.884 0
68 43 57 0.8803 0
56 57 83 0.8587 0
56 89 81 0.8475 0
50 89 84 0.9109 0
46 68 87 0.7167 0
55 74 34 0.7288 0
71 45 64 0.8398 0
64 44 53 0.9377 0
68 82 51 0.9148 0
58 54 79 0.865 0
72 74 107 0.8958 0
80 68 16 0.9072 0
71 81 82 0.871 0
78 90 98 0.5 0
84 68 20 0.8983 0
79 81 99 0.8009 0
71 44 110 0.5 0
62 35 102 0.5 0
85 58 55 0.8909 0
87 66 58 0.5 0
58 48 39 0.8268 0
82 43 31 0.8961 0
85 49 31 0.8285 0
88 64 31 0.8174 0
75 45 87 0.8746 0
69 32 95 0.5 0
74 47 109 0.5 0
64 82 14 0.8471 0
72 87 110 0.5 0
56 50 21 0.8084 0
82 78 34 0.8581 0
81 86 100 0.5 0
59 58 13 0.9552 0
61 45 49 0.8017 0
54 59 45 0.8757 0
75 44 62 0.8684 0
71 85 94 0.8484 0
65 83 61 0.5 0
61 41 90 0.8659 0
54 56 41 0.782 0
84 68 87 0.5 0
80 77 55 0.766 0
83 57 79 0.8302 0
74 84 109 0.5 0
67 64 109 0.5 0
83 76 89 0.5 0
86 63 51 0.7733 0
64 36 105 0.5 0
78 40 105 0.5 0
52 70 30 0.8554 0
81 44 97 0.6323 0
62 46 87 0.8475 0
52 83 116 0.5 0
53 71 33 0.8267 0
77 51 80 0.7761 0
79 39 91 0.7752 0
81 65 102 0.5 0
56 72 59 0.8302 0
86 50 24 0.843 0
65 41 107 0.7498 0
76 41 45 0.7287 0
59 45 26 0.8104 0
64 75 13 0.5707 0
86 57 38 0.7554 0
85 63 60 0.8129 0
86 53 45 0.7426 0
55 67 60 0.8042 0
58 80 22 0.7484 0
55 65 105 0.7351 0
70 82 14 0.7605 0
64 36 102 0.7607 0
76 43 19 0.7666 0
81 70 18 0.7468 0
68 38 22 0.7659 0
54 58 91 0.9151 0
81 75 52 0.7907 0
54 59 95 0.9677 0
57 61 82 0.7733 0
69 81 77 0.777 0
51 75 111 0.8003 0
59 79 76 0.8181 0
83 65 72 0.7022 0
88 60 24 0.8537 0
50 90 81 0.7599 0
71 35 102 0.7785 0
75 82 14 0.8192 0
51 69 91 0.7706 0
74 66 106 0.8151 0
87 56 34 0.7671 0
86 61 21 0.7007 0
45 83 75 0.7233 0
85 66 39 0.8006 0
79 79 68 0.5 0
52 83 69 0.63 0
63 92 105 0.5 0
77 82 94 0.7421 0
47 84 94 0.9513 0
79 54 106 0.5 0
61 46 55 0.7081 0
68 33 93 0.7488 0
72 87 101 0.8051 0
63 49 80 0.759 0
59 74 69 0.6087 0
70 37 107 0.5 0
55 57 103 0.617 0
59 94 97 0.5 0
76 87 102 0.706 0
48 85 92 0.7406 0
71 82 57 0.7905 0
72 71 107 0.7736 0
65 62 107 0.7941 0
69 84 24 0.7741 0
76 54 13 0.5707 0
72 50 13 0.5707 0
73 83 35 0.7826 0
54 71 111 0.925 0
53 69 46 0.7173 0
79 45 105 0.5 0
56 62 60 0.7867 0
55 55 53 0.7857 0
70 56 109 0.7115 0
53 74 72 0.7543 0
61 37 99 0.6521 0
79 62 100 0.7856 0
79 59 13 0.5707 0
68 41 41 0.629 0
74 75 105 0.7523 0
83 61 83 0.6612 0
52 69 16 0.6733 0
71 81 79 0.748 0
86 58 95 0.5 0
76 82 64 0.5 0
88 56 27 0.5354 0
69 55 112 0.8672 0
59 50 107 0.768 0
65 82 58 0.6714 0
74 37 87 0.7483 0
76 43 58 0.7112 0
52 61 16 0.6648 0
78 87 19 0.5 0
56 75 37 0.7479 0
72 41 46 0.7048 0
60 78 60 0.7531 0
59 56 62 0.7541 0
83 75 67 0.5 0
86 69 64 0.5 0
45 75 81 0.9339 0
83 50 19 0.7556 0
83 67 79 0.7218 0
84 66 90 0.5 0
77 80 48 0.721 0
0
