128
64 65 64 0.6648 0
7 54 64 0.5 0
46 11 66 0.5 0
120 74 66 0.5 0
86 23 64 0.5 0
31 84 63 0.6648 0
88 90 62 0.5 0
39 43 63 0.6648 0
94 61 63 0.9551 0
57 91 63 0.6904 0
64 35 63 0.6648 0
27 61 64 0.6648 0
66 14 63 0.9883 0
83 43 63 0.6648 0
45 70 64 0.6648 0
113 56 64 0.99 0
101 78 64 0.6648 0
78 76 63 0.6648 0
20 42 63 0.5865 0
46 27 63 0.5144 0
51 55 63 0.6648 0
98 46 64 0.6648 0
73 91 64 0.8255 0
69 50 62 0.5 0
79 62 63 0.6648 0
65 80 63 0.6648 0
45 86 64 0.6648 0
18 78 65 0.5 0
74 26 64 0.6648 0
109 68 64 0.6648 0
58 24 64 0.6648 0
90 73 63 0.6648 0
39 55 63 0.6648 0
52 41 64 0.5 0
18 54 63 0.6648 0
34 73 64 0.6648 0
55 74 64 0.6648 0
29 49 64 0.6145 0
85 33 63 0.6648 0
75 37 64 0.6648 0
89 53 64 0.6648 0
55 14 63 0.7675 0
112 79 62 0.5 0
104 60 63 0.6648 0
93 83 63 0.6648 0
54 65 63 0.6648 0
80 86 63 0.6648 0
60 56 63 0.6267 0
70 72 63 0.6648 0
119 64 65 0.5 0
99 68 64 0.6648 0
25 74 64 0.6648 0
41 78 64 0.6648 0
56 83 64 0.6648 0
81 17 63 0.6648 0
11 46 66 0.5 0
47 47 64 0.6648 0
65 90 64 0.6648 0
53 31 64 0.6648 0
43 18 63 0.8602 0
66 22 63 0.6648 0
61 45 62 0.157 0
92 39 64 0.5428 0
70 58 65 0.5 0
45 36 62 0.5 0
79 52 62 0.157 0
46 61 64 0.6648 0
86 65 63 0.6648 0
72 83 63 0.6648 0
37 63 64 0.8146 0
50 19 64 0.6648 0
49 80 64 0.6648 0
68 41 63 0.6648 0
90 46 63 0.6648 0
29 68 63 0.6648 0
78 69 64 0.6648 0
71 65 63 0.6648 0
25 54 63 0.6648 0
32 55 63 0.6648 0
63 72 63 0.6648 0
106 84 62 0.5 0
36 49 63 0.6648 0
24 81 63 0.9362 0
75 45 64 0.5 0
81 28 64 0.6648 0
117 69 63 0.6648 0
58 37 64 0.6648 0
70 33 64 0.6648 0
38 87 63 0.7706 0
85 79 64 0.5 0
107 74 64 0.6648 0
110 62 63 0.6648 0
93 67 63 0.6648 0
16 47 64 0.6648 0
51 90 64 0.9062 0
61 17 64 0.6648 0
65 29 63 0.6648 0
45 55 64 0.6648 0
55 47 64 0.5 0
61 11 63 0.6648 0
86 59 63 0.6648 0
72 19 64 0.752 0
99 87 64 0.5 0
39 70 63 0.6648 0
87 85 63 0.6648 0
47 41 63 0.6648 0
113 73 64 0.6648 0
29 78 63 0.6648 0
11 51 64 0.6648 0
49 74 64 0.6648 0
97 74 64 0.6648 0
51 25 64 0.6648 0
37 82 64 0.6648 0
56 60 64 0.6648 0
51 36 63 0.6648 0
72 77 64 0.6648 0
61 85 63 0.6648 0
84 71 66 0.5 0
108 80 64 0.6648 0
107 55 66 0.5 0
86 38 64 0.6648 0
80 23 63 0.6648 0
79 81 64 0.6648 0
75 31 63 0.6648 0
50 85 63 0.6648 0
60 79 64 0.6648 0
58 70 63 0.6648 0
32 61 63 0.6648 0
0
