128
63 66 64 2.8556 0
45 12 61 1.611 0
84 118 67 0.5 0
79 40 63 3.5098 0
88 88 61 1.9656 0
38 44 66 1.4866 0
61 103 65 1.2378 0
44 84 62 2.9734 0
86 65 62 2.9296 0
41 63 62 2.6725 0
65 21 66 1.6067 0
58 46 62 2.4129 0
61 83 64 3.4198 0
49 29 61 1.1992 0
89 106 61 1.9656 0
69 115 61 1.415 0
74 94 61 1.1992 0
37 25 66 1.6289 0
75 82 62 2.4128 0
76 56 62 2.4128 0
64 33 61 1.7747 0
46 52 62 2.4128 0
51 74 62 2.4128 0
64 54 64 2.857 0
90 51 69 0.5 0
87 75 62 2.9734 0
59 13 61 1.6587 0
38 35 61 1.9655 0
66 44 64 3.3139 0
73 72 62 2.4128 0
85 48 62 2.9734 0
51 88 63 3.2743 0
76 107 61 1.1992 0
89 96 66 1.7791 0
48 38 61 1.4521 0
52 20 61 1.1992 0
41 74 67 0.9576 0
52 62 60 0.9576 0
78 116 61 1.2864 0
41 70 62 2.9334 0
62 93 62 1.6 0
86 58 62 2.9734 0
40 55 62 2.8199 0
62 75 64 2.6133 0
42 77 62 2.7418 0
45 44 62 2.1112 0
87 82 62 2.7292 0
68 101 61 1.1992 0
52 9 69 0.5 0
40 48 62 2.5823 0
59 59 62 2.4128 0
38 20 61 1.9015 0
82 97 61 1.1992 0
64 111 67 0.8882 0
51 46 62 2.4129 0
56 37 61 1.2071 0
68 89 61 1.5869 0
77 67 62 2.4128 0
70 78 62 2.4128 0
56 52 62 2.4129 0
58 70 62 2.4128 0
80 61 62 2.4128 0
70 57 62 2.4128 0
72 39 62 2.414 0
78 47 62 2.4128 0
51 66 62 2.4128 0
58 28 61 1.1992 0
81 80 62 2.4128 0
51 80 62 2.4129 0
67 72 62 2.4128 0
63 109 60 0.9576 0
86 112 61 1.8131 0
51 55 62 2.4129 0
48 61 62 2.4128 0
82 70 62 2.4128 0
81 53 62 2.4128 0
78 75 62 2.4128 0
74 62 62 2.4128 0
73 51 62 2.4128 0
70 67 62 2.4128 0
56 77 62 2.4128 0
43 26 61 1.1992 0
52 10 63 0.9681 0
60 20 61 1.1993 0
73 117 69 0.5 0
65 23 61 1.9655 0
69 84 62 1.9744 0
65 60 63 2.0927 0
62 15 66 1.4845 0
78 87 61 1.9655 0
89 93 62 2.0911 0
68 31 69 0.5 0
86 53 66 1.9655 0
65 31 66 1.7987 0
41 14 66 1.0991 0
90 103 66 1.669 0
82 106 61 1.1992 0
62 98 61 1.8754 0
87 70 66 1.8969 0
90 113 69 0.5 0
39 42 62 2.0336 0
47 70 61 1.9655 0
57 64 61 1.9655 0
73 45 61 1.9655 0
62 105 61 1.8488 0
84 43 66 1.9655 0
59 40 61 1.9655 0
89 101 61 1.9656 0
65 28 61 1.9655 0
73 87 61 1.9655 0
52 40 61 1.9655 0
83 86 61 1.9655 0
89 89 66 1.8493 0
57 87 61 1.9655 0
67 50 61 1.9655 0
46 19 60 0.9576 0
41 15 61 1.7177 0
63 17 61 1.8866 0
47 11 67 0.9419 0
38 30 61 1.8145 0
89 108 66 1.617 0
68 108 61 1.1992 0
38 39 66 1.7624 0
43 39 61 1.7237 0
37 25 61 1.6289 0
68 115 67 0.8876 0
56 11 66 1.152 0
41 81 66 1.7317 0
0
