128
66 80 69 2.4385 0
13 57 66 4.402 0
115 46 59 1.3066 0
94 61 97 0.5 0
114 80 69 2.3831 0
52 45 59 0.8305 0
84 47 69 2.4428 0
30 92 57 0.5 0
44 61 82 1.1897 0
113 57 81 1.1962 0
89 72 59 0.9228 0
27 77 75 1.9987 0
45 69 59 0.9228 0
31 37 60 1.163 0
64 54 79 1.5301 0
83 70 81 1.2084 0
99 89 59 1.8065 0
66 60 59 0.9228 0
47 78 74 1.9575 0
99 58 59 1.8065 0
43 48 72 2.1872 0
16 77 60 1.397 0
99 40 59 1.8065 0
116 63 59 1.5665 0
31 60 59 1.8065 0
101 73 79 1.522 0
27 54 79 1.5301 0
96 54 79 1.5301 0
84 80 69 2.4394 0
30 80 60 2.3879 0
54 81 59 1.8065 0
67 45 65 0.6323 0
15 71 74 2.3862 0
62 70 81 1.208 0
81 60 59 0.9228 0
104 72 59 0.9228 0
109 48 73 1.6179 0
115 71 80 1.4185 0
13 67 67 4.402 0
75 72 59 0.9228 0
77 57 81 1.1884 0
54 47 69 2.4428 0
30 47 60 2.3879 0
48 57 59 0.9228 0
28 66 82 1.2047 0
85 67 93 0.9426 0
75 81 62 2.3033 0
58 69 59 0.9228 0
116 61 71 1.3372 0
75 46 62 2.2997 0
37 73 79 1.522 0
73 49 74 1.2044 0
57 77 75 1.9985 0
99 80 60 2.3434 0
92 49 59 0.9872 0
116 73 59 1.5665 0
74 73 79 1.522 0
54 54 79 1.5301 0
94 77 75 1.9993 0
31 70 59 1.8065 0
104 61 82 1.1839 0
42 49 59 0.9872 0
14 61 74 3.2228 0
62 47 59 1.8065 0
32 49 71 1.0295 0
93 65 85 0.7023 0
98 49 69 0.9784 0
21 47 72 0.9217 0
42 78 59 0.9881 0
109 54 59 0.9228 0
46 70 81 1.208 0
40 54 79 1.5301 0
66 75 59 0.9228 0
52 80 69 2.4391 0
37 78 69 0.9754 0
57 58 59 0.9228 0
90 63 59 0.9228 0
99 47 60 2.3434 0
59 50 75 2.0079 0
79 77 75 1.9988 0
116 52 65 1.3372 0
20 49 59 0.9872 0
55 63 82 0.8738 0
84 54 79 1.5301 0
106 54 79 1.5301 0
114 47 69 2.3858 0
14 72 60 2.8144 0
116 71 68 1.3372 0
105 78 73 1.14 0
59 80 69 2.4388 0
66 75 77 1.5414 0
92 49 74 1.3615 0
107 63 59 0.9228 0
87 59 88 0.7839 0
19 82 69 0.5 0
72 47 69 2.4428 0
21 64 59 0.9228 0
84 49 59 0.9872 0
103 50 75 2.0079 0
84 78 59 0.9881 0
109 78 59 0.9881 0
15 75 69 2.3862 0
66 61 82 1.1978 0
64 81 63 2.3662 0
117 83 57 0.5 0
72 54 59 0.9228 0
39 63 59 0.9228 0
36 66 82 1.2023 0
46 45 65 1.2791 0
81 81 63 2.3796 0
69 67 59 0.9228 0
99 69 59 1.8065 0
74 66 82 1.2023 0
116 63 79 1.3372 0
48 47 69 2.4428 0
78 47 69 2.4428 0
66 47 69 2.4428 0
60 47 69 2.4428 0
72 80 69 2.4388 0
78 80 69 2.4391 0
46 80 69 2.4394 0
58 81 63 2.3796 0
19 53 77 0.8285 0
15 64 60 2.4159 0
48 81 60 2.0122 0
57 46 64 2.3693 0
81 46 64 2.3636 0
21 59 81 0.8277 0
0
