128
70 58 57 7.0799 0
97 78 108 0.5 0
36 69 26 5.4956 0
58 70 102 4.3938 0
97 78 20 0.5 0
90 56 92 5.5704 0
75 69 25 5.3677 0
55 59 33 8.5606 0
36 69 49 5.4956 0
82 58 73 7.5861 0
76 59 37 8.594 0
75 59 93 8.2179 0
83 67 56 7.3546 0
38 58 38 6.7347 0
70 68 73 6.7888 0
90 56 25 5.3677 0
92 70 101 4.4878 0
51 57 49 5.8254 0
84 69 85 5.8186 0
93 71 33 3.2042 0
60 56 92 5.5704 0
69 56 79 5.5704 0
38 56 25 5.3677 0
68 69 45 5.2073 0
58 69 91 4.9172 0
51 69 49 4.9732 0
68 56 25 4.8942 0
85 55 49 4.5625 0
91 59 36 4.8452 0
69 70 86 4.8107 0
86 70 39 4.8107 0
75 70 102 4.8107 0
49 70 24 4.3599 0
60 70 25 4.8107 0
47 70 38 4.8107 0
38 58 51 4.7932 0
91 70 24 4.3599 0
85 55 102 4.5625 0
65 55 102 4.5625 0
35 70 38 4.4878 0
86 55 61 4.331 0
86 70 68 4.331 0
67 70 58 4.1994 0
57 60 103 3.9093 0
60 71 37 3.8029 0
67 54 46 3.5546 0
80 54 24 3.5546 0
71 54 69 3.5546 0
93 61 103 3.4799 0
93 71 90 3.4799 0
67 64 103 3.3667 0
82 62 25 3.4295 0
48 54 23 3.352 0
82 64 103 3.4233 0
87 63 45 3.3231 0
70 71 35 2.9768 0
80 71 94 3.1395 0
78 71 43 2.9926 0
84 72 104 2.795 0
80 72 75 2.795 0
77 72 35 2.795 0
66 72 104 2.795 0
98 50 108 0.5 0
87 72 76 2.795 0
72 72 94 2.795 0
54 72 31 2.795 0
87 53 83 2.5468 0
76 53 104 2.5468 0
45 64 53 2.7775 0
76 53 49 2.5468 0
93 53 104 2.5468 0
87 53 41 2.5468 0
60 53 23 2.5468 0
64 53 39 2.5468 0
97 78 42 0.5 0
56 53 100 2.5468 0
80 53 83 2.5468 0
46 62 25 2.5055 0
66 53 33 2.5468 0
80 53 56 2.5468 0
33 53 46 2.472 0
94 64 95 2.472 0
44 53 31 2.5468 0
65 62 86 2.2877 0
48 53 41 2.5468 0
43 53 46 2.5468 0
78 53 62 2.5468 0
57 78 57 0.5 0
94 64 89 2.472 0
60 62 22 2.3441 0
83 72 22 2.3441 0
68 64 22 2.3441 0
76 61 105 2.3441 0
76 60 22 2.3441 0
54 64 22 2.3441 0
88 63 65 2.3152 0
65 62 66 2.1837 0
65 62 41 2.3281 0
88 60 82 2.3152 0
65 59 71 2.1837 0
65 61 48 2.1837 0
88 70 47 2.3152 0
75 78 63 0.5 0
45 78 56 0.5 0
73 72 53 2.0107 0
65 56 66 2.1837 0
65 72 65 2.1837 0
94 67 38 2.1963 0
94 63 28 2.1963 0
94 63 22 2.1963 0
48 62 42 2.1592 0
74 72 60 2.0488 0
94 73 39 2.0155 0
55 68 41 1.9614 0
67 73 22 1.8892 0
88 68 93 2.0346 0
80 66 46 2.0022 0
79 59 62 1.9306 0
55 62 88 1.8935 0
76 73 89 1.7871 0
79 73 69 1.7871 0
65 73 80 1.9404 0
55 63 97 1.8935 0
45 73 53 1.802 0
44 50 57 0.5 0
72 67 52 1.8642 0
31 51 55 0.9563 0
81 71 31 1.9198 0
0
