128
76 61 100 7.2049 0
54 65 15 4.5268 0
24 41 63 8.7088 0
100 37 48 5.2883 0
111 65 75 4.6732 0
27 71 106 0.5 0
75 39 27 6.8716 0
52 39 100 6.8406 0
40 36 30 4.0129 0
25 66 33 3.1453 0
97 35 87 3.3208 0
103 69 24 0.8949 0
25 64 84 5.542 0
102 64 43 5.542 0
51 61 100 7.2049 0
76 61 27 7.2049 0
75 39 100 6.8716 0
103 41 63 8.7088 0
10 67 56 2.2537 0
31 35 89 3.3208 0
106 68 103 0.5 0
25 56 72 7.2894 0
102 56 72 7.2894 0
102 56 55 7.2894 0
25 56 55 7.2894 0
51 61 27 7.2049 0
52 39 27 6.8406 0
94 62 93 5.0276 0
50 32 74 0.7972 0
50 32 53 0.7972 0
77 32 74 0.7972 0
35 52 93 3.8485 0
35 52 34 3.8485 0
77 34 52 0.937 0
29 36 41 3.7397 0
66 64 17 5.6478 0
66 64 110 5.6478 0
27 38 78 5.6732 0
102 64 84 5.542 0
94 52 36 3.8485 0
25 64 43 5.542 0
100 39 78 5.68 0
27 44 48 5.295 0
94 62 34 5.0276 0
62 33 83 1.3051 0
34 62 94 5.0276 0
34 62 33 5.0276 0
56 50 106 4.9551 0
56 50 21 4.9551 0
71 50 106 4.9551 0
71 50 21 4.9551 0
61 33 44 1.3051 0
111 64 61 4.8746 0
16 64 61 4.8746 0
92 34 34 2.313 0
92 71 113 0.5 0
43 48 29 4.8069 0
43 48 98 4.8055 0
84 48 98 4.8069 0
84 48 29 4.8055 0
16 65 75 4.6732 0
54 65 112 4.5268 0
89 65 102 4.5215 0
89 65 25 4.5215 0
36 69 15 0.5023 0
28 48 83 4.4305 0
99 49 83 4.4295 0
64 36 108 3.6709 0
64 36 19 3.6709 0
99 47 44 4.431 0
39 65 103 4.3206 0
39 65 24 4.3206 0
87 36 97 4.0129 0
94 43 91 3.8485 0
40 38 97 4.0161 0
16 65 50 3.7712 0
29 54 43 4.0317 0
87 38 30 4.0161 0
44 33 62 1.3051 0
83 33 65 1.3051 0
43 33 82 1.3051 0
33 43 91 3.8485 0
94 52 91 3.8485 0
94 43 36 3.8485 0
35 43 34 3.8485 0
112 65 51 3.7712 0
75 33 84 1.3051 0
82 69 10 0.5 0
49 33 43 1.3051 0
78 66 111 3.6653 0
78 66 16 3.6653 0
86 33 45 1.3051 0
74 50 96 3.6505 0
74 50 31 3.6505 0
56 51 96 3.6505 0
56 51 31 3.6505 0
75 33 42 1.3051 0
39 34 52 0.937 0
24 35 51 3.3208 0
22 68 98 1.1187 0
84 33 80 1.3051 0
63 44 108 3.355 0
63 44 19 3.355 0
97 35 39 3.3208 0
87 57 29 3.1749 0
87 57 98 3.1748 0
90 33 56 1.3051 0
25 66 94 3.1453 0
45 66 18 3.1577 0
45 66 109 3.1558 0
114 71 92 0.5 0
40 34 71 0.937 0
53 33 83 1.3051 0
111 70 31 0.5 0
30 56 86 3.0762 0
97 45 52 3.0238 0
90 33 70 1.3051 0
116 66 68 2.9171 0
11 66 68 2.9171 0
30 67 101 2.6574 0
98 67 27 2.6574 0
102 66 95 2.7114 0
27 67 75 2.6574 0
65 33 37 1.3051 0
41 33 43 1.3051 0
97 67 100 2.6574 0
107 46 74 2.6255 0
66 35 95 2.5475 0
0
