128
57 75 78 1.0518 0
71 25 29 0.3658 0
99 88 29 0.4143 0
26 25 70 0.5825 0
26 86 29 0.4143 0
104 90 94 0.5 0
62 66 36 0.8201 0
99 62 62 0.6393 0
26 99 72 0.5825 0
26 69 102 0.5825 0
28 51 43 0.8144 0
100 47 29 0.5 0
69 100 42 0.5 0
81 98 72 0.7689 0
27 67 70 0.7771 0
50 90 104 0.5 0
42 25 37 0.427 0
43 81 51 0.3308 0
76 75 58 0.9425 0
97 87 53 1.5736 0
76 87 94 0.9805 0
53 45 53 0.1864 0
87 67 36 0.8683 0
51 99 72 0.672 0
77 46 36 0.748 0
32 87 92 0.9805 0
26 51 87 0.5825 0
46 51 30 0.8144 0
33 46 65 0.5141 0
98 87 75 0.9805 0
37 100 43 0.5 0
44 61 57 1.1531 0
64 33 45 0.9834 0
27 71 42 0.7303 0
68 87 68 1.4303 0
56 71 99 0.1684 0
74 81 39 0.7758 0
39 69 86 0.5621 0
40 81 70 0.7758 0
33 30 53 0.5 0
93 67 80 0.2026 0
26 81 58 0.5825 0
60 86 49 0.7986 0
58 87 90 0.9805 0
55 56 44 1.8011 0
41 76 102 0.8074 0
75 59 48 0.0257 0
53 99 42 0.672 0
99 67 47 0.6393 0
83 81 72 0.7758 0
33 36 79 0.5 0
63 51 29 0.4143 0
43 68 42 0.7303 0
27 61 55 0.6959 0
44 87 82 0.9805 0
26 83 77 0.5825 0
53 81 62 0.7758 0
91 87 94 0.9805 0
33 37 37 0.5141 0
89 68 55 1.1869 0
33 86 42 0.7303 0
44 62 73 0.5 0
38 61 102 0.5 0
75 60 35 0.8 0
32 51 30 0.8144 0
41 51 47 0.8144 0
26 65 88 0.5825 0
54 76 42 0.7303 0
84 81 48 0.7758 0
53 87 73 0.9805 0
91 52 38 0.5 0
81 65 45 2.0894 0
67 47 48 0.5 0
56 42 36 0.5 0
26 54 74 0.5825 0
73 87 82 0.9805 0
93 38 37 0.1329 0
95 75 66 0.5 0
56 25 36 0.346 0
38 94 72 0.7689 0
80 93 41 0.5 0
47 88 42 0.7303 0
86 62 67 0.5 0
37 70 64 0.8822 0
65 100 72 0.5 0
99 100 72 0.5 0
67 74 67 0.8442 0
70 38 29 0.4072 0
79 75 29 0.4143 0
47 81 93 0.7758 0
85 95 84 0.2098 0
98 87 39 0.9805 0
63 79 35 0.7763 0
58 82 102 0.8074 0
33 34 66 0.5141 0
26 96 42 0.5825 0
99 61 36 0.346 0
39 88 102 0.8074 0
33 58 65 0.5141 0
34 61 42 0.7303 0
86 84 61 0.5 0
71 85 54 0.5353 0
44 39 33 0.3045 0
57 75 90 0.5794 0
87 46 29 0.4143 0
34 63 78 0.5 0
33 47 54 0.5141 0
34 47 79 0.5 0
61 87 79 0.9805 0
67 58 42 0.7303 0
30 76 32 0.3399 0
33 25 43 0.5141 0
98 87 87 0.9805 0
71 24 40 0.3149 0
99 75 54 0.6393 0
46 72 70 0.6093 0
37 81 59 0.7758 0
63 81 59 0.7758 0
35 69 96 0.6334 0
67 90 42 0.7303 0
98 64 72 0.7689 0
40 78 42 0.7303 0
30 81 67 0.9049 0
98 87 63 0.9805 0
39 51 37 0.9196 0
88 90 72 0.7689 0
66 44 38 0.5 0
54 28 46 0.5539 0
0
