128
64 68 64 0.7844 0
36 16 64 0.8672 0
121 64 64 0.5 0
91 16 63 0.8672 0
7 64 64 0.5 0
34 112 65 0.5 0
90 114 66 0.5 0
36 50 63 0.7361 0
91 50 63 0.7361 0
91 83 63 0.9294 0
64 33 64 0.979 0
36 83 63 0.9294 0
62 105 63 0.9294 0
60 86 63 0.9204 0
27 66 63 0.9294 0
100 66 63 0.9294 0
110 50 63 0.9294 0
25 36 63 0.9294 0
79 98 63 0.9294 0
43 33 63 0.9294 0
59 16 64 0.8945 0
58 51 63 0.9076 0
75 55 63 0.9294 0
84 34 64 0.5071 0
46 66 63 0.6982 0
110 83 64 0.5 0
101 99 64 0.5 0
44 98 63 0.9294 0
102 31 65 0.5 0
83 69 63 0.9294 0
17 50 63 0.9294 0
28 97 64 0.9258 0
20 83 63 0.9294 0
75 16 63 0.8809 0
76 83 63 0.9294 0
75 111 63 0.8759 0
68 44 63 0.9294 0
49 77 63 0.9294 0
51 113 65 0.5 0
49 22 63 0.9294 0
53 41 63 0.9294 0
100 44 63 0.9294 0
75 28 63 0.9294 0
37 71 63 0.9294 0
91 100 63 0.8306 0
79 43 63 0.9294 0
46 50 63 0.9294 0
55 62 63 0.9294 0
91 27 63 0.8356 0
89 61 63 0.9294 0
70 91 63 0.9294 0
110 72 65 0.5 0
111 61 64 0.8699 0
29 56 63 0.9294 0
101 78 64 0.7033 0
65 77 63 0.9294 0
35 41 63 0.9294 0
17 61 64 0.6555 0
55 95 64 0.9914 0
43 111 63 0.9032 0
39 61 63 0.9294 0
101 54 63 0.6161 0
73 64 63 0.9294 0
66 57 63 0.9294 0
20 72 63 0.9294 0
93 37 63 0.5148 0
102 91 63 0.9294 0
36 27 63 0.8356 0
47 88 64 0.5 0
65 22 63 0.9294 0
54 30 64 0.9738 0
37 104 64 0.5688 0
73 37 64 0.9294 0
28 86 64 0.8931 0
86 91 64 0.9463 0
49 105 63 0.9294 0
81 22 63 0.9294 0
30 77 63 0.9294 0
38 91 63 0.9294 0
75 72 63 0.9294 0
27 44 63 0.9294 0
91 71 63 0.9294 0
84 111 63 0.9032 0
12 69 63 0.9294 0
43 41 63 0.9294 0
84 55 63 0.9294 0
81 77 63 0.9294 0
69 100 64 0.9841 0
96 108 64 0.5 0
52 55 63 0.9294 0
53 84 63 0.9294 0
115 69 63 0.9294 0
57 72 62 0.5 0
43 16 63 0.9082 0
60 41 63 0.9254 0
68 111 63 0.8896 0
28 28 66 0.5 0
78 105 63 0.9294 0
63 94 64 0.9672 0
35 97 63 0.9294 0
68 83 63 0.9294 0
65 50 63 0.9294 0
107 44 63 0.9294 0
20 44 63 0.9294 0
94 77 63 0.9294 0
91 44 63 0.9294 0
12 58 63 0.9294 0
84 16 63 0.9082 0
51 14 66 0.5 0
68 16 63 0.8945 0
95 56 63 0.9294 0
59 111 63 0.8896 0
85 40 63 0.9294 0
51 69 63 0.9294 0
93 92 63 0.872 0
32 33 64 0.9765 0
58 23 63 0.5728 0
42 23 63 0.5693 0
98 85 64 0.9626 0
85 104 63 0.5578 0
47 28 63 0.9294 0
110 77 63 0.9294 0
102 36 63 0.9294 0
97 22 65 0.5 0
21 56 63 0.8987 0
42 76 64 0.9267 0
51 99 64 0.9294 0
85 84 63 0.9294 0
0
