128
52 46 65 1.8838 0
114 91 68 0.5 0
14 92 59 0.5 0
109 39 62 2.6017 0
70 88 62 2.7936 0
18 39 64 2.6017 0
39 75 60 0.7725 0
81 58 61 1.1067 0
104 69 61 1.1067 0
18 65 64 1.1979 0
95 89 62 2.1962 0
75 35 67 0.5 0
59 67 60 0.9929 0
50 89 62 2.1962 0
33 53 61 1.1067 0
31 89 62 2.1962 0
88 41 61 1.7857 0
36 37 62 1.234 0
86 74 61 1.1067 0
99 53 61 1.1067 0
70 47 60 0.5554 0
46 63 61 1.1067 0
18 81 64 1.1979 0
71 73 61 1.1067 0
83 87 65 2.0589 0
109 83 60 0.7588 0
62 36 60 0.7015 0
112 58 66 0.5 0
18 53 64 1.1979 0
52 76 65 0.8237 0
28 73 61 1.1067 0
61 54 60 0.7779 0
94 63 61 1.1067 0
44 41 61 1.7857 0
79 47 67 0.8036 0
70 60 60 0.5554 0
33 63 61 1.1067 0
26 44 61 1.7857 0
98 77 61 0.8763 0
63 88 64 3.0638 0
20 90 66 1.187 0
97 37 62 1.234 0
46 53 61 1.1067 0
77 66 65 0.8237 0
25 88 64 3.0638 0
37 88 64 3.0638 0
101 88 64 3.0638 0
62 77 60 0.7779 0
89 88 64 3.0638 0
55 35 69 0.5 0
90 52 61 1.1067 0
110 89 62 2.1962 0
109 50 65 0.518 0
76 42 61 1.1538 0
101 43 61 1.7857 0
66 36 68 0.8953 0
24 58 61 1.1067 0
52 58 64 0.9768 0
75 53 64 0.9767 0
52 68 64 0.9768 0
107 76 65 0.8237 0
109 64 64 1.1979 0
33 45 61 1.7857 0
77 80 65 0.8237 0
56 88 63 2.4001 0
46 79 61 0.8763 0
109 45 65 2.2847 0
77 89 62 2.1962 0
53 36 60 0.5 0
83 66 60 0.7749 0
19 72 60 0.7638 0
61 43 60 0.7779 0
49 38 66 1.2379 0
17 89 62 2.1962 0
104 58 61 1.1067 0
41 58 61 1.1067 0
45 87 65 2.0589 0
69 39 60 0.7779 0
18 45 65 2.2847 0
27 38 61 1.7857 0
32 79 61 0.8763 0
37 69 61 1.1067 0
96 70 60 0.7686 0
82 49 59 0.5 0
92 80 61 0.8763 0
75 60 64 0.9767 0
90 68 61 1.1067 0
66 67 60 0.9929 0
45 71 61 0.9709 0
25 66 61 0.9709 0
56 78 61 1.101 0
83 80 61 0.8763 0
68 80 60 0.7779 0
88 60 60 0.7725 0
75 44 65 1.8838 0
112 57 59 0.5 0
23 77 61 0.8763 0
81 37 63 0.8854 0
104 80 61 0.8763 0
52 41 65 1.8838 0
57 60 60 0.5553 0
39 51 60 0.7725 0
26 51 60 0.7662 0
40 44 61 1.7857 0
92 44 61 1.7857 0
92 38 61 1.7857 0
84 38 61 1.7857 0
84 44 61 1.7857 0
67 54 60 0.7779 0
55 51 60 0.9605 0
60 36 66 0.8953 0
112 70 60 0.5 0
80 71 60 0.7764 0
76 38 65 1.4329 0
56 72 61 0.8447 0
17 73 67 0.5 0
40 38 61 1.7857 0
101 38 61 1.7857 0
96 41 61 1.7857 0
32 38 61 1.7857 0
72 66 60 0.9604 0
114 36 69 0.5 0
18 58 60 0.7638 0
36 41 61 1.7857 0
42 87 61 1.7857 0
33 74 61 1.1067 0
109 69 64 1.1979 0
18 76 64 1.1979 0
0
