128
72 63 62 0.8646 0
19 99 64 0.5 0
18 29 65 0.5 0
110 98 64 0.5 0
110 30 63 0.5 0
55 96 64 1.0787 0
33 64 62 0.7144 0
57 32 64 2.0397 0
110 64 65 0.8436 0
86 38 63 1.8654 0
85 87 62 0.8646 0
36 41 62 0.8646 0
52 75 62 0.8646 0
35 87 62 0.8646 0
16 50 64 0.4496 0
52 53 62 0.8646 0
16 77 65 0.4496 0
92 58 62 0.8646 0
100 78 64 1.3846 0
104 48 64 1.3846 0
68 84 63 0.5792 0
69 46 62 0.97 0
74 99 66 0.5 0
86 72 62 0.8646 0
96 96 64 1.0787 0
70 32 63 1.8725 0
19 63 62 0.9563 0
27 54 64 1.3846 0
38 101 66 0.5 0
45 32 64 1.8747 0
99 34 62 0.8646 0
21 38 63 1.8725 0
26 72 64 1.3846 0
59 64 63 0.5792 0
23 88 62 0.8646 0
80 54 62 0.8646 0
112 85 66 0.5 0
100 66 64 1.2958 0
39 73 62 0.8646 0
34 32 64 1.8725 0
40 55 65 0.8675 0
49 86 62 0.8646 0
84 99 62 0.5385 0
66 73 62 0.97 0
77 79 62 0.8646 0
47 64 62 0.6489 0
28 96 64 1.261 0
46 43 62 0.8646 0
106 38 63 1.8725 0
106 72 63 1.8725 0
58 44 62 0.97 0
45 96 64 0.9892 0
92 32 64 2.0442 0
90 48 62 0.8646 0
83 63 62 0.8646 0
64 55 62 0.7732 0
64 96 64 1.0787 0
75 91 62 0.97 0
59 87 62 0.97 0
105 90 61 0.5 0
75 38 63 1.8725 0
96 86 62 0.8646 0
96 42 62 0.8646 0
90 80 62 0.8646 0
31 79 62 0.8646 0
34 49 62 0.8646 0
94 72 62 0.8646 0
80 46 62 0.8646 0
77 71 62 0.8646 0
72 54 62 0.8646 0
60 79 63 0.5792 0
27 43 64 1.3846 0
44 79 62 0.8646 0
23 79 64 1.1364 0
106 57 63 0.7984 0
16 85 67 0.5 0
101 54 64 1.3846 0
65 40 63 0.6132 0
25 31 65 0.7817 0
81 30 62 0.6707 0
105 96 64 1.261 0
52 68 62 0.8646 0
42 87 62 0.8646 0
39 66 62 0.8646 0
105 85 63 1.2221 0
23 48 64 1.3846 0
48 37 63 1.8725 0
26 60 64 1.3846 0
100 60 64 1.3846 0
21 72 63 1.8725 0
37 95 63 0.8185 0
52 61 62 0.8646 0
26 66 64 1.3846 0
53 36 64 2.0226 0
43 37 64 2.0563 0
39 33 64 2.0524 0
33 38 63 1.8725 0
112 49 67 0.5 0
80 94 67 0.5 0
29 85 67 0.5 0
41 49 63 0.5792 0
92 66 62 0.8646 0
86 56 62 0.8646 0
83 81 62 0.8646 0
75 85 62 0.8646 0
89 93 63 0.8767 0
91 37 64 2.0438 0
110 79 65 0.8436 0
59 51 62 0.97 0
60 71 66 0.5 0
32 58 62 0.8646 0
45 72 62 0.8646 0
23 94 64 1.3846 0
65 32 63 1.8725 0
39 60 62 0.8646 0
96 48 62 0.8646 0
112 44 61 0.5 0
29 86 62 0.8646 0
50 32 63 1.8725 0
61 35 63 1.8725 0
65 62 62 0.97 0
104 30 65 0.7531 0
52 81 62 0.8646 0
100 90 67 0.5 0
19 56 62 0.5656 0
32 72 62 0.8646 0
53 46 62 0.8646 0
74 48 62 0.8646 0
0
