128
64 61 62 0.8563 0
60 121 63 0.5 0
21 26 67 0.5 0
107 27 66 0.5 0
104 94 65 0.5 0
23 88 64 1.0974 0
55 27 62 0.9474 0
101 59 64 1.0974 0
31 56 63 0.9207 0
56 91 62 0.979 0
80 33 63 2.1052 0
82 80 62 0.9789 0
82 108 61 0.5 0
44 72 62 0.979 0
42 108 61 0.5 0
36 35 62 1.2078 0
102 77 62 1.2223 0
82 54 62 0.9454 0
52 45 62 0.979 0
98 41 61 0.6959 0
26 71 64 1.0974 0
20 43 64 0.9751 0
39 93 62 0.979 0
67 105 62 0.8563 0
62 77 62 0.8563 0
68 45 62 0.8 0
91 92 62 0.979 0
44 56 62 0.979 0
95 27 62 0.9474 0
71 90 65 0.5895 0
89 67 61 0.7144 0
75 69 62 0.9789 0
46 33 63 2.1052 0
73 117 66 0.5 0
54 108 66 0.5 0
67 27 62 0.9474 0
24 33 63 2.1052 0
78 98 62 0.9789 0
87 44 62 0.9789 0
102 33 63 2.1052 0
34 81 61 0.7144 0
46 83 62 0.979 0
19 60 62 0.5 0
55 67 62 0.979 0
38 47 62 0.979 0
35 65 62 0.979 0
61 38 62 0.8563 0
102 49 64 1.0974 0
91 104 66 0.5 0
72 81 62 0.9789 0
49 100 61 0.6728 0
72 53 62 0.9789 0
93 52 62 0.9789 0
55 54 62 0.979 0
30 43 64 1.0974 0
78 46 62 0.9789 0
91 79 62 0.9789 0
33 26 68 0.5 0
30 99 62 0.5 0
97 70 64 1.0974 0
93 33 63 2.1052 0
99 86 62 0.6588 0
24 50 64 0.9852 0
81 90 62 0.9789 0
103 65 63 2.1052 0
24 65 63 2.1052 0
71 36 62 0.979 0
55 33 63 2.1052 0
64 87 62 0.6522 0
93 61 62 0.9789 0
19 78 62 0.5 0
63 52 62 0.8563 0
44 64 62 0.979 0
64 113 62 0.6273 0
60 98 62 0.8563 0
38 102 66 0.5 0
109 41 65 0.5 0
53 116 62 0.5 0
75 60 62 0.9789 0
55 82 65 0.5895 0
37 26 61 0.7144 0
53 74 62 0.979 0
38 76 62 0.979 0
50 60 62 0.979 0
48 93 66 0.5 0
27 80 64 0.8569 0
86 33 63 2.1052 0
29 93 64 0.838 0
109 55 66 0.5 0
68 97 62 0.8986 0
83 72 62 0.9454 0
74 110 61 0.5619 0
66 69 65 0.5 0
33 87 62 0.979 0
98 93 64 0.838 0
83 62 61 0.7144 0
86 101 61 0.5621 0
59 109 62 0.979 0
88 85 62 0.9789 0
75 104 62 0.9789 0
75 27 62 0.9474 0
107 85 64 0.5 0
74 33 63 2.1052 0
32 33 63 2.1052 0
40 33 63 2.1052 0
47 41 62 0.979 0
76 76 62 0.9789 0
66 119 67 0.5 0
49 107 61 0.7144 0
42 100 61 0.7144 0
44 48 62 0.979 0
40 82 62 0.979 0
38 55 62 0.979 0
50 90 62 0.979 0
93 45 62 0.9789 0
86 96 62 0.979 0
81 40 62 0.979 0
107 72 64 0.975 0
61 27 62 0.9474 0
62 46 62 0.8563 0
61 71 62 0.8563 0
98 54 64 1.0974 0
69 118 61 0.7144 0
59 84 62 0.8563 0
67 73 62 0.8563 0
41 42 62 0.979 0
88 74 62 0.9789 0
77 84 62 0.9789 0
0
