128
62 65 61 1.0763 0
115 40 64 0.5 0
14 36 61 0.5 0
114 90 65 0.5 0
29 89 65 0.5 0
82 37 60 0.7622 0
94 66 61 1.2682 0
46 37 60 0.7622 0
29 61 61 1.2681 0
77 89 64 0.0288 0
50 84 61 1.1851 0
115 70 64 0.5 0
63 45 61 0.6844 0
96 85 62 0.8183 0
78 55 61 0.9187 0
99 48 61 0.7263 0
48 55 61 0.9504 0
30 40 61 0.7883 0
78 75 61 1.2682 0
12 55 64 0.5 0
43 70 61 1.2682 0
64 80 61 1.2682 0
113 55 64 0.5 0
30 76 62 0.6292 0
105 73 61 1.2682 0
85 84 61 1.2682 0
21 51 61 1.1616 0
105 60 61 1.2681 0
15 67 65 0.5 0
35 50 61 0.9883 0
88 50 61 0.9144 0
103 36 60 0.5 0
37 83 61 1.2682 0
82 65 61 1.1135 0
71 37 60 0.7622 0
90 75 61 1.2682 0
94 39 61 0.7729 0
64 55 61 0.9062 0
105 84 61 1.2682 0
76 45 61 0.7434 0
51 45 61 0.7397 0
56 75 61 1.2682 0
57 36 60 0.5 0
71 65 61 1.0872 0
74 83 61 1.1698 0
41 60 61 1.1305 0
61 90 65 0.5 0
21 40 61 0.9003 0
50 65 61 1.1439 0
21 62 61 1.2682 0
109 48 60 0.5472 0
70 75 61 1.2672 0
115 79 64 0.5 0
39 40 61 0.7329 0
97 55 61 1.1401 0
89 58 61 0.8249 0
56 57 61 0.7482 0
12 44 64 0.5 0
33 70 61 1.2682 0
45 77 61 1.2682 0
98 75 61 1.2682 0
110 68 61 1.2682 0
101 67 61 1.2682 0
37 76 61 1.2682 0
43 89 65 0.5 0
42 47 61 0.6729 0
57 50 61 0.8076 0
71 55 61 0.8984 0
104 42 61 0.7079 0
25 56 61 1.2127 0
38 66 61 1.2122 0
58 85 62 0.9872 0
85 43 61 0.9686 0
44 84 61 1.2682 0
31 84 61 1.2682 0
68 89 63 0.5 0
64 37 60 0.7622 0
85 70 61 1.2682 0
27 48 61 0.8202 0
115 48 64 0.5 0
69 48 61 0.9992 0
93 45 61 0.8379 0
114 62 65 0.5 0
25 68 65 0.5 0
57 42 61 0.9838 0
97 61 61 1.1846 0
75 60 61 1.0036 0
67 60 61 0.9859 0
105 50 61 1.1203 0
82 50 61 0.83 0
52 39 61 0.6901 0
73 70 61 1.1955 0
60 70 61 1.1736 0
33 55 61 1.1292 0
76 39 61 0.6922 0
110 39 60 0.7599 0
79 82 61 1.2682 0
84 60 61 1.0724 0
51 70 61 1.2142 0
91 80 61 1.2682 0
97 80 61 1.2682 0
56 80 61 1.2682 0
93 71 61 1.2682 0
105 79 61 1.2682 0
100 90 65 0.5 0
60 60 61 0.9904 0
64 75 61 1.2353 0
94 50 61 0.9672 0
69 42 61 0.9867 0
105 55 61 1.2229 0
14 61 64 0.5 0
33 45 61 0.8817 0
88 37 60 0.7622 0
68 70 61 1.1672 0
112 75 60 0.5 0
112 86 60 0.5 0
50 50 61 0.8569 0
49 60 61 1.0551 0
41 53 60 0.7603 0
85 55 61 0.9794 0
14 50 60 0.5 0
100 39 61 0.8057 0
76 50 61 0.8213 0
91 89 64 0.5 0
21 46 61 0.9974 0
62 50 61 0.8062 0
108 89 65 0.5 0
44 42 61 0.557 0
0
