128
77 77 64 0.7866 0
23 24 65 0.5 0
105 24 65 0.5 0
23 103 65 0.5 0
49 51 95 0.5 0
56 102 92 1.2812 0
64 29 63 0.4216 0
29 64 63 0.4216 0
105 103 64 0.5 0
83 59 95 0.5 0
105 56 65 0.5 0
64 102 65 1.4209 0
50 76 78 0.5912 0
50 50 64 0.7866 0
77 50 64 0.7866 0
80 102 84 1.2812 0
72 80 93 0.7558 0
101 80 63 0.4216 0
67 45 84 0.8265 0
42 91 63 0.4216 0
85 30 63 0.5 0
43 29 65 0.5 0
26 44 63 0.4216 0
86 96 63 0.4216 0
24 83 64 0.4216 0
58 82 64 0.9295 0
82 64 77 0.7022 0
47 103 75 0.9131 0
45 69 64 0.9295 0
45 68 93 0.6144 0
46 57 80 0.8635 0
99 40 63 0.4216 0
91 66 63 0.4216 0
67 82 78 0.8265 0
56 81 92 0.6129 0
64 44 64 0.9295 0
63 102 79 1.2812 0
78 102 69 1.2812 0
79 53 84 0.9157 0
55 47 77 0.7558 0
92 52 63 0.4216 0
81 70 89 0.8635 0
68 102 92 1.2812 0
51 102 65 1.4209 0
36 53 64 0.4216 0
36 103 63 0.4216 0
72 90 63 0.4216 0
36 80 65 0.5 0
89 84 63 0.5 0
99 92 65 0.5 0
40 41 63 0.4216 0
53 36 63 0.5 0
78 76 77 0.5058 0
75 37 65 0.5 0
72 48 95 0.5 0
47 102 86 1.2812 0
103 68 63 0.4216 0
31 33 63 0.4216 0
59 45 93 0.6144 0
74 48 75 0.9157 0
30 93 64 0.4216 0
75 24 64 0.4216 0
82 61 66 0.8637 0
86 42 65 0.5 0
94 23 63 0.5 0
53 24 63 0.4216 0
94 105 64 0.5 0
45 67 76 0.8265 0
45 58 64 0.9295 0
69 82 64 0.9295 0
25 54 65 0.5 0
47 80 63 0.4216 0
23 72 64 0.5 0
57 81 82 0.8635 0
80 104 95 0.5 0
53 48 86 0.9157 0
71 102 82 1.2812 0
81 70 70 0.8635 0
49 75 88 0.7017 0
52 91 63 0.4216 0
65 45 74 0.7561 0
45 59 90 0.6144 0
80 55 73 0.7558 0
35 24 63 0.4216 0
74 79 84 0.9157 0
65 82 87 0.7561 0
56 102 84 1.2812 0
105 47 63 0.5 0
93 75 64 0.4216 0
35 71 63 0.4216 0
82 61 86 0.8637 0
63 91 64 0.4216 0
99 31 64 0.4216 0
69 102 71 1.2812 0
60 82 73 0.8265 0
81 89 65 0.5 0
56 102 76 1.2812 0
49 52 73 0.7017 0
45 66 85 0.8637 0
52 78 70 0.7017 0
57 46 69 0.8635 0
98 61 65 0.5 0
23 35 65 0.5 0
80 102 76 1.2812 0
62 102 88 1.2812 0
79 53 92 0.9157 0
73 80 72 0.6119 0
85 73 63 0.5 0
37 63 63 0.5 0
74 48 88 0.9157 0
63 84 95 0.5 0
92 36 64 0.4216 0
77 102 90 1.2812 0
50 102 80 1.2812 0
45 60 72 0.8265 0
71 102 65 1.4209 0
86 104 65 0.5 0
81 70 81 0.8635 0
29 77 63 0.4216 0
48 53 88 0.9157 0
61 102 72 1.2812 0
66 45 92 0.8637 0
70 46 69 0.8635 0
60 45 86 0.8265 0
42 48 65 0.5 0
48 42 65 0.5 0
67 36 63 0.4216 0
81 55 64 0.9295 0
0
