128
68 65 64 3.0557 0
14 82 64 2.4168 0
108 35 63 3.1501 0
58 35 96 0.8073 0
99 62 98 0.5 0
106 73 63 3.1501 0
73 27 63 3.1501 0
46 82 64 3.1367 0
88 35 96 0.8073 0
72 59 96 0.8073 0
85 49 70 2.7279 0
57 46 63 3.1501 0
80 82 63 3.1457 0
50 60 85 0.5 0
100 53 63 3.1501 0
89 32 63 3.1501 0
82 29 81 1.5417 0
88 64 63 3.1501 0
62 82 64 3.1404 0
30 82 63 3.0744 0
72 43 63 3.1501 0
114 59 63 3.1501 0
52 67 63 2.5368 0
101 60 81 0.6097 0
63 35 79 0.5 0
93 79 63 3.1501 0
56 53 98 0.5 0
73 35 96 0.8073 0
96 48 96 0.8417 0
55 58 71 2.5864 0
67 55 71 2.4091 0
85 59 96 0.8073 0
83 38 71 2.4091 0
88 43 63 3.1501 0
96 33 81 0.5 0
67 37 71 2.4091 0
115 46 66 1.1344 0
93 38 71 2.4091 0
90 29 88 1.5417 0
97 58 71 2.6254 0
61 34 61 1.1344 0
86 74 63 3.1501 0
72 79 63 3.1325 0
77 59 70 1.6176 0
100 26 66 1.1344 0
104 65 64 3.1501 0
55 74 64 3.0661 0
107 49 64 3.1501 0
80 44 63 3.1501 0
73 35 63 3.1501 0
54 82 64 3.1367 0
76 65 63 3.0557 0
38 82 64 3.0744 0
112 42 63 3.1501 0
94 59 63 3.1501 0
94 48 63 3.1501 0
94 38 63 3.1501 0
94 26 63 3.1501 0
67 49 63 3.1501 0
100 59 91 1.6176 0
104 42 63 3.1501 0
93 71 63 3.1501 0
86 25 63 3.1501 0
83 37 63 3.1501 0
66 32 63 3.1501 0
80 30 63 3.1501 0
58 63 63 3.0447 0
21 82 64 3.0744 0
60 39 63 3.1501 0
102 30 63 3.1501 0
54 58 94 1.9168 0
114 51 63 3.1501 0
111 67 63 3.1501 0
107 57 64 3.1501 0
60 48 71 2.4091 0
66 75 64 3.1105 0
78 75 64 3.1105 0
75 50 63 2.9157 0
72 71 64 3.0886 0
62 69 64 3.0776 0
72 46 71 2.4091 0
64 59 63 3.0227 0
72 59 63 3.0227 0
86 59 72 1.4013 0
72 34 85 0.3962 0
93 50 71 2.4091 0
98 38 97 0.5 0
89 55 70 2.7279 0
82 56 70 2.7279 0
101 79 63 2.374 0
58 36 72 1.4013 0
57 35 86 0.5 0
48 75 64 2.5329 0
63 59 96 0.8073 0
57 45 95 0.6023 0
89 29 80 1.5417 0
81 31 90 0.9274 0
81 44 71 2.4091 0
61 40 71 2.4091 0
77 37 71 2.4091 0
93 44 71 2.4091 0
60 54 71 2.4091 0
65 34 90 0.3962 0
79 50 71 2.4091 0
72 58 71 2.4091 0
72 52 71 2.4091 0
72 40 71 2.4091 0
88 41 71 2.4091 0
67 49 71 2.4091 0
67 43 71 2.4091 0
56 60 81 0.9455 0
87 82 63 2.2667 0
67 39 64 2.3193 0
58 56 64 2.0531 0
94 59 96 0.8073 0
98 67 62 2.1422 0
82 62 62 2.1422 0
96 32 62 2.1422 0
80 24 65 2.1422 0
102 36 65 2.1422 0
100 73 65 2.1422 0
100 47 65 2.1422 0
94 65 65 2.1422 0
61 51 62 2.0502 0
83 68 62 1.9747 0
100 59 77 1.6176 0
54 59 77 1.6176 0
67 35 96 0.8073 0
0
