128
61 79 61 2.5017 0
23 31 42 0.5 0
115 52 44 0.5 0
26 53 97 2.5923 0
27 69 45 3.6595 0
101 79 61 2.5015 0
28 37 70 3.3043 0
27 71 79 3.6587 0
81 77 42 0.6781 0
106 53 67 0.6922 0
27 49 54 3.6594 0
81 79 61 2.5016 0
113 73 42 0.7541 0
27 70 98 3.6585 0
27 53 79 3.6586 0
44 79 48 2.5017 0
33 79 62 2.2263 0
109 56 52 3.8586 0
27 35 52 3.6594 0
63 77 41 0.5 0
94 79 48 2.5015 0
108 78 49 3.8508 0
112 67 66 1.2251 0
24 64 63 0.9522 0
56 79 48 2.5017 0
49 79 61 2.5017 0
73 79 47 2.5016 0
27 61 52 3.6595 0
27 73 64 3.6595 0
27 43 79 3.6589 0
28 78 48 3.7938 0
27 62 77 3.6587 0
108 78 58 3.8508 0
106 67 43 2.1363 0
27 54 70 3.6593 0
27 70 54 3.6595 0
27 61 98 3.6584 0
28 78 57 3.7938 0
91 79 61 2.5015 0
27 50 90 3.6586 0
27 67 70 3.6593 0
27 45 70 3.6593 0
31 44 41 0.6206 0
71 79 55 2.5016 0
27 71 90 3.1411 0
24 53 41 0.6206 0
36 79 52 2.5018 0
105 63 63 1.1359 0
115 55 64 0.5 0
105 54 42 1.1284 0
101 79 53 2.5015 0
79 79 50 2.5016 0
71 77 66 0.7643 0
105 71 66 1.1359 0
32 31 41 0.5 0
26 42 56 2.6515 0
52 79 53 2.5017 0
96 79 57 2.5015 0
24 40 42 0.9703 0
38 79 58 2.5018 0
73 79 61 2.5016 0
31 58 41 0.6077 0
58 79 54 2.5017 0
55 79 60 2.5017 0
50 79 47 2.5017 0
46 79 54 2.5017 0
77 79 56 2.5016 0
67 79 48 2.5016 0
65 79 54 2.5016 0
67 79 60 2.5016 0
100 79 47 2.5015 0
115 60 41 0.5 0
28 57 91 2.4309 0
29 56 57 2.295 0
88 79 46 2.118 0
26 43 50 2.3137 0
38 79 46 2.1179 0
43 79 62 2.2263 0
112 75 66 1.2249 0
108 72 44 2.315 0
29 56 85 2.3034 0
108 74 64 2.2531 0
29 64 58 2.2574 0
31 51 44 0.7793 0
24 32 62 0.9523 0
108 68 64 2.2345 0
105 55 62 1.1358 0
32 31 62 0.5 0
115 66 47 0.5 0
106 58 58 2.0879 0
24 60 42 0.9703 0
105 60 43 1.1359 0
31 37 43 0.7793 0
24 47 42 0.9703 0
110 59 67 0.7172 0
29 33 58 1.9009 0
115 61 61 0.5 0
29 61 68 1.7583 0
112 76 44 1.762 0
112 56 58 1.7621 0
26 45 86 1.7757 0
112 71 65 1.762 0
25 59 83 1.6426 0
24 54 47 0.9523 0
86 77 68 0.5 0
25 68 85 1.6425 0
25 66 93 1.6424 0
112 69 43 1.762 0
25 68 60 1.6437 0
115 82 64 0.5 0
25 37 58 1.6437 0
31 47 62 0.7793 0
25 75 43 1.6438 0
25 49 84 1.6428 0
31 39 62 0.7793 0
24 52 62 0.9523 0
83 80 46 1.4983 0
62 80 46 1.4982 0
96 78 63 1.4936 0
24 58 62 0.9523 0
25 55 54 1.6437 0
25 61 58 1.6437 0
25 61 70 1.6435 0
25 73 70 1.6436 0
25 61 92 1.6309 0
86 80 62 1.6111 0
38 77 68 0.5 0
89 83 54 0.5 0
0
