128
66 67 63 1.4609 0
61 7 68 0.5 0
61 121 60 0.5 0
72 35 62 1.5362 0
72 95 62 1.5362 0
56 50 63 1.8864 0
55 83 63 1.6161 0
54 25 66 0.5283 0
53 104 68 0.5 0
73 16 61 0.5283 0
73 112 66 0.5031 0
72 50 63 1.6341 0
68 81 62 1.5362 0
59 37 62 1.5362 0
56 72 63 2.3651 0
63 106 61 0.5283 0
61 95 62 1.5362 0
61 16 61 0.5283 0
60 60 64 2.1336 0
55 114 65 0.5289 0
66 25 61 0.5283 0
71 57 63 2.5441 0
74 24 68 0.5 0
71 73 63 1.8443 0
67 8 61 0.8787 0
66 44 62 1.5362 0
62 87 62 1.5362 0
67 121 67 0.5 0
72 105 61 0.5283 0
54 16 66 0.5283 0
67 115 61 0.5283 0
57 66 63 2.5441 0
72 88 63 1.6133 0
71 67 64 2.5441 0
56 56 63 2.5441 0
55 106 61 0.5284 0
62 31 62 1.5362 0
64 54 62 1.5362 0
55 93 63 1.597 0
55 29 62 1.4214 0
53 42 68 0.5 0
71 10 68 0.5 0
58 9 61 0.8778 0
62 81 62 1.5362 0
60 44 62 1.5362 0
74 25 60 0.5 0
62 75 62 1.5362 0
68 62 63 2.0288 0
56 21 61 0.5283 0
72 42 68 0.5 0
56 78 63 1.8139 0
60 119 66 0.8169 0
75 81 67 0.5 0
55 40 63 1.6397 0
72 40 63 1.6396 0
75 102 67 0.5 0
55 100 65 0.7087 0
72 45 63 1.6368 0
72 29 66 0.9768 0
61 114 61 0.5283 0
67 15 61 0.5283 0
55 88 63 1.6133 0
66 39 62 1.5362 0
65 91 62 1.5362 0
72 78 63 1.6188 0
55 45 63 1.6369 0
55 35 63 1.6424 0
72 83 63 1.6161 0
68 109 61 0.5283 0
73 18 68 0.5 0
66 50 62 1.5362 0
66 33 62 1.5362 0
67 100 62 0.7206 0
59 101 61 0.5283 0
55 61 64 1.6281 0
74 114 60 0.5 0
72 118 68 0.5 0
56 10 67 0.5 0
65 71 62 1.5362 0
65 84 62 1.5362 0
65 78 62 1.5362 0
63 47 62 1.5362 0
62 68 62 1.5362 0
61 51 62 1.5362 0
55 98 62 1.4276 0
68 87 62 1.5362 0
59 84 62 1.5362 0
55 13 62 0.5497 0
65 96 62 1.5362 0
58 32 62 1.5362 0
65 58 62 1.5362 0
63 36 62 1.5362 0
62 40 62 1.5362 0
71 31 62 1.5362 0
60 91 62 1.5362 0
69 92 62 1.5362 0
71 11 61 0.9845 0
61 25 61 0.5283 0
59 109 61 0.5283 0
70 120 62 0.5 0
56 109 68 0.5 0
70 21 60 0.5 0
63 10 61 0.5283 0
58 118 61 0.8778 0
73 110 62 0.568 0
75 21 64 0.5 0
66 7 67 0.5 0
75 107 68 0.5 0
54 109 64 0.5939 0
65 119 61 0.5283 0
64 21 61 0.5283 0
73 101 64 0.5983 0
71 116 64 0.7565 0
73 106 65 0.5956 0
73 14 66 0.7104 0
54 21 65 0.6422 0
73 92 68 0.5 0
72 97 68 0.5 0
74 35 68 0.5 0
54 30 68 0.5 0
57 113 61 0.5283 0
63 69 68 0.5 0
73 25 65 0.6399 0
58 86 68 0.5 0
75 48 68 0.5 0
75 62 67 0.5 0
75 54 68 0.5 0
71 26 61 0.5283 0
0
