128
111 70 60 6.2091 0
16 55 60 6.2309 0
67 14 59 5.763 0
54 113 70 2.8789 0
100 30 68 5.7509 0
92 102 59 5.896 0
27 95 68 5.8623 0
35 23 61 5.8168 0
16 73 68 5.8782 0
111 52 67 5.9095 0
21 39 59 5.8434 0
74 109 58 4.3654 0
45 105 57 3.5171 0
108 90 71 2.1056 0
81 17 59 5.8512 0
106 39 59 5.8449 0
105 91 58 4.0215 0
50 12 71 1.9722 0
81 108 67 5.9312 0
35 102 59 5.8988 0
46 108 67 5.9328 0
19 82 59 5.8024 0
100 95 67 5.8623 0
108 82 65 5.7947 0
46 17 59 5.8512 0
92 23 61 5.8168 0
27 30 68 5.7509 0
58 14 68 5.763 0
17 46 69 4.8963 0
75 15 69 4.8963 0
14 67 58 4.6556 0
57 119 53 0.1484 0
53 109 58 4.3654 0
114 63 69 4.141 0
13 62 69 4.1231 0
109 41 70 3.8884 0
22 85 70 3.8884 0
45 19 70 3.8884 0
113 59 57 3.8884 0
101 29 57 3.8884 0
37 102 70 3.8884 0
93 103 70 3.8884 0
23 92 57 3.8884 0
56 13 57 3.8884 0
29 31 57 3.8884 0
87 20 70 3.8884 0
112 48 57 3.8053 0
68 118 75 0.5 0
82 105 57 3.5163 0
19 37 69 3.1662 0
65 116 67 0.8725 0
114 72 70 3.0476 0
36 26 71 2.8805 0
73 113 71 2.8789 0
36 19 70 2.9523 0
101 98 57 2.9308 0
64 116 55 0.8725 0
17 55 71 2.8805 0
95 22 71 2.8805 0
67 11 71 2.7394 0
111 80 56 2.8805 0
104 83 56 2.5813 0
97 93 56 2.4779 0
107 75 71 2.4648 0
31 94 56 2.4314 0
25 39 71 2.3654 0
102 39 71 2.3641 0
102 86 71 2.2891 0
14 46 56 2.1481 0
60 116 62 0.8725 0
26 99 59 2.1763 0
91 27 71 2.1857 0
83 14 71 2.2372 0
108 69 69 2.1703 0
20 73 56 1.9515 0
81 112 57 2.1305 0
21 48 56 2.1521 0
46 112 58 2.1305 0
40 16 66 2.1485 0
23 60 56 2.0941 0
72 111 65 2.1214 0
54 114 64 2.1029 0
19 90 66 2.1056 0
56 107 67 1.6068 0
15 82 68 2.0711 0
55 107 72 1.8726 0
28 24 55 1.8726 0
102 63 53 0.5 0
104 65 56 1.9453 0
86 102 72 1.8726 0
71 120 59 0.5 0
80 21 71 1.9489 0
113 79 72 1.8726 0
68 18 72 1.8726 0
67 18 67 1.923 0
107 34 72 1.8726 0
101 87 63 1.9675 0
26 87 61 1.9679 0
87 109 55 1.8726 0
40 109 55 1.8726 0
23 29 60 1.9037 0
22 31 55 1.8726 0
108 59 62 1.8592 0
89 17 55 1.8726 0
38 17 55 1.8726 0
19 65 72 1.7848 0
109 86 55 1.8726 0
62 115 73 0.9489 0
31 23 72 1.8726 0
106 77 55 1.8726 0
12 52 71 1.9077 0
52 19 72 1.8726 0
103 70 55 1.7603 0
14 74 55 1.8726 0
75 12 55 1.8726 0
109 59 72 1.8726 0
37 108 66 1.7676 0
107 52 55 1.8726 0
94 29 55 1.8726 0
74 106 72 1.8726 0
106 49 60 1.8303 0
73 19 55 1.8127 0
86 110 60 1.8563 0
41 110 60 1.8563 0
30 103 70 1.8321 0
54 19 62 1.8137 0
14 45 61 1.7907 0
104 44 66 1.7719 0
0
