128
84 70 48 10.2094 0
35 54 113 0.5 0
42 59 28 10.8463 0
77 90 110 0.9452 0
83 41 99 3.4798 0
42 85 82 1.2687 0
46 39 76 1.3077 0
79 41 28 6.2148 0
68 92 18 2.7279 0
49 85 52 5.2174 0
85 59 28 10.8463 0
76 36 67 1.4426 0
93 70 87 1.4391 0
43 70 48 10.2095 0
70 93 79 1.4056 0
48 89 110 1.0311 0
54 35 106 1.2464 0
57 35 49 2.3857 0
82 50 48 8.809 0
45 50 48 8.809 0
45 80 28 8.309 0
82 80 28 8.3089 0
33 61 80 1.0638 0
34 74 99 2.4334 0
93 63 111 0.697 0
56 34 27 3.3084 0
90 49 77 1.4456 0
83 84 88 3.301 0
38 46 99 2.7466 0
59 95 95 1.7732 0
63 33 86 1.1517 0
70 92 49 2.3624 0
48 41 28 6.2148 0
81 88 67 1.3 0
46 89 96 2.7466 0
91 76 72 1.4204 0
68 33 100 2.0264 0
89 79 110 1.0313 0
93 53 96 2.4316 0
74 93 97 2.4276 0
53 92 70 1.2969 0
65 52 17 1.9834 0
78 85 44 5.2177 0
44 43 88 3.301 0
35 73 71 1.2323 0
57 34 65 1.4391 0
63 94 34 1.1517 0
36 51 70 1.4296 0
67 35 18 2.5669 0
50 87 40 4.593 0
79 38 83 1.0986 0
70 35 45 2.3623 0
61 76 18 2.1377 0
63 94 110 0.7795 0
94 69 99 2.1994 0
33 58 96 2.2012 0
83 86 99 3.4798 0
67 57 55 2.7521 0
94 60 69 0.947 0
84 44 88 3.301 0
70 93 64 1.4093 0
51 39 41 4.1644 0
76 39 41 4.1644 0
53 91 28 4.2886 0
74 91 28 4.2851 0
76 88 54 4.1644 0
62 70 57 1.4204 0
89 72 19 4.0446 0
42 83 106 2.5679 0
77 71 19 4.0446 0
50 71 19 4.0446 0
77 48 19 4.0446 0
50 48 19 4.0446 0
75 38 53 3.7046 0
42 85 70 1.2687 0
76 88 19 4.0446 0
51 88 19 4.0446 0
39 72 19 4.0446 0
35 73 83 1.2244 0
90 49 111 0.8246 0
36 68 113 0.5 0
88 46 66 1.3289 0
33 61 64 1.0638 0
53 34 97 2.4286 0
52 38 54 3.7046 0
54 93 83 0.6492 0
43 42 113 0.5 0
57 34 77 1.4327 0
60 93 54 1.9462 0
42 42 66 1.2688 0
36 51 82 1.4154 0
44 41 97 3.4798 0
77 37 113 0.5 0
53 60 54 3.5078 0
69 70 55 3.1505 0
53 74 37 3.5007 0
94 60 80 0.947 0
74 60 54 3.5078 0
36 58 54 3.6253 0
91 58 54 3.6252 0
39 81 92 1.5749 0
70 34 79 1.4055 0
53 53 37 3.5007 0
76 49 36 3.4591 0
41 83 99 3.4798 0
56 70 55 3.4361 0
83 83 55 3.4361 0
60 93 43 1.9462 0
74 38 19 3.4112 0
53 38 19 3.3899 0
64 34 57 1.4681 0
42 45 20 3.3085 0
66 34 113 0.5 0
42 45 36 3.3115 0
85 45 36 3.3115 0
85 45 19 3.319 0
50 49 108 0.5 0
43 83 88 3.301 0
93 70 64 1.4391 0
71 34 28 3.3043 0
33 64 105 1.1625 0
60 34 37 1.9462 0
44 42 106 2.5679 0
85 85 75 1.2687 0
36 71 35 3.1778 0
91 71 35 3.1778 0
74 90 37 3.1592 0
76 36 91 1.4154 0
0
