128
61 59 64 8.8048 0
60 109 64 8.8048 0
97 85 64 8.8048 0
30 83 64 8.8048 0
59 13 59 4.7674 0
98 43 62 7.659 0
27 39 61 5.792 0
71 84 88 1.2333 0
44 69 64 8.8048 0
79 51 63 8.7989 0
44 96 64 8.8048 0
84 99 64 8.8048 0
78 22 60 5.7753 0
95 61 64 8.8048 0
34 53 64 8.8048 0
81 75 64 8.8048 0
40 27 60 5.7753 0
45 40 62 7.1147 0
86 33 61 6.7831 0
60 76 71 5.1427 0
53 28 61 5.9386 0
56 90 83 2.3848 0
65 23 60 5.7753 0
68 96 71 5.1428 0
28 68 67 5.42 0
75 112 63 5.2556 0
53 85 71 4.9436 0
48 17 60 4.9422 0
67 72 60 4.9888 0
74 86 71 4.8571 0
49 51 68 4.7733 0
49 83 59 4.7674 0
57 95 72 4.4519 0
59 78 90 1.3998 0
71 13 60 4.2195 0
74 32 63 4.2709 0
70 99 59 3.8275 0
46 110 68 3.9539 0
45 109 59 4.1304 0
57 72 58 3.7595 0
43 83 69 3.7654 0
70 77 73 3.6953 0
70 68 69 3.7654 0
77 89 58 3.7595 0
54 49 58 3.7595 0
27 63 58 3.7595 0
74 65 58 3.7595 0
77 63 69 3.7654 0
83 63 58 3.7595 0
32 71 58 3.7595 0
49 57 58 3.7595 0
99 73 58 3.7595 0
101 73 68 3.4101 0
68 93 82 2.496 0
76 39 58 3.2568 0
35 34 65 3.055 0
58 80 84 2.5083 0
57 98 58 2.8974 0
91 50 70 2.7575 0
56 37 57 2.7516 0
86 86 57 2.7516 0
70 116 70 2.7575 0
82 110 57 2.7516 0
69 116 57 2.7516 0
45 50 57 2.7516 0
101 51 70 2.7575 0
91 51 57 2.7516 0
91 71 57 2.7516 0
87 43 57 2.7516 0
35 35 57 2.7516 0
75 106 70 2.7575 0
75 105 57 2.7516 0
86 88 70 2.7575 0
82 110 70 2.7575 0
61 32 57 2.7516 0
63 78 80 2.5647 0
69 34 57 2.7516 0
94 72 70 2.7575 0
68 50 57 2.7516 0
34 93 57 2.7516 0
41 86 57 2.7516 0
41 79 57 2.7516 0
87 23 57 2.7516 0
71 83 79 2.4938 0
87 42 67 2.5205 0
54 79 65 2.5973 0
63 78 87 2.5647 0
61 94 79 2.528 0
102 53 57 2.4023 0
57 81 78 2.5185 0
69 80 86 2.5124 0
76 39 66 2.4892 0
73 93 63 2.3902 0
25 60 70 2.3964 0
24 47 57 2.3404 0
35 41 67 2.3398 0
89 23 63 2.3537 0
25 73 59 2.3964 0
24 47 68 2.3394 0
38 104 57 2.3901 0
53 91 57 2.2603 0
55 85 86 2.2076 0
72 86 84 2.2962 0
33 94 70 2.011 0
51 115 58 2.0753 0
23 91 70 2.1453 0
78 13 57 2.119 0
23 90 57 2.1453 0
71 43 57 2.1625 0
51 115 70 2.0753 0
51 77 71 2.1095 0
56 96 64 2.1614 0
39 106 69 1.9881 0
69 52 70 2.0047 0
49 114 63 2.1163 0
61 48 57 1.9512 0
74 82 57 1.9533 0
70 109 56 1.7438 0
84 64 71 1.7497 0
52 64 56 1.7438 0
42 60 56 1.7438 0
74 93 76 1.8262 0
93 97 56 1.7309 0
85 59 71 1.7497 0
54 70 71 1.7497 0
72 89 78 1.901 0
64 97 63 1.5612 0
52 63 71 1.7497 0
0
