128
67 64 54 4.6514 0
14 87 78 0.5 0
14 41 49 0.5 0
111 84 75 2.1051 0
114 41 50 0.5 0
33 64 73 4.8854 0
105 57 58 8.1524 0
21 82 54 3.988 0
55 82 73 3.988 0
22 57 58 8.1524 0
86 82 73 3.988 0
104 82 54 3.988 0
46 82 54 3.988 0
77 82 54 3.988 0
83 61 65 3.9477 0
30 82 73 3.988 0
48 61 58 3.0626 0
66 68 74 3.2724 0
37 61 56 5.9332 0
90 61 56 5.9332 0
110 69 75 2.8696 0
103 62 72 5.8099 0
20 62 72 5.8099 0
68 82 73 3.988 0
53 67 74 3.3041 0
56 64 54 4.8854 0
78 64 54 4.8854 0
43 75 75 2.8696 0
62 84 51 1.8618 0
91 84 60 2.2012 0
90 75 52 2.8696 0
17 84 67 2.2012 0
83 66 74 3.8775 0
92 64 72 4.2132 0
17 75 75 2.8696 0
100 84 67 2.2012 0
44 66 74 3.8775 0
104 82 73 3.988 0
36 77 52 2.8696 0
55 82 54 3.988 0
21 82 73 3.988 0
30 82 54 3.988 0
95 82 54 3.988 0
95 82 73 3.988 0
86 82 54 3.988 0
77 82 73 3.988 0
68 82 54 3.988 0
46 82 73 3.988 0
114 48 78 0.5 0
44 61 65 3.9475 0
46 67 53 3.789 0
59 62 65 2.6768 0
33 57 65 3.5588 0
94 57 65 3.557 0
74 67 74 3.3041 0
14 43 69 0.5 0
113 42 67 0.5894 0
110 54 70 3.113 0
97 73 75 2.8696 0
110 68 53 3.113 0
30 68 53 3.2724 0
14 48 79 0.5 0
15 71 50 0.8539 0
102 68 53 3.2724 0
19 68 53 3.2724 0
38 83 71 3.209 0
38 83 56 3.209 0
30 73 75 2.8696 0
110 48 65 3.113 0
52 62 66 3.1453 0
75 62 66 3.1453 0
17 49 66 3.113 0
112 84 64 1.0972 0
66 73 52 2.8696 0
55 73 52 2.8696 0
90 75 75 2.8696 0
73 75 52 2.8696 0
85 70 52 2.8696 0
23 71 75 2.8696 0
104 73 75 2.8696 0
100 75 52 2.8696 0
95 70 52 2.8696 0
60 76 75 2.8696 0
36 77 75 2.8696 0
110 77 75 2.8696 0
110 77 52 2.8696 0
17 75 52 2.8696 0
38 70 52 2.8696 0
110 47 52 2.5771 0
17 47 52 2.5705 0
52 75 75 2.8696 0
27 75 52 2.8696 0
43 75 52 2.8696 0
83 75 75 2.8696 0
80 75 52 2.8696 0
74 75 75 2.8696 0
17 53 75 2.5876 0
69 62 62 2.726 0
78 84 64 1.6989 0
69 84 64 1.6989 0
61 77 53 2.3651 0
114 87 49 0.5 0
28 63 66 2.2993 0
38 71 74 2.1867 0
100 84 60 2.2012 0
51 84 67 2.2012 0
51 84 60 2.2012 0
91 84 67 2.2012 0
26 84 60 2.2012 0
26 84 67 2.2012 0
82 84 60 2.2012 0
73 84 60 2.2012 0
64 84 67 2.2012 0
64 84 60 2.2012 0
17 84 60 2.2012 0
111 63 67 2.1051 0
58 84 66 1.9916 0
110 84 68 2.2012 0
110 84 60 2.2012 0
111 84 52 2.1051 0
111 47 58 2.1051 0
82 84 67 2.2012 0
73 84 67 2.2012 0
111 58 75 2.1051 0
16 47 60 2.1051 0
37 63 65 2.104 0
66 63 67 2.1375 0
16 55 68 2.1051 0
0
