128
79 60 62 7.0212 0
10 73 71 1.1195 0
50 119 59 0.5 0
31 20 65 1.0475 0
58 64 116 2.1789 0
97 110 65 0.5 0
75 11 63 1.4949 0
31 88 64 8.4874 0
24 53 63 8.4874 0
51 64 86 5.8474 0
95 88 63 8.4869 0
74 56 100 7.9137 0
63 104 64 8.4874 0
111 32 69 0.5 0
104 55 63 8.4869 0
46 27 63 8.4874 0
80 26 63 8.4874 0
48 60 62 6.7619 0
67 76 100 7.8884 0
53 56 100 7.9134 0
64 81 65 5.6787 0
76 64 82 5.8472 0
65 48 69 4.4705 0
51 72 100 6.6044 0
65 19 61 5.5523 0
56 47 60 5.3561 0
49 75 60 5.2221 0
31 33 62 5.4955 0
101 40 66 5.7868 0
117 76 72 0.9239 0
40 101 65 5.5619 0
21 76 60 5.3762 0
78 75 61 5.1621 0
106 77 64 5.4806 0
78 105 62 5.6235 0
94 32 60 5.3956 0
80 69 101 5.3003 0
50 66 74 5.3102 0
71 47 60 5.1667 0
19 67 67 5.094 0
88 101 67 4.9773 0
63 46 100 4.8906 0
66 65 113 4.6447 0
57 78 79 3.1167 0
77 69 71 4.8597 0
70 78 80 2.963 0
56 49 84 2.6953 0
50 106 59 4.4554 0
25 40 68 4.4554 0
71 49 85 2.6745 0
109 67 68 4.1758 0
51 56 77 3.9631 0
77 70 91 3.9991 0
76 56 73 3.9628 0
47 116 72 0.8358 0
57 18 68 3.8501 0
14 84 71 1.4205 0
109 68 58 3.4475 0
44 79 69 3.2616 0
8 63 55 0.6917 0
58 78 91 3.4699 0
51 108 68 3.5778 0
101 23 72 0.8704 0
55 49 70 3.494 0
20 81 69 3.4479 0
53 88 109 0.5 0
59 49 91 3.4706 0
64 55 108 3.4624 0
27 105 55 0.8084 0
55 18 59 3.5047 0
26 41 58 3.4481 0
64 79 75 3.5192 0
35 57 69 3.4257 0
59 49 77 3.4706 0
67 49 92 3.4785 0
17 64 58 3.4475 0
39 63 106 1.3121 0
69 49 77 3.4706 0
51 75 70 3.4351 0
91 100 58 3.4475 0
93 28 69 3.4475 0
71 18 69 3.4475 0
73 44 69 3.4475 0
59 71 108 3.433 0
115 88 73 0.5 0
113 40 55 0.9244 0
25 105 72 0.5 0
44 64 103 3.3945 0
83 79 69 3.0398 0
76 38 59 3.1888 0
56 81 104 3.3569 0
51 73 81 3.3147 0
92 57 58 3.1641 0
76 54 88 3.2868 0
51 54 88 3.3064 0
70 78 88 3.1396 0
88 58 69 3.1732 0
71 118 55 0.9239 0
111 95 55 0.5 0
36 57 61 3.1289 0
63 92 58 2.8153 0
85 81 58 3.0081 0
72 78 70 3.1613 0
68 120 73 0.5 0
46 11 72 0.8466 0
53 41 67 3.0531 0
54 65 108 3.1154 0
34 27 69 3.1002 0
113 43 71 1.4205 0
13 41 55 0.8556 0
108 31 55 0.9244 0
106 43 58 3.0979 0
81 116 72 0.8459 0
41 82 59 3.0073 0
114 86 55 0.8562 0
38 110 56 1.4318 0
65 68 55 0.3138 0
77 37 69 2.8861 0
33 100 58 2.8864 0
104 104 58 0.5 0
19 33 56 1.3886 0
63 92 69 2.8153 0
108 96 72 0.9241 0
75 74 83 2.955 0
71 66 106 2.9969 0
52 74 89 2.9552 0
35 18 57 1.4765 0
51 38 59 2.8251 0
0
