128
81 75 108 2.1746 0
34 52 18 0.5939 0
97 73 38 0.5 0
31 56 78 0.9717 0
75 50 69 0.9624 0
51 77 47 0.9624 0
46 49 115 0.5 0
73 50 18 0.9738 0
56 79 82 0.5 0
96 76 74 0.5 0
46 75 108 2.1746 0
34 51 48 0.9711 0
55 75 18 0.5939 0
94 52 92 0.5536 0
56 50 89 0.9624 0
84 50 43 0.9624 0
77 77 55 0.9624 0
81 77 18 0.9738 0
73 49 115 0.5 0
32 73 31 0.6394 0
37 77 67 0.6509 0
56 50 36 0.9624 0
51 50 65 0.9624 0
96 56 21 0.9613 0
96 57 62 0.5491 0
77 77 85 0.9624 0
33 75 89 0.5495 0
32 56 100 0.5 0
71 77 36 0.9624 0
75 50 96 0.9624 0
96 72 93 0.7601 0
53 56 18 0.5939 0
31 71 50 0.9732 0
95 74 56 0.8597 0
56 77 64 0.9624 0
88 50 108 0.9282 0
90 50 76 0.6474 0
31 60 62 0.565 0
71 50 53 0.9624 0
71 77 70 0.9624 0
40 50 33 0.9624 0
41 68 18 0.5939 0
96 72 22 0.7364 0
96 60 47 0.565 0
47 77 32 0.9624 0
40 50 89 0.9624 0
49 50 50 0.9624 0
71 50 34 0.9624 0
71 66 18 0.5939 0
56 50 104 0.9624 0
96 63 80 0.565 0
85 77 32 0.9624 0
85 50 28 0.9624 0
47 77 92 0.9624 0
84 50 58 0.9624 0
85 64 18 0.5939 0
85 77 66 0.9624 0
71 50 82 0.9624 0
31 61 37 0.565 0
31 69 76 0.565 0
48 50 78 0.9624 0
71 77 97 0.9624 0
87 77 46 0.9624 0
43 77 79 0.9624 0
96 57 34 0.5491 0
43 50 102 0.9624 0
39 50 60 0.9624 0
39 77 42 0.9624 0
90 77 84 0.6449 0
41 77 55 0.9624 0
31 63 23 0.565 0
31 63 91 0.565 0
83 50 87 0.9624 0
85 77 95 0.9624 0
71 77 24 0.9624 0
96 66 69 0.565 0
56 77 99 0.9624 0
96 62 97 0.565 0
35 76 100 0.9418 0
45 50 23 0.9624 0
39 50 71 0.9624 0
37 77 22 0.6581 0
81 52 108 2.1746 0
93 51 52 0.9638 0
88 50 18 0.9738 0
46 52 108 2.1746 0
82 77 76 0.9624 0
56 77 38 0.9624 0
31 71 61 0.9725 0
31 61 50 0.565 0
32 54 29 0.6395 0
85 50 97 0.9624 0
55 50 26 0.9624 0
76 77 45 0.9624 0
47 77 69 0.9624 0
47 50 40 0.9624 0
56 77 28 0.9624 0
58 51 57 0.5 0
93 78 102 0.5 0
96 71 47 0.973 0
96 66 29 0.565 0
89 50 66 0.9975 0
80 50 78 0.9624 0
74 50 44 0.9624 0
48 50 94 0.9624 0
56 50 73 0.9624 0
96 65 55 0.565 0
94 75 65 0.5507 0
42 57 18 0.5939 0
32 54 88 0.6382 0
55 65 18 0.5939 0
77 59 18 0.5939 0
93 51 41 0.9644 0
98 56 72 0.5 0
50 77 57 0.9624 0
46 76 18 0.5939 0
38 50 80 0.9987 0
56 49 114 0.5 0
90 77 19 0.722 0
31 71 40 0.9656 0
86 77 56 0.9624 0
56 77 73 0.9624 0
33 52 38 0.5444 0
71 50 104 0.9624 0
95 54 82 0.6318 0
95 64 18 0.5939 0
31 71 19 0.9613 0
96 65 39 0.565 0
0
