128
64 61 64 0.9591 0
118 83 66 0.5 0
10 45 62 0.5 0
103 47 63 1.1203 0
31 63 63 0.5 0
46 47 63 1.1203 0
101 70 63 0.9678 0
84 54 63 1.1203 0
118 60 65 0.5 0
27 47 63 1.1203 0
12 63 65 0.5 0
69 45 64 0.5 0
47 63 66 0.5 0
118 45 66 0.5 0
95 60 63 1.1203 0
115 70 63 1.1203 0
107 58 64 1.1203 0
103 83 65 0.5 0
18 54 63 1.1203 0
59 47 63 1.1203 0
53 56 63 1.1203 0
92 47 63 1.1203 0
110 80 63 1.1203 0
75 60 66 0.5 0
39 57 63 0.5 0
67 52 63 1.1203 0
23 61 64 0.9065 0
112 50 63 0.9566 0
28 55 64 1.1203 0
82 45 66 0.5 0
109 65 64 1.1203 0
101 54 63 1.1203 0
102 63 63 1.1203 0
46 55 63 1.1203 0
83 63 65 0.5 0
18 47 63 1.1203 0
61 55 64 1.1203 0
10 52 66 0.5 0
116 77 63 1.0324 0
88 61 63 0.9025 0
101 77 63 0.9678 0
107 72 63 0.6732 0
17 61 63 0.8934 0
115 54 63 1.1203 0
93 55 64 1.1203 0
58 61 63 0.7302 0
13 52 63 1.1203 0
84 47 63 1.1203 0
115 62 63 1.1203 0
54 47 63 1.1203 0
46 60 63 1.1203 0
115 47 63 1.1203 0
71 58 62 0.5 0
24 53 64 1.1203 0
106 68 63 1.1203 0
97 50 63 0.9566 0
110 53 63 1.1203 0
49 52 63 1.1203 0
110 61 63 1.1203 0
57 54 63 1.1203 0
89 55 63 1.1203 0
12 47 63 1.1203 0
67 47 63 1.1203 0
36 60 66 0.5 0
11 58 66 0.5 0
70 63 63 0.5 0
109 46 65 0.6124 0
53 52 63 1.1203 0
50 47 63 1.1203 0
88 47 63 1.1203 0
23 47 63 1.1203 0
115 66 63 1.1203 0
115 58 63 1.1203 0
67 56 63 1.1203 0
110 76 63 1.1203 0
63 47 63 1.1203 0
107 47 63 1.1203 0
101 58 63 1.1203 0
52 62 66 0.5 0
75 57 63 0.8658 0
96 47 63 1.1203 0
111 47 63 1.1203 0
102 67 63 1.1203 0
61 59 64 1.1203 0
54 61 63 0.7804 0
87 52 63 1.1203 0
49 58 63 1.1203 0
104 60 63 1.1203 0
104 56 63 1.1203 0
104 52 63 1.1203 0
81 60 62 0.5 0
105 76 66 0.5 0
11 61 63 0.8025 0
110 72 63 1.1203 0
28 61 66 0.5 0
67 60 64 1.1203 0
27 52 63 1.1203 0
96 54 63 1.1203 0
52 59 64 1.1203 0
92 52 63 1.1203 0
50 55 64 1.1203 0
110 68 63 1.1203 0
110 57 63 1.1203 0
21 55 64 1.1203 0
64 58 63 1.1203 0
64 54 63 1.1203 0
107 62 64 1.1203 0
107 54 64 1.1203 0
12 55 64 1.1203 0
105 65 64 1.1203 0
60 52 63 1.1203 0
98 59 64 1.1203 0
29 61 63 0.8025 0
101 81 63 0.9678 0
115 80 63 1.1203 0
115 74 63 1.1203 0
42 58 66 0.5 0
103 74 64 0.9319 0
116 51 63 1.0324 0
46 52 64 1.0164 0
106 79 64 0.9477 0
43 63 66 0.5 0
85 58 66 0.5 0
49 61 64 0.9591 0
14 61 64 0.8025 0
26 61 63 0.8025 0
31 49 65 0.5 0
41 60 62 0.5 0
0
