128
63 93 67 9.1686 0
116 45 63 0.7052 0
10 45 65 0.5 0
54 41 58 0.6854 0
17 79 61 2.5695 0
104 78 67 2.4777 0
86 49 61 2.5695 0
43 66 74 2.691 0
86 75 81 2.9043 0
32 50 61 2.5695 0
65 57 67 2.4777 0
90 102 84 0.4117 0
81 70 61 2.5695 0
37 102 84 0.4117 0
104 58 67 2.4777 0
91 104 60 0.5 0
41 81 59 1.2566 0
37 102 58 0.4117 0
31 81 75 1.4591 0
64 74 81 2.1868 0
52 70 61 2.5695 0
18 58 61 2.5695 0
48 80 82 1.9296 0
78 99 81 2.7562 0
31 72 61 2.5695 0
52 55 61 2.5695 0
95 68 61 2.5695 0
67 71 61 2.5695 0
70 42 59 0.9927 0
71 66 74 2.691 0
113 65 61 2.5695 0
54 73 74 2.691 0
92 66 74 2.691 0
76 58 61 2.5695 0
63 102 89 0.8131 0
49 99 78 2.7562 0
37 61 61 2.5695 0
77 79 74 2.691 0
95 79 74 2.691 0
70 98 79 4.1237 0
32 66 74 2.691 0
117 81 58 0.5 0
94 79 61 2.5695 0
23 67 67 2.4777 0
77 99 62 3.3368 0
70 88 79 3.9589 0
77 87 61 3.11 0
57 98 79 4.1241 0
43 49 61 2.5695 0
99 47 62 1.3724 0
43 76 67 2.4777 0
87 58 67 2.4777 0
57 88 79 3.9593 0
113 52 61 2.5695 0
88 101 72 0.9547 0
82 66 74 2.691 0
50 99 62 3.3368 0
67 49 61 2.5695 0
25 79 67 2.4777 0
58 64 67 2.4777 0
94 56 60 2.2645 0
67 79 74 2.691 0
39 101 70 0.9547 0
58 79 61 2.5695 0
13 68 60 1.6637 0
105 71 61 2.5695 0
74 75 81 2.9043 0
87 78 67 2.4777 0
31 57 67 2.4777 0
21 47 62 1.3724 0
77 49 61 2.5695 0
77 99 70 3.3368 0
51 99 70 3.3368 0
43 70 61 2.5695 0
40 79 74 2.691 0
75 71 67 2.4777 0
52 79 67 2.4777 0
37 67 67 2.4777 0
58 78 81 2.9043 0
52 87 62 3.1101 0
52 87 72 3.1101 0
113 79 61 2.5695 0
38 72 85 0.5 0
47 57 67 2.4777 0
75 87 68 3.11 0
77 87 75 3.11 0
23 74 61 2.5695 0
87 65 61 2.5695 0
43 76 81 2.9043 0
98 63 67 2.4777 0
75 79 61 2.5695 0
95 73 67 2.4777 0
25 61 61 2.5695 0
80 79 81 2.9043 0
68 79 81 2.9043 0
13 48 60 1.6637 0
39 57 67 2.4777 0
87 77 74 2.691 0
64 70 68 2.3562 0
64 93 81 2.9374 0
51 75 81 2.9043 0
58 51 61 2.5695 0
72 66 61 2.5695 0
26 54 61 2.5695 0
49 87 79 2.7562 0
31 79 61 2.5695 0
43 56 61 2.5695 0
31 65 61 2.5695 0
52 63 61 2.5695 0
113 72 61 2.5695 0
58 79 74 2.691 0
69 79 67 2.4777 0
87 71 67 2.4777 0
58 57 67 2.4777 0
101 79 61 2.5695 0
43 73 74 2.691 0
51 79 74 2.691 0
51 67 74 2.691 0
34 76 74 2.691 0
95 72 74 2.691 0
18 65 61 2.5695 0
37 75 61 2.5695 0
94 49 61 2.5695 0
63 61 59 1.2566 0
81 61 67 2.4777 0
37 79 67 2.4777 0
87 70 74 2.691 0
58 68 74 2.691 0
0
