128
85 70 65 4.4435 0
25 25 65 1.0848 0
26 101 63 2.0927 0
70 29 66 4.8577 0
42 62 65 4.4435 0
64 110 63 1.9767 0
103 105 66 0.5 0
101 37 63 2.0927 0
84 93 66 4.8577 0
54 88 77 0.659 0
43 29 66 4.8577 0
85 47 65 4.4435 0
43 94 66 4.8577 0
26 77 63 2.0927 0
26 47 63 2.0927 0
59 93 66 4.8577 0
84 30 66 4.8577 0
101 85 64 2.0927 0
101 61 63 2.0927 0
64 61 60 0.5 0
42 41 65 4.4435 0
70 95 66 4.8577 0
59 29 66 4.8577 0
85 81 65 4.4435 0
42 83 65 4.4435 0
59 73 67 0.5 0
85 57 65 4.4435 0
42 72 65 4.4435 0
42 52 65 4.4435 0
25 62 61 0.5997 0
60 47 60 0.5 0
26 89 63 2.0927 0
101 73 63 2.0927 0
101 49 63 2.0927 0
26 35 63 2.0927 0
98 97 62 1.4376 0
102 23 68 0.5 0
69 78 60 0.5 0
51 99 64 3.6233 0
98 26 62 1.4376 0
63 101 64 3.115 0
75 88 77 0.659 0
70 50 63 0.2098 0
69 71 68 0.5 0
31 57 62 1.4376 0
52 37 74 0.812 0
35 102 62 1.4376 0
78 39 76 0.5 0
86 39 68 2.8419 0
63 39 76 0.5 0
30 69 62 1.4376 0
66 88 77 0.659 0
79 100 68 2.842 0
51 32 68 2.8419 0
56 62 66 0.5 0
92 102 62 1.4376 0
51 91 63 2.6154 0
51 27 63 2.6154 0
86 101 63 2.6128 0
73 63 63 0.5 0
57 101 68 2.6128 0
77 89 63 2.5424 0
44 88 78 0.5712 0
31 41 62 1.4376 0
31 29 62 1.4376 0
93 34 62 1.4376 0
69 42 61 0.5 0
61 80 62 0.5 0
89 104 73 0.5 0
26 83 64 2.0927 0
26 53 64 2.0927 0
94 68 62 1.4376 0
71 37 74 0.812 0
55 72 60 0.5 0
60 55 65 0.5 0
26 95 63 2.0927 0
101 79 63 2.0927 0
101 67 63 2.0927 0
101 55 63 2.0927 0
101 43 63 2.0927 0
101 31 63 2.0927 0
55 41 62 0.5 0
49 81 75 0.5 0
94 56 62 1.4376 0
33 90 62 1.4376 0
33 78 62 1.4376 0
94 81 62 1.4376 0
66 85 61 0.9891 0
94 49 62 1.4376 0
101 101 63 2.0927 0
26 41 63 2.0927 0
41 105 72 0.5 0
82 40 63 2.1775 0
95 88 62 1.4376 0
68 68 60 0.5 0
82 88 77 0.659 0
66 85 70 0.9891 0
52 85 70 0.9891 0
101 94 64 2.0927 0
94 74 62 1.4376 0
94 62 62 1.4376 0
52 48 60 0.5 0
75 105 60 0.5 0
61 67 63 0.5 0
26 29 64 2.0927 0
26 71 63 2.0927 0
26 65 63 2.0927 0
26 59 63 2.0927 0
73 85 71 0.9891 0
78 64 72 0.5878 0
49 46 73 0.5 0
62 40 60 0.5 0
53 77 66 0.5 0
68 62 68 0.5 0
87 101 69 1.8341 0
82 64 69 1.8341 0
92 94 62 1.4376 0
78 80 74 0.5 0
46 101 69 1.8341 0
77 33 69 1.8341 0
52 26 69 1.8341 0
52 57 60 0.0917 0
50 73 73 0.5 0
50 56 72 0.5 0
78 52 72 0.5878 0
43 105 61 0.5 0
92 41 61 0.5997 0
51 65 71 0.5 0
0
