128
63 63 45 25.0171 0
64 64 90 18.7331 0
49 80 72 8.4701 0
80 49 72 8.4701 0
49 47 73 8.4701 0
80 80 73 8.4701 0
46 46 100 7.4622 0
89 89 109 0.5 0
82 82 26 6.4543 0
40 89 109 0.5 0
89 38 106 0.5 0
81 81 101 6.5047 0
81 47 101 6.5047 0
47 81 101 6.5047 0
43 64 74 6.26 0
88 39 20 0.9071 0
39 88 20 0.9071 0
44 83 87 5.4465 0
42 64 104 5.5629 0
84 65 71 5.6163 0
81 45 25 5.4968 0
65 43 75 5.6163 0
39 38 19 0.5 0
65 84 73 5.6163 0
64 42 103 5.5629 0
47 82 25 5.4968 0
45 46 25 5.4968 0
83 45 88 5.4465 0
81 83 88 5.4465 0
85 63 105 4.9907 0
64 85 105 4.9907 0
84 84 59 4.4386 0
86 64 24 4.489 0
64 86 24 4.489 0
83 43 59 4.4386 0
44 43 86 4.4386 0
44 43 60 4.4386 0
44 84 59 4.4386 0
84 84 38 4.4386 0
43 53 85 4.4386 0
43 84 35 4.4386 0
65 41 24 4.1435 0
41 65 24 4.1435 0
40 64 93 3.975 0
64 40 91 3.975 0
64 87 84 3.975 0
87 64 84 3.975 0
63 40 65 3.975 0
63 87 63 3.975 0
42 42 35 3.4307 0
51 63 110 3.4663 0
65 87 95 3.5849 0
53 85 92 3.4307 0
56 44 23 3.4811 0
87 65 94 3.5849 0
90 38 44 0.5 0
42 71 65 3.4307 0
85 44 38 3.4307 0
43 85 48 3.4307 0
82 55 23 3.4811 0
44 56 23 3.4811 0
74 42 84 3.4307 0
42 42 51 3.4307 0
42 55 65 3.4307 0
85 43 47 3.4307 0
42 73 87 3.4307 0
59 42 84 3.4739 0
72 42 64 3.4307 0
73 42 95 3.4307 0
85 85 47 3.4307 0
76 64 110 3.4663 0
53 42 91 3.4307 0
85 75 62 3.4307 0
75 85 62 3.4307 0
42 42 43 3.4307 0
42 72 97 3.4307 0
85 74 90 3.4307 0
85 72 82 3.4307 0
56 85 82 3.4307 0
72 85 82 3.4307 0
85 57 97 3.4307 0
73 85 94 3.4307 0
85 55 86 3.4307 0
85 71 99 3.4307 0
39 63 64 2.9671 0
39 64 84 2.9671 0
88 64 62 2.9671 0
81 72 22 2.4732 0
41 56 95 2.4228 0
45 73 22 2.4732 0
56 80 22 2.4732 0
71 86 29 2.4228 0
56 86 27 2.4228 0
86 41 80 2.4228 0
57 48 105 2.4732 0
73 41 28 2.4228 0
86 59 78 2.4807 0
81 71 105 2.4732 0
52 41 61 2.4228 0
41 77 31 2.4228 0
47 56 105 2.4732 0
86 56 61 2.4228 0
79 86 52 2.4228 0
73 86 23 2.4228 0
77 86 34 2.4228 0
56 86 101 2.4228 0
73 42 105 2.4732 0
73 86 105 2.4228 0
57 80 105 2.4732 0
71 80 105 2.4732 0
74 76 22 2.4732 0
41 75 59 2.4228 0
41 51 59 2.4228 0
55 42 105 2.4732 0
73 42 22 2.4732 0
49 72 105 2.4732 0
72 49 105 2.4732 0
80 41 34 2.4228 0
86 79 51 2.4228 0
86 57 29 2.4228 0
41 86 79 2.4228 0
75 51 22 2.4732 0
52 86 32 2.4228 0
52 41 84 2.4228 0
86 73 28 2.4228 0
79 57 105 2.4732 0
70 81 22 2.4732 0
42 73 105 2.4732 0
0
