128
64 64 62 1.2608 0
9 55 62 1.0902 0
120 73 68 0.5 0
94 27 62 1.7551 0
39 28 62 1.6013 0
34 73 71 0.9414 0
95 58 62 1.2608 0
68 33 62 1.7078 0
43 55 62 1.2608 0
83 79 63 0.5 0
16 76 62 1.2608 0
118 53 60 0.5 0
25 56 63 2.4572 0
50 76 62 1.2608 0
104 71 63 2.4572 0
76 51 62 1.2608 0
52 36 66 1.4358 0
82 65 62 1.2608 0
108 54 71 0.9414 0
60 51 62 1.2608 0
68 79 64 0.5 0
25 71 63 2.4572 0
117 64 62 1.2608 0
38 68 62 1.2608 0
106 56 62 1.9457 0
56 27 62 1.6535 0
52 65 62 1.2608 0
81 32 67 0.5 0
31 34 62 1.816 0
87 51 62 1.2608 0
75 73 62 1.2608 0
90 36 66 1.4358 0
8 67 61 0.959 0
35 58 71 0.9878 0
93 73 62 1.2608 0
17 64 62 1.2608 0
77 29 62 1.8118 0
61 76 62 1.2608 0
73 63 62 1.2608 0
112 68 72 0.5 0
68 54 62 1.2608 0
34 59 62 1.2608 0
17 51 62 1.2608 0
52 53 62 1.2608 0
40 37 68 0.5 0
117 72 62 1.2608 0
32 27 66 1.4358 0
87 29 62 1.7826 0
100 56 63 2.4572 0
96 66 62 1.2608 0
115 57 66 0.91 0
58 34 63 1.6059 0
83 73 62 1.2608 0
49 32 62 1.8061 0
75 37 67 0.8891 0
89 63 62 1.2608 0
46 69 62 1.2608 0
67 72 62 1.2608 0
84 58 62 1.2608 0
59 69 62 1.2608 0
59 59 62 1.2608 0
70 27 62 1.8145 0
99 33 68 0.5 0
96 33 62 1.7611 0
108 75 72 0.5 0
49 59 62 1.2608 0
31 65 62 1.2608 0
43 63 62 1.2608 0
39 34 62 1.7843 0
73 36 62 1.8014 0
31 70 62 1.9457 0
112 69 66 0.8368 0
93 51 62 1.2608 0
78 58 62 1.2608 0
111 64 62 1.2608 0
41 74 68 0.5 0
35 36 65 1.7813 0
12 61 62 1.2608 0
44 76 62 1.1711 0
9 73 62 0.6803 0
106 69 71 0.9764 0
29 53 71 0.5 0
31 56 62 1.9457 0
37 72 66 1.1895 0
111 72 62 1.2608 0
99 71 65 1.9178 0
30 69 70 0.6786 0
112 55 62 1.2608 0
50 26 67 0.764 0
92 36 62 1.7784 0
54 36 62 1.8043 0
77 33 65 1.6806 0
37 57 66 1.1895 0
87 33 65 1.7197 0
88 77 61 0.5703 0
55 75 62 1.2608 0
90 57 62 1.2608 0
88 68 62 1.2608 0
74 68 62 1.2608 0
106 65 62 1.2608 0
50 28 64 1.762 0
81 51 62 1.2608 0
24 62 62 1.2608 0
117 56 62 1.2608 0
12 67 62 1.2608 0
111 60 71 0.5 0
31 28 62 1.6145 0
43 31 68 0.5 0
35 26 63 1.5379 0
30 58 70 0.6786 0
21 75 62 1.2608 0
37 55 62 1.2608 0
54 26 66 1.4358 0
46 50 61 0.5703 0
91 26 65 1.5742 0
13 53 62 1.2608 0
104 61 62 1.2608 0
104 59 70 0.3289 0
95 35 66 1.4358 0
40 32 66 1.4358 0
66 29 68 0.5 0
74 25 67 0.8842 0
111 72 70 0.6995 0
30 32 66 1.4358 0
68 31 66 1.4358 0
59 31 66 1.4358 0
98 77 61 0.6913 0
96 31 66 1.4358 0
0
