128
65 68 62 3.7518 0
67 16 60 5.6216 0
73 120 71 0.5 0
51 99 56 1.9054 0
78 94 62 2.9069 0
47 42 71 0.7279 0
82 43 73 0.5 0
67 37 60 5.4184 0
50 117 73 0.5 0
50 54 56 2.067 0
47 82 71 0.7279 0
78 53 63 2.875 0
65 57 60 6.0809 0
64 112 60 1.5485 0
65 95 61 4.5928 0
85 73 71 0.5 0
46 27 58 0.8061 0
67 78 60 5.4373 0
84 26 71 0.5 0
46 117 56 0.5 0
47 11 55 0.5822 0
46 74 56 0.6679 0
50 36 63 2.7804 0
85 110 72 0.5 0
80 111 54 0.5 0
51 13 73 0.5 0
84 68 54 0.5 0
84 26 54 0.5 0
49 67 71 0.6524 0
80 36 60 3.4004 0
51 98 73 0.5 0
84 12 69 0.5 0
79 19 61 3.451 0
50 66 56 2.318 0
53 112 56 2.205 0
51 78 61 2.4249 0
81 82 66 1.3081 0
51 19 56 2.067 0
65 27 62 3.7465 0
78 69 65 1.2443 0
51 54 71 0.5562 0
53 90 56 2.318 0
52 24 70 0.8358 0
83 80 54 0.8023 0
61 118 71 0.6067 0
78 113 65 0.9102 0
57 77 73 0.5 0
77 61 63 2.9029 0
51 108 68 0.7997 0
78 81 57 2.44 0
66 47 62 3.1082 0
73 101 72 0.5 0
72 117 60 1.1632 0
57 87 71 0.5 0
50 45 64 1.9494 0
58 37 73 0.5 0
50 86 64 1.8869 0
50 69 64 1.8377 0
55 43 54 0.8023 0
74 27 55 1.0739 0
55 30 54 0.8023 0
75 82 63 2.8699 0
58 13 63 2.598 0
76 15 73 0.5 0
76 74 63 2.3982 0
50 28 64 1.9899 0
76 46 54 0.8023 0
74 25 71 0.5585 0
83 93 73 0.5 0
63 87 63 2.649 0
74 32 57 2.6907 0
75 68 54 0.8023 0
46 97 66 0.6997 0
52 99 64 1.4287 0
83 106 65 0.8768 0
75 41 63 2.4494 0
58 47 71 0.5 0
72 55 73 0.5 0
85 64 71 0.5 0
46 44 54 0.5 0
74 61 57 2.4378 0
51 36 56 2.1517 0
74 90 72 0.5 0
74 53 58 2.526 0
50 48 56 2.318 0
55 116 65 0.8604 0
79 102 54 0.5 0
75 94 56 2.318 0
67 11 73 0.5 0
82 34 72 0.5 0
59 100 72 0.5 0
47 32 73 0.5 0
82 31 67 1.3846 0
73 31 63 2.3412 0
54 61 68 0.5925 0
75 47 72 0.5 0
59 97 56 2.318 0
75 77 73 0.5 0
59 78 56 2.2893 0
74 74 56 2.2556 0
51 13 56 2.067 0
83 51 73 0.5 0
59 37 56 2.2632 0
81 49 56 1.1585 0
74 20 56 2.318 0
59 17 56 2.318 0
72 109 55 0.3167 0
74 41 56 2.1446 0
50 60 56 2.067 0
71 98 56 2.2067 0
69 87 62 2.1418 0
53 24 56 2.1893 0
71 98 65 2.2067 0
59 98 65 2.2067 0
46 83 54 0.5498 0
58 10 73 0.5 0
72 84 56 2.1355 0
47 74 71 0.7237 0
55 80 68 0.8438 0
56 70 71 0.5964 0
83 45 66 0.7751 0
59 35 63 2.0399 0
57 17 71 0.5141 0
73 36 71 0.6686 0
63 60 73 0.5 0
81 101 72 0.1894 0
59 76 63 2.0149 0
81 24 56 1.7305 0
0
