128
64 64 63 0.7677 0
7 54 65 0.5 0
121 72 65 0.5 0
96 43 63 0.8424 0
39 41 66 0.5 0
32 74 64 0.5 0
92 71 64 0.8424 0
72 43 63 0.8424 0
26 56 64 0.8424 0
46 57 63 0.7483 0
108 61 63 0.8424 0
14 71 64 0.5 0
82 57 63 0.7483 0
54 43 63 0.8424 0
49 74 63 0.5 0
18 43 63 0.8424 0
77 71 63 0.8424 0
95 57 64 0.9843 0
84 43 63 0.8424 0
36 63 63 0.8424 0
105 74 65 0.5 0
63 52 63 0.7677 0
36 52 63 0.8424 0
120 60 65 0.5 0
23 68 64 0.8424 0
28 42 63 0.8056 0
15 62 63 0.8424 0
60 74 62 0.5 0
72 57 64 0.9843 0
41 71 63 0.8424 0
63 43 64 0.8424 0
112 69 64 0.8424 0
55 57 63 0.7483 0
45 47 63 0.7677 0
68 71 63 0.8424 0
18 53 63 0.8424 0
101 66 63 0.8424 0
102 50 66 0.5 0
12 48 63 0.8424 0
77 50 63 0.7677 0
48 66 63 0.7677 0
23 48 63 0.8424 0
83 65 63 0.7677 0
55 69 63 0.7677 0
9 59 63 0.8424 0
116 64 63 0.8424 0
32 68 63 0.8424 0
30 50 63 0.8424 0
76 63 62 0.5 0
94 64 63 0.7575 0
94 50 63 0.7452 0
26 62 63 0.8424 0
90 43 64 0.8424 0
86 71 63 0.8424 0
78 43 63 0.8424 0
36 46 63 0.8424 0
101 60 63 0.8424 0
61 57 63 0.8424 0
9 66 66 0.5 0
88 57 63 0.7483 0
21 59 64 0.8424 0
42 53 63 0.8424 0
46 41 66 0.5 0
32 59 63 0.8424 0
99 48 63 0.8424 0
41 59 63 0.8424 0
41 65 64 0.8424 0
99 54 63 0.8424 0
83 50 63 0.7677 0
99 73 66 0.5 0
67 57 63 0.7483 0
58 48 63 0.7677 0
107 70 63 0.8424 0
16 67 63 0.8424 0
15 57 64 0.8424 0
61 69 64 0.7107 0
48 43 63 0.8424 0
42 44 64 0.8424 0
19 73 66 0.5 0
54 74 66 0.5 0
58 63 63 0.3879 0
24 74 62 0.5 0
102 42 65 0.5 0
116 74 64 0.5 0
67 48 64 0.5 0
118 71 63 0.8424 0
100 71 63 0.8424 0
49 51 63 0.5 0
77 57 64 0.9843 0
47 71 63 0.8424 0
113 60 64 0.9843 0
26 71 63 0.8424 0
79 61 63 0.6958 0
38 68 64 0.8424 0
35 71 63 0.8424 0
23 42 66 0.5 0
37 58 63 0.8424 0
21 63 63 0.8424 0
14 53 63 0.8424 0
16 48 63 0.8424 0
107 66 63 0.8424 0
97 66 63 0.8424 0
79 66 64 0.9168 0
46 62 63 0.7677 0
21 72 63 0.9942 0
58 53 63 0.7677 0
63 73 66 0.5 0
9 53 63 0.8424 0
79 54 63 0.6958 0
111 74 66 0.5 0
10 64 64 0.8035 0
23 54 63 0.8424 0
81 73 66 0.5 0
40 49 66 0.5 0
80 47 66 0.5 0
34 41 65 0.2977 0
59 71 63 0.8424 0
62 48 63 0.8618 0
26 50 63 0.8424 0
11 56 63 0.8424 0
39 50 63 0.8424 0
33 54 63 0.8424 0
33 48 63 0.8424 0
30 62 63 0.8424 0
53 71 64 0.8424 0
61 62 63 0.5461 0
104 63 66 0.5 0
51 58 66 0.5 0
0
