128
62 63 63 1.9556 0
95 108 63 1.9556 0
95 18 63 1.0528 0
22 103 62 0.5 0
36 20 63 1.9556 0
108 61 63 1.9556 0
58 108 64 1.9556 0
32 72 64 1.9556 0
86 80 63 1.9556 0
68 35 63 1.9556 0
36 46 64 1.9556 0
91 43 64 1.9556 0
43 93 64 1.9556 0
56 19 63 1.9556 0
85 61 63 1.9556 0
68 92 63 1.9556 0
75 19 64 1.9556 0
112 40 62 0.5 0
53 47 64 1.9556 0
53 80 64 1.9556 0
76 109 64 1.1073 0
37 108 64 1.9556 0
24 90 64 1.9556 0
44 59 64 1.9556 0
91 94 64 1.9556 0
77 47 63 1.9556 0
44 35 63 1.9556 0
100 72 63 1.9556 0
103 48 63 1.9556 0
95 30 64 1.9556 0
82 35 63 1.9556 0
68 80 63 1.9556 0
74 64 64 1.9556 0
35 85 64 1.9556 0
104 37 64 1.9556 0
53 68 64 1.9556 0
94 53 63 1.9556 0
90 70 63 1.9556 0
85 107 64 1.9556 0
63 47 63 1.9556 0
58 92 64 1.9556 0
81 93 64 1.9556 0
58 35 63 1.9556 0
87 22 63 1.9556 0
30 98 64 1.792 0
48 104 64 1.323 0
24 77 63 1.9556 0
40 77 64 1.9556 0
43 68 63 1.9556 0
67 107 64 1.9556 0
95 81 63 1.9556 0
53 59 63 1.9556 0
98 61 64 1.9556 0
36 31 63 1.9556 0
36 56 63 1.9556 0
44 22 63 1.9556 0
44 47 64 1.9556 0
64 19 63 1.9556 0
76 80 63 1.9556 0
82 68 64 1.9556 0
68 68 64 1.9556 0
31 105 63 1.9556 0
90 103 63 1.9556 0
110 70 67 0.5 0
112 50 67 0.5 0
24 96 63 1.9556 0
43 108 63 1.9556 0
31 78 64 1.9556 0
99 99 67 0.5 0
95 75 64 1.9556 0
77 59 63 1.9556 0
35 65 62 0.9477 0
108 45 63 1.9556 0
103 64 63 1.9556 0
99 40 64 1.9556 0
87 47 63 1.9556 0
38 100 62 0.5648 0
31 93 63 1.9556 0
26 101 63 1.9556 0
98 89 67 0.5 0
69 57 67 0.5 0
104 53 64 1.9556 0
39 72 63 1.9556 0
53 93 63 1.9556 0
87 34 64 1.9556 0
38 67 64 1.9556 0
50 108 64 1.9556 0
68 63 63 1.9556 0
27 86 63 1.9556 0
68 47 64 1.9556 0
36 25 64 1.9556 0
108 66 64 1.9556 0
62 105 63 1.9556 0
99 56 64 1.9556 0
99 35 63 1.9556 0
41 63 63 1.9556 0
95 103 64 1.9556 0
95 97 63 1.9556 0
94 39 63 1.9556 0
40 89 63 1.9556 0
92 48 64 1.9556 0
92 34 63 1.9556 0
92 26 63 1.9556 0
90 108 64 1.9556 0
54 105 63 1.9556 0
87 66 64 1.9556 0
83 19 64 1.9556 0
79 22 63 1.9556 0
48 92 64 1.9556 0
77 34 63 1.9556 0
76 93 63 1.9556 0
36 80 63 1.9556 0
61 84 67 0.5 0
95 22 64 1.9556 0
36 61 63 1.9556 0
36 51 63 1.9556 0
68 22 63 1.9556 0
36 41 64 1.9556 0
43 81 64 1.9556 0
36 36 63 1.9556 0
27 81 63 1.9556 0
108 56 63 1.9556 0
108 50 64 1.9556 0
108 40 63 1.9556 0
65 59 63 1.9556 0
35 90 64 1.9556 0
104 69 64 1.9556 0
103 59 63 1.9556 0
0
