128
65 62 60 5.4418 0
31 105 64 3.1682 0
11 54 69 2.527 0
83 113 68 2.6342 0
43 15 64 3.2052 0
116 72 69 2.6229 0
94 20 69 2.566 0
58 96 60 5.4418 0
98 54 60 5.4418 0
33 43 61 5.1761 0
13 81 57 2.4182 0
104 97 63 3.1305 0
36 71 70 2.4182 0
68 11 63 3.2033 0
83 82 65 3.1669 0
73 35 70 2.3399 0
81 43 60 5.4418 0
44 57 60 5.4418 0
107 33 57 2.4182 0
64 45 67 5.4418 0
55 116 69 2.6124 0
48 73 67 5.4418 0
27 25 69 2.4905 0
63 83 61 5.8204 0
116 55 69 2.6229 0
80 98 63 3.1609 0
29 87 64 2.1525 0
50 33 64 2.8981 0
82 56 61 5.6085 0
11 68 64 3.1875 0
100 74 64 2.1525 0
113 83 58 2.6199 0
83 14 58 2.6342 0
68 116 63 3.2033 0
45 43 60 5.4418 0
25 61 57 1.8682 0
29 54 60 5.4418 0
70 96 60 5.4418 0
93 43 60 5.4418 0
80 73 67 5.4418 0
43 112 63 3.2052 0
94 107 57 2.4182 0
18 36 68 2.5977 0
117 64 57 2.3799 0
43 90 64 2.5693 0
13 46 58 2.4439 0
16 86 70 1.9934 0
22 96 63 3.184 0
55 11 69 2.6124 0
84 27 63 2.1934 0
113 44 58 2.6199 0
63 24 64 2.1525 0
94 107 69 2.566 0
107 33 69 2.5555 0
29 23 57 2.4182 0
94 20 57 2.4182 0
25 71 63 2.1525 0
87 34 61 4.2816 0
41 33 62 4.1683 0
110 88 70 1.9856 0
20 32 57 2.1654 0
54 116 58 2.5268 0
54 11 58 2.5268 0
98 85 64 2.1525 0
116 54 58 2.527 0
80 11 71 0.8485 0
83 113 58 2.6342 0
113 44 68 2.6199 0
91 71 65 3.2135 0
76 20 63 2.1525 0
106 66 64 2.1525 0
11 55 58 2.6053 0
52 50 63 3.5326 0
73 86 62 3.5909 0
48 96 62 3.5244 0
101 26 58 2.4703 0
116 73 58 2.527 0
109 90 63 3.2075 0
57 37 65 3.2318 0
73 66 65 3.5053 0
55 66 65 3.4884 0
13 77 64 2.9475 0
109 37 63 3.2075 0
53 19 64 2.1525 0
54 87 58 3.4261 0
90 109 63 3.2022 0
90 18 63 3.2022 0
22 31 64 3.184 0
66 55 67 3.3785 0
92 94 62 1.1446 0
77 33 64 2.9781 0
97 104 63 3.1322 0
32 69 64 2.9864 0
44 83 65 3.2274 0
74 50 63 3.2062 0
59 116 63 3.2033 0
59 11 63 3.2033 0
15 43 64 3.1945 0
116 68 63 3.1875 0
116 59 63 3.1875 0
11 59 64 3.1875 0
31 22 64 3.1682 0
84 90 64 2.9553 0
97 23 63 3.1322 0
104 30 63 3.1305 0
15 84 63 3.1945 0
114 78 63 3.1281 0
114 49 63 3.1281 0
78 114 63 3.1236 0
78 13 63 3.1236 0
99 66 64 2.9423 0
39 71 64 3.1604 0
91 60 63 3.1604 0
71 37 64 3.1604 0
35 61 63 3.0559 0
39 99 63 2.1525 0
67 71 64 2.9716 0
50 13 63 2.9499 0
25 62 72 0.7318 0
50 114 63 2.9499 0
35 82 64 2.1525 0
71 108 73 0.5 0
52 104 72 0.5 0
37 18 56 1.4103 0
13 50 63 2.9475 0
83 62 70 2.2405 0
117 64 70 2.3799 0
10 63 57 2.3799 0
0
