128
64 55 63 0.9749 0
69 78 120 0.5 0
67 75 8 0.5 0
64 51 31 1.8665 0
64 55 97 0.9749 0
58 75 46 0.5 0
64 74 80 0.6663 0
51 60 120 0.5 0
73 56 118 0.701 0
60 56 10 1.0169 0
72 73 30 0.5 0
58 75 100 0.5 0
70 74 61 0.5 0
58 56 80 0.8907 0
57 73 22 0.6184 0
58 56 47 0.8918 0
63 51 112 1.8766 0
75 63 15 0.5 0
55 74 118 0.701 0
72 73 105 0.5 0
56 73 67 0.5 0
72 57 84 0.5 0
72 73 45 0.5 0
72 57 49 0.5 0
54 70 9 0.5 0
70 73 92 0.6183 0
76 68 117 0.6952 0
60 73 34 0.6244 0
64 55 73 1.5276 0
68 56 19 0.5197 0
64 51 50 1.8665 0
64 51 89 1.8665 0
64 74 112 0.6663 0
68 73 19 0.6244 0
57 58 22 0.5 0
60 73 57 0.6244 0
57 73 89 0.6184 0
65 74 70 0.5547 0
67 65 9 0.6854 0
69 56 40 0.8865 0
55 59 111 0.801 0
72 57 107 0.5 0
58 56 38 0.8918 0
65 74 50 0.5547 0
61 74 14 0.8413 0
64 51 11 1.8665 0
54 62 10 0.8112 0
56 57 56 0.5 0
66 74 99 0.8413 0
58 56 104 0.8878 0
54 68 113 0.9861 0
74 71 12 0.5 0
56 57 92 0.5 0
66 74 40 0.8413 0
71 58 11 0.9903 0
64 74 28 0.6664 0
57 54 120 0.5 0
72 57 29 0.5 0
57 73 75 0.6184 0
73 62 113 0.8004 0
72 57 67 0.5 0
69 56 56 0.8865 0
72 73 84 0.5 0
56 57 68 0.5 0
71 72 117 0.8112 0
71 57 92 0.5 0
64 55 81 0.9749 0
64 74 87 0.6663 0
64 55 104 0.9749 0
61 79 118 0.5 0
57 73 107 0.6184 0
72 73 74 0.5 0
67 55 117 0.904 0
61 67 10 0.6231 0
72 73 54 0.5 0
64 55 44 0.9749 0
64 55 37 0.9749 0
64 55 25 0.9749 0
64 51 70 1.8665 0
62 74 94 0.5547 0
56 57 29 0.5 0
51 68 120 0.5 0
61 55 19 0.6707 0
72 57 77 0.5 0
55 70 16 0.5545 0
56 73 82 0.5 0
61 74 117 0.8908 0
62 76 63 0.5 0
56 58 16 0.9812 0
64 55 57 0.9749 0
57 73 40 0.6184 0
65 60 10 0.6231 0
65 74 106 0.5547 0
72 73 37 0.5 0
58 56 86 0.89 0
66 74 34 0.8413 0
66 74 57 0.8414 0
74 65 9 0.4649 0
68 56 111 0.5197 0
77 61 119 0.5 0
56 73 52 0.5 0
58 56 115 0.8865 0
58 56 61 0.8918 0
53 65 117 0.7936 0
71 56 101 0.5 0
57 73 28 0.6184 0
62 74 22 0.5548 0
64 55 108 1.5276 0
64 55 53 1.5276 0
58 56 98 0.8885 0
63 53 117 1.2089 0
67 56 10 1.0169 0
70 72 110 0.7024 0
68 56 87 0.5197 0
69 56 33 0.8865 0
72 73 98 0.5 0
71 74 24 0.5 0
73 68 113 0.986 0
57 57 74 0.5 0
54 60 117 0.7465 0
68 73 13 0.6244 0
64 55 91 1.5276 0
64 55 13 1.5276 0
64 55 33 1.5276 0
65 70 10 0.6231 0
70 73 79 0.6183 0
70 73 67 0.6182 0
64 55 114 1.5276 0
0
