128
101 47 63 1.698 0
28 102 70 2.9638 0
28 25 59 3.0018 0
88 102 59 2.9388 0
68 27 58 0.9527 0
27 65 57 0.923 0
56 100 57 0.923 0
92 25 70 2.9771 0
100 75 56 0.5 0
102 89 77 0.5 0
25 83 59 2.9388 0
25 44 59 2.9388 0
102 91 59 2.9388 0
47 26 63 1.698 0
107 29 56 0.5 0
27 36 78 0.5 0
100 103 72 1.2675 0
44 102 59 2.9388 0
71 100 60 0.923 0
81 26 58 1.9693 0
35 25 70 2.9771 0
102 33 70 2.9388 0
99 25 59 3.0018 0
100 62 59 0.923 0
24 97 58 2.2465 0
102 36 59 2.9388 0
25 35 70 2.9388 0
27 86 75 0.5 0
90 101 72 1.9309 0
102 107 56 0.5 0
41 99 77 0.5 0
102 92 68 2.9388 0
95 102 66 2.9388 0
25 88 66 2.9388 0
101 80 64 1.1728 0
56 27 57 0.9527 0
102 99 59 2.9638 0
25 36 59 2.9388 0
33 104 57 1.2386 0
33 102 64 2.9388 0
29 56 64 0.5 0
28 25 67 3.0018 0
99 25 67 3.0018 0
102 39 66 2.9388 0
87 25 59 2.9771 0
28 102 59 2.9638 0
34 25 63 2.9771 0
93 25 63 2.9771 0
25 95 64 2.9388 0
102 86 64 2.9388 0
40 102 65 2.9388 0
25 40 65 2.9388 0
25 31 64 2.9388 0
43 25 59 2.9771 0
102 99 68 2.9638 0
102 30 63 2.9388 0
95 102 59 2.9388 0
88 102 66 2.9388 0
25 90 59 2.9388 0
102 43 59 2.9388 0
35 102 71 2.6928 0
25 96 71 2.6931 0
27 56 57 0.923 0
80 27 69 0.5 0
78 100 64 0.923 0
100 70 61 0.923 0
53 99 66 0.5 0
82 102 62 2.4107 0
28 73 64 0.4152 0
102 82 59 2.4103 0
40 24 65 2.2732 0
37 103 59 2.2732 0
73 29 65 0.5 0
27 28 78 0.5 0
62 100 61 0.718 0
99 96 78 0.5 0
99 53 56 0.4152 0
85 25 65 2.0193 0
26 90 72 1.9309 0
100 39 78 0.5 0
100 27 78 0.5 0
26 73 56 0.5 0
24 29 71 1.9801 0
98 26 73 1.9693 0
28 26 73 1.9801 0
62 27 59 0.9527 0
95 102 72 1.9806 0
103 27 71 1.9801 0
40 28 78 0.5 0
101 96 73 1.9309 0
28 50 67 0.5 0
100 55 65 0.5 0
80 26 63 1.698 0
45 28 71 0.5 0
28 79 67 0.5 0
27 71 60 0.923 0
24 101 64 1.5277 0
88 27 78 0.5 0
78 100 57 0.923 0
65 100 57 0.923 0
55 27 64 0.5 0
28 43 73 0.5 0
26 82 65 1.4255 0
34 29 78 0.5 0
102 107 63 0.5 0
100 67 57 0.923 0
36 26 57 1.2386 0
101 103 63 1.5277 0
101 91 74 1.2677 0
48 100 66 0.7991 0
27 61 62 0.5559 0
101 38 72 1.5049 0
100 55 60 0.9078 0
93 29 78 0.5 0
50 27 56 0.7307 0
74 28 56 0.4535 0
29 100 78 0.5 0
26 47 64 1.1732 0
83 104 57 1.2386 0
22 29 56 0.7307 0
29 66 63 0.5 0
23 100 68 1.2654 0
99 85 72 0.4152 0
57 100 62 0.9918 0
100 45 71 0.5 0
38 27 75 0.9614 0
85 27 71 0.8912 0
27 38 75 0.923 0
0
