128
64 66 71 1.7938 0
25 28 56 3.1084 0
102 28 57 3.1084 0
102 99 56 3.1084 0
25 97 56 3.0822 0
67 29 71 1.7938 0
98 61 71 1.7938 0
29 65 71 1.7938 0
56 98 71 1.7938 0
44 34 73 3.8095 0
86 91 73 3.8095 0
37 89 73 3.8095 0
86 36 73 3.8095 0
24 44 71 2.1005 0
28 28 73 3.8813 0
102 43 64 3.0822 0
101 81 62 1.7504 0
99 99 73 3.8864 0
99 28 73 3.8813 0
47 55 70 0.7859 0
62 51 72 2.6734 0
37 102 64 3.1084 0
25 84 64 3.0822 0
80 57 70 0.7859 0
28 99 73 3.8864 0
99 83 73 3.8456 0
66 84 70 0.7859 0
89 102 59 3.1084 0
85 26 58 1.3544 0
47 72 71 0.8413 0
71 98 71 1.7938 0
79 74 70 0.7859 0
37 25 58 3.0822 0
37 48 71 1.7938 0
99 44 73 3.8456 0
28 84 73 3.8456 0
29 45 56 0.5 0
90 25 65 3.0822 0
25 35 65 3.0822 0
45 96 73 3.2183 0
37 41 73 3.8095 0
55 28 62 0.5586 0
57 34 71 1.7938 0
75 46 70 0.7859 0
72 58 72 2.6734 0
53 83 71 0.8413 0
37 99 73 3.8506 0
90 99 73 3.8506 0
37 28 73 3.8456 0
28 37 73 3.8456 0
90 28 73 3.8456 0
66 76 72 2.6734 0
95 36 73 3.8095 0
95 91 73 3.8095 0
52 61 72 2.6734 0
39 99 49 0.5968 0
76 67 72 2.6734 0
93 70 71 1.7938 0
54 72 72 2.6734 0
28 25 64 3.1084 0
28 55 62 0.5586 0
102 37 58 3.0822 0
43 25 64 3.0822 0
35 102 56 3.1084 0
25 43 64 3.0822 0
102 99 64 3.1084 0
50 99 60 0.5968 0
91 25 56 2.9294 0
102 28 65 3.1084 0
30 56 71 1.7938 0
37 75 70 0.7859 0
99 87 50 0.5586 0
89 79 71 1.7938 0
89 48 71 1.7938 0
30 45 73 3.2178 0
91 84 74 3.1937 0
91 43 74 3.1937 0
66 40 70 0.7859 0
51 46 70 0.7859 0
82 100 72 3.1709 0
82 27 72 3.1544 0
25 92 70 3.1084 0
102 92 69 3.093 0
102 37 69 3.093 0
25 99 63 3.1084 0
96 102 61 3.1084 0
87 102 66 3.1084 0
25 91 62 3.0822 0
25 37 58 3.0822 0
96 25 61 3.0822 0
102 86 65 3.0822 0
102 93 60 3.0822 0
44 102 69 3.0537 0
45 26 71 2.948 0
74 28 61 0.3506 0
36 81 72 2.8016 0
40 65 71 0.8413 0
57 56 72 2.6734 0
65 93 71 1.7938 0
28 72 62 0.5586 0
101 69 63 0.5 0
77 84 70 0.7859 0
76 99 61 0.5968 0
72 73 72 2.6734 0
69 52 72 2.6734 0
99 55 62 0.5586 0
45 89 72 2.6165 0
28 87 50 0.5586 0
61 72 72 2.6734 0
83 25 63 2.4644 0
88 61 71 0.8413 0
74 38 70 0.7859 0
93 100 48 0.5 0
63 100 64 0.6796 0
30 92 75 2.3332 0
92 56 71 1.1217 0
96 102 54 2.1765 0
45 79 70 0.7859 0
34 69 71 1.7938 0
56 89 70 0.7859 0
39 57 71 0.8413 0
101 93 53 2.0744 0
99 34 48 0.5 0
97 25 54 2.1765 0
60 27 68 0.7976 0
32 25 54 2.1765 0
31 101 61 2.1126 0
41 101 59 2.1126 0
0
