128
90 77 62 6.1267 0
23 33 61 4.6027 0
39 104 61 4.2251 0
81 21 60 3.1839 0
29 66 64 7.8028 0
110 44 63 4.7173 0
67 93 62 5.9708 0
45 34 64 7.8103 0
89 48 62 6.1267 0
87 105 65 4.1918 0
98 61 64 7.8028 0
104 94 63 4.6027 0
57 113 61 4.5808 0
82 93 64 7.8103 0
78 32 64 7.7575 0
46 87 74 3.0512 0
48 95 64 7.7575 0
18 91 58 1.7504 0
61 10 70 1.0896 0
39 81 62 6.1289 0
38 48 62 6.1289 0
63 33 62 5.9747 0
70 14 61 4.5761 0
16 82 69 2.0974 0
17 83 61 4.7173 0
89 25 61 4.3593 0
16 64 66 4.3083 0
111 63 66 4.3083 0
40 22 61 4.1918 0
33 32 60 3.9203 0
94 95 60 3.9203 0
80 45 79 0.5 0
53 107 67 3.62 0
74 20 67 3.6129 0
21 76 67 3.3448 0
20 95 72 0.5 0
90 70 79 0.5 0
19 58 60 3.1693 0
108 69 60 3.168 0
37 58 79 0.5 0
66 117 70 1.0896 0
34 61 74 3.2456 0
93 66 74 3.2456 0
20 73 60 3.2778 0
107 54 60 3.2778 0
29 33 68 3.1053 0
37 99 68 3.1053 0
84 21 67 3.1839 0
55 41 78 0.5 0
81 40 73 3.0534 0
35 28 68 3.1053 0
46 22 67 3.1845 0
81 106 59 3.1053 0
96 95 68 3.1053 0
48 106 59 3.1053 0
45 106 68 3.1053 0
15 41 71 0.5 0
31 55 59 3.1053 0
106 53 68 3.1053 0
73 89 77 0.9364 0
87 38 59 3.102 0
78 90 75 3.028 0
49 37 75 3.028 0
31 54 67 2.8505 0
87 39 67 3.0111 0
58 90 59 2.9482 0
75 37 75 2.9447 0
18 88 68 2.8654 0
62 115 68 2.7483 0
65 12 68 2.7329 0
19 36 68 2.6232 0
95 30 72 0.5 0
109 33 71 0.5817 0
37 57 66 2.6446 0
59 96 67 2.6722 0
114 88 56 0.5 0
112 88 70 0.6437 0
91 102 59 2.6142 0
52 91 75 2.2925 0
97 72 68 2.429 0
32 77 68 2.4184 0
39 89 68 2.4809 0
81 42 59 2.3501 0
109 33 56 0.577 0
90 85 68 2.3104 0
98 72 59 2.3196 0
90 29 68 2.3047 0
38 71 59 2.2772 0
55 30 68 2.254 0
38 106 69 2.0974 0
34 68 74 2.2962 0
93 59 74 2.2962 0
113 63 58 2.0972 0
67 117 57 0.6102 0
76 9 71 0.5 0
52 119 71 0.5 0
60 10 57 0.5939 0
55 115 69 2.0974 0
55 37 58 2.0963 0
109 90 68 2.2543 0
19 57 67 2.2965 0
91 68 58 2.0964 0
108 70 67 2.2951 0
72 13 69 2.0974 0
109 37 67 2.2543 0
109 37 59 2.2543 0
37 58 59 2.1422 0
90 86 59 2.247 0
37 18 72 0.5 0
14 40 56 0.5 0
73 21 59 2.2737 0
80 106 68 2.1767 0
82 83 59 2.215 0
35 36 69 2.0974 0
15 63 58 2.0974 0
47 24 59 2.1767 0
109 90 58 2.0928 0
90 23 69 2.0974 0
40 90 58 2.0974 0
54 31 58 2.0943 0
39 23 69 2.0974 0
92 100 69 2.0974 0
23 31 69 2.0974 0
33 75 58 2.0974 0
46 86 58 2.0974 0
39 97 58 2.0974 0
107 63 58 2.0972 0
81 43 65 1.8447 0
0
