128
64 64 63 1.5771 0
24 24 65 0.8731 0
104 105 62 0.5 0
24 103 65 0.8731 0
103 24 65 0.8731 0
64 105 65 0.5 0
24 63 65 0.8731 0
63 24 65 0.8731 0
105 63 67 0.5 0
86 84 62 0.9865 0
47 85 63 1.5771 0
82 44 63 1.5771 0
44 44 63 0.7787 0
24 83 62 0.8731 0
103 44 62 0.8731 0
43 65 62 0.9626 0
83 103 65 0.8731 0
67 87 62 0.6083 0
24 44 62 0.8731 0
44 24 62 0.8731 0
83 23 62 0.5 0
87 64 61 0.5 0
44 105 66 0.5 0
105 83 65 0.5 0
62 42 62 0.6436 0
94 34 62 0.7005 0
33 34 62 0.7005 0
96 94 62 0.9297 0
56 74 63 1.5771 0
73 53 63 1.5771 0
73 32 62 0.7005 0
74 75 62 0.8946 0
35 94 62 0.5779 0
34 54 61 0.5 0
36 76 62 0.9429 0
92 53 62 0.65 0
53 55 62 0.6908 0
53 33 63 0.9198 0
97 73 63 0.5 0
57 95 62 0.8605 0
44 54 63 1.6445 0
76 95 62 0.9751 0
77 64 63 0.9198 0
87 74 62 0.969 0
34 45 62 0.7005 0
103 54 64 0.8731 0
24 93 64 0.8731 0
24 73 64 0.8731 0
93 24 65 0.8731 0
34 24 65 0.8731 0
95 105 67 0.5 0
46 96 62 0.8691 0
34 103 65 0.8731 0
87 37 63 1.5771 0
84 91 63 1.5771 0
23 35 67 0.5 0
97 82 62 0.6723 0
25 53 67 0.5 0
53 103 65 0.8731 0
83 56 62 0.9706 0
42 35 62 0.7005 0
97 62 61 0.5 0
45 74 62 0.9505 0
67 97 62 0.9318 0
103 35 65 0.8731 0
62 53 62 0.7597 0
53 24 65 0.8731 0
33 64 61 0.5 0
73 105 62 0.5 0
53 44 62 0.5846 0
36 86 62 0.7005 0
65 78 62 0.515 0
63 33 63 0.9198 0
42 91 63 1.5771 0
104 96 67 0.5 0
52 65 62 0.9175 0
77 83 66 0.5 0
74 23 65 0.5 0
57 86 61 0.5 0
72 43 62 0.4849 0
94 42 62 0.7005 0
103 90 62 0.8731 0
105 71 62 0.5 0
68 71 63 0.892 0
90 100 62 0.638 0
51 80 63 1.5771 0
68 38 62 0.7005 0
58 59 63 0.7615 0
80 78 62 0.5365 0
30 81 62 0.7005 0
37 59 62 0.7005 0
29 98 62 0.6658 0
24 31 62 0.8731 0
103 77 63 0.8731 0
31 71 62 0.7463 0
29 88 62 0.8749 0
40 100 62 0.638 0
24 57 62 0.8731 0
71 61 62 0.973 0
82 30 63 0.5 0
58 28 61 0.5 0
59 103 62 0.8731 0
98 103 62 0.8731 0
93 67 62 0.6926 0
74 89 62 0.9933 0
39 70 62 0.8927 0
103 60 62 0.8731 0
98 49 62 0.5679 0
58 37 63 0.9198 0
69 24 62 0.8731 0
103 99 62 0.8731 0
48 60 62 0.5059 0
79 70 62 0.8311 0
67 47 62 0.5869 0
62 71 62 0.7005 0
89 29 62 0.6065 0
70 57 63 1.5771 0
48 48 63 0.8154 0
62 91 62 0.8463 0
72 82 62 0.5 0
38 29 61 0.5 0
78 37 61 0.5 0
24 38 62 0.8731 0
24 50 62 0.8731 0
96 88 62 0.9812 0
47 69 62 0.7005 0
90 59 62 0.8265 0
98 27 62 0.5557 0
0
