128
102 65 64 0.5 0
23 24 68 0.5 0
28 105 60 0.5 0
73 24 61 0.8272 0
76 105 67 0.5 0
24 64 61 0.8272 0
105 30 68 0.5 0
105 97 61 0.5 0
47 24 61 0.8272 0
52 103 63 0.8272 0
25 85 68 0.5 0
24 43 61 0.8272 0
103 47 61 0.8272 0
90 24 63 0.8272 0
103 81 62 0.8272 0
91 105 60 0.5 0
60 24 64 0.8272 0
39 103 68 0.5 0
65 103 61 0.8272 0
34 24 61 0.8272 0
24 94 61 0.8272 0
24 76 61 0.8272 0
25 54 67 0.5 0
99 104 68 0.5 0
24 32 61 0.8272 0
101 23 60 0.5 0
103 37 61 0.8272 0
81 23 68 0.5 0
105 56 67 0.5 0
105 89 68 0.5 0
86 103 68 0.5 0
23 101 68 0.5 0
105 73 68 0.5 0
43 104 60 0.5 0
41 25 68 0.5 0
25 70 68 0.5 0
81 103 60 0.5 0
98 25 68 0.5 0
59 104 68 0.5 0
23 37 68 0.5 0
68 25 68 0.5 0
52 24 68 0.5 0
82 25 60 0.5 0
26 24 61 0.8272 0
103 105 61 0.5 0
103 72 60 0.5 0
24 85 60 0.5 0
35 103 61 0.8272 0
103 90 61 0.8272 0
104 41 68 0.5 0
73 103 61 0.8272 0
30 104 68 0.5 0
104 59 60 0.5 0
24 51 61 0.8272 0
103 30 61 0.8272 0
68 103 68 0.5 0
24 46 68 0.5 0
103 97 68 0.5 0
97 103 62 0.8272 0
66 24 61 0.8272 0
54 24 61 0.8272 0
104 49 68 0.5 0
24 92 68 0.5 0
24 62 68 0.5 0
46 103 67 0.5 0
23 77 68 0.5 0
33 24 68 0.5 0
24 101 62 0.8272 0
58 103 61 0.8272 0
105 24 65 0.5 0
24 58 62 0.8272 0
41 24 62 0.8272 0
24 70 62 0.8272 0
103 53 62 0.8272 0
24 81 64 0.8272 0
96 24 63 0.8272 0
93 103 68 0.5 0
105 80 68 0.5 0
23 30 67 0.5 0
75 23 67 0.5 0
86 103 62 0.8272 0
24 38 63 0.8272 0
78 24 63 0.8272 0
103 76 64 0.8272 0
103 42 63 0.8272 0
24 89 63 0.8272 0
103 101 64 0.8272 0
85 24 64 0.8272 0
81 105 65 0.5 0
104 62 68 0.5 0
30 24 64 0.8272 0
103 94 64 0.8272 0
103 86 64 0.8272 0
47 103 62 0.8272 0
47 25 67 0.5 0
102 35 67 0.1326 0
51 105 68 0.5 0
41 103 64 0.8272 0
91 103 64 0.8272 0
28 103 64 0.8272 0
103 70 64 0.8272 0
104 105 68 0.5 0
105 64 60 0.5 0
93 24 68 0.5 0
24 27 64 0.8272 0
103 60 64 0.8272 0
77 103 63 0.8272 0
24 47 63 0.8272 0
69 103 63 0.8272 0
101 24 64 0.8272 0
88 23 68 0.5 0
57 24 68 0.5 0
37 24 65 0.4977 0
63 103 66 0.5 0
103 67 68 0.5 0
25 96 66 0.5 0
64 23 67 0.5 0
51 24 64 0.8272 0
70 24 64 0.8272 0
103 33 64 0.8272 0
34 103 66 0.4561 0
103 67 61 0.8272 0
25 105 67 0.5 0
24 85 64 0.8272 0
31 103 61 0.8272 0
103 26 61 0.8272 0
25 34 65 0.5 0
28 25 68 0.5 0
0
