128
72 83 57 11.6085 0
43 19 78 3.2057 0
43 64 110 2.9882 0
42 36 25 2.6172 0
82 28 52 5.9432 0
84 37 100 4.174 0
73 63 84 11.5237 0
89 63 12 0.5 0
61 63 24 5.5013 0
42 108 78 3.2057 0
49 28 52 5.9432 0
72 44 57 11.6085 0
47 87 96 5.8382 0
49 40 96 5.8382 0
78 63 43 10.6453 0
40 92 30 1.5745 0
84 90 100 4.174 0
83 105 77 4.8742 0
43 107 49 3.4778 0
84 89 28 4.5981 0
84 22 77 4.5981 0
84 37 27 4.174 0
60 99 75 5.9433 0
60 28 75 5.9433 0
80 82 77 8.5687 0
61 85 33 5.4474 0
62 42 33 5.4474 0
68 44 77 7.7533 0
90 64 115 0.5 0
60 64 106 4.8839 0
86 113 47 0.5 0
40 71 35 1.3228 0
43 46 38 3.7436 0
65 109 49 2.3981 0
83 64 106 4.8839 0
82 50 73 6.6138 0
43 64 17 2.9882 0
82 99 52 5.9432 0
73 87 96 5.8382 0
39 91 64 0.8837 0
74 28 75 5.9433 0
47 28 75 5.9433 0
47 99 75 5.9433 0
49 40 31 5.8382 0
64 99 52 5.9432 0
64 28 52 5.9432 0
49 99 52 5.9432 0
73 99 75 5.9433 0
60 87 96 5.8382 0
74 40 96 5.8382 0
74 40 31 5.8382 0
49 87 31 5.8382 0
73 87 31 5.8382 0
66 76 41 5.8383 0
66 80 85 5.7312 0
82 80 41 5.6344 0
82 47 86 5.6344 0
49 63 102 5.5308 0
73 64 25 5.5308 0
49 64 25 5.5308 0
72 64 102 5.5308 0
62 42 94 5.4474 0
66 75 72 5.3544 0
66 87 75 5.3449 0
65 52 41 5.3051 0
83 37 71 5.1795 0
83 46 43 5.0415 0
83 83 91 4.6074 0
84 64 27 4.5981 0
64 58 51 4.2972 0
64 64 35 4.2972 0
73 106 50 4.2181 0
73 21 50 4.2181 0
65 68 51 4.3036 0
84 95 73 4.0363 0
39 54 90 0.5666 0
40 71 92 1.3228 0
43 81 38 3.7436 0
43 46 89 3.7436 0
54 81 89 3.7436 0
85 64 96 3.5902 0
84 72 54 3.7743 0
84 44 33 3.619 0
85 74 88 3.5902 0
85 91 65 3.5902 0
64 50 88 3.6183 0
74 48 39 3.6162 0
85 77 65 3.5902 0
85 55 54 3.5902 0
42 81 89 3.5902 0
85 69 75 3.5902 0
82 64 18 3.5469 0
63 65 97 3.4824 0
54 45 88 3.3747 0
54 45 39 3.3747 0
63 36 68 3.391 0
58 107 49 3.4778 0
55 20 49 3.4778 0
43 20 49 3.4778 0
54 107 78 3.4778 0
68 20 78 3.4778 0
67 107 78 3.4778 0
54 20 78 3.4778 0
42 34 64 1.9186 0
85 87 48 3.3069 0
63 55 74 3.2893 0
53 82 39 3.3747 0
63 63 44 3.2893 0
57 93 62 1.9186 0
53 55 92 1.6851 0
51 72 35 1.6851 0
59 36 101 3.2336 0
59 36 26 3.2336 0
58 91 26 3.2336 0
85 44 95 3.1947 0
72 54 71 3.1251 0
63 43 44 3.1457 0
72 47 89 3.0988 0
75 80 89 3.0988 0
85 39 49 2.9592 0
55 55 35 1.6851 0
85 35 62 2.9259 0
38 33 105 0.5 0
85 56 91 2.955 0
39 58 35 0.8149 0
49 93 65 1.9186 0
62 92 65 2.8637 0
53 35 66 1.3916 0
0
