128
75 64 68 0.8531 0
39 86 111 0.5 0
80 42 14 0.5 0
57 42 107 0.5 0
83 86 28 0.5 0
65 86 91 0.5 0
68 42 45 0.4941 0
57 42 77 0.4466 0
66 86 52 0.5 0
83 60 33 0.655 0
56 68 106 0.8164 0
67 58 88 0.9115 0
77 42 65 0.5 0
37 51 108 0.0537 0
74 86 72 0.5 0
82 73 50 0.5 0
82 68 14 0.5 0
80 55 51 0.9393 0
81 42 32 0.5337 0
47 85 95 0.4979 0
49 42 92 0.5337 0
70 73 81 0.8309 0
45 63 118 0.5 0
56 86 109 0.5 0
58 85 76 0.5368 0
72 85 16 0.3499 0
65 42 91 0.5 0
71 47 78 0.9991 0
70 85 37 0.5368 0
83 55 19 0.8352 0
53 55 110 0.8857 0
82 74 36 0.6701 0
77 79 61 0.9911 0
64 42 59 0.5 0
63 72 94 0.5411 0
49 76 115 0.5 0
81 43 45 0.735 0
81 84 44 0.9054 0
45 43 114 0.5 0
60 52 99 0.4317 0
83 80 17 0.7863 0
71 42 24 0.5337 0
62 85 64 0.5 0
42 42 102 0.507 0
83 71 25 0.901 0
77 53 62 0.9396 0
81 64 44 0.7648 0
59 80 100 0.7389 0
78 65 57 0.5447 0
72 58 77 0.7949 0
74 75 71 0.7229 0
53 85 86 0.5368 0
74 42 54 0.5337 0
65 42 70 0.5337 0
68 85 81 0.5368 0
82 53 40 0.8799 0
71 42 35 0.5337 0
83 45 23 0.8205 0
73 85 26 0.5368 0
61 62 97 0.4268 0
38 76 109 0.3835 0
47 85 105 0.5 0
81 86 54 0.5 0
54 77 108 0.9509 0
83 53 28 0.5112 0
57 42 97 0.5337 0
74 49 70 0.5407 0
66 78 89 0.9889 0
45 54 116 0.5238 0
67 49 87 0.9738 0
56 42 86 0.5337 0
67 67 88 0.7577 0
49 84 113 0.9004 0
51 64 112 0.7914 0
83 62 24 0.8725 0
82 83 35 0.6 0
70 85 60 0.5368 0
64 42 82 0.5337 0
72 85 46 0.5368 0
57 60 104 0.7996 0
77 71 62 0.9396 0
52 47 111 0.8195 0
72 66 76 0.782 0
79 79 53 0.9805 0
56 50 105 0.9582 0
56 85 94 0.5368 0
66 85 73 0.5368 0
83 79 25 0.771 0
50 42 103 0.5336 0
79 47 53 0.9848 0
38 43 109 0.4652 0
81 77 43 0.5633 0
72 80 76 0.8186 0
72 42 16 0.3509 0
61 85 84 0.5368 0
82 66 37 0.7844 0
80 86 21 0.5 0
83 49 14 0.5 0
80 63 51 0.9393 0
82 47 36 0.9997 0
77 60 62 0.9396 0
45 70 116 0.5765 0
83 62 17 0.8781 0
75 57 69 0.8051 0
71 63 83 0.5 0
83 66 30 0.8673 0
53 85 101 0.5368 0
71 42 61 0.5337 0
60 72 101 0.5 0
74 85 53 0.5368 0
76 86 64 0.5 0
83 73 18 0.8514 0
52 71 111 0.8129 0
79 71 55 0.9994 0
63 56 94 0.5411 0
63 48 94 0.5752 0
73 43 73 0.9683 0
67 42 52 0.5337 0
77 42 39 0.5337 0
77 46 60 0.8413 0
70 53 82 0.6904 0
44 79 112 0.644 0
81 57 45 0.9342 0
80 50 46 0.5919 0
69 79 83 0.8625 0
69 85 67 0.5368 0
77 42 21 0.5337 0
81 70 45 0.9342 0
0
