128
63 63 43 27.071 0
63 64 121 0.5 0
64 63 84 12.4778 0
85 85 28 6.1969 0
42 85 27 5.9564 0
85 42 27 5.9542 0
92 56 26 5.8399 0
56 92 26 5.8397 0
71 93 29 5.967 0
93 71 29 5.9584 0
41 41 29 5.7564 0
34 71 27 5.5881 0
71 34 27 5.5858 0
56 34 27 5.5873 0
34 56 27 5.5859 0
64 64 103 5.3767 0
91 48 35 4.6679 0
48 91 35 4.6656 0
46 46 20 4.5928 0
86 69 20 4.6016 0
69 86 20 4.5981 0
80 35 35 4.3163 0
35 80 35 4.3131 0
63 31 35 4.1406 0
31 64 35 4.1406 0
54 73 73 4.1274 0
32 55 38 4.1018 0
78 80 20 4.0996 0
68 76 72 4.0597 0
76 68 72 4.0544 0
48 35 35 3.8967 0
42 57 19 3.7684 0
47 79 19 3.7684 0
67 50 72 3.8965 0
62 95 35 3.8349 0
95 62 35 3.8235 0
51 59 73 3.8285 0
70 41 19 3.7684 0
59 84 19 3.7684 0
59 42 19 3.7683 0
91 80 36 3.7733 0
80 91 36 3.7708 0
84 58 19 3.7684 0
78 48 19 3.7684 0
43 70 19 3.7684 0
33 46 34 3.6911 0
75 56 72 3.5827 0
72 32 39 3.5591 0
32 72 39 3.5611 0
56 52 72 3.5828 0
55 32 39 3.5611 0
40 87 39 3.2632 0
87 40 39 3.2632 0
94 72 40 3.1764 0
72 94 40 3.1731 0
87 87 39 3.2632 0
40 40 39 3.2632 0
55 94 40 3.1764 0
94 55 40 3.1731 0
64 95 43 3.1423 0
36 47 42 3.1432 0
95 63 43 3.1423 0
79 90 44 3.0179 0
90 79 44 3.0172 0
64 64 113 2.8449 0
59 79 70 2.8297 0
47 36 43 2.8352 0
48 68 70 2.8231 0
37 80 43 2.8633 0
80 37 43 2.8639 0
85 85 46 2.6751 0
48 91 44 2.5318 0
91 48 44 2.5329 0
64 31 43 2.6469 0
31 63 43 2.6468 0
84 76 24 2.5527 0
80 73 67 2.3517 0
73 80 67 2.3487 0
51 84 24 2.5527 0
84 51 24 2.5505 0
50 67 76 2.5128 0
60 77 76 2.5131 0
80 54 67 2.3479 0
81 64 68 2.4042 0
64 39 24 2.3717 0
39 63 24 2.3717 0
73 47 67 2.3524 0
105 53 30 0.5 0
54 47 18 2.3419 0
41 85 46 1.9834 0
86 42 46 1.9834 0
41 50 25 2.2555 0
53 42 23 2.2664 0
72 34 46 2.2636 0
34 72 46 2.2575 0
76 42 24 2.1814 0
42 76 24 2.1784 0
76 76 70 2.2035 0
64 82 67 2.1507 0
100 54 30 2.2235 0
54 100 30 2.2158 0
60 47 69 2.1115 0
48 54 68 2.128 0
36 71 18 2.1366 0
33 56 46 1.8579 0
57 62 98 2.19 0
42 41 46 1.9834 0
74 74 76 2.0159 0
78 63 77 2.077 0
56 33 46 1.8512 0
45 63 68 1.9527 0
89 49 50 1.9668 0
49 89 50 1.9632 0
54 47 68 2.0246 0
84 84 18 1.8613 0
93 57 46 1.9327 0
57 93 46 1.9332 0
79 73 17 1.7526 0
78 89 50 1.9677 0
51 52 17 1.7526 0
89 78 50 1.9632 0
93 64 49 1.9025 0
63 93 49 1.9025 0
92 70 47 2.0078 0
70 92 47 2.0055 0
65 79 17 1.7526 0
54 96 34 1.9092 0
96 54 34 1.9071 0
0
