128
62 64 66 1.559 0
94 68 16 0.5 0
34 58 15 0.5 0
94 65 113 0.5 0
34 61 112 0.5 0
92 57 48 1.8631 0
87 52 84 1.825 0
44 76 41 1.8198 0
37 70 84 1.8377 0
69 57 28 1.8332 0
71 73 99 1.6583 0
37 57 60 1.8463 0
85 76 69 1.853 0
54 49 96 0.5 0
54 78 15 0.5 0
76 76 41 1.8398 0
45 49 36 0.6813 0
76 52 109 0.7315 0
49 78 109 0.7641 0
44 76 63 1.8626 0
92 70 92 1.8384 0
44 51 78 1.838 0
60 57 46 1.8323 0
80 50 65 1.544 0
68 60 84 1.6508 0
75 75 17 0.8702 0
92 70 33 1.8385 0
55 75 84 1.8465 0
87 52 28 1.8266 0
52 49 16 0.6616 0
38 74 22 0.7489 0
36 59 42 1.8427 0
37 54 96 0.7063 0
93 60 66 1.6152 0
89 74 53 1.6126 0
57 74 53 1.5701 0
79 77 85 1.5764 0
74 52 51 1.8383 0
90 55 101 0.8723 0
55 52 60 1.8487 0
60 73 31 0.607 0
46 49 112 0.5 0
63 62 110 0.8611 0
71 73 59 1.6583 0
83 76 111 0.7198 0
36 71 101 0.7892 0
48 50 48 1.5747 0
36 68 52 1.8345 0
74 52 97 1.8353 0
63 66 16 0.7198 0
72 73 73 1.335 0
57 53 82 1.5691 0
36 68 69 1.8365 0
76 76 28 1.8398 0
94 64 78 1.6146 0
74 52 77 1.8382 0
60 70 41 1.8119 0
77 50 38 1.1046 0
76 52 17 0.7315 0
46 78 96 0.844 0
57 74 70 1.579 0
85 76 99 1.853 0
69 70 48 1.8594 0
37 54 27 0.7063 0
56 51 29 0.7675 0
49 78 27 0.7641 0
63 61 97 0.8374 0
36 59 83 1.8427 0
69 70 88 1.8594 0
69 70 34 1.8594 0
37 57 72 1.8463 0
44 76 78 1.8399 0
69 57 40 1.8332 0
34 66 30 0.8804 0
87 74 22 0.8167 0
55 52 72 1.8487 0
92 70 62 1.8375 0
92 57 92 1.8642 0
69 57 64 1.8332 0
79 77 53 1.5764 0
57 75 100 0.5849 0
56 51 107 0.7675 0
92 57 38 1.8639 0
44 76 53 1.8535 0
92 70 43 1.8381 0
74 52 87 1.8368 0
87 52 74 1.824 0
90 56 17 0.7334 0
89 74 83 1.6126 0
72 72 113 0.5 0
62 64 76 1.5546 0
87 52 59 1.8237 0
60 75 112 0.5 0
68 60 52 1.65 0
85 76 38 1.853 0
37 70 42 1.8377 0
46 49 25 0.8897 0
44 51 56 1.8145 0
61 56 19 0.8434 0
36 73 112 0.5 0
46 50 68 1.3245 0
94 64 99 1.6146 0
38 53 107 0.7792 0
94 64 54 1.6146 0
46 49 90 0.8897 0
46 49 102 0.8897 0
53 51 41 1.827 0
84 50 96 1.1111 0
93 61 26 0.6924 0
87 52 43 1.825 0
53 76 63 1.8303 0
76 76 65 1.8398 0
41 51 16 0.7175 0
34 61 102 0.8777 0
62 64 57 1.559 0
89 56 112 0.5 0
37 57 50 1.8386 0
69 59 104 0.7454 0
69 69 23 0.8835 0
91 70 107 0.7862 0
69 59 17 0.7454 0
69 70 80 1.8594 0
85 76 61 1.853 0
76 50 27 0.8678 0
92 70 70 1.8375 0
69 57 72 1.8332 0
34 66 19 0.8804 0
41 53 87 1.4874 0
0
