128
50 67 67 3.4681 0
118 46 65 0.5 0
97 110 64 0.5 0
75 9 63 0.1176 0
22 26 63 0.0688 0
52 116 63 0.5 0
9 82 64 0.5 0
91 73 65 0.9803 0
77 42 65 0.9803 0
50 30 64 0.8346 0
69 93 65 0.9803 0
118 81 64 0.5 0
21 58 64 0.9082 0
34 92 64 0.7972 0
99 31 64 0.8345 0
75 117 64 0.2102 0
96 52 65 0.9803 0
52 8 64 0.5 0
39 47 64 0.8346 0
73 63 65 0.9803 0
95 92 64 0.8346 0
59 47 65 0.9803 0
29 75 64 0.8346 0
81 25 64 0.8346 0
51 95 64 0.8346 0
107 68 64 0.8346 0
31 110 63 0.5 0
64 21 64 0.8159 0
82 103 64 0.9695 0
9 46 64 0.5 0
76 78 64 0.8346 0
64 107 64 0.7175 0
23 40 64 0.6731 0
59 81 64 0.8346 0
36 26 64 0.6307 0
21 88 64 0.5026 0
35 62 64 0.8346 0
66 35 64 0.8346 0
43 82 65 0.9803 0
90 41 64 0.8346 0
83 53 64 0.8346 0
98 17 64 0.5 0
12 69 64 0.6544 0
82 90 65 0.9803 0
82 68 74 0.5 0
78 67 67 3.4209 0
44 106 64 0.8774 0
110 91 65 0.5 0
21 102 63 0.5 0
70 52 64 0.8346 0
116 58 64 0.5854 0
105 42 65 0.5 0
61 59 64 0.8346 0
87 12 64 0.5 0
64 121 65 0.5 0
7 58 65 0.5 0
106 102 63 0.5 0
42 15 64 0.4813 0
93 62 64 0.8346 0
49 53 65 0.9803 0
65 72 64 0.8346 0
29 51 64 0.8346 0
86 115 63 0.5 0
34 37 65 0.9803 0
49 42 65 0.9803 0
106 80 64 0.5 0
120 70 64 0.5 0
54 19 64 0.8346 0
95 82 64 0.8346 0
18 78 64 0.9622 0
104 58 64 0.9555 0
55 104 64 0.8346 0
72 102 64 0.8346 0
39 71 64 0.8346 0
24 67 64 0.8346 0
65 10 64 0.5 0
113 36 63 0.5 0
92 24 64 0.946 0
92 102 64 0.8364 0
73 19 64 0.8346 0
18 49 64 0.9622 0
37 100 64 0.8346 0
62 98 64 0.8346 0
86 33 64 0.8346 0
85 81 65 0.9803 0
76 33 65 0.9803 0
68 84 65 0.9803 0
57 39 64 0.8346 0
34 82 64 0.8346 0
42 33 64 0.8346 0
45 22 64 0.8346 0
105 50 64 0.8346 0
43 59 64 0.8346 0
51 86 65 0.9803 0
43 91 65 0.9803 0
70 28 64 0.8346 0
66 44 64 0.8346 0
59 89 64 0.8346 0
58 30 64 0.8346 0
98 43 64 0.8346 0
100 75 65 0.9803 0
15 35 64 0.5 0
28 31 64 0.8345 0
50 77 64 0.8346 0
104 87 64 0.6731 0
27 96 64 0.8515 0
87 95 64 0.8346 0
76 94 64 0.8346 0
41 114 63 0.5 0
85 60 64 0.8346 0
73 110 64 0.9164 0
99 67 65 0.9803 0
88 87 64 0.8346 0
83 45 64 0.8346 0
74 87 64 0.8346 0
66 65 64 0.8346 0
27 85 64 0.8346 0
36 54 65 0.9803 0
29 43 64 0.8346 0
28 59 65 0.9803 0
87 68 64 0.8346 0
53 58 64 0.8346 0
59 69 64 0.8346 0
32 68 64 0.8346 0
32 19 63 0.5 0
101 97 64 0.7532 0
89 49 65 0.9803 0
77 57 65 0.9803 0
0
