128
63 101 57 8.9181 0
109 57 95 0.5 0
21 56 96 0.5 0
111 58 35 0.5 0
20 55 33 0.5 0
25 75 62 0.9734 0
89 64 61 0.8335 0
64 110 97 0.5 0
110 66 73 0.8077 0
48 74 67 0.6158 0
26 54 73 0.9664 0
89 86 58 1.42 0
33 59 49 0.6632 0
60 93 86 0.8055 0
27 72 85 0.8152 0
93 66 86 0.7104 0
108 70 52 0.859 0
94 70 34 0.5 0
38 86 58 1.42 0
74 79 70 0.9577 0
25 74 38 0.5 0
71 106 81 0.8231 0
100 54 49 0.8192 0
17 59 58 0.7387 0
66 112 33 0.5 0
98 55 73 0.7189 0
60 93 33 0.5 0
82 95 72 0.6377 0
17 67 73 0.9706 0
45 94 73 0.5 0
104 72 97 0.5 0
43 70 55 1.4705 0
35 61 33 0.5 0
34 67 72 0.8813 0
33 58 86 0.5133 0
81 74 57 1.4128 0
56 106 81 0.8231 0
96 72 52 1.7025 0
58 84 72 0.9286 0
108 57 60 0.7348 0
96 70 72 0.7504 0
74 98 34 0.5 0
96 55 34 0.2482 0
16 64 44 0.459 0
31 72 52 1.7025 0
71 98 95 0.6115 0
17 61 85 0.7479 0
109 72 34 0.5 0
110 67 87 0.9706 0
51 84 61 1.0957 0
101 54 86 0.9664 0
46 94 62 1.5451 0
32 58 62 0.8662 0
34 66 97 0.5 0
55 106 37 0.4771 0
81 94 62 1.5451 0
56 100 97 0.5 0
106 71 63 0.7784 0
71 84 62 1.4849 0
22 55 49 0.7688 0
92 62 43 0.5559 0
19 69 96 0.0495 0
111 59 47 0.5 0
97 58 97 0.5 0
103 72 80 0.8173 0
98 79 63 0.9961 0
18 68 54 0.8482 0
70 95 83 0.7607 0
91 64 52 1.7862 0
97 55 61 0.8185 0
65 110 73 0.7802 0
73 107 40 0.5 0
17 68 34 0.4965 0
108 57 80 0.7348 0
75 102 72 0.964 0
90 88 70 0.5 0
19 57 67 0.7348 0
52 102 72 0.964 0
65 110 88 0.7802 0
34 69 40 0.5 0
29 54 39 0.2875 0
27 72 75 0.8152 0
104 74 43 0.5 0
93 61 78 0.8183 0
67 86 72 0.664 0
34 66 81 0.7104 0
24 54 87 0.865 0
107 56 70 0.6288 0
18 68 63 0.8482 0
61 112 42 0.5 0
67 92 40 0.3956 0
39 88 69 0.6529 0
104 54 40 0.5511 0
25 54 58 0.9393 0
38 64 60 0.8335 0
36 64 52 1.7862 0
36 78 55 1.3946 0
91 78 55 1.3946 0
31 81 64 0.5906 0
60 87 63 1.3964 0
94 67 96 0.5 0
55 97 40 0.4441 0
100 72 88 0.8152 0
18 58 77 0.622 0
18 68 81 0.8482 0
63 93 95 0.6812 0
112 67 43 0.5 0
54 100 88 0.6724 0
31 57 95 0.5784 0
80 73 67 0.5965 0
33 58 74 0.5133 0
81 86 60 0.9788 0
29 55 80 0.7189 0
111 66 96 0.5 0
22 72 46 0.4083 0
28 71 94 0.6446 0
45 79 57 0.9478 0
108 57 88 0.7348 0
113 63 55 0.5 0
56 109 90 0.5 0
110 64 65 0.9833 0
96 71 42 0.5261 0
92 62 34 0.5559 0
94 60 67 0.7061 0
73 99 43 0.4732 0
72 103 89 0.7879 0
94 58 89 0.7156 0
103 72 71 0.8173 0
0
