128
60 55 63 4.6936 0
95 113 68 0.5 0
36 110 61 2.0542 0
117 63 64 2.2448 0
9 64 61 1.8763 0
94 15 69 0.5 0
37 17 66 2.436 0
71 87 63 4.6936 0
93 47 63 4.6936 0
101 86 63 4.6936 0
70 20 63 4.6936 0
35 79 66 2.6778 0
36 47 63 4.6936 0
59 109 65 3.3939 0
51 30 63 4.6936 0
79 105 63 4.6936 0
87 70 63 3.8703 0
50 94 63 4.6936 0
70 39 63 4.6936 0
50 70 63 4.6936 0
90 27 63 4.0366 0
80 56 63 4.6936 0
35 96 63 4.6936 0
106 54 63 4.6936 0
19 77 61 2.6098 0
22 48 63 4.6936 0
36 69 63 4.6936 0
87 89 65 3.6857 0
29 32 66 2.3974 0
18 63 63 4.6936 0
27 87 63 4.6936 0
51 42 63 4.6936 0
50 82 63 4.6936 0
80 80 63 4.6936 0
68 76 63 4.6936 0
97 35 63 4.6936 0
80 34 63 4.6936 0
106 76 63 4.6936 0
80 45 63 4.6936 0
36 58 63 4.6936 0
50 105 63 4.6936 0
59 20 63 4.6936 0
62 93 63 4.6936 0
42 24 63 4.6936 0
97 70 63 4.6936 0
92 80 63 4.6936 0
70 51 63 4.6936 0
40 86 63 4.6936 0
68 107 63 4.6936 0
79 94 63 4.6936 0
36 35 63 4.6936 0
94 95 63 4.6936 0
80 23 63 4.6936 0
50 58 63 4.6936 0
77 70 63 4.6936 0
109 64 63 4.6936 0
61 33 63 4.6936 0
103 44 63 4.6936 0
96 57 63 4.6936 0
27 76 63 4.6936 0
40 105 64 3.8217 0
90 109 62 2.7452 0
26 38 63 3.7696 0
72 62 65 3.6857 0
45 50 65 3.6857 0
88 39 65 3.6857 0
27 56 65 3.6857 0
72 29 65 3.6857 0
70 98 65 3.6857 0
43 76 65 3.6857 0
59 74 65 3.6857 0
88 102 65 3.6857 0
58 101 65 3.2221 0
90 16 60 1.67 0
89 19 65 3.1111 0
45 36 66 2.6778 0
56 64 65 2.7834 0
18 72 65 2.8416 0
88 60 65 2.7235 0
58 47 65 2.742 0
58 86 66 2.6778 0
43 98 66 2.6778 0
51 22 66 2.6778 0
18 55 66 2.6778 0
43 40 61 2.6778 0
88 54 61 2.6778 0
53 50 61 2.6778 0
28 68 66 2.5214 0
34 27 66 2.1845 0
20 81 66 2.2338 0
58 81 61 2.3536 0
49 19 61 2.3261 0
69 68 61 2.2493 0
59 41 66 2.2321 0
10 63 66 2.2448 0
37 114 70 0.5 0
67 58 61 2.0596 0
58 68 60 1.67 0
36 18 60 1.67 0
99 78 67 1.67 0
87 51 67 1.67 0
93 64 67 1.67 0
86 97 60 1.67 0
22 56 60 1.67 0
79 87 67 1.67 0
29 48 67 1.67 0
37 111 66 1.7359 0
44 32 60 1.67 0
43 96 60 1.67 0
30 62 66 1.7014 0
43 59 66 1.7452 0
43 69 67 1.5479 0
99 50 67 1.67 0
103 67 67 1.67 0
21 83 60 1.67 0
34 89 67 1.67 0
73 45 67 1.67 0
42 54 60 1.67 0
32 41 60 1.67 0
93 64 60 1.67 0
31 29 62 1.7261 0
47 36 60 1.67 0
41 40 67 1.67 0
83 74 67 1.67 0
68 27 60 1.67 0
55 76 60 1.67 0
104 94 70 0.5 0
99 79 60 1.67 0
0
