128
63 63 61 0.5 0
111 97 67 0.5 0
111 31 70 0.5 0
17 97 69 0.5 0
17 31 69 0.5 0
87 81 59 0.9891 0
87 45 59 0.9891 0
39 80 59 0.9891 0
39 47 59 0.9891 0
81 63 59 0.7092 0
46 64 59 0.7163 0
102 38 59 0.9891 0
27 91 59 0.9891 0
100 90 59 0.9891 0
26 38 59 0.9891 0
71 77 61 0.5 0
55 77 61 0.5 0
54 52 59 0.9891 0
72 52 59 0.9891 0
109 29 59 0.5 0
80 73 59 0.9891 0
17 96 58 0.5 0
18 31 59 0.836 0
72 67 59 0.9891 0
55 68 59 0.9891 0
63 73 59 0.9891 0
107 98 58 0.5 0
47 73 59 0.9891 0
63 54 59 0.9891 0
81 53 59 0.9891 0
45 54 61 0.5 0
95 43 59 0.9891 0
56 60 59 0.9891 0
32 84 59 0.9891 0
108 35 64 0.7824 0
34 41 59 0.9891 0
95 84 59 0.9891 0
106 92 64 0.807 0
21 92 65 0.8079 0
69 59 59 0.9891 0
24 33 66 0.5 0
76 58 59 0.9891 0
49 58 59 0.9891 0
21 99 63 0.5 0
105 31 68 0.8812 0
18 36 65 0.5 0
74 73 59 0.9891 0
45 49 59 0.9891 0
66 67 59 0.9891 0
21 92 59 0.8079 0
105 96 68 0.8812 0
111 93 60 0.5 0
24 96 69 0.5 0
104 94 59 0.9891 0
110 35 58 0.5 0
23 33 59 0.9891 0
20 30 64 0.8764 0
45 79 60 0.6028 0
104 33 59 0.9891 0
57 73 59 0.9891 0
82 78 59 0.9891 0
78 68 59 0.9891 0
51 63 59 0.9891 0
49 68 59 0.9891 0
60 66 59 0.9891 0
107 97 63 0.8788 0
61 59 59 0.9891 0
52 74 59 0.9891 0
69 72 59 0.9891 0
87 51 59 0.5 0
58 55 59 0.9891 0
97 38 59 0.9891 0
83 48 59 0.9891 0
76 63 59 0.9891 0
49 52 59 0.9891 0
110 92 69 0.5 0
20 36 70 0.5 0
107 36 70 0.5 0
107 30 63 0.8788 0
37 86 61 0.5 0
29 43 61 0.5 0
17 95 63 0.5 0
33 89 61 0.5 0
67 77 58 0.5 0
68 54 59 0.9891 0
81 58 59 0.7092 0
22 31 70 0.5 0
92 47 61 0.5 0
90 85 61 0.5 0
77 77 61 0.5 0
24 95 62 0.5 0
19 35 61 0.7853 0
29 87 59 0.9891 0
69 64 59 0.9891 0
18 92 69 0.5 0
42 77 59 0.9891 0
36 83 59 0.9891 0
35 45 59 0.9891 0
96 88 59 0.9891 0
91 82 59 0.9891 0
91 44 59 0.9891 0
30 39 59 0.9891 0
53 57 59 0.9891 0
77 54 59 0.9891 0
65 60 59 0.9891 0
21 97 59 0.6811 0
22 96 65 0.8806 0
60 70 59 0.9891 0
56 64 59 0.9891 0
72 56 59 0.9891 0
111 35 68 0.5 0
86 76 61 0.5 0
41 51 61 0.5 0
100 42 61 0.5 0
106 92 68 0.807 0
23 36 63 0.5 0
109 31 67 0.8371 0
60 76 61 0.5 0
60 51 61 0.5 0
111 94 64 0.5 0
107 37 60 0.5 0
104 90 59 0.7974 0
59 62 59 0.9891 0
52 70 59 0.9891 0
73 61 59 0.9891 0
41 84 60 0.5 0
82 69 61 0.5 0
64 77 61 0.5 0
0
