128
78 58 49 13.3908 0
47 61 87 17.5819 0
82 63 78 13.2799 0
44 101 73 8.8602 0
65 81 52 10.3915 0
110 97 63 0.5 0
19 29 63 0.0723 0
108 29 64 0.0723 0
87 78 55 7.3255 0
19 80 63 0.5 0
61 29 65 0.5 0
106 48 60 2.2861 0
52 43 59 3.294 0
39 81 73 7.041 0
55 80 72 6.4044 0
18 49 65 0.5 0
87 29 64 0.5 0
62 46 56 6.3848 0
110 78 70 0.8969 0
56 66 56 6.3176 0
89 81 71 6.2248 0
89 45 71 6.2248 0
61 97 73 5.4845 0
38 45 71 5.5423 0
56 45 71 5.4701 0
95 66 57 5.3097 0
18 98 64 0.0723 0
49 83 57 5.3528 0
80 40 57 5.3097 0
18 65 70 0.8668 0
107 81 60 2.2861 0
81 99 64 0.5 0
90 45 58 4.3019 0
79 88 58 4.3019 0
53 54 58 4.3019 0
46 72 58 4.3019 0
35 42 82 4.2866 0
94 54 58 4.3019 0
72 37 77 0.61 0
95 98 63 0.5 0
28 60 63 0.5 0
20 72 81 0.6438 0
32 29 63 0.0723 0
45 29 64 0.0723 0
20 55 77 0.6438 0
62 57 59 3.4135 0
75 89 79 0.5 0
110 66 65 0.5 0
32 95 75 3.4688 0
47 39 82 3.304 0
84 84 80 3.4245 0
84 42 80 3.4245 0
77 73 59 3.3029 0
36 71 68 3.294 0
67 68 59 3.294 0
24 39 63 0.2375 0
56 70 68 3.294 0
58 62 68 3.294 0
36 60 68 3.294 0
71 37 59 3.294 0
40 80 59 3.294 0
26 89 63 0.2375 0
59 54 69 3.1951 0
107 42 70 0.5797 0
98 29 64 0.5 0
53 94 80 2.9427 0
83 92 72 1.9281 0
55 42 80 2.9303 0
44 61 61 1.2782 0
21 63 82 0.8198 0
44 71 68 2.6741 0
23 71 63 0.2375 0
93 76 80 2.7154 0
93 50 80 2.7154 0
21 57 67 0.8198 0
102 91 64 0.2375 0
27 51 63 0.5 0
108 87 72 0.5 0
110 51 71 0.5 0
28 99 64 0.5 0
73 89 70 0.5956 0
101 38 63 0.2375 0
89 92 72 2.3463 0
72 44 60 2.4189 0
92 72 67 2.2861 0
53 32 65 0.5 0
35 94 68 2.4609 0
53 94 68 2.4609 0
21 72 73 0.8198 0
77 37 70 0.61 0
67 37 70 0.61 0
18 90 64 0.5 0
77 80 60 2.2983 0
108 58 63 0.5 0
55 89 60 2.2861 0
42 56 67 2.2861 0
36 53 67 2.2861 0
92 55 67 2.2861 0
93 85 79 2.2954 0
93 41 79 2.2954 0
51 53 68 2.3729 0
49 67 67 2.3749 0
71 97 63 0.2375 0
60 46 79 2.2896 0
86 68 60 2.2861 0
42 65 67 2.2861 0
96 75 60 2.2861 0
96 81 60 2.2861 0
61 76 80 1.9301 0
55 76 60 2.2861 0
78 29 64 0.5 0
42 65 60 2.2861 0
110 37 64 0.5 0
38 88 61 1.2782 0
27 78 64 0.2375 0
34 72 75 2.1933 0
60 72 75 2.1873 0
38 93 80 2.1267 0
39 34 63 0.2375 0
60 87 67 1.9136 0
105 73 65 0.5 0
33 76 80 1.9343 0
30 36 65 0.5 0
44 43 77 2.0016 0
44 51 69 2.0016 0
110 89 64 0.5 0
65 37 77 0.61 0
83 75 67 2.0016 0
0
