128
78 62 63 10.224 0
21 100 52 0.5 0
55 74 86 17.1905 0
36 16 52 0.5 0
62 25 83 4.4732 0
56 43 82 13.0715 0
107 99 52 0.5 0
89 16 52 0.5 0
45 55 63 10.8412 0
89 87 59 6.9471 0
39 85 64 9.4071 0
78 84 73 9.5341 0
78 29 59 5.2355 0
70 28 72 7.6934 0
47 28 69 7.6934 0
75 46 71 6.7471 0
73 58 80 6.6235 0
62 71 109 5.4871 0
61 54 98 5.557 0
36 70 58 5.4315 0
70 48 58 5.5009 0
50 71 109 5.4871 0
75 89 88 5.3756 0
82 46 59 5.0743 0
63 89 69 4.9977 0
38 70 70 4.811 0
38 89 80 4.916 0
89 73 58 4.9778 0
44 28 83 4.9005 0
56 67 59 4.9068 0
50 58 102 4.8522 0
77 70 80 4.8145 0
70 89 98 4.705 0
41 39 61 4.6044 0
40 96 104 0.5 0
43 90 98 4.3678 0
60 47 63 4.493 0
41 57 79 4.4689 0
43 55 90 4.4195 0
52 90 70 4.3678 0
77 90 59 4.3678 0
42 29 57 4.1942 0
64 68 66 4.191 0
69 53 90 4.0924 0
41 41 71 3.8735 0
70 31 85 3.8269 0
50 49 98 3.7448 0
79 37 65 3.7779 0
53 24 81 3.6619 0
59 24 68 3.6619 0
66 54 72 3.566 0
73 38 81 3.5534 0
64 63 103 3.5309 0
22 88 52 0.5 0
73 47 84 3.4889 0
68 91 81 3.3599 0
39 91 90 3.3599 0
46 73 66 3.3454 0
83 37 56 3.4205 0
61 91 99 3.3599 0
77 79 86 3.3614 0
52 91 99 3.3599 0
67 69 56 3.1831 0
47 69 57 3.1831 0
29 91 56 3.0244 0
72 61 91 3.1212 0
81 79 60 3.1159 0
105 88 52 0.5 0
86 74 68 3.1539 0
40 49 76 3.1316 0
57 63 107 3.1184 0
57 58 72 3.0507 0
90 63 55 2.9156 0
74 81 93 2.9035 0
57 47 55 2.9156 0
97 100 52 0.5 0
53 83 65 2.7657 0
32 78 55 2.9156 0
88 56 55 2.9156 0
71 23 83 2.654 0
36 80 76 2.8663 0
41 35 76 2.7657 0
48 41 67 2.6818 0
89 91 70 2.7607 0
71 72 70 2.7547 0
38 65 77 2.766 0
47 91 55 2.5778 0
45 17 52 0.5 0
79 15 52 0.0015 0
47 23 58 2.654 0
58 32 69 2.4823 0
34 61 55 2.4748 0
75 68 88 2.6437 0
66 92 89 2.352 0
71 38 88 2.5303 0
63 45 97 2.5605 0
37 46 55 2.53 0
83 71 74 2.4704 0
95 79 55 2.4146 0
51 91 62 2.4302 0
98 91 55 2.4652 0
70 90 64 2.4573 0
57 64 67 2.4245 0
65 61 71 2.4755 0
82 92 83 2.352 0
58 92 76 2.352 0
91 24 52 0.5 0
46 92 91 2.352 0
33 92 73 2.352 0
41 47 88 2.3025 0
76 83 55 2.2014 0
44 92 85 2.352 0
44 92 75 2.352 0
49 92 78 2.352 0
40 50 83 2.2 0
72 23 62 2.1673 0
89 80 67 2.1769 0
67 79 102 2.2668 0
73 83 61 2.2247 0
42 37 88 2.2955 0
75 75 91 2.1824 0
29 84 55 1.9574 0
41 82 99 2.0811 0
49 32 59 2.2105 0
42 76 55 2.0567 0
57 46 98 2.2059 0
46 78 104 2.1527 0
53 70 66 2.1752 0
0
