128
66 64 63 1.4133 0
19 33 63 1.4133 0
18 95 64 0.5367 0
111 31 62 0.5 0
111 96 64 0.5 0
31 65 64 1.4133 0
104 65 64 1.4133 0
50 94 63 1.4133 0
55 33 63 1.4133 0
80 94 63 1.4133 0
84 39 64 1.4133 0
106 46 76 0.7169 0
50 53 63 1.4133 0
85 63 63 1.4133 0
50 74 63 1.4133 0
98 85 64 1.4133 0
21 53 78 0.5 0
36 39 64 1.4133 0
31 85 64 1.4133 0
98 49 63 1.4133 0
20 49 63 1.4133 0
66 87 64 1.4133 0
70 33 63 1.4133 0
18 75 63 0.5367 0
73 50 62 0.9055 0
99 33 63 1.4133 0
74 77 63 1.4133 0
108 43 64 1.4133 0
107 76 64 1.4133 0
40 93 73 0.5 0
21 62 64 1.8582 0
47 41 63 1.4133 0
55 64 64 1.4133 0
42 64 64 1.4133 0
41 93 64 2.137 0
93 97 62 0.5 0
102 94 64 1.4133 0
94 59 63 1.4133 0
27 94 64 1.4133 0
20 64 77 0.5 0
106 54 70 0.8785 0
47 83 64 1.4133 0
97 75 63 0.9966 0
60 94 64 1.4133 0
26 77 64 1.4133 0
18 85 64 0.5367 0
28 34 64 1.4133 0
108 85 63 1.4133 0
76 63 64 1.4133 0
88 90 63 1.4133 0
63 42 65 0.5 0
41 34 73 0.5 0
75 87 63 1.4133 0
95 41 63 1.4133 0
43 31 62 0.6024 0
28 57 64 1.4133 0
91 34 64 1.4133 0
77 43 63 1.4133 0
70 94 63 1.4133 0
55 41 64 1.4133 0
102 56 63 1.4133 0
29 43 64 1.4133 0
101 76 73 0.5 0
102 41 64 2.2224 0
54 86 63 1.4133 0
22 70 63 1.4133 0
72 56 64 1.2496 0
49 60 63 1.4133 0
81 32 64 1.1103 0
102 74 64 2.2195 0
63 37 63 1.4133 0
48 33 63 1.4133 0
39 35 64 2.2979 0
21 58 75 1.1431 0
106 52 64 1.8582 0
22 90 63 1.4133 0
21 56 64 1.8582 0
98 67 63 1.4133 0
92 65 63 1.4133 0
18 41 65 0.9055 0
23 42 63 1.4133 0
108 34 64 1.4133 0
108 70 64 1.4133 0
75 71 63 1.4133 0
60 87 63 1.4133 0
69 43 62 0.9055 0
111 60 62 0.5 0
81 87 63 1.4133 0
22 82 63 1.4133 0
106 56 78 0.5 0
102 81 63 1.4133 0
108 58 64 1.4133 0
76 33 63 1.4133 0
52 69 64 1.4133 0
101 40 73 0.5 0
40 85 62 0.8436 0
26 52 64 1.4133 0
36 87 64 1.4133 0
106 47 64 1.8582 0
95 92 65 0.9055 0
70 39 63 1.4133 0
46 90 63 1.4133 0
52 45 63 1.4133 0
47 65 64 1.4133 0
108 90 64 1.4133 0
31 90 64 1.4133 0
23 36 63 1.4133 0
50 79 63 1.4133 0
28 69 64 1.4133 0
69 60 63 1.4133 0
35 95 64 1.1103 0
91 84 65 0.9055 0
87 97 66 0.5 0
106 47 71 0.8785 0
96 89 63 1.4133 0
96 81 63 1.4133 0
28 81 63 1.4133 0
90 94 64 1.4133 0
36 61 62 0.8101 0
96 63 63 1.4133 0
27 47 64 1.4133 0
75 47 63 1.4133 0
73 67 63 1.4133 0
59 39 63 1.4133 0
70 82 65 0.9055 0
76 57 63 1.4133 0
79 36 64 1.4133 0
78 90 64 1.4133 0
0
