128
65 65 64 0.7984 0
70 72 7 0.5 0
61 59 121 0.5 0
72 60 35 0.8941 0
64 59 92 0.7167 0
42 72 108 0.5 0
75 60 18 0.951 0
66 67 48 0.6214 0
67 71 26 0.5 0
66 61 78 0.7518 0
62 59 107 0.7339 0
52 65 113 0.7555 0
63 63 13 0.5 0
71 60 55 0.5 0
67 70 37 0.5 0
64 62 29 0.695 0
72 62 8 0.5 0
71 60 45 0.5151 0
68 70 17 0.7647 0
63 62 39 0.6834 0
62 62 55 0.5 0
72 63 26 0.7484 0
69 59 69 0.5 0
66 62 20 0.7688 0
64 65 85 0.5 0
57 61 116 0.6273 0
63 63 100 0.5 0
64 66 72 0.5 0
67 67 56 0.5 0
69 66 32 0.6984 0
70 59 62 0.5 0
71 67 12 0.797 0
78 59 9 0.5 0
63 61 47 0.5 0
62 60 70 0.5 0
48 70 110 0.5 0
70 65 40 0.5 0
65 59 85 0.6364 0
63 65 7 0.5 0
70 61 14 0.5022 0
73 66 19 0.5 0
63 60 113 0.5 0
68 60 50 0.7162 0
64 60 60 0.5 0
75 59 29 0.5 0
76 64 12 0.5 0
69 68 22 0.6232 0
65 60 66 0.7227 0
66 68 42 0.5 0
67 61 36 0.7894 0
66 61 43 0.7289 0
74 60 23 0.9375 0
63 59 97 0.7033 0
67 62 10 0.5482 0
69 61 30 0.5948 0
66 62 73 0.7894 0
68 71 12 0.7142 0
62 60 81 0.6415 0
63 64 24 0.5 0
68 62 59 0.7632 0
64 64 90 0.5 0
72 60 40 0.7532 0
62 59 102 0.6899 0
68 63 54 0.7975 0
69 67 27 0.6609 0
66 70 31 0.5 0
61 58 117 0.839 0
74 67 8 0.5 0
70 65 46 0.5 0
75 60 13 0.717 0
73 64 15 0.7107 0
63 62 34 0.6815 0
64 65 80 0.5 0
69 63 66 0.5 0
64 61 51 0.7491 0
70 61 21 0.7686 0
73 63 31 0.5 0
69 65 36 0.748 0
62 60 75 0.4017 0
62 60 88 0.5884 0
64 63 95 0.5 0
66 66 52 0.774 0
67 61 25 0.2747 0
67 62 16 0.7698 0
65 64 69 0.7627 0
77 63 8 0.5 0
64 64 76 0.6603 0
68 64 49 0.7601 0
68 65 43 0.7611 0
73 60 31 0.5607 0
71 65 23 0.7621 0
67 62 83 0.5 0
65 65 59 0.5 0
67 60 56 0.7495 0
72 60 51 0.5 0
63 63 17 0.4551 0
70 69 9 0.7137 0
68 59 75 0.5 0
67 68 34 0.772 0
67 67 39 0.7344 0
73 60 27 0.8772 0
66 61 89 0.5 0
70 67 19 0.789 0
49 67 111 0.7019 0
64 63 10 0.7812 0
73 63 20 0.7481 0
72 61 11 0.7415 0
67 71 21 0.5 0
71 61 17 0.7082 0
64 62 86 0.7006 0
65 61 103 0.5 0
66 63 32 0.5 0
55 63 114 0.8423 0
62 62 65 0.5 0
68 62 40 0.5 0
76 61 10 0.7471 0
63 60 78 0.7897 0
66 60 63 0.7683 0
66 59 81 0.5404 0
67 63 62 0.6694 0
63 63 43 0.5 0
65 60 70 0.6882 0
69 61 27 0.7352 0
62 62 105 0.5 0
71 64 29 0.6845 0
71 63 34 0.7219 0
73 65 10 0.6733 0
67 64 13 0.5 0
0
