128
76 64 63 1.8577 0
10 73 63 2.2068 0
35 18 63 2.2068 0
51 120 62 0.5 0
94 18 63 1.5577 0
93 109 63 2.2068 0
117 54 63 2.2068 0
41 59 63 1.7456 0
37 93 64 2.2068 0
66 34 63 2.2068 0
68 94 63 2.2068 0
100 81 63 2.2068 0
94 44 64 2.2068 0
22 38 64 1.8168 0
57 75 64 2.2068 0
74 11 63 2.1264 0
74 115 63 2.2068 0
53 10 64 1.7355 0
17 93 64 1.5107 0
22 56 64 2.2068 0
59 51 63 2.2068 0
98 63 63 2.2068 0
42 36 64 1.3431 0
53 103 64 2.2068 0
109 35 63 2.2068 0
116 75 63 2.2068 0
27 73 63 2.2068 0
84 95 63 2.2068 0
110 98 65 0.5 0
32 112 66 0.5 0
84 28 63 2.2068 0
54 26 63 2.2068 0
33 44 63 2.2068 0
68 81 63 2.2068 0
71 52 63 2.2068 0
11 52 63 2.2068 0
86 59 63 2.2068 0
26 87 64 2.2068 0
50 66 63 2.2068 0
69 23 63 2.2068 0
102 92 63 2.2068 0
102 51 63 2.2068 0
76 102 64 2.2068 0
31 63 63 2.0298 0
59 86 63 2.2068 0
43 27 63 2.2068 0
36 106 64 2.2068 0
92 35 63 2.2068 0
88 68 64 2.2068 0
54 114 63 2.2068 0
108 71 63 2.2068 0
66 105 63 1.2801 0
40 68 63 1.743 0
91 86 62 1.199 0
45 95 63 2.2068 0
59 94 63 2.2068 0
98 71 63 2.2068 0
57 40 62 0.6546 0
101 41 64 2.2068 0
75 71 63 2.2068 0
65 44 65 1.1989 0
77 26 64 2.2068 0
86 104 63 1.5388 0
32 83 64 2.2068 0
50 56 63 0.8334 0
106 59 65 1.1989 0
27 51 64 2.2068 0
37 33 63 2.2068 0
59 17 65 0.7147 0
37 24 64 2.2068 0
111 56 64 2.2068 0
108 94 64 2.2068 0
52 17 63 1.5661 0
21 71 63 2.2068 0
68 40 63 2.2068 0
89 22 63 1.8168 0
32 69 63 2.2068 0
59 102 63 2.2068 0
23 62 63 2.2068 0
59 44 63 2.2068 0
59 36 63 2.2068 0
67 100 64 2.2068 0
37 63 63 2.2068 0
94 90 63 2.2068 0
60 25 63 2.2068 0
32 37 64 1.9716 0
80 60 63 2.2068 0
36 100 64 2.2068 0
90 28 63 2.2068 0
74 109 63 2.2068 0
68 87 63 2.2068 0
56 108 63 2.2068 0
72 29 63 2.2068 0
26 67 63 2.2068 0
16 74 63 2.2068 0
54 54 63 2.2068 0
80 68 63 2.2068 0
36 87 63 2.2068 0
88 99 64 2.2068 0
53 71 63 2.2068 0
46 62 64 2.2068 0
37 39 63 2.2068 0
68 47 63 2.2068 0
102 75 63 2.2068 0
102 67 63 2.2068 0
98 55 63 2.2068 0
94 67 63 2.2068 0
94 59 63 2.2068 0
50 30 63 2.2068 0
49 99 63 2.2068 0
75 56 63 2.2068 0
71 75 63 2.2068 0
64 77 63 2.2068 0
63 90 63 2.2068 0
57 20 63 2.2068 0
95 84 63 2.2068 0
21 33 63 2.2068 0
56 14 63 2.2068 0
94 23 63 2.2068 0
102 59 63 2.2068 0
21 89 63 2.2068 0
103 36 63 2.2068 0
27 81 63 2.2068 0
59 80 63 2.2068 0
100 87 64 2.2068 0
17 54 63 2.2068 0
27 58 63 2.2068 0
99 46 63 2.2068 0
0
