128
68 64 67 2.3781 0
61 13 68 4.2416 0
71 121 64 0.5 0
63 98 68 4.2416 0
64 44 68 4.2416 0
64 29 68 4.2416 0
62 84 68 4.2416 0
63 112 68 4.2416 0
64 57 68 4.2416 0
64 71 68 4.2416 0
67 21 69 3.2346 0
59 21 69 3.0231 0
59 36 69 2.8 0
68 36 69 2.7946 0
67 105 67 2.7761 0
73 8 64 0.5 0
59 50 69 2.5917 0
72 9 73 0.5 0
59 63 69 2.3983 0
67 78 70 2.2267 0
71 119 74 0.5 0
61 105 70 2.2273 0
68 11 70 2.2267 0
60 91 70 2.2267 0
68 15 66 2.2259 0
67 92 70 2.2283 0
68 51 70 2.2267 0
60 77 66 2.2259 0
68 88 66 2.0212 0
58 119 74 0.5 0
58 41 66 1.7178 0
68 117 69 1.5734 0
58 120 64 0.5 0
64 64 71 1.325 0
64 120 74 0.5 0
71 109 73 0.5 0
71 60 74 0.5 0
60 77 71 1.3161 0
67 10 65 1.218 0
68 79 65 1.218 0
72 27 73 0.5 0
72 42 73 0.5 0
58 68 70 1.3162 0
58 67 66 1.331 0
71 85 72 0.5 0
59 117 71 1.2189 0
59 103 65 1.218 0
59 117 65 1.218 0
59 93 65 1.218 0
68 52 65 1.218 0
56 56 73 0.5 0
59 107 65 1.218 0
72 26 64 0.5 0
56 44 73 0.5 0
71 73 74 0.5 0
71 98 73 0.5 0
58 25 65 1.218 0
58 41 71 1.2189 0
71 65 74 0.5 0
58 56 71 1.2231 0
67 117 65 1.218 0
58 45 71 1.2189 0
58 30 71 1.2189 0
68 83 71 1.2189 0
63 65 65 1.218 0
63 23 65 1.218 0
58 30 65 1.218 0
68 83 65 1.218 0
69 16 71 1.2189 0
67 87 71 1.3085 0
69 68 71 1.2949 0
64 51 65 1.218 0
64 38 65 1.218 0
63 92 65 1.218 0
69 60 71 1.2842 0
58 73 70 1.2418 0
58 45 65 1.218 0
62 105 65 1.218 0
65 77 65 1.218 0
71 95 65 0.5 0
72 47 65 0.5 0
68 108 71 1.2189 0
69 41 71 1.2189 0
69 26 71 1.2189 0
68 101 71 1.2189 0
59 26 71 1.2189 0
69 74 71 1.2189 0
64 18 65 1.218 0
69 41 65 1.218 0
68 95 65 1.218 0
69 26 65 1.218 0
59 60 65 1.218 0
59 54 65 1.218 0
59 89 65 1.218 0
69 47 65 1.2148 0
69 33 65 1.218 0
62 35 65 1.218 0
58 73 66 1.2418 0
69 75 67 1.2068 0
69 60 65 1.1823 0
55 8 64 0.5 0
69 68 65 1.1244 0
58 80 71 1.1377 0
56 8 73 0.5 0
71 112 65 0.5 0
57 17 65 1.0671 0
69 84 68 1.0729 0
70 19 65 1.0319 0
58 95 71 0.9145 0
57 109 73 0.5 0
72 31 72 0.5 0
72 55 67 0.5 0
69 92 66 0.9539 0
71 113 73 0.5 0
71 105 74 0.5 0
57 26 68 0.9332 0
69 96 69 0.8945 0
70 29 66 0.8832 0
57 29 68 0.8886 0
63 120 69 0.5 0
70 46 73 0.5 0
72 56 72 0.5 0
69 98 66 0.8647 0
70 26 68 0.9278 0
70 32 71 0.8385 0
57 57 67 0.972 0
58 102 69 0.8104 0
70 29 71 0.8832 0
0
