128
64 63 60 0.5 0
41 117 68 0.5 0
87 11 66 0.5 0
92 110 61 0.5 0
37 19 59 0.882 0
37 83 68 0.8763 0
90 44 68 0.8763 0
91 78 70 0.5 0
37 50 68 0.8763 0
65 95 59 0.5 0
60 36 60 0.5 0
62 11 61 0.5 0
70 117 59 0.5 0
90 62 59 0.882 0
79 28 59 0.5 0
37 100 59 0.882 0
84 92 59 0.5 0
37 67 59 0.882 0
54 80 59 0.5 0
74 48 59 0.5 0
75 77 60 0.5 0
54 109 59 0.2655 0
37 36 59 0.882 0
52 51 60 0.5 0
92 27 68 0.5 0
52 23 59 0.5 0
51 95 59 0.5 0
75 12 59 0.8994 0
90 98 70 0.5 0
43 12 69 0.5 0
90 35 59 0.882 0
76 102 59 0.5 0
37 26 70 0.5 0
89 75 58 0.4534 0
90 20 58 0.5 0
49 12 59 0.8941 0
82 115 59 0.8885 0
53 68 60 0.5 0
63 50 59 0.8383 0
38 112 59 0.9577 0
90 51 59 0.882 0
90 66 70 0.5 0
37 56 59 0.882 0
37 89 59 0.882 0
37 106 68 0.8763 0
49 35 59 0.5 0
71 36 59 0.5 0
37 64 70 0.5 0
90 88 68 0.8763 0
78 58 60 0.5 0
90 100 59 0.882 0
38 94 69 0.5 0
37 78 59 0.882 0
87 115 69 0.5 0
90 56 68 0.8763 0
37 37 70 0.5 0
72 87 60 0.5 0
37 46 59 0.882 0
62 73 60 0.5 0
61 115 59 0.8993 0
37 73 68 0.8763 0
90 84 59 0.882 0
47 115 59 0.8877 0
46 104 59 0.5 0
74 67 59 0.2655 0
67 104 60 0.5 0
60 87 60 0.5 0
90 106 68 0.8763 0
90 35 68 0.8763 0
90 19 68 0.8763 0
37 18 68 0.8664 0
46 85 59 0.2655 0
84 13 58 0.4534 0
56 59 59 0.2655 0
90 43 59 0.882 0
37 28 59 0.882 0
70 56 59 0.5 0
55 43 59 0.2655 0
74 21 59 0.2655 0
80 84 59 0.2655 0
46 57 59 0.2655 0
41 12 59 0.7179 0
66 42 60 0.5 0
92 69 63 0.5 0
90 27 59 0.882 0
82 51 60 0.5 0
70 28 59 0.2655 0
56 102 60 0.5 0
76 94 59 0.2655 0
37 57 68 0.8763 0
68 79 59 0.5 0
47 78 60 0.5 0
68 13 59 0.8383 0
56 13 59 0.8383 0
81 21 60 0.5 0
44 25 60 0.5 0
44 49 60 0.5 0
54 116 62 0.5 0
57 29 59 0.2655 0
73 110 59 0.2655 0
37 43 68 0.8763 0
78 37 59 0.5 0
92 95 64 0.5 0
90 72 68 0.8763 0
83 102 59 0.5 0
36 32 65 0.5 0
90 91 59 0.882 0
53 88 59 0.2655 0
69 72 59 0.2655 0
58 94 59 0.2655 0
91 15 62 0.5 0
76 115 59 0.8992 0
37 106 59 0.882 0
37 100 68 0.8763 0
90 50 68 0.8763 0
45 18 59 0.2655 0
92 80 64 0.5 0
85 57 59 0.2655 0
88 113 59 0.8963 0
38 112 68 0.7215 0
38 23 64 0.5 0
88 106 59 0.5742 0
56 74 60 0.5 0
50 29 59 0.5 0
61 56 60 0.5 0
84 79 59 0.2655 0
37 89 68 0.8763 0
71 98 59 0.2655 0
0
