128
58 58 83 16.6124 0
101 65 40 8.0926 0
27 65 40 8.0926 0
66 38 33 0.6349 0
95 66 86 7.5625 0
51 52 40 8.0926 0
76 70 41 8.7727 0
67 65 110 9.6002 0
76 77 90 9.3452 0
31 64 64 6.2281 0
51 70 41 8.7727 0
96 64 64 6.2281 0
32 66 86 7.5625 0
77 52 40 8.0926 0
79 69 74 7.5352 0
49 79 73 7.3274 0
79 49 73 7.3274 0
75 61 57 5.8659 0
68 80 74 6.5305 0
48 78 93 6.5337 0
79 51 93 6.5337 0
52 61 56 5.8659 0
52 74 58 5.8659 0
75 74 57 5.8659 0
52 60 106 5.5687 0
61 81 93 5.3301 0
33 48 41 3.1073 0
54 73 106 4.8228 0
97 49 52 1.7083 0
95 47 34 2.0453 0
93 79 51 1.9692 0
82 59 83 4.5116 0
34 79 51 1.969 0
64 51 105 4.5608 0
77 63 95 4.5179 0
35 85 33 0.5 0
80 82 76 4.3867 0
94 81 34 2.0081 0
36 47 57 0.917 0
27 52 36 4.0571 0
35 53 83 3.6682 0
92 53 83 3.6679 0
100 52 36 4.0571 0
58 82 82 3.8076 0
99 52 46 3.8441 0
54 51 60 3.8551 0
28 52 46 3.8441 0
31 77 45 3.8038 0
96 77 45 3.8038 0
77 51 61 3.7671 0
75 45 84 3.726 0
46 46 70 3.7202 0
67 78 104 3.5529 0
99 77 36 3.5229 0
73 51 52 3.5715 0
93 64 53 3.2772 0
34 64 53 3.2772 0
39 38 32 0.5296 0
28 77 36 3.5229 0
45 46 95 3.4375 0
77 56 104 3.2474 0
44 75 83 3.5037 0
87 40 34 1.4472 0
60 74 69 3.2959 0
74 59 69 3.2959 0
70 45 95 3.3221 0
57 55 113 3.3545 0
33 49 69 0.7002 0
93 81 64 0.5 0
68 70 69 3.2959 0
46 68 69 3.274 0
96 50 71 0.7386 0
55 52 52 3.2442 0
35 79 64 0.7098 0
68 45 70 3.1648 0
45 68 96 3.1636 0
53 67 113 3.1139 0
94 48 41 3.1073 0
83 46 84 3.0732 0
23 72 54 1.1748 0
44 61 35 3.0532 0
104 72 54 1.1748 0
32 77 74 0.7379 0
95 77 74 0.7379 0
25 55 75 0.865 0
57 39 33 1.0375 0
36 56 91 2.7666 0
91 56 91 2.7663 0
91 48 62 0.917 0
39 78 33 1.0375 0
46 60 48 2.7903 0
22 57 54 1.1454 0
69 61 35 2.751 0
58 61 35 2.751 0
25 73 49 2.7496 0
102 56 76 0.6878 0
78 70 104 2.8046 0
102 73 49 2.7491 0
81 60 48 2.7903 0
28 50 58 0.6205 0
106 60 53 1.3559 0
23 57 49 2.7793 0
104 57 49 2.7793 0
50 83 84 2.7196 0
65 83 85 2.7749 0
99 56 82 2.7204 0
28 56 82 2.7204 0
61 78 109 2.5173 0
32 65 74 2.7078 0
95 65 74 2.7078 0
92 60 46 2.6737 0
100 51 61 0.7323 0
84 62 35 2.4834 0
28 77 59 0.7408 0
99 77 59 0.7408 0
66 52 113 2.6079 0
90 75 81 2.5232 0
77 79 68 2.2881 0
39 46 34 1.2493 0
37 75 81 2.5232 0
79 63 103 2.545 0
84 67 93 2.4959 0
84 61 91 2.4959 0
74 75 103 2.545 0
44 44 35 2.5521 0
70 44 35 2.5521 0
58 44 35 2.5521 0
56 73 97 2.5022 0
0
