128
75 68 63 5.965 0
18 45 50 3.8494 0
64 16 45 4.9254 0
29 97 45 4.4005 0
35 69 62 12.3036 0
56 34 76 8.6599 0
77 102 47 7.8713 0
91 42 48 8.8792 0
57 92 62 12.1816 0
112 87 85 0.5 0
97 76 48 8.8188 0
82 86 62 12.363 0
73 36 62 12.3152 0
42 44 62 12.2704 0
92 59 62 12.1162 0
39 87 49 9.2352 0
57 29 48 8.8792 0
41 86 76 8.6599 0
89 42 76 8.3402 0
76 116 85 0.5 0
24 57 47 7.8713 0
12 51 85 0.5 0
94 77 77 7.652 0
71 96 77 7.652 0
31 55 77 7.5621 0
80 23 47 7.3651 0
48 103 47 7.155 0
24 78 47 7.2002 0
94 94 47 7.155 0
40 30 47 7.1725 0
104 53 47 6.8995 0
29 42 46 6.8634 0
46 114 86 0.5 0
74 14 83 1.342 0
30 24 84 0.9981 0
115 57 85 0.5 0
14 80 84 0.7157 0
70 88 46 6.1667 0
63 108 48 6.2286 0
39 58 46 5.9415 0
54 73 63 5.965 0
60 51 63 5.965 0
93 107 86 0.5 0
41 35 79 5.6363 0
28 74 79 5.4824 0
71 28 79 5.5146 0
99 62 79 5.4951 0
50 43 45 5.3506 0
50 98 79 5.1745 0
50 14 65 1.0561 0
52 61 60 5.1764 0
111 64 49 5.2518 0
66 76 60 5.1764 0
74 56 60 5.1764 0
116 78 65 0.5 0
87 22 82 2.2906 0
39 72 44 4.8477 0
20 36 84 0.9508 0
54 27 63 4.8916 0
76 43 45 4.8478 0
19 89 70 0.8893 0
82 79 45 4.9702 0
93 62 44 4.8477 0
101 97 83 1.3322 0
47 46 80 4.6284 0
71 33 44 4.8477 0
87 91 79 4.8239 0
58 12 84 0.9342 0
61 114 83 0.9369 0
86 113 68 0.5 0
56 93 44 4.8477 0
111 44 73 0.7855 0
107 90 66 1.1064 0
105 33 64 0.9125 0
70 115 66 0.992 0
81 82 80 4.6284 0
45 18 82 1.7639 0
27 100 65 0.7499 0
107 75 65 2.803 0
21 94 86 0.5 0
12 64 82 0.8732 0
95 20 65 0.5 0
39 72 80 4.6284 0
89 57 80 4.6284 0
76 38 80 4.6284 0
56 89 80 4.6284 0
32 42 80 4.5571 0
12 59 68 0.7005 0
98 76 63 4.4587 0
18 45 67 1.5744 0
94 41 63 4.5793 0
64 16 70 1.8584 0
113 72 78 1.4276 0
97 29 45 4.3923 0
46 19 45 4.4694 0
32 105 84 0.7927 0
41 110 69 0.7509 0
85 105 74 2.5226 0
93 27 58 2.4933 0
35 20 68 0.8903 0
36 90 63 4.3922 0
117 59 70 0.5 0
83 30 80 4.2272 0
85 55 46 3.9339 0
97 99 71 1.9807 0
60 102 80 4.0185 0
55 117 65 0.5 0
23 31 70 0.9842 0
82 108 62 2.1412 0
67 17 59 2.5457 0
40 46 43 3.8398 0
53 84 47 3.8622 0
65 98 43 3.8398 0
86 69 43 3.8398 0
64 40 43 3.8398 0
30 68 43 3.8398 0
109 41 86 0.5 0
100 29 82 1.4807 0
24 89 77 2.4741 0
79 14 69 0.5385 0
109 82 45 3.8412 0
83 91 43 3.8398 0
28 30 48 3.8672 0
111 48 61 1.5069 0
13 75 71 0.9827 0
99 52 76 3.6688 0
86 68 80 3.7365 0
19 62 76 2.8186 0
0
