128
68 66 64 5.8555 0
33 38 47 7.3127 0
43 50 84 12.0292 0
35 94 47 6.444 0
89 43 51 12.1131 0
95 92 45 5.9946 0
94 57 86 7.6609 0
59 96 63 6.6099 0
54 71 75 10.9968 0
86 89 71 6.193 0
34 68 46 7.0737 0
75 62 49 10.0973 0
92 73 74 9.6766 0
67 39 48 8.6021 0
72 94 47 6.444 0
34 69 70 8.5776 0
73 78 74 8.2075 0
56 38 70 7.4714 0
94 66 47 7.6609 0
94 43 77 7.6609 0
94 56 67 7.6609 0
35 38 69 7.4714 0
35 96 63 6.6099 0
58 68 46 7.0737 0
74 96 63 6.6099 0
40 84 73 6.7347 0
95 96 63 6.6099 0
48 97 54 6.5301 0
85 97 53 6.4861 0
58 92 45 5.9946 0
75 36 62 5.1929 0
61 87 73 5.3386 0
59 59 87 5.3321 0
59 48 93 5.3321 0
31 64 85 5.3145 0
85 67 61 5.2339 0
53 37 44 5.058 0
96 35 66 4.964 0
47 92 66 4.8731 0
47 88 44 4.7177 0
84 88 44 4.7177 0
59 41 83 4.4568 0
97 67 60 4.6372 0
27 54 59 1.6136 0
97 79 43 4.0501 0
58 67 59 4.3438 0
85 75 44 4.3143 0
93 45 91 4.3097 0
60 52 79 4.3243 0
46 64 43 3.9365 0
30 47 95 4.2361 0
73 48 57 4.0783 0
61 80 43 3.9419 0
74 83 43 4.0501 0
47 73 44 4.171 0
69 75 43 4.0501 0
30 80 78 4.1263 0
35 83 43 4.0501 0
97 88 74 3.9792 0
27 53 41 1.6136 0
65 34 61 3.9562 0
41 67 85 3.9183 0
31 64 57 3.9365 0
39 75 81 3.7712 0
65 100 54 3.7108 0
98 57 55 3.6294 0
29 92 72 3.6294 0
29 58 77 3.6294 0
29 42 79 3.6294 0
29 41 58 3.6294 0
29 56 91 3.6294 0
98 55 43 3.6294 0
51 87 75 3.5506 0
44 42 43 3.4399 0
79 66 69 3.5286 0
86 34 65 3.4923 0
98 100 53 3.5687 0
62 42 60 3.5247 0
29 84 69 3.2592 0
74 91 73 3.42 0
65 53 55 3.3459 0
65 53 43 3.3459 0
57 34 58 3.1958 0
46 36 76 3.2445 0
44 34 45 3.1623 0
78 34 42 3.0422 0
75 49 42 3.0422 0
29 50 75 3.0492 0
34 34 58 3.1744 0
29 42 88 3.0239 0
53 79 44 3.0978 0
81 73 83 2.914 0
88 57 42 3.0422 0
29 101 55 2.8342 0
43 80 42 3.0422 0
85 99 65 3.0114 0
98 33 42 2.9483 0
29 73 83 2.914 0
28 78 44 2.6215 0
63 54 68 1.3006 0
99 45 66 2.6215 0
27 57 49 1.6136 0
77 62 63 2.7449 0
28 94 55 2.6215 0
67 95 71 2.6799 0
27 54 67 1.6136 0
38 101 54 2.7105 0
28 88 42 2.6215 0
99 69 85 2.6215 0
99 49 95 2.6215 0
75 101 54 2.7105 0
56 42 53 2.6483 0
87 58 57 2.4582 0
53 85 68 2.5397 0
49 64 88 2.6325 0
54 94 72 2.5501 0
99 62 77 2.6215 0
99 33 58 2.6215 0
99 41 87 2.5952 0
89 68 86 2.559 0
45 100 64 2.5398 0
66 74 83 2.4486 0
46 43 69 2.432 0
90 33 72 2.4241 0
77 87 67 2.438 0
51 47 97 2.4981 0
70 87 67 2.438 0
27 47 65 1.6136 0
0
