128
63 63 64 0.5 0
63 120 49 0.5 0
63 8 50 0.5 0
51 33 102 0.5 0
59 102 92 0.5 0
81 91 37 0.5 0
85 39 96 0.5 0
61 40 39 0.6589 0
67 71 95 0.7292 0
56 93 62 0.6584 0
65 27 75 0.5252 0
72 112 72 0.7111 0
67 71 41 0.5 0
66 49 85 0.5764 0
73 89 78 0.5 0
60 101 36 0.5 0
73 87 54 0.5 0
64 44 67 0.6832 0
62 21 37 0.5 0
56 111 63 0.7638 0
66 29 57 0.7074 0
64 10 68 0.5 0
74 88 96 0.5 0
65 75 78 0.7932 0
75 104 88 0.5 0
58 78 53 0.5 0
70 103 58 0.3936 0
57 115 79 0.5 0
57 91 79 0.5 0
61 86 40 0.7871 0
62 50 52 0.5 0
66 40 98 0.5 0
64 82 66 0.5794 0
58 97 49 0.4666 0
65 102 77 0.7359 0
62 64 51 0.6306 0
61 86 96 0.535 0
65 62 83 0.5 0
71 93 66 0.5531 0
67 39 78 0.7948 0
69 117 83 0.5 0
53 68 60 0.5 0
61 112 41 0.6818 0
66 84 86 0.6817 0
61 33 66 0.8074 0
63 120 62 0.5 0
66 55 71 0.5 0
52 43 98 0.5 0
57 107 73 0.815 0
71 113 61 0.5 0
59 103 57 0.7506 0
64 72 68 0.7829 0
65 93 55 0.6558 0
63 71 58 0.7389 0
64 85 76 0.7923 0
67 50 95 0.6275 0
65 17 76 0.5 0
58 105 83 0.7683 0
66 94 84 0.471 0
57 97 71 0.6042 0
75 89 44 0.7477 0
66 40 88 0.742 0
72 102 70 0.5004 0
76 42 95 0.557 0
63 10 59 0.7901 0
61 30 39 0.6094 0
69 80 95 0.6945 0
64 113 68 0.7901 0
68 71 50 0.6144 0
75 94 86 0.5 0
61 14 43 0.471 0
73 109 81 0.631 0
66 71 86 0.6817 0
58 87 55 0.5 0
64 51 61 0.5 0
65 48 76 0.6306 0
69 35 70 0.5 0
62 90 69 0.6559 0
66 82 52 0.5 0
58 93 89 0.1362 0
73 100 80 0.5516 0
67 93 96 0.5 0
57 70 49 0.7607 0
56 103 65 0.6599 0
58 111 89 0.5 0
63 79 59 0.7901 0
65 94 76 0.6306 0
67 57 89 0.5 0
62 44 47 0.5824 0
67 97 61 0.8048 0
72 95 73 0.8164 0
65 109 82 0.5 0
61 94 39 0.5421 0
59 42 97 0.7556 0
61 36 74 0.5 0
71 107 65 0.6585 0
62 80 46 0.4771 0
63 60 57 0.6336 0
58 98 82 0.7608 0
62 116 84 0.5 0
63 116 56 0.4553 0
74 111 88 0.5 0
64 109 75 0.5 0
68 88 71 0.7819 0
60 30 60 0.7009 0
59 96 57 0.7165 0
64 78 89 0.5 0
68 32 63 0.5 0
68 87 95 0.7999 0
57 114 72 0.5 0
68 82 80 0.8131 0
62 74 49 0.7931 0
57 90 73 0.815 0
66 78 71 0.5 0
72 106 75 0.6073 0
67 65 89 0.5 0
61 106 40 0.7871 0
71 101 64 0.7638 0
64 16 70 0.6336 0
63 68 45 0.5 0
73 73 40 0.5 0
62 114 47 0.5824 0
64 51 67 0.6814 0
65 57 64 0.5 0
64 88 51 0.492 0
57 101 76 0.5034 0
65 33 77 0.7359 0
58 111 83 0.7683 0
0
