128
63 66 62 2.3845 0
100 19 67 0.5 0
112 86 62 2.3845 0
20 95 62 2.3845 0
69 117 67 0.5 0
25 57 66 1.3762 0
98 55 62 2.3845 0
49 94 63 2.7134 0
79 93 63 2.6527 0
81 39 62 2.3845 0
45 51 62 2.3845 0
33 77 62 2.3845 0
86 73 62 2.3845 0
98 105 66 1.3021 0
14 77 62 2.2731 0
54 112 62 2.3845 0
65 47 62 2.3845 0
110 68 62 2.3845 0
37 108 62 2.3845 0
63 82 63 2.7968 0
81 111 62 2.3845 0
98 32 62 2.3845 0
78 57 62 2.3845 0
97 87 63 2.8232 0
50 73 62 2.3845 0
37 64 63 2.5122 0
68 100 62 2.3845 0
105 97 62 2.3845 0
21 67 62 2.3845 0
39 87 63 2.6484 0
97 69 62 2.3845 0
55 57 62 2.3845 0
32 98 62 2.3845 0
75 72 62 2.3845 0
87 30 62 2.3845 0
90 97 63 1.852 0
87 85 63 2.5657 0
71 111 62 2.3845 0
95 21 62 2.3845 0
107 77 62 2.3845 0
63 91 63 2.7931 0
78 84 63 2.659 0
27 89 62 2.3845 0
65 57 62 2.3845 0
48 81 63 2.7825 0
32 53 63 1.9759 0
99 45 66 1.1789 0
54 46 64 1.3311 0
77 46 63 2.4487 0
86 59 62 2.3845 0
76 102 62 2.3845 0
63 113 62 2.3845 0
58 102 61 1.3766 0
91 108 61 1.3766 0
71 81 63 2.769 0
28 63 62 2.3845 0
38 94 63 2.9626 0
45 64 62 2.3845 0
14 86 66 1.3182 0
49 102 62 2.3845 0
45 112 66 1.3024 0
56 83 63 2.8075 0
56 91 63 2.8097 0
74 63 63 2.4275 0
20 87 62 2.3845 0
27 71 62 2.3845 0
21 77 62 2.3845 0
107 60 66 1.2113 0
70 94 63 2.7244 0
86 102 62 2.3845 0
55 64 62 2.3845 0
84 79 63 2.6727 0
39 79 63 2.6484 0
104 89 62 2.3845 0
86 93 63 2.7333 0
96 80 62 2.3845 0
89 48 65 0.3363 0
38 52 62 2.3845 0
100 102 62 2.3845 0
27 106 68 0.5 0
117 78 68 0.5 0
70 68 62 2.3845 0
93 64 62 2.3845 0
65 72 62 2.3845 0
94 93 62 2.3845 0
24 101 66 1.3456 0
95 37 63 2.4841 0
86 65 63 2.3877 0
34 83 62 2.3845 0
33 70 62 2.3845 0
59 46 62 2.3845 0
92 27 63 2.4514 0
47 88 63 2.3979 0
28 57 62 2.3845 0
55 51 62 2.3845 0
38 58 62 2.3845 0
37 102 62 2.3845 0
27 83 62 2.3845 0
27 77 62 2.3845 0
49 108 62 2.3845 0
72 57 62 2.3845 0
71 47 62 2.3845 0
33 89 62 2.3845 0
45 57 62 2.3845 0
61 97 62 2.3845 0
72 88 63 2.3849 0
17 72 62 2.3845 0
22 61 62 2.3082 0
17 82 62 2.3845 0
55 76 62 2.3845 0
86 108 62 2.3845 0
55 70 62 2.3845 0
38 73 62 2.3845 0
86 36 62 2.3845 0
54 105 62 2.3845 0
54 99 62 2.3845 0
27 101 62 2.3845 0
27 95 62 2.3845 0
83 54 62 2.3845 0
81 105 62 2.3845 0
81 99 62 2.3845 0
81 70 62 2.3845 0
81 62 62 2.3845 0
78 77 62 2.3845 0
50 67 62 2.3845 0
50 61 62 2.3845 0
50 54 62 2.3845 0
50 48 62 2.3845 0
0
