128
63 62 74 15.6745 0
64 66 37 19.5714 0
64 63 104 13.0997 0
73 37 23 4.5568 0
39 48 21 3.4804 0
39 72 24 5.9217 0
89 61 24 5.9217 0
53 36 26 3.3003 0
50 47 24 6.2257 0
61 90 24 5.9217 0
47 83 24 5.9217 0
79 48 24 6.0626 0
83 80 24 5.9217 0
42 58 24 5.9389 0
80 64 59 5.9953 0
62 41 24 5.9217 0
43 63 63 5.8432 0
74 89 23 5.2294 0
71 51 57 4.9398 0
53 53 56 4.9369 0
84 63 70 4.6972 0
51 69 58 4.2643 0
51 64 91 4.1154 0
91 72 25 3.8833 0
76 60 90 3.9457 0
80 54 65 3.6355 0
47 52 65 3.558 0
71 74 59 3.6141 0
58 75 59 3.4868 0
82 63 81 3.5411 0
82 70 21 3.4804 0
89 51 21 3.4804 0
53 55 90 3.4468 0
43 64 74 3.3453 0
45 63 53 3.2486 0
74 68 90 3.2667 0
63 47 111 3.0126 0
62 50 58 3.0246 0
46 61 84 2.9761 0
44 57 71 2.8868 0
34 64 27 2.898 0
78 56 53 2.7924 0
47 67 20 2.4725 0
55 48 49 2.6391 0
50 58 96 2.6796 0
57 71 91 2.6507 0
81 39 20 2.4725 0
61 50 20 2.4725 0
82 57 76 2.4432 0
88 46 27 2.6165 0
81 39 27 2.6141 0
69 82 20 2.4725 0
51 91 20 2.4725 0
80 63 20 2.4725 0
71 54 90 2.4724 0
36 51 27 2.5106 0
69 51 20 2.4725 0
59 81 20 2.4725 0
51 75 20 2.4725 0
46 39 20 2.4725 0
34 65 20 2.4725 0
57 34 20 2.4725 0
80 57 20 2.4725 0
52 56 20 2.4725 0
74 78 20 2.4725 0
70 44 20 2.4725 0
72 48 49 2.4162 0
67 72 90 2.3236 0
42 42 26 2.3969 0
61 53 91 2.2611 0
74 49 65 2.2533 0
86 43 20 2.2567 0
51 47 34 2.1295 0
76 54 97 2.2211 0
69 48 109 2.2509 0
52 92 27 2.0436 0
82 68 76 2.2351 0
65 33 20 2.1544 0
78 56 84 2.2413 0
46 67 81 2.2119 0
78 68 84 2.2165 0
88 61 63 2.1306 0
48 56 50 2.141 0
66 33 27 2.0551 0
56 49 108 2.0514 0
44 58 77 2.1746 0
77 71 65 2.093 0
46 69 69 2.1228 0
47 51 32 2.0944 0
92 52 27 2.0408 0
61 41 44 0.882 0
91 77 20 2.0352 0
60 49 52 1.9904 0
64 77 61 2.0523 0
86 53 28 1.8902 0
51 54 100 2.0515 0
78 64 96 2.0556 0
47 38 28 1.8902 0
77 72 55 1.818 0
78 59 97 2.0067 0
39 82 20 1.9776 0
82 88 20 1.9751 0
49 64 98 1.9706 0
34 55 21 1.9549 0
81 88 28 1.8902 0
55 49 63 1.9247 0
75 48 78 1.8908 0
33 60 22 1.9563 0
94 68 20 1.8571 0
71 46 28 1.8902 0
85 68 28 1.9018 0
59 44 46 1.5627 0
39 82 28 1.8902 0
77 50 71 1.9173 0
34 57 28 1.8902 0
66 78 56 1.9227 0
61 33 28 1.8902 0
69 97 31 0.5 0
68 94 20 1.8564 0
42 50 28 1.8902 0
39 46 28 1.8902 0
69 93 28 1.8902 0
81 52 32 1.8293 0
49 68 85 1.8748 0
52 47 75 1.8363 0
62 73 89 1.8518 0
75 47 32 1.8102 0
63 44 42 1.7578 0
0
