128
77 74 80 3.1046 0
58 31 21 1.4461 0
59 97 19 0.8994 0
59 39 111 1.3431 0
79 67 36 1.9217 0
70 30 69 0.4105 0
61 102 56 1.3936 0
63 108 93 0.7902 0
61 75 113 0.5 0
74 55 96 5.3442 0
77 38 43 0.7329 0
61 87 88 4.317 0
71 94 37 3.0269 0
78 46 21 1.8297 0
66 103 76 4.8461 0
79 54 61 0.9637 0
59 33 89 2.1472 0
78 80 58 2.5572 0
81 82 18 0.5 0
61 71 94 3.865 0
75 81 94 3.8075 0
71 41 96 5.2651 0
69 34 29 3.3777 0
78 54 76 2.3226 0
73 88 86 5.8158 0
55 56 107 0.6514 0
74 97 58 2.321 0
79 64 20 1.3635 0
54 94 33 1.2972 0
75 72 89 5.2946 0
79 68 67 2.4746 0
79 50 36 1.2663 0
59 54 98 3.415 0
72 91 20 1.5835 0
76 39 60 0.8155 0
67 93 107 0.5 0
77 87 69 2.5194 0
80 65 51 0.9205 0
74 74 109 0.9863 0
61 37 96 4.4731 0
75 66 98 4.4462 0
69 57 115 0.5 0
76 39 79 0.8876 0
59 98 42 2.2493 0
77 83 33 1.9808 0
78 80 46 1.9691 0
78 48 51 1.2523 0
79 58 43 1.8866 0
73 98 81 3.9173 0
66 29 79 0.827 0
77 45 68 1.5184 0
66 95 31 3.6909 0
72 40 113 0.5 0
75 91 46 2.2474 0
72 101 66 2.3002 0
79 58 27 1.7557 0
79 74 30 2.0123 0
74 47 103 3.3454 0
76 88 76 3.2036 0
77 46 85 1.4009 0
77 60 88 3.2277 0
59 91 101 0.7502 0
70 99 50 2.025 0
79 59 67 2.1743 0
59 96 35 3.1631 0
71 91 99 1.4678 0
75 57 109 1.3806 0
65 74 105 1.1124 0
58 32 29 1.89 0
61 103 65 1.5683 0
77 42 33 1.3817 0
73 99 72 3.0668 0
74 89 31 2.6039 0
64 57 107 1.3818 0
65 98 39 2.8463 0
78 81 23 2.0436 0
71 56 105 2.9002 0
66 77 89 2.4438 0
68 34 21 2.5914 0
60 38 105 2.5863 0
78 81 65 2.5687 0
77 46 78 2.0006 0
72 36 87 2.2424 0
67 34 91 2.8347 0
71 40 106 2.3364 0
59 102 81 2.8118 0
79 50 28 1.57 0
71 92 26 2.7374 0
75 89 96 2.7488 0
73 74 99 2.7765 0
78 73 73 2.624 0
66 37 103 2.7289 0
69 107 89 1.0918 0
57 94 28 2.3809 0
78 56 82 2.5708 0
75 42 88 2.6767 0
60 78 90 2.6078 0
72 96 45 2.6002 0
60 93 82 2.3182 0
75 36 70 0.9676 0
58 44 99 2.5597 0
72 33 77 1.0795 0
62 60 96 2.583 0
75 89 39 2.4628 0
74 95 51 2.4327 0
75 96 64 2.362 0
80 66 58 1.2064 0
79 58 36 1.7012 0
80 70 46 1.1448 0
80 71 20 1.3568 0
58 100 75 2.3598 0
78 68 77 2.3071 0
78 48 59 1.4157 0
68 94 21 2.4166 0
71 104 86 2.3239 0
78 60 77 2.2164 0
79 67 42 2.1171 0
58 74 104 1.097 0
78 82 72 2.3777 0
75 88 23 2.2583 0
76 40 21 1.81 0
77 39 51 0.6535 0
63 100 46 2.1173 0
77 53 87 2.3183 0
78 80 52 2.2645 0
59 30 83 1.6998 0
77 72 55 0.8925 0
79 78 39 1.2221 0
0
