128
63 64 70 4.5796 0
69 69 7 0.5 0
68 59 121 0.5 0
63 64 32 4.5784 0
63 64 94 4.7389 0
68 64 51 1.4816 0
64 64 20 4.5852 0
63 64 57 4.5891 0
64 64 83 4.5827 0
60 70 113 0.5 0
64 64 45 4.5919 0
67 61 110 1.5568 0
63 68 106 1.7039 0
58 63 121 0.5 0
58 60 7 0.5 0
68 58 7 0.5 0
68 69 120 0.5 0
59 70 8 0.5 0
60 61 107 1.7493 0
60 62 116 1.3616 0
68 62 100 2.1441 0
64 68 101 2.023 0
59 62 102 1.971 0
69 65 11 0.8644 0
58 63 12 0.8923 0
64 58 12 0.8318 0
64 68 115 1.0686 0
67 61 105 1.8665 0
68 64 63 1.7078 0
64 59 63 1.6449 0
59 64 39 1.6413 0
63 59 39 1.5771 0
63 59 77 1.5478 0
67 63 119 0.8559 0
72 65 76 0.5 0
62 69 11 0.8515 0
67 62 115 1.363 0
59 63 63 1.6411 0
67 65 76 1.6121 0
60 65 77 1.6135 0
67 65 38 1.5993 0
64 68 77 1.6127 0
63 68 38 1.5832 0
64 68 64 1.5123 0
62 60 26 1.5083 0
64 68 26 1.5412 0
59 64 26 1.5373 0
65 60 51 1.4834 0
68 63 26 1.4776 0
63 68 51 1.4795 0
59 63 51 1.4197 0
69 68 110 0.5 0
72 65 89 0.5 0
65 58 98 1.3585 0
60 69 120 0.5 0
60 62 112 1.3616 0
71 67 105 0.5 0
61 59 99 1.3675 0
59 65 15 1.3639 0
63 59 15 1.3269 0
63 58 121 0.5 0
68 63 89 1.3359 0
62 72 88 0.5 0
66 72 15 0.5 0
64 68 110 1.3075 0
63 59 89 1.3307 0
72 62 15 0.5 0
68 63 14 1.1354 0
72 67 96 0.5 0
60 65 7 0.5 0
68 67 98 1.213 0
66 59 9 0.9052 0
59 64 88 1.1202 0
63 68 14 1.0948 0
68 57 35 0.5 0
72 62 94 0.5 0
66 67 8 0.8646 0
68 59 96 1.0382 0
57 66 109 0.5 0
71 60 56 0.5 0
59 68 98 1.1029 0
63 66 121 0.5 0
71 60 30 0.5 0
62 68 88 1.1134 0
63 67 118 1.0214 0
67 72 93 0.5 0
68 71 30 0.5 0
59 61 9 0.8891 0
66 60 75 0.9654 0
71 61 67 0.5 0
70 69 33 0.5 0
68 71 69 0.5 0
70 59 71 0.5 0
66 60 37 0.9496 0
69 68 116 0.5 0
62 62 121 0.5 0
61 60 65 0.9145 0
66 67 14 0.9236 0
58 58 83 0.5 0
62 56 53 0.5 0
60 67 9 0.6418 0
67 61 78 0.9606 0
63 70 97 0.9631 0
60 61 75 0.9538 0
72 66 36 0.5 0
67 68 104 0.8282 0
61 60 52 0.8703 0
67 61 65 0.911 0
60 61 37 0.9371 0
60 61 88 0.9041 0
69 67 95 0.9415 0
71 64 108 0.5 0
66 60 25 0.8522 0
68 61 29 0.9228 0
70 64 97 0.9202 0
66 60 88 0.9146 0
57 64 97 0.9158 0
61 68 112 0.7377 0
60 68 102 0.8279 0
70 66 113 0.5 0
58 60 98 0.8894 0
71 60 81 0.5 0
57 68 81 0.5 0
65 59 118 0.6976 0
69 64 107 0.7432 0
71 60 18 0.5 0
68 63 7 0.5 0
67 71 55 0.5 0
0
