128
59 63 61 10.4022 0
78 109 63 6.4727 0
78 18 63 6.4727 0
49 109 63 6.4711 0
49 18 63 6.4711 0
52 88 66 3.6109 0
75 88 66 3.6104 0
75 39 66 3.6104 0
52 41 66 3.6109 0
73 72 66 5.7589 0
73 55 67 5.4409 0
75 32 52 2.3698 0
51 31 70 4.295 0
53 31 52 2.3698 0
77 97 60 4.8039 0
77 30 60 4.8039 0
50 97 60 4.8021 0
50 30 60 4.8021 0
72 55 56 4.2525 0
71 72 55 4.2463 0
76 31 70 4.2942 0
51 96 70 4.2815 0
76 96 70 4.2807 0
53 76 68 4.1273 0
70 64 73 4.2466 0
55 83 51 0.5872 0
52 49 62 4.0695 0
57 118 78 0.5 0
72 119 78 0.5 0
75 46 61 3.661 0
74 64 58 3.7434 0
53 77 59 3.6714 0
75 81 61 3.661 0
57 9 77 0.5 0
52 113 73 3.6109 0
52 22 73 3.6109 0
75 113 73 3.6104 0
75 22 73 3.6104 0
75 13 73 3.3152 0
52 13 73 3.3131 0
54 53 71 3.541 0
63 70 74 3.3555 0
75 104 53 3.2111 0
52 104 53 3.2088 0
52 22 53 3.3777 0
75 22 53 3.3777 0
76 105 73 3.4496 0
51 105 73 3.4486 0
75 14 53 3.3213 0
52 14 53 3.32 0
52 112 53 3.3777 0
75 112 53 3.3777 0
65 57 74 3.3555 0
71 88 50 0.7021 0
54 42 53 1.412 0
52 88 58 2.8322 0
71 83 78 0.5 0
52 42 58 2.8322 0
75 46 69 2.8123 0
75 88 58 2.814 0
75 39 58 2.814 0
55 70 73 2.8189 0
75 81 69 2.8123 0
57 42 78 0.5 0
56 85 78 0.5 0
60 91 50 0.5 0
58 58 75 2.3476 0
70 73 75 2.3476 0
72 40 78 0.5 0
69 44 50 0.5 0
57 74 52 2.197 0
55 51 55 2.3296 0
52 97 52 2.3698 0
75 97 52 2.3698 0
70 65 52 2.3698 0
62 63 75 2.3476 0
53 46 72 2.1156 0
53 36 55 2.1153 0
50 83 61 2.0584 0
55 64 74 2.1031 0
53 38 72 2.1156 0
53 85 72 2.1156 0
77 64 66 2.0445 0
80 17 73 2.0732 0
47 17 73 2.0707 0
71 53 75 2.0295 0
73 41 73 1.5946 0
73 79 54 1.9879 0
73 48 54 1.9879 0
65 55 52 1.953 0
73 89 73 1.5946 0
57 119 66 0.5 0
81 110 72 1.749 0
46 110 72 1.7451 0
63 72 52 1.7972 0
77 58 60 1.7345 0
80 18 53 1.6196 0
47 18 53 1.6178 0
54 90 73 1.5951 0
77 52 60 1.7345 0
54 116 67 1.5951 0
54 11 67 1.5951 0
73 84 54 1.5946 0
73 43 54 1.5946 0
57 79 77 0.5 0
54 81 54 1.6716 0
54 37 60 1.5951 0
80 107 54 1.6888 0
47 107 54 1.6867 0
54 46 54 1.6716 0
73 11 58 1.5946 0
54 35 65 1.5951 0
73 26 66 1.5946 0
72 78 74 1.414 0
54 93 55 1.5951 0
54 26 65 1.5951 0
73 93 55 1.5946 0
52 116 58 1.6363 0
75 116 58 1.6363 0
73 102 68 1.5946 0
54 103 68 1.5951 0
54 100 75 1.5951 0
73 100 75 1.5946 0
57 29 78 0.5 0
54 82 65 1.5951 0
54 11 60 1.5951 0
73 11 66 1.5946 0
73 116 66 1.5946 0
0
