128
82 77 63 3.7024 0
45 48 116 0.5 0
50 46 16 2.9628 0
50 45 73 3.7163 0
71 85 110 2.3118 0
71 85 21 3.4605 0
82 50 103 3.711 0
46 76 49 2.4002 0
76 46 44 2.4 0
45 77 83 3.6997 0
85 56 16 2.7066 0
45 50 42 3.7084 0
45 77 21 3.6997 0
77 45 73 3.7155 0
45 77 111 2.1155 0
71 85 83 3.4605 0
84 71 38 2.4725 0
42 56 93 3.4665 0
85 71 93 3.4608 0
56 42 103 3.4666 0
71 42 21 3.4666 0
41 62 63 3.2749 0
71 85 41 3.4605 0
56 85 62 3.4603 0
56 85 103 3.4602 0
84 57 59 2.2772 0
62 42 58 2.2854 0
85 56 33 3.4626 0
85 62 76 2.2792 0
86 70 116 0.5 0
70 43 90 2.2802 0
56 85 41 3.4603 0
41 62 21 3.2752 0
62 42 39 2.2861 0
82 77 21 3.7024 0
45 77 62 3.6997 0
56 85 22 3.4603 0
56 85 84 3.4603 0
71 85 62 3.4605 0
82 77 104 3.7024 0
71 42 103 3.4662 0
50 45 31 3.7163 0
45 50 62 3.7084 0
42 65 38 2.2848 0
42 61 111 0.979 0
85 71 52 3.4607 0
56 42 84 3.4666 0
77 45 31 3.7155 0
77 82 93 3.7062 0
45 50 103 3.7084 0
50 45 52 3.7163 0
77 82 31 3.7062 0
77 82 73 3.7062 0
82 50 83 3.711 0
45 50 83 3.7084 0
82 77 83 3.7024 0
43 71 100 2.4765 0
65 86 94 3.2684 0
86 62 104 3.2679 0
65 41 73 3.2749 0
42 71 73 3.4648 0
42 56 52 3.4665 0
85 56 93 3.4614 0
50 45 93 3.7163 0
50 82 31 3.707 0
50 82 93 3.707 0
77 82 53 3.7062 0
50 82 74 3.707 0
76 46 59 2.3992 0
41 62 83 3.2743 0
62 86 52 3.2686 0
65 86 73 3.2684 0
86 62 43 3.2677 0
42 56 72 3.4665 0
85 71 72 3.4608 0
65 86 32 3.2695 0
42 71 31 3.4648 0
42 56 34 3.4665 0
82 50 21 3.711 0
77 45 93 3.7155 0
82 50 62 3.711 0
50 82 52 3.707 0
56 42 21 3.4662 0
41 62 104 3.2736 0
45 50 21 3.7084 0
82 50 42 3.711 0
63 40 112 2.1808 0
56 42 44 3.4666 0
82 77 42 3.7024 0
45 77 104 3.6997 0
77 45 52 3.7155 0
45 77 42 3.6997 0
65 41 32 3.2754 0
56 42 62 3.4666 0
85 56 72 3.4615 0
71 42 83 3.4662 0
85 56 52 3.4621 0
86 62 21 3.2673 0
71 85 103 3.4604 0
71 42 62 3.4662 0
71 42 41 3.4662 0
42 71 52 3.4647 0
42 71 93 3.4648 0
85 71 31 3.4608 0
86 62 83 3.268 0
42 70 16 2.9474 0
85 70 16 2.9448 0
77 45 110 2.5096 0
50 45 110 2.5037 0
65 41 52 3.2749 0
41 62 44 3.2746 0
64 86 16 2.8897 0
64 41 16 2.8924 0
65 41 94 3.2749 0
86 62 63 3.268 0
41 70 112 2.3924 0
63 87 112 2.2553 0
50 81 16 2.956 0
77 46 16 2.9614 0
77 81 16 2.9563 0
87 56 116 0.5 0
50 82 110 2.5037 0
42 56 16 2.7065 0
85 71 110 2.3346 0
85 56 110 2.3422 0
77 82 110 2.5075 0
42 56 110 2.3455 0
70 85 48 2.57 0
0
