128
57 63 60 10.9674 0
78 108 63 6.0166 0
78 19 63 6.0166 0
49 19 64 6.0166 0
49 108 64 6.0166 0
76 45 67 4.8632 0
76 80 64 5.1207 0
52 39 73 3.8494 0
72 69 71 7.5059 0
51 89 71 4.0879 0
74 55 58 6.7036 0
73 71 55 6.3205 0
53 35 52 2.8415 0
55 90 49 0.6802 0
51 85 58 4.7781 0
76 94 65 4.8573 0
74 55 72 5.4232 0
51 78 67 5.3359 0
51 48 67 5.2608 0
76 31 68 4.8573 0
73 33 51 1.8336 0
51 31 67 4.8573 0
51 40 59 4.8573 0
76 37 59 4.8573 0
51 95 63 4.8573 0
51 28 57 4.4991 0
57 118 48 0.5 0
56 9 48 0.5 0
56 119 79 0.5 0
73 87 50 1.6881 0
51 17 53 4.2051 0
76 110 74 4.2051 0
76 17 74 4.205 0
51 110 53 4.205 0
76 99 56 4.0879 0
76 89 56 4.0879 0
57 72 74 3.8732 0
72 9 48 0.5 0
52 102 73 3.8494 0
75 88 73 3.8494 0
75 112 53 3.8494 0
75 15 53 3.8494 0
52 112 74 3.8494 0
52 23 74 3.8494 0
62 57 74 3.8789 0
53 77 52 3.6914 0
75 101 72 3.8494 0
52 101 54 3.8494 0
75 28 55 3.8494 0
53 50 52 3.6914 0
54 54 75 3.7039 0
54 11 77 1.3224 0
52 13 72 3.3382 0
74 80 75 3.1245 0
76 45 54 3.1697 0
52 93 52 2.9036 0
74 81 52 2.9844 0
75 41 75 2.9036 0
52 66 75 2.9036 0
74 26 75 2.8415 0
62 66 76 2.696 0
53 83 76 2.696 0
70 62 51 2.696 0
74 34 76 2.696 0
53 95 76 2.696 0
53 46 76 2.696 0
53 32 76 2.696 0
79 65 63 2.6444 0
77 105 51 2.3236 0
77 22 51 2.3236 0
74 115 68 2.3303 0
74 12 68 2.3303 0
53 115 59 2.3303 0
53 12 59 2.3303 0
49 58 71 2.2832 0
66 55 51 2.0719 0
49 70 71 2.2832 0
52 43 51 2.2749 0
75 39 51 2.2749 0
52 77 76 2.2749 0
75 95 76 2.2749 0
79 61 68 2.1515 0
66 55 68 2.0719 0
48 52 59 2.1515 0
48 77 59 2.1515 0
55 77 59 2.1706 0
73 47 75 2.1264 0
47 18 73 2.0473 0
47 107 73 2.0483 0
64 72 51 1.7173 0
79 24 71 1.7824 0
54 115 68 1.8336 0
73 115 59 1.8336 0
73 12 60 1.8336 0
73 23 70 1.8336 0
54 87 51 1.8336 0
59 73 50 1.6881 0
73 38 70 1.8336 0
73 95 51 1.8336 0
73 27 62 1.8336 0
49 96 72 1.8344 0
54 87 65 1.8336 0
54 25 51 1.8336 0
56 62 77 1.6881 0
77 63 53 1.8133 0
55 49 60 1.7557 0
64 72 77 1.6881 0
51 17 77 1.6881 0
80 87 64 1.6409 0
80 73 64 1.6409 0
79 38 70 1.5936 0
48 47 57 1.5936 0
66 68 50 1.6881 0
73 102 50 1.6881 0
74 50 50 1.6881 0
47 72 63 1.6409 0
70 52 50 1.6811 0
46 21 56 1.6606 0
46 106 56 1.6606 0
81 106 71 1.6606 0
52 60 77 1.6462 0
75 60 50 1.6462 0
70 61 77 1.6881 0
70 75 63 1.6811 0
58 53 70 1.6377 0
52 83 50 1.6462 0
52 71 50 1.6462 0
47 87 64 1.6409 0
0
