128
58 57 59 5.7401 0
121 63 63 0.5 0
22 66 65 8.68 0
89 92 71 0.5 0
51 95 61 2.231 0
68 80 61 7.7559 0
98 68 54 0.9712 0
84 52 56 1.5578 0
73 57 59 5.7401 0
105 69 72 0.5 0
87 89 56 1.988 0
53 86 61 5.2604 0
65 73 73 5.3771 0
112 54 54 0.8169 0
112 68 56 1.6075 0
85 86 66 3.4795 0
80 86 58 4.7017 0
112 54 70 0.8169 0
56 75 58 4.2128 0
65 64 67 3.9885 0
66 49 58 3.8538 0
95 68 66 0.9388 0
41 55 56 0.5 0
115 61 62 2.4887 0
112 68 69 1.6075 0
41 92 70 0.5 0
76 88 66 3.1287 0
50 51 58 3.2044 0
45 88 66 3.1287 0
61 88 67 3.016 0
15 54 78 0.5 0
14 77 76 0.7294 0
65 64 57 2.9099 0
14 55 54 0.6547 0
58 47 56 2.7165 0
13 78 53 0.1929 0
44 88 59 2.9332 0
16 59 74 2.7452 0
78 69 66 0.862 0
104 69 62 0.5996 0
78 69 54 0.7008 0
16 58 57 2.7452 0
17 75 73 2.7503 0
76 73 56 2.7165 0
61 88 56 2.7165 0
17 75 58 2.7503 0
79 50 56 2.7165 0
73 47 56 2.6155 0
79 94 61 2.433 0
58 78 66 2.5792 0
76 73 65 2.5189 0
63 71 56 2.38 0
51 67 66 0.6363 0
74 79 81 0.5 0
9 66 65 1.8475 0
60 71 66 2.2569 0
77 65 56 2.1124 0
82 52 61 2.1299 0
53 64 56 2.1521 0
53 75 65 2.1521 0
112 68 63 1.6075 0
70 89 68 2.1208 0
31 57 75 0.5 0
73 89 56 2.1208 0
77 82 67 2.0218 0
113 53 61 0.5892 0
65 69 62 1.9316 0
30 75 74 0.7847 0
94 69 60 0.5753 0
71 70 56 1.8771 0
30 75 56 0.7346 0
16 76 67 1.8098 0
77 63 64 1.8561 0
54 63 64 1.8561 0
70 70 67 1.8746 0
105 69 55 0.5996 0
30 57 56 0.6891 0
101 68 68 0.9712 0
15 57 68 1.7373 0
77 79 55 1.7086 0
71 77 77 1.8073 0
15 70 56 1.7373 0
17 69 75 1.7638 0
72 65 55 1.7086 0
57 82 55 1.7086 0
68 89 55 1.7086 0
59 77 77 1.7554 0
15 57 63 1.7373 0
112 60 70 0.8414 0
112 60 54 0.8414 0
53 69 55 1.7086 0
53 80 67 1.6904 0
15 65 74 1.7373 0
15 65 56 1.7373 0
48 89 55 1.7086 0
48 84 55 1.7086 0
58 69 55 1.7086 0
55 49 61 1.6114 0
42 54 62 0.5 0
29 60 72 1.6249 0
29 60 58 1.6249 0
29 73 59 1.6249 0
66 57 64 1.641 0
29 73 72 1.6249 0
52 91 71 0.5 0
75 49 61 1.6095 0
60 49 61 1.6075 0
70 67 71 1.5433 0
61 66 72 1.5084 0
94 69 72 0.5 0
99 69 63 0.5996 0
106 68 67 0.9712 0
49 83 67 1.5087 0
45 53 56 1.4594 0
57 84 68 1.3591 0
101 68 58 0.9712 0
113 55 66 0.7294 0
45 53 60 1.3927 0
63 90 61 1.1129 0
90 55 57 0.5 0
52 89 69 1.1934 0
52 53 63 1.3543 0
67 53 63 1.3541 0
25 74 72 1.3626 0
25 74 58 1.3626 0
29 74 68 1.3626 0
69 59 66 1.2921 0
73 65 65 1.1698 0
0
