128
66 71 67 6.3335 0
52 13 64 2.4497 0
11 66 73 0.5 0
107 70 67 6.3335 0
75 116 63 2.2666 0
86 41 66 4.8188 0
29 98 61 0.5 0
56 43 67 5.7865 0
31 53 67 4.3669 0
48 95 69 4.1255 0
48 68 67 6.3335 0
70 94 65 3.5985 0
62 28 66 5.2473 0
57 57 67 6.3335 0
75 60 67 6.3335 0
43 55 67 6.3335 0
80 73 67 6.3335 0
95 77 67 6.3335 0
52 85 67 5.5728 0
33 88 64 2.1972 0
105 46 62 0.5 0
71 82 66 4.612 0
96 65 66 4.553 0
15 60 61 0.8571 0
75 106 70 1.6616 0
19 56 70 2.3294 0
69 102 69 3.759 0
39 93 65 3.5474 0
80 49 65 3.7683 0
55 20 64 3.4576 0
95 47 63 2.4497 0
86 112 68 0.5 0
76 108 64 2.8536 0
23 55 65 3.0572 0
22 92 67 0.5 0
88 66 70 2.7158 0
100 38 68 0.5 0
95 41 64 2.6117 0
63 37 69 2.598 0
53 76 63 2.4497 0
67 55 63 2.4497 0
89 70 63 2.4497 0
51 50 63 2.4497 0
80 113 64 2.4497 0
29 92 63 2.4497 0
102 62 71 2.302 0
57 66 63 2.4497 0
62 37 63 2.4497 0
104 79 63 2.3314 0
65 61 63 2.4497 0
51 50 71 2.302 0
103 62 63 2.4168 0
71 90 71 2.302 0
57 67 71 2.302 0
65 62 71 2.302 0
81 53 71 2.302 0
67 56 71 2.302 0
101 44 64 1.9709 0
53 77 71 2.302 0
104 79 70 2.3314 0
81 45 71 2.302 0
86 80 63 2.0678 0
52 93 63 2.2002 0
25 56 71 2.1381 0
14 63 68 0.9349 0
86 80 69 2.0678 0
70 105 63 1.9641 0
48 47 67 1.8849 0
48 17 63 1.7731 0
79 84 74 0.5 0
44 97 63 1.7828 0
83 65 63 1.8126 0
77 81 71 1.7241 0
99 87 74 0.5 0
101 87 61 0.5 0
12 66 62 0.5 0
16 60 66 1.2723 0
71 100 62 1.4419 0
68 94 71 1.6774 0
47 76 62 1.4419 0
18 58 63 1.5568 0
82 35 74 0.5 0
47 92 63 1.6354 0
49 45 62 1.4419 0
58 35 69 1.6024 0
101 83 64 1.6166 0
101 83 70 1.6166 0
16 63 74 0.5 0
81 55 62 1.4419 0
74 68 62 1.4419 0
82 37 71 1.5358 0
49 97 62 1.4419 0
44 77 74 0.5 0
54 25 68 1.3505 0
67 101 63 1.5294 0
73 76 62 1.4419 0
57 36 62 1.4419 0
88 65 62 1.4419 0
16 60 72 1.2723 0
46 76 71 1.3818 0
55 26 63 1.4726 0
80 43 62 1.4419 0
68 32 74 0.5 0
72 96 71 1.3448 0
72 89 62 1.4419 0
99 70 62 1.4419 0
48 46 72 1.2941 0
99 68 72 1.2941 0
78 80 62 1.4419 0
50 61 62 1.4419 0
87 75 62 1.4419 0
36 57 62 1.4419 0
36 53 62 1.4419 0
65 33 72 1.2941 0
66 79 62 1.4419 0
64 81 73 0.5 0
33 94 65 1.4419 0
34 59 74 0.5 0
83 64 68 1.3279 0
77 50 71 1.3097 0
48 78 68 1.3693 0
88 71 72 1.2941 0
92 69 72 1.2941 0
70 78 72 1.2941 0
74 78 72 1.2941 0
61 33 72 1.2941 0
67 82 72 1.2941 0
65 80 69 1.3733 0
0
