128
70 88 64 4.6674 0
35 34 32 2.1775 0
89 46 34 4.2718 0
63 62 18 9.4141 0
36 89 95 3.1853 0
38 88 47 4.6676 0
94 94 102 0.5 0
89 87 35 5.2011 0
61 86 36 6.8156 0
67 88 92 4.6674 0
39 65 34 4.2718 0
62 36 33 3.6528 0
89 88 76 4.6674 0
44 88 67 4.6674 0
89 66 34 4.2718 0
44 86 36 6.8156 0
76 86 36 6.8156 0
56 88 56 4.6674 0
89 88 92 4.6674 0
89 88 60 4.6674 0
45 48 35 3.2639 0
56 88 83 4.6674 0
77 53 34 4.2718 0
57 64 33 5.2797 0
70 88 80 4.6674 0
70 61 33 5.2797 0
50 37 33 4.1876 0
78 34 32 2.3059 0
44 88 79 4.6674 0
56 88 67 4.6674 0
44 88 56 4.6674 0
89 88 46 4.7455 0
77 88 88 4.6674 0
77 88 56 4.6674 0
77 88 72 4.6674 0
53 88 46 4.7455 0
70 88 47 4.6676 0
44 88 91 4.6674 0
56 88 94 4.3963 0
53 53 34 4.2718 0
77 70 34 4.2718 0
85 77 34 4.5006 0
67 44 34 4.2718 0
38 75 34 4.292 0
54 76 34 4.3906 0
69 76 34 4.3906 0
77 43 34 4.2718 0
89 56 34 4.2718 0
57 44 34 4.2718 0
63 53 33 4.3501 0
39 40 34 4.2718 0
39 54 34 4.2718 0
86 37 33 4.1876 0
65 89 72 3.792 0
71 36 33 3.6528 0
36 89 86 3.1853 0
65 69 30 3.2143 0
48 61 35 3.2639 0
82 61 35 3.2639 0
47 71 35 3.2639 0
81 88 96 3.2589 0
36 89 75 3.1853 0
36 89 63 3.1853 0
80 90 46 2.7842 0
84 90 83 2.7842 0
84 90 67 2.7842 0
74 90 97 2.7842 0
54 90 75 2.7842 0
68 90 56 2.7842 0
91 90 84 2.7842 0
91 90 68 2.7842 0
62 90 49 2.7842 0
79 86 80 2.6516 0
79 86 64 2.6516 0
49 90 98 2.414 0
35 90 56 2.1775 0
36 47 36 2.2561 0
33 94 30 0.5 0
92 73 36 2.1775 0
63 71 36 2.2561 0
43 34 31 2.1718 0
45 77 31 2.1718 0
35 90 33 2.1775 0
70 51 36 2.2561 0
50 46 31 2.1718 0
46 56 31 2.1718 0
53 90 31 2.1718 0
82 48 31 2.1718 0
92 80 31 2.1718 0
92 79 37 2.1775 0
77 77 31 2.1718 0
39 47 31 2.1718 0
35 84 40 2.1775 0
35 84 32 2.1775 0
35 87 69 2.1775 0
61 76 31 2.1718 0
35 90 40 2.1775 0
49 66 31 2.1718 0
85 91 53 1.7763 0
92 91 53 1.7763 0
61 85 77 1.6438 0
64 85 57 1.6438 0
46 91 49 1.7763 0
64 91 84 1.7763 0
60 91 77 1.7763 0
63 91 98 1.7763 0
69 91 31 1.7763 0
51 85 73 1.6438 0
83 91 31 1.7763 0
92 91 99 1.5359 0
43 91 98 1.7763 0
51 91 88 1.7763 0
51 91 62 1.7763 0
61 91 88 1.7763 0
82 91 77 1.7763 0
82 91 61 1.7763 0
50 91 71 1.7763 0
64 91 60 1.7763 0
63 85 62 1.6438 0
77 85 46 1.7365 0
45 85 46 1.7365 0
63 85 46 1.7365 0
84 91 40 1.7763 0
95 33 29 0.5 0
83 85 52 1.6438 0
70 67 27 1.7295 0
63 91 66 1.7763 0
52 91 38 1.7763 0
0
