128
70 87 86 18.1741 0
70 41 40 18.1461 0
57 87 41 18.1741 0
70 41 87 18.1461 0
52 26 63 13.1937 0
52 64 101 13.188 0
76 68 25 11.9164 0
50 61 25 11.6532 0
50 103 66 11.1179 0
77 103 61 11.0781 0
78 23 63 10.1708 0
78 64 104 10.1673 0
80 84 55 7.7393 0
47 84 72 7.7393 0
47 27 41 7.7942 0
81 100 41 7.6217 0
46 100 86 7.6217 0
47 27 86 7.7532 0
47 86 100 7.7645 0
46 53 44 7.6217 0
46 41 27 7.6217 0
46 53 83 7.6217 0
81 89 29 7.6217 0
46 43 101 7.6217 0
81 72 44 6.7893 0
82 41 64 6.6138 0
82 64 85 6.6138 0
45 78 87 6.6138 0
45 44 70 6.0967 0
44 44 56 5.606 0
83 51 21 5.606 0
44 78 21 5.606 0
83 21 79 5.39 0
83 21 47 5.053 0
83 80 106 5.0369 0
83 107 77 5.0673 0
69 66 44 5.1977 0
66 54 19 5.133 0
58 62 44 5.0833 0
62 108 54 5.1326 0
65 108 73 5.1104 0
60 65 83 5.0697 0
45 107 50 5.0852 0
59 44 62 5.0455 0
60 75 19 4.6484 0
66 19 74 4.9111 0
67 53 108 4.8891 0
83 49 107 4.7578 0
67 75 108 4.6679 0
84 86 42 4.5981 0
43 40 88 4.5981 0
67 19 52 4.6468 0
43 66 42 4.5981 0
58 21 81 4.6496 0
43 66 83 4.5981 0
84 60 43 4.5981 0
43 39 46 4.5981 0
58 47 107 4.1079 0
58 82 106 4.2552 0
58 21 45 4.2539 0
59 82 66 4.1755 0
68 82 61 4.1755 0
53 72 80 4.0895 0
58 47 20 4.0798 0
71 45 64 4.0109 0
70 64 82 3.9918 0
71 85 22 3.8916 0
57 106 83 3.8683 0
70 106 44 3.8426 0
43 81 59 3.5948 0
85 89 68 3.5902 0
42 32 97 3.5902 0
85 79 35 3.5902 0
42 20 77 3.5902 0
42 38 79 3.5902 0
85 81 20 3.5902 0
83 81 68 3.5948 0
42 92 58 3.5902 0
42 19 50 3.5902 0
85 24 89 3.5902 0
85 24 38 3.5902 0
42 78 108 3.5902 0
85 57 34 3.5902 0
85 89 103 3.5825 0
42 105 41 3.3933 0
84 41 22 3.4176 0
53 49 53 3.4019 0
85 39 104 3.2851 0
52 97 97 3.2457 0
43 88 23 3.266 0
85 104 88 3.2639 0
42 97 97 3.2457 0
53 30 97 3.2457 0
53 31 29 3.2381 0
42 30 30 3.2223 0
55 47 70 3.2458 0
73 19 80 3.1449 0
64 111 63 3.1392 0
74 109 77 3.1344 0
63 65 16 3.0946 0
85 109 49 2.8511 0
42 109 78 2.8485 0
42 53 110 2.9225 0
86 32 72 2.5823 0
74 19 46 2.8189 0
74 49 18 2.8825 0
63 83 20 2.9331 0
53 110 53 2.9334 0
74 81 108 2.7881 0
43 49 18 2.8825 0
50 18 78 2.8485 0
43 73 78 2.8266 0
41 99 53 2.5823 0
86 56 92 2.5823 0
85 73 78 2.8266 0
42 73 49 2.8266 0
85 49 73 2.8114 0
85 49 54 2.8114 0
86 94 52 2.5823 0
41 89 90 2.5823 0
56 38 104 2.7368 0
75 46 108 2.7881 0
54 81 19 2.785 0
86 52 98 2.5823 0
86 35 56 2.5823 0
85 56 79 2.6973 0
86 29 53 2.5823 0
41 70 16 2.5823 0
0
