128
78 71 72 3.9177 0
43 24 32 1.2389 0
41 100 32 1.8606 0
85 99 33 2.4565 0
85 28 33 2.4565 0
73 64 119 0.5 0
78 66 33 2.7964 0
78 44 50 3.9243 0
78 83 50 3.9243 0
78 63 99 4.0658 0
62 100 33 2.8685 0
62 29 33 2.8685 0
78 52 63 3.9125 0
78 59 81 3.9241 0
78 44 33 2.7962 0
75 84 31 0.8527 0
78 91 40 3.9238 0
78 36 40 3.9238 0
78 75 63 3.9125 0
78 56 72 3.9177 0
84 62 114 0.5908 0
78 66 90 3.8903 0
78 68 81 3.9241 0
79 64 108 3.5737 0
51 96 32 1.6189 0
73 102 32 1.8606 0
73 24 32 1.4067 0
50 30 32 1.8606 0
78 98 34 3.4143 0
78 29 34 3.4143 0
78 52 33 2.7958 0
78 80 33 2.7965 0
69 28 33 2.8685 0
69 67 112 1.1627 0
55 100 33 2.8685 0
47 100 33 2.8685 0
78 73 33 2.7965 0
78 59 33 2.7963 0
55 27 33 2.8685 0
44 29 33 2.8685 0
69 98 33 2.8685 0
78 87 33 2.7966 0
71 60 112 1.5584 0
77 78 56 2.6708 0
77 49 56 2.6708 0
77 38 33 2.2669 0
79 59 90 2.1595 0
49 25 33 2.0437 0
71 63 106 1.0959 0
81 87 45 1.8242 0
81 40 45 1.8242 0
81 92 32 1.7785 0
79 62 115 1.4479 0
81 35 32 1.7794 0
82 69 116 0.5 0
76 41 44 1.6305 0
76 86 44 1.6305 0
74 62 115 1.4479 0
73 67 112 1.5632 0
76 60 112 1.5615 0
82 65 115 1.4429 0
82 60 112 1.4187 0
81 106 31 0.5 0
70 65 109 1.5189 0
73 62 109 1.5229 0
81 103 32 1.4043 0
81 24 32 1.404 0
76 92 33 1.4782 0
43 96 32 1.4504 0
71 65 115 1.4429 0
67 103 32 1.4116 0
60 24 32 1.411 0
77 67 113 1.4351 0
64 24 32 1.4097 0
83 83 58 0.5 0
81 48 59 1.4178 0
81 79 59 1.4177 0
81 62 86 1.3416 0
84 48 30 0.5 0
51 106 30 0.5 0
81 60 94 1.2009 0
77 89 47 1.0097 0
77 38 47 1.0097 0
77 59 94 1.1379 0
84 63 30 0.5 0
84 76 30 0.5 0
84 84 30 0.5 0
74 63 104 1.099 0
69 61 115 1.1627 0
82 80 55 0.8128 0
82 47 55 0.8128 0
69 61 109 1.1135 0
79 85 58 0.5 0
79 85 42 1.0784 0
79 42 42 1.0784 0
51 103 31 0.8527 0
73 31 31 0.8527 0
84 41 31 0.5 0
84 69 31 0.5 0
45 106 30 0.5 0
57 33 30 0.5 0
83 67 112 0.9042 0
88 104 30 0.5 0
77 103 31 0.8527 0
82 94 36 0.7923 0
82 33 36 0.7881 0
75 48 32 0.8665 0
78 83 56 0.9699 0
78 44 56 0.9699 0
84 49 34 0.5 0
84 55 32 0.5 0
79 70 66 0.9898 0
79 57 66 0.9898 0
83 53 57 0.5 0
81 58 86 0.9807 0
84 69 86 0.5 0
59 106 32 0.5 0
82 78 69 0.5 0
82 40 33 0.5154 0
80 60 104 0.8959 0
58 96 34 0.828 0
81 48 34 0.7918 0
84 71 77 0.5 0
82 62 75 0.5 0
79 76 69 0.9424 0
79 51 69 0.9424 0
81 78 53 0.8286 0
81 49 53 0.8285 0
0
