128
105 84 60 8.4207 0
16 35 52 0.5 0
30 99 53 0.5 0
70 32 52 0.856 0
59 72 53 0.5142 0
24 69 53 0.5 0
43 46 53 0.5 0
72 97 53 0.5 0
105 84 78 7.7771 0
77 54 53 0.5 0
27 49 54 2.433 0
13 87 53 0.5 0
40 81 53 0.7588 0
59 44 54 2.1662 0
79 78 52 0.5 0
55 91 53 0.5142 0
35 31 53 0.5 0
29 88 54 2.4542 0
66 88 54 2.4579 0
72 42 53 1.8104 0
65 57 53 0.9665 0
28 39 54 2.4878 0
24 79 54 2.2877 0
68 75 53 1.6188 0
13 46 54 0.5 0
59 80 54 1.8429 0
57 31 52 0.5 0
34 72 52 0.8954 0
79 89 52 0.5 0
65 39 54 2.4788 0
19 96 53 0.5 0
69 51 53 1.8104 0
38 55 53 0.5 0
17 55 53 0.5 0
69 81 54 2.3385 0
39 39 53 0.9815 0
22 44 54 2.1843 0
55 55 53 0.2055 0
63 99 53 0.5 0
39 93 52 0.5 0
30 79 54 2.4254 0
20 89 53 0.9513 0
64 49 54 2.4313 0
60 86 54 2.2782 0
64 78 54 2.4136 0
35 42 53 1.8104 0
25 29 53 0.5 0
23 86 54 2.289 0
51 38 53 0.5 0
32 46 54 2.2854 0
25 59 53 0.5 0
69 46 54 2.2475 0
14 79 52 0.3831 0
50 84 53 0.2482 0
33 84 54 2.096 0
50 48 53 0.5 0
80 46 53 0.5 0
32 56 53 0.5142 0
63 31 52 0.8954 0
26 95 52 0.6472 0
74 88 52 0.8025 0
21 39 53 1.8104 0
60 37 53 1.8104 0
27 74 53 1.5548 0
21 49 53 1.7806 0
71 86 53 1.8104 0
58 49 53 1.7615 0
61 91 53 1.8104 0
24 91 53 1.8104 0
18 73 52 0.5104 0
32 51 53 1.8047 0
51 78 54 0.5 0
76 35 52 0.5 0
34 94 53 0.5142 0
70 37 53 1.5549 0
42 87 53 0.5 0
33 37 53 1.5344 0
67 96 53 0.5142 0
76 49 53 0.9924 0
52 43 52 0.887 0
38 76 52 0.8676 0
39 49 53 0.9649 0
30 31 52 0.8954 0
77 83 53 0.9458 0
16 83 53 0.5142 0
34 89 53 1.4621 0
25 35 53 1.5229 0
60 55 52 0.9996 0
115 88 51 0.5 0
115 88 69 0.5 0
15 42 52 0.8468 0
64 70 52 0.843 0
79 40 54 0.5 0
35 79 53 1.3964 0
75 74 52 0.4618 0
57 97 53 0.5 0
55 75 52 0.8954 0
19 83 53 1.4322 0
22 55 53 0.5142 0
110 94 68 0.5 0
56 83 53 1.402 0
60 75 53 1.2873 0
111 92 51 0.5 0
18 77 52 0.5208 0
72 93 53 0.5142 0
74 79 52 0.8025 0
73 57 53 0.5 0
65 93 53 1.1331 0
64 34 53 1.0924 0
17 45 52 0.8025 0
54 34 54 0.5 0
102 93 51 0.5 0
114 81 51 0.5 0
97 89 51 0.5 0
39 34 54 0.5 0
28 93 53 1.1301 0
29 34 53 1.0061 0
15 51 52 0.5 0
107 94 52 0.5 0
103 94 68 0.5 0
28 57 53 0.9635 0
39 85 52 0.8954 0
22 72 52 0.8954 0
53 87 52 0.8954 0
77 93 53 0.5 0
77 44 53 0.954 0
24 53 53 1.0836 0
52 52 53 0.5 0
0
