128
85 41 76 16.9333 0
38 82 63 11.2973 0
100 97 58 2.9186 0
25 25 50 0.5 0
75 99 86 0.5 0
26 37 80 0.9432 0
48 33 54 3.0521 0
70 90 54 3.2861 0
99 91 81 2.4385 0
48 30 77 2.0222 0
86 61 92 7.602 0
26 60 86 0.5 0
51 60 85 0.5 0
29 39 61 2.0084 0
86 71 51 0.6559 0
34 59 54 3.873 0
70 98 72 3.1258 0
43 64 59 6.455 0
39 85 94 0.5 0
27 68 56 6.0525 0
76 53 57 6.2448 0
94 51 56 6.0488 0
74 54 94 5.3318 0
34 65 68 5.2642 0
76 37 55 5.0438 0
94 37 55 5.0438 0
48 38 66 3.0284 0
86 59 61 4.7471 0
30 26 72 1.1653 0
95 51 94 4.5478 0
50 73 55 4.6118 0
78 61 68 4.5032 0
79 63 81 4.5399 0
38 86 80 4.2137 0
93 61 69 4.3886 0
92 62 80 4.396 0
100 100 71 1.715 0
28 33 54 3.2022 0
100 89 71 2.8473 0
85 42 54 4.035 0
72 41 94 3.9093 0
71 93 80 3.1821 0
98 41 94 3.6408 0
102 84 50 0.5053 0
98 56 85 3.8057 0
72 57 83 3.7863 0
28 32 73 3.5069 0
70 55 69 3.7187 0
100 90 54 3.4159 0
100 54 67 3.4964 0
38 97 69 3.486 0
86 49 96 3.5912 0
70 34 62 3.4199 0
47 65 76 0.6952 0
100 96 66 3.2578 0
48 28 70 2.9702 0
49 35 73 3.3221 0
24 78 56 3.3412 0
70 94 61 3.1258 0
43 68 70 3.2806 0
100 95 75 3.2578 0
51 73 64 3.187 0
85 63 74 3.0606 0
28 33 63 3.1795 0
70 91 69 3.1258 0
28 39 69 3.0317 0
98 32 62 3.142 0
24 75 64 3.0349 0
78 35 95 3.1235 0
92 35 95 3.1235 0
99 57 77 3.0151 0
48 32 62 3.0284 0
34 92 74 2.994 0
42 92 74 2.994 0
73 60 75 2.9061 0
27 66 80 0.6612 0
79 46 96 2.8138 0
89 80 53 0.5 0
86 33 56 2.6989 0
91 43 96 2.6239 0
68 55 77 2.6728 0
100 89 64 2.5022 0
71 44 53 2.5711 0
85 33 95 2.5563 0
31 60 61 2.4732 0
33 96 61 2.4897 0
43 96 61 2.4897 0
51 82 55 2.3132 0
69 49 65 2.4976 0
85 54 53 2.396 0
99 98 81 2.412 0
29 72 69 2.3919 0
69 37 88 2.3274 0
74 28 65 2.2976 0
67 33 71 2.2462 0
95 59 61 2.2102 0
24 68 65 2.2045 0
71 99 65 2.2351 0
51 64 53 2.1246 0
49 67 67 2.1179 0
67 50 80 2.2346 0
67 50 74 2.2346 0
27 28 67 2.1717 0
26 85 55 2.1028 0
27 38 76 2.1717 0
69 89 75 2.1179 0
53 36 83 0.5 0
102 50 83 1.9782 0
43 57 52 2.021 0
78 45 52 2.0186 0
37 75 80 0.7454 0
35 76 76 1.9926 0
101 37 88 1.9034 0
96 59 96 1.9545 0
68 54 88 2.0489 0
80 98 81 0.5 0
83 49 52 2.0177 0
101 32 68 2.0119 0
29 80 52 2.021 0
47 84 52 2.021 0
32 75 52 2.021 0
47 38 60 2.0205 0
52 67 61 1.9228 0
49 65 82 0.7214 0
43 74 52 1.9979 0
71 100 78 1.8935 0
96 27 67 2.01 0
29 28 59 1.8657 0
0
