128
67 61 65 3.6064 0
59 121 63 0.5 0
60 9 63 1.5446 0
35 91 65 3.984 0
84 89 65 0.5 0
63 32 65 3.5277 0
60 96 65 3.6065 0
54 78 65 3.5606 0
75 80 65 3.984 0
64 113 65 3.5207 0
69 45 63 1.7577 0
63 74 65 3.984 0
47 83 65 3.984 0
63 23 65 3.5235 0
55 89 65 3.6071 0
64 41 65 3.6116 0
63 104 65 3.5968 0
68 51 65 3.604 0
63 14 65 3.5209 0
39 84 66 2.8323 0
61 66 64 2.6043 0
81 85 64 2.4115 0
43 89 67 2.4523 0
67 80 67 2.1272 0
70 74 67 2.1057 0
57 70 64 1.9821 0
69 77 63 1.9683 0
69 121 61 0.5 0
72 56 63 1.7113 0
67 68 63 1.4238 0
67 9 63 1.5443 0
60 118 63 1.5441 0
30 97 71 0.5 0
67 118 63 1.5448 0
78 85 68 1.4836 0
43 94 61 0.5 0
84 86 71 0.5 0
61 121 69 0.5 0
31 95 68 1.3613 0
65 67 67 1.3165 0
63 7 70 0.5 0
30 95 64 1.2673 0
66 121 69 0.5 0
68 82 63 1.2384 0
41 92 63 1.2329 0
63 47 66 1.1624 0
71 84 68 1.2215 0
45 89 62 0.9604 0
70 28 63 0.5 0
66 99 63 1.0823 0
63 119 67 0.8874 0
69 108 61 0.5 0
70 18 64 0.5 0
65 56 62 0.9604 0
42 86 62 0.9604 0
70 36 63 0.5 0
56 73 67 1.1253 0
64 8 66 0.8874 0
57 84 63 1.123 0
81 82 68 0.8915 0
73 87 61 0.5 0
41 94 71 0.5 0
61 109 62 0.9604 0
67 109 62 0.9604 0
67 17 62 0.9604 0
55 95 62 0.9604 0
67 26 62 0.9604 0
60 19 62 0.9604 0
60 28 62 0.9604 0
70 73 62 0.9604 0
57 74 62 0.9604 0
59 78 62 0.9604 0
36 85 62 0.9604 0
59 101 62 0.9604 0
64 48 62 0.9604 0
60 91 62 0.9604 0
61 37 62 0.9604 0
67 37 62 0.9604 0
71 56 67 0.8568 0
54 73 62 0.9604 0
73 85 62 0.9604 0
73 75 62 0.9604 0
42 81 62 0.9604 0
65 79 62 0.9604 0
50 88 62 0.8934 0
39 87 62 0.9604 0
68 45 67 0.8465 0
77 85 62 0.9604 0
68 56 62 0.9604 0
42 89 62 0.9604 0
67 29 62 0.9604 0
67 20 62 0.9604 0
54 84 62 0.9604 0
82 87 69 0.9757 0
62 62 62 0.9347 0
75 75 71 0.5 0
61 8 67 0.7751 0
74 61 62 0.5 0
42 80 69 0.8756 0
40 93 68 0.7693 0
66 119 67 0.7751 0
34 85 70 0.5 0
61 45 62 0.6877 0
39 96 61 0.5 0
70 13 64 0.5 0
70 24 65 0.5 0
70 33 65 0.5 0
74 60 66 0.5 0
72 60 63 0.8177 0
68 108 68 0.5 0
69 29 67 0.5 0
53 96 66 0.5 0
52 81 71 0.5 0
70 84 65 0.7433 0
74 87 70 0.5 0
61 117 67 0.7746 0
66 10 67 0.7746 0
61 109 67 0.7745 0
66 18 67 0.772 0
66 36 67 0.7747 0
65 96 62 0.5911 0
66 27 67 0.7663 0
66 98 68 0.5 0
77 86 65 0.7728 0
49 88 70 0.5 0
38 88 71 0.5 0
30 92 62 0.7048 0
66 108 67 0.7699 0
0
