128
73 82 70 3.1901 0
50 41 21 3.2101 0
56 53 114 3.6538 0
83 81 21 3.1768 0
41 81 36 3.2223 0
48 48 66 3.1925 0
87 46 45 1.5643 0
77 50 85 1.4069 0
48 72 83 3.1975 0
76 71 102 3.2112 0
83 48 13 0.7437 0
68 91 44 3.1431 0
88 73 51 3.2013 0
65 37 50 3.2016 0
36 56 36 3.2198 0
59 69 18 2.3694 0
41 71 60 3.2099 0
56 49 91 3.0454 0
92 63 32 3.1988 0
79 48 66 3.1925 0
56 76 102 3.2112 0
61 89 19 2.9043 0
55 85 62 3.2076 0
78 39 31 3.2208 0
81 68 81 3.1949 0
79 63 17 3.3002 0
71 51 102 3.2112 0
38 66 16 1.3735 0
68 49 16 3.2609 0
46 40 43 1.8686 0
66 76 114 3.6538 0
81 86 36 3.2223 0
46 83 21 3.1768 0
39 54 51 3.2013 0
75 58 114 3.6538 0
56 91 33 3.2194 0
63 80 89 3.2102 0
59 45 77 3.1638 0
48 61 94 3.1851 0
85 61 67 3.2053 0
49 56 18 2.6892 0
36 68 44 3.1431 0
56 36 36 3.2223 0
50 68 114 2.3748 0
80 84 51 3.1772 0
46 59 81 3.1949 0
43 80 51 3.1772 0
91 59 44 3.1431 0
89 51 30 3.1716 0
39 52 23 3.2119 0
56 41 60 3.2099 0
50 88 43 3.1894 0
77 39 43 3.1894 0
88 78 31 3.2208 0
70 79 18 2.236 0
34 69 29 1.5433 0
68 36 26 3.1923 0
81 44 21 3.1768 0
85 72 62 3.2076 0
75 69 114 3.6538 0
69 44 72 3.2064 0
80 60 95 1.8858 0
71 86 60 3.2099 0
45 73 70 3.1901 0
67 92 30 2.9204 0
72 79 83 3.1975 0
79 44 56 3.1968 0
66 51 114 3.6538 0
58 83 72 3.2064 0
89 60 55 2.678 0
44 43 29 3.161 0
42 55 62 3.2076 0
49 71 18 2.6939 0
90 58 23 3.2155 0
51 56 102 3.2112 0
47 43 51 3.1772 0
77 73 89 3.2089 0
82 59 77 3.1638 0
40 47 38 2.9628 0
54 77 89 3.2089 0
72 42 62 3.2076 0
44 58 72 3.2064 0
83 69 72 3.2064 0
68 63 18 2.3709 0
68 46 81 3.1949 0
65 78 102 3.1985 0
62 49 102 3.1985 0
58 37 23 3.2155 0
59 49 17 3.2575 0
91 71 36 3.2198 0
49 65 102 3.1985 0
58 79 18 2.3002 0
59 81 81 3.1949 0
54 88 51 3.2013 0
78 62 102 3.1985 0
51 61 114 3.6538 0
55 73 114 3.6538 0
61 42 67 3.2053 0
64 47 89 3.2102 0
36 71 36 3.2223 0
86 46 36 3.2223 0
91 71 21 1.1352 0
59 36 44 3.1431 0
37 69 23 3.2155 0
80 61 88 3.2014 0
62 90 50 3.2016 0
37 62 50 3.2016 0
73 39 51 3.2013 0
76 89 30 3.1716 0
89 75 43 3.1901 0
50 54 89 3.2089 0
66 85 67 3.2053 0
42 66 67 3.2053 0
36 59 26 3.1923 0
91 56 36 3.2223 0
75 39 23 3.2119 0
52 88 23 3.2119 0
39 73 51 3.2019 0
73 88 51 3.2019 0
54 39 51 3.2019 0
64 35 36 3.2198 0
51 38 30 3.1716 0
38 76 30 3.1716 0
57 91 41 3.2066 0
49 88 31 3.2208 0
47 66 88 3.2014 0
70 36 41 3.2066 0
69 90 23 3.2155 0
0
