128
72 66 54 4.8458 0
20 37 87 0.9867 0
22 94 80 0.5 0
104 40 83 3.8615 0
17 63 41 0.4956 0
104 86 82 3.5096 0
59 37 87 1.4927 0
105 40 44 3.1206 0
105 87 44 3.1206 0
59 90 87 1.1465 0
44 35 42 0.8608 0
41 94 41 0.5 0
37 66 85 1.3693 0
35 70 58 2.8058 0
76 63 87 1.1152 0
77 36 64 1.2969 0
20 36 58 0.9649 0
101 62 63 0.8379 0
51 48 65 1.0167 0
79 94 68 0.5 0
70 94 42 0.5 0
30 56 48 5.0762 0
54 92 62 0.6513 0
19 92 52 0.5 0
24 76 84 4.7794 0
99 63 44 2.9411 0
24 51 84 4.6867 0
98 64 97 0.8072 0
68 35 41 0.597 0
55 77 44 2.7704 0
81 97 90 0.5 0
61 52 44 3.0467 0
81 36 87 0.8462 0
25 78 44 2.5643 0
71 55 48 6.4024 0
36 35 70 0.8608 0
61 77 72 0.6598 0
41 92 77 0.6513 0
86 71 72 0.9775 0
100 67 78 2.2033 0
97 35 63 0.8608 0
45 50 86 1.0109 0
86 80 88 1.0238 0
36 92 59 0.6513 0
85 35 46 0.8608 0
68 49 75 0.7773 0
96 92 63 0.6513 0
57 35 54 0.8608 0
26 35 41 0.597 0
88 50 66 0.9004 0
86 92 49 0.6513 0
45 77 72 0.9195 0
20 80 61 0.9376 0
30 71 48 4.9831 0
61 35 70 0.8608 0
37 35 87 0.7015 0
69 87 57 0.4865 0
101 77 59 0.8379 0
71 80 83 0.7881 0
72 52 85 2.6431 0
47 78 86 1.2191 0
33 53 68 0.8688 0
45 52 43 2.1127 0
35 35 55 0.8608 0
68 93 76 0.9957 0
90 47 94 0.5 0
22 35 73 0.9418 0
58 78 59 1.0481 0
101 49 69 0.8379 0
71 80 43 0.7881 0
89 35 75 0.8608 0
56 94 45 0.5 0
48 35 77 0.8608 0
35 90 88 0.8122 0
88 92 79 0.6513 0
100 55 78 2.1141 0
76 36 76 1.6331 0
55 48 78 1.0221 0
76 36 52 1.6331 0
74 76 69 0.9922 0
25 92 67 0.6513 0
101 48 56 0.8379 0
47 35 63 0.8608 0
20 48 65 0.5 0
42 72 44 2.7565 0
59 78 86 1.2087 0
86 47 80 0.5 0
67 67 45 3.7046 0
101 75 43 1.815 0
21 48 56 1.8514 0
68 70 85 1.4857 0
30 76 70 1.082 0
30 92 46 0.6513 0
15 63 90 0.5216 0
69 93 86 1.6648 0
56 35 42 0.8608 0
46 92 52 0.6513 0
53 92 75 0.6513 0
42 52 57 0.9241 0
101 52 47 1.815 0
19 45 41 0.597 0
85 62 64 0.7798 0
49 90 87 1.6095 0
33 56 84 3.2243 0
101 53 92 0.4951 0
64 49 64 0.7773 0
101 80 70 0.8379 0
46 78 56 0.9783 0
48 38 87 1.1628 0
42 52 74 0.9219 0
91 71 87 1.2113 0
23 61 87 2.9482 0
76 50 65 0.5 0
92 90 88 0.8122 0
76 71 78 1.1511 0
22 50 49 3.2423 0
95 35 52 0.8608 0
32 71 84 3.3376 0
20 91 41 0.597 0
79 99 79 0.5 0
76 41 42 0.8306 0
66 35 60 0.8608 0
91 39 88 0.7257 0
51 48 55 1.021 0
68 91 66 0.8974 0
101 75 86 1.1964 0
24 77 52 3.2744 0
19 84 72 0.7187 0
0
