128
88 81 66 0.5321 0
37 47 20 1.5238 0
37 47 105 1.524 0
93 57 16 0.6177 0
90 49 108 0.5 0
67 34 62 0.632 0
60 93 106 0.6263 0
37 78 62 0.6357 0
59 95 17 0.5 0
37 47 71 1.5215 0
90 80 100 1.5295 0
69 34 28 0.8247 0
91 52 49 0.7243 0
82 81 34 0.9095 0
65 33 94 0.5 0
38 78 31 0.7692 0
37 77 93 0.6622 0
60 93 75 0.6204 0
92 54 79 0.8017 0
58 93 46 0.8251 0
50 69 118 0.5 0
48 38 44 0.7612 0
34 58 47 0.8198 0
79 66 115 0.9817 0
50 67 16 0.6177 0
70 76 16 0.6177 0
72 52 16 0.6177 0
79 38 80 0.9976 0
79 89 83 0.9954 0
66 49 108 0.5 0
54 35 77 0.8041 0
82 48 32 0.9095 0
90 77 16 0.6177 0
73 92 59 0.7893 0
34 58 88 0.8314 0
92 72 49 0.6608 0
46 85 18 1.4849 0
54 36 16 0.6177 0
51 49 90 0.5 0
79 53 93 0.5731 0
78 37 47 0.64 0
70 79 97 0.5731 0
50 90 90 0.6612 0
92 73 82 0.7963 0
53 37 106 0.9426 0
44 86 106 0.5572 0
93 66 32 0.5273 0
84 42 63 0.6263 0
35 66 106 0.9426 0
79 38 102 0.9966 0
76 92 21 0.5 0
50 90 61 0.6688 0
93 63 64 0.4147 0
42 84 47 0.6146 0
34 67 17 0.5319 0
77 90 106 0.5969 0
94 62 96 0.2932 0
49 37 61 0.6381 0
41 83 78 0.6945 0
37 47 55 1.5215 0
37 47 39 1.5215 0
34 68 75 0.7536 0
81 42 18 1.4849 0
73 92 41 0.7996 0
55 52 16 0.6177 0
50 90 33 0.9853 0
49 41 29 0.9492 0
47 55 115 0.9457 0
84 85 50 0.6222 0
66 93 91 0.5223 0
63 33 43 0.3388 0
48 60 100 0.5731 0
34 62 32 0.4485 0
80 65 16 0.6177 0
58 79 106 0.5823 0
34 61 62 0.5203 0
79 68 99 0.5731 0
35 72 44 0.6623 0
81 81 22 1.4173 0
37 47 87 1.5215 0
80 56 107 1.0471 0
64 93 30 0.4173 0
52 36 92 0.7258 0
46 73 106 0.9426 0
67 34 106 0.6269 0
66 41 17 0.9492 0
67 34 75 0.6308 0
89 67 106 0.9426 0
88 44 90 0.5 0
73 92 72 0.7889 0
58 79 17 0.9326 0
92 54 37 0.8007 0
90 80 89 1.5215 0
58 34 54 0.8312 0
54 79 94 0.5731 0
63 45 93 0.5 0
91 51 67 0.6247 0
90 80 55 1.5215 0
61 95 58 0.5 0
90 80 39 1.5215 0
50 79 29 0.9326 0
79 79 106 0.7302 0
86 63 87 0.3238 0
55 48 106 0.5823 0
78 37 35 0.64 0
46 42 20 1.4849 0
81 88 95 0.7305 0
49 90 73 0.6207 0
67 87 17 0.7591 0
44 57 16 0.6177 0
91 52 26 0.8087 0
86 44 42 0.6932 0
34 69 86 0.8294 0
76 36 91 0.6277 0
45 40 81 0.8235 0
87 45 75 0.8322 0
57 34 34 0.6311 0
93 67 21 0.623 0
34 69 55 0.8256 0
87 82 77 0.8318 0
90 80 25 1.5297 0
91 52 97 0.7258 0
76 36 69 0.6377 0
45 40 99 0.8271 0
68 84 106 0.9426 0
34 58 99 0.8365 0
92 72 71 0.662 0
58 34 67 0.8271 0
0
