128
64 80 77 5.7609 0
28 39 63 9.3697 0
99 39 63 9.3663 0
28 88 63 9.3694 0
99 88 63 9.366 0
64 23 74 5.545 0
49 90 72 10.8003 0
48 32 72 10.5796 0
78 90 72 10.8003 0
79 32 72 10.5845 0
114 65 81 1.7294 0
11 63 82 0.5741 0
64 48 44 0.5742 0
39 60 80 2.3247 0
90 61 81 1.7294 0
63 79 44 0.5741 0
64 118 84 0.5 0
63 103 75 6.908 0
62 53 78 3.3384 0
46 42 56 6.6214 0
83 42 56 6.6214 0
46 81 46 2.5898 0
82 81 46 2.5898 0
64 43 74 6.5832 0
28 72 79 3.7452 0
33 99 76 6.345 0
94 99 75 6.3538 0
102 72 79 3.7452 0
102 55 79 3.7452 0
82 85 55 5.9942 0
42 85 55 5.9937 0
25 55 78 3.0987 0
38 46 76 5.8886 0
107 46 76 5.8886 0
107 81 76 5.8885 0
92 46 76 5.8886 0
21 81 76 5.8885 0
21 46 76 5.8886 0
31 29 76 5.761 0
96 29 76 5.7611 0
35 80 77 5.7609 0
94 81 77 5.7609 0
83 106 76 5.4294 0
44 106 76 5.4291 0
111 81 45 1.8765 0
16 81 45 1.8772 0
51 48 77 5.2994 0
76 48 77 5.2992 0
114 47 43 0.5 0
17 47 45 1.5821 0
80 68 80 2.7373 0
54 66 80 1.8211 0
107 44 51 4.6057 0
20 44 51 4.6057 0
75 75 78 4.6105 0
46 75 78 4.6104 0
107 83 51 4.6056 0
20 83 51 4.6056 0
103 92 78 4.4343 0
57 82 55 2.3299 0
94 44 50 4.1669 0
33 44 50 4.1671 0
85 74 78 4.1063 0
73 110 78 3.9231 0
55 18 77 3.9842 0
74 18 77 3.9845 0
95 83 50 3.9501 0
32 83 50 3.9497 0
15 72 79 3.7452 0
88 21 79 3.7452 0
46 18 79 3.7452 0
55 111 79 3.7452 0
55 45 66 3.5978 0
104 36 79 3.7452 0
57 72 79 3.7452 0
24 93 79 3.7452 0
74 45 49 3.5978 0
29 39 79 3.7452 0
64 92 79 3.7452 0
112 72 79 3.7452 0
33 55 79 3.7452 0
112 55 79 3.7452 0
16 55 79 3.7452 0
87 55 79 3.7452 0
44 55 79 3.7452 0
75 45 64 3.5978 0
86 45 67 3.5978 0
52 83 50 3.6495 0
54 45 48 3.5052 0
73 82 49 3.3663 0
41 45 66 3.5978 0
38 21 75 3.5734 0
38 99 66 3.5198 0
70 62 80 1.3172 0
93 71 79 3.4673 0
63 80 63 1.5819 0
65 32 78 3.3384 0
31 89 79 3.2756 0
64 32 70 3.2144 0
35 27 66 2.8975 0
79 57 79 2.964 0
50 91 57 3.0359 0
87 93 59 2.9821 0
52 82 59 3.0387 0
23 34 79 3.0308 0
41 94 60 2.9551 0
60 81 48 2.5898 0
39 70 79 2.9639 0
68 70 79 2.9639 0
52 57 79 2.9639 0
90 98 64 2.8478 0
94 27 66 2.8964 0
53 103 80 2.7373 0
41 45 47 2.8094 0
86 102 68 2.7399 0
39 81 46 2.5898 0
66 113 80 2.7373 0
75 102 80 2.7373 0
96 38 80 2.7373 0
110 46 59 2.5899 0
83 46 46 2.5899 0
90 23 70 2.7619 0
53 104 70 2.6861 0
69 54 77 2.7299 0
72 103 69 2.7131 0
82 18 75 2.5929 0
95 59 80 2.7373 0
74 82 60 2.656 0
0
