128
63 71 65 0.9223 0
122 63 65 0.5 0
7 59 65 0.5 0
90 56 80 0.5 0
39 54 81 0.5 0
31 75 63 0.7412 0
98 75 63 0.7412 0
22 73 86 0.5 0
27 54 64 1.2491 0
61 55 81 0.5134 0
76 53 64 0.7489 0
103 52 63 0.7412 0
77 73 82 0.5 0
50 52 63 0.7412 0
46 74 81 0.5 0
21 55 82 0.8949 0
109 73 78 0.5 0
79 73 64 1.2491 0
14 74 63 0.7412 0
46 68 64 0.7412 0
61 72 81 0.5134 0
106 54 79 0.5 0
90 61 63 0.7412 0
94 72 77 0.9553 0
76 55 79 0.5962 0
63 55 64 1.2491 0
113 74 63 0.7412 0
28 72 75 0.5962 0
110 62 64 0.7412 0
40 55 67 0.6092 0
18 63 64 0.7412 0
85 55 71 0.5962 0
34 64 63 0.7412 0
97 55 73 0.5962 0
40 72 71 0.5962 0
71 64 63 0.7412 0
48 55 75 0.5 0
28 55 75 0.5962 0
15 53 63 0.7412 0
104 72 70 0.5962 0
55 63 63 0.7412 0
22 72 64 1.2491 0
95 54 64 1.2491 0
100 64 63 0.7412 0
89 72 67 0.6092 0
53 76 63 0.5 0
115 53 65 0.5 0
85 72 78 0.5698 0
107 55 70 0.5962 0
80 62 64 0.7412 0
58 72 72 0.9935 0
77 72 73 0.5962 0
58 55 72 0.9935 0
41 73 64 1.2491 0
7 68 63 0.5 0
85 56 64 1.1162 0
21 55 70 0.5556 0
70 75 63 0.7412 0
47 60 63 0.7412 0
106 73 64 1.2491 0
26 63 63 0.7412 0
47 56 83 0.5 0
116 67 63 0.7412 0
21 72 73 0.5556 0
45 54 64 1.2491 0
30 73 83 0.5 0
30 54 83 0.5 0
78 55 72 0.5962 0
48 72 74 0.5 0
39 72 79 0.5207 0
94 68 63 0.7412 0
85 67 63 0.7412 0
63 64 63 0.7412 0
21 72 80 0.5556 0
42 55 74 0.5962 0
56 70 64 0.7412 0
117 59 63 0.7412 0
96 72 71 0.5962 0
41 63 64 0.7412 0
109 55 63 0.7412 0
35 52 63 0.7412 0
65 56 75 0.5 0
29 69 64 0.7911 0
104 59 64 0.7412 0
55 56 64 0.7412 0
27 72 69 0.5962 0
64 72 75 0.7412 0
13 67 64 0.7412 0
20 57 63 0.7412 0
89 72 73 0.5962 0
70 57 63 0.7412 0
13 59 63 0.7412 0
48 74 67 0.5 0
33 58 64 0.7412 0
104 72 77 0.5962 0
85 74 64 0.7489 0
43 72 76 0.5962 0
46 55 70 0.5962 0
96 57 80 0.5 0
59 75 63 0.7412 0
76 67 63 0.7412 0
35 70 63 0.7412 0
22 54 64 1.2491 0
106 66 63 0.7412 0
63 55 70 0.5962 0
103 55 75 0.9012 0
84 54 78 0.1706 0
80 55 67 0.6092 0
68 69 63 0.7412 0
21 57 76 0.5 0
91 57 71 0.5 0
75 60 63 0.7412 0
100 70 64 0.7412 0
92 75 63 0.7412 0
27 55 70 0.5962 0
111 69 64 0.7412 0
97 72 64 1.2491 0
118 72 65 0.5 0
80 72 79 0.5603 0
58 72 77 0.9935 0
58 55 77 0.9935 0
41 73 84 0.5 0
95 63 64 0.7412 0
69 52 64 0.7412 0
51 71 63 0.7412 0
46 55 79 0.5962 0
106 55 64 1.2491 0
59 72 64 1.2491 0
0
