128
62 70 64 0.8277 0
121 55 65 0.5 0
9 58 68 1.3186 0
88 45 39 1.5292 0
39 42 38 0.5 0
35 80 39 1.6045 0
89 83 39 1.6045 0
93 70 69 1.189 0
39 57 68 1.5966 0
62 50 42 1.394 0
63 83 42 1.394 0
81 56 57 1.3483 0
29 71 57 1.3483 0
112 71 63 0.9564 0
48 71 51 0.9327 0
33 55 48 0.9899 0
100 56 60 1.1642 0
52 55 57 1.8025 0
76 72 49 0.9207 0
97 71 51 0.9327 0
47 54 39 1.6045 0
77 70 70 1.2959 0
68 57 70 1.2585 0
24 56 62 1.0257 0
75 54 40 2.0566 0
47 70 70 1.3242 0
53 73 39 1.6045 0
21 68 70 0.8036 0
110 59 69 1.3557 0
85 59 71 1.3362 0
66 56 57 1.3483 0
97 56 45 0.8591 0
9 71 63 0.9564 0
75 82 39 1.5292 0
34 70 69 1.1856 0
54 57 70 1.2711 0
85 71 57 1.3483 0
64 71 52 1.002 0
87 64 45 0.9498 0
82 73 40 1.7052 0
68 73 41 1.6431 0
93 73 40 1.8238 0
46 83 39 1.5292 0
39 64 56 0.8493 0
52 45 40 1.8651 0
39 71 45 1.1226 0
35 50 39 1.4809 0
75 50 52 1.562 0
69 44 39 1.6045 0
53 71 60 1.1642 0
71 71 60 1.1642 0
98 59 71 0.9825 0
103 70 69 1.1661 0
34 56 57 1.3483 0
30 61 70 1.1555 0
100 71 60 1.1642 0
61 64 72 0.8766 0
121 67 69 0.5 0
75 56 63 1.6995 0
52 51 49 1.6333 0
88 62 61 0.8493 0
93 54 39 1.6045 0
92 56 52 1.002 0
43 55 48 0.9899 0
84 54 39 1.6045 0
88 71 49 1.3475 0
45 73 40 1.7052 0
85 68 71 1.3305 0
19 58 70 0.9949 0
40 71 60 1.1642 0
80 45 39 1.5292 0
67 70 70 1.2551 0
84 55 48 0.9899 0
42 56 57 1.3483 0
59 72 45 1.1977 0
31 72 47 1.0592 0
45 62 71 1.2261 0
92 57 66 0.9662 0
55 70 70 1.2604 0
69 55 48 0.9899 0
34 73 40 1.8238 0
39 62 46 0.8493 0
93 71 57 1.3483 0
17 71 63 0.9564 0
61 55 49 0.9207 0
76 62 71 1.0237 0
55 84 39 0.8298 0
110 68 69 1.3661 0
88 70 64 1.393 0
39 71 53 1.3434 0
56 55 38 0.5966 0
14 66 69 1.0144 0
62 56 64 0.8871 0
118 62 68 1.2777 0
57 71 54 1.1405 0
82 80 43 1.2037 0
115 56 63 0.9564 0
68 54 41 1.6431 0
77 71 57 1.3483 0
89 56 58 1.2554 0
87 63 53 0.9498 0
27 70 67 1.0355 0
42 46 39 1.5292 0
58 77 39 1.6045 0
69 80 39 1.6045 0
75 55 57 1.8025 0
74 46 44 1.1126 0
91 63 71 1.0396 0
56 55 44 1.267 0
47 71 57 1.3483 0
75 72 43 1.3363 0
39 66 70 1.2185 0
52 56 63 1.6995 0
81 71 63 0.9564 0
15 55 62 0.4835 0
103 57 69 1.1797 0
52 54 40 2.0566 0
58 44 39 1.6045 0
106 56 63 0.9564 0
40 83 39 1.6045 0
60 56 57 1.3483 0
39 61 62 0.8493 0
121 69 62 0.5 0
84 56 63 0.9564 0
93 79 39 1.6045 0
60 57 70 1.2551 0
51 65 71 1.0237 0
30 57 40 0.5 0
0
