128
61 86 88 14.6486 0
61 41 39 14.6667 0
61 90 43 14.7219 0
62 37 84 14.6819 0
56 67 22 10.2194 0
57 60 105 10.2786 0
56 100 67 9.9125 0
56 29 61 9.334 0
52 60 87 7.1289 0
52 62 40 7.1842 0
74 68 17 6.0715 0
78 21 54 2.707 0
46 21 83 6.1193 0
44 105 44 6.0393 0
44 85 58 5.6987 0
74 52 24 5.8457 0
46 25 37 6.1767 0
74 82 27 6.1205 0
45 42 70 5.7908 0
75 45 100 6.0005 0
74 60 110 5.9923 0
46 102 89 5.979 0
75 22 75 6.0463 0
74 103 82 5.8044 0
75 76 102 5.8044 0
42 77 105 3.3569 0
75 25 45 5.7714 0
48 85 70 5.9224 0
74 105 52 5.8355 0
47 42 57 5.7861 0
46 74 44 5.7537 0
45 72 84 5.6549 0
43 41 101 3.2534 0
40 84 24 2.0929 0
45 50 81 5.4307 0
44 52 45 5.4005 0
43 48 23 3.3043 0
61 85 64 5.0892 0
53 23 47 4.9724 0
79 76 85 4.9258 0
52 44 101 4.8746 0
79 51 42 4.8238 0
50 82 26 4.6685 0
79 80 44 4.8804 0
51 76 104 4.7174 0
77 107 68 3.0171 0
53 51 23 4.6266 0
76 28 34 4.6434 0
80 47 84 4.5058 0
64 23 48 4.6023 0
76 99 93 4.516 0
44 50 106 4.2974 0
80 40 75 4.4912 0
43 68 108 4.2594 0
62 43 60 4.3483 0
62 70 40 4.4915 0
55 20 75 4.3537 0
43 76 21 4.3918 0
43 57 20 4.0768 0
43 35 30 3.9948 0
79 42 48 4.3852 0
79 88 52 4.3244 0
64 21 71 4.2356 0
54 107 51 4.2938 0
64 46 103 4.2298 0
63 81 24 4.2299 0
79 86 79 4.1458 0
63 52 22 4.181 0
61 75 105 4.1929 0
63 107 54 4.1085 0
44 92 97 3.9486 0
77 22 86 4.1314 0
63 56 91 4.042 0
63 105 80 3.879 0
76 103 41 4.0379 0
44 20 72 4.0949 0
40 92 32 2.0958 0
43 58 111 4.0808 0
63 66 92 3.9618 0
50 76 34 3.9339 0
47 105 78 3.9214 0
43 22 49 3.848 0
40 109 59 1.4834 0
45 107 55 3.8765 0
45 29 91 3.8375 0
42 66 16 3.9072 0
44 97 35 3.8684 0
42 82 79 3.6226 0
44 20 62 3.3195 0
68 23 35 3.6648 0
77 86 99 3.6746 0
68 70 108 3.5653 0
67 104 92 3.6332 0
77 36 29 3.522 0
69 108 42 3.6138 0
68 59 18 3.5434 0
63 67 83 3.3632 0
55 105 83 3.5559 0
63 60 36 3.5383 0
77 35 96 3.5172 0
54 108 42 3.433 0
77 20 62 3.0145 0
50 71 93 3.3873 0
42 106 71 3.2971 0
47 42 26 3.4316 0
63 57 82 3.155 0
48 36 97 3.4343 0
76 93 31 3.254 0
63 60 44 3.3701 0
47 85 101 3.2802 0
60 22 40 3.309 0
69 107 67 3.0326 0
57 44 67 3.2996 0
43 88 28 3.2592 0
77 32 73 3.186 0
50 50 92 3.2096 0
56 18 84 3.1119 0
50 27 73 3.1674 0
78 29 91 3.1041 0
44 107 63 3.1798 0
64 18 84 3.047 0
59 105 90 2.9859 0
66 20 62 3.1455 0
56 72 46 3.0474 0
69 51 108 2.9194 0
76 54 34 2.9929 0
68 76 19 3.04 0
49 100 54 2.9686 0
0
