128
74 98 64 0.9161 0
40 23 87 0.1544 0
110 34 68 0.5 0
11 77 65 0.5 0
109 76 90 0.5 0
37 103 87 0.9055 0
72 26 65 1.6958 0
31 47 64 0.9481 0
102 65 59 0.5 0
106 96 64 0.8497 0
23 63 90 0.5 0
38 89 60 0.6615 0
90 102 90 0.5 0
91 32 90 0.5 0
50 115 64 0.7525 0
64 111 87 0.89 0
109 50 87 0.8522 0
49 28 65 1.6673 0
68 23 90 0.5 0
21 86 86 0.8815 0
24 40 88 0.5 0
118 64 73 0.8482 0
90 41 63 0.5 0
90 112 70 0.5 0
96 86 79 0.6621 0
27 68 65 1.2131 0
25 102 70 0.5 0
70 118 63 0.5 0
52 101 76 0.9104 0
9 63 77 0.761 0
101 52 71 0.8467 0
99 78 65 1.6475 0
76 101 82 0.6956 0
36 35 75 0.6172 0
103 65 80 0.6934 0
90 93 64 0.5624 0
55 25 81 0.612 0
86 31 74 0.6934 0
33 89 75 0.9656 0
115 49 64 0.8401 0
113 80 75 0.7271 0
25 53 78 0.8201 0
105 36 82 0.921 0
100 102 78 0.5 0
59 100 64 0.9481 0
39 110 73 0.7792 0
17 88 72 0.8768 0
45 97 65 1.6504 0
30 82 65 1.6386 0
76 114 75 0.8808 0
25 73 81 0.5621 0
8 64 64 0.7629 0
61 116 73 0.7774 0
51 105 90 0.5 0
114 63 89 0.5 0
96 41 75 0.6722 0
116 74 63 0.4402 0
79 27 84 0.5687 0
106 89 88 0.5 0
87 95 77 0.8955 0
68 24 78 0.9691 0
66 103 74 0.6492 0
33 90 90 0.5 0
27 98 81 0.8733 0
36 35 87 0.6172 0
114 52 76 0.8606 0
49 114 80 0.5 0
107 92 76 0.6568 0
98 44 87 0.5908 0
13 75 77 0.6139 0
39 37 60 0.5 0
60 26 65 1.4453 0
82 30 65 1.6011 0
97 105 64 0.8434 0
114 86 63 0.5 0
85 109 81 0.7764 0
41 96 79 0.524 0
26 55 65 1.6715 0
20 51 90 0.5 0
81 114 64 0.9031 0
101 76 80 0.6252 0
91 92 87 0.621 0
33 107 63 0.4402 0
103 65 69 0.6934 0
24 63 75 0.6131 0
30 43 80 0.9612 0
12 65 88 0.5 0
113 71 81 0.8365 0
20 95 63 0.4402 0
45 29 78 0.6854 0
18 74 90 0.5 0
111 42 74 0.8565 0
75 111 88 0.5 0
34 39 65 1.6452 0
102 55 82 0.5316 0
59 103 83 0.9608 0
82 97 65 1.6504 0
96 47 64 0.9481 0
67 102 65 1.5656 0
28 81 76 0.6398 0
94 87 65 1.7126 0
92 36 82 0.625 0
48 27 87 0.5739 0
41 112 64 0.8744 0
40 33 65 1.7001 0
100 98 87 0.5 0
117 60 63 0.4402 0
103 30 74 0.5119 0
99 82 88 0.5808 0
101 55 65 1.6729 0
60 117 63 0.4402 0
46 99 87 0.6481 0
83 98 87 0.5872 0
28 80 87 0.8254 0
88 23 89 0.5 0
68 103 87 0.9691 0
77 26 75 0.8613 0
27 48 87 0.5718 0
109 82 83 0.6748 0
33 105 77 0.8778 0
11 69 71 0.9219 0
75 101 73 0.9104 0
104 29 63 0.4402 0
93 106 76 0.9164 0
44 108 85 0.8519 0
68 114 79 0.7632 0
22 95 74 0.8071 0
15 85 63 0.4402 0
0
