128
67 93 77 2.469 0
20 35 54 2.4407 0
105 37 45 2.4594 0
60 63 31 2.4205 0
105 56 95 2.5229 0
15 87 68 2.3931 0
105 90 45 2.4594 0
48 50 93 2.4654 0
69 31 63 2.4124 0
23 67 32 2.4185 0
105 90 82 2.4594 0
14 56 82 2.2688 0
47 93 50 2.469 0
92 63 31 2.4205 0
38 81 90 1.7319 0
77 71 95 2.5146 0
97 34 77 2.469 0
75 90 45 2.4345 0
47 37 45 2.3853 0
42 32 71 2.3182 0
78 41 40 2.2524 0
75 45 90 2.2501 0
14 60 55 2.1686 0
20 87 45 2.4443 0
87 96 63 2.4124 0
41 95 71 2.3183 0
42 77 34 2.4654 0
28 63 96 2.4405 0
26 38 83 2.4162 0
36 50 34 2.434 0
17 79 86 2.4088 0
59 37 82 2.4256 0
57 82 90 2.2501 0
84 87 86 2.2491 0
87 32 56 2.3183 0
17 48 41 2.4088 0
105 96 63 2.4124 0
60 63 96 2.4205 0
100 77 93 2.4636 0
79 34 77 2.469 0
82 77 34 2.4654 0
64 96 60 2.0739 0
77 56 32 2.5146 0
106 51 34 1.8335 0
93 45 90 2.2501 0
100 77 34 2.4636 0
105 31 63 2.4124 0
63 82 37 2.2501 0
32 95 56 2.3183 0
63 45 37 2.2501 0
15 40 68 2.3931 0
14 71 68 2.1686 0
84 56 95 2.5167 0
93 45 37 2.2501 0
14 71 45 2.2688 0
60 34 50 2.469 0
42 63 31 2.4205 0
90 87 41 2.2458 0
45 71 95 2.4985 0
54 31 64 2.4124 0
29 93 77 2.484 0
53 93 77 2.469 0
31 38 42 1.5383 0
27 50 93 2.4027 0
33 32 56 2.3183 0
40 41 87 2.3054 0
91 93 77 2.469 0
73 34 50 2.469 0
14 81 56 2.1952 0
70 71 32 2.5126 0
14 57 69 2.1686 0
70 56 95 2.5126 0
58 90 45 2.4257 0
27 77 93 2.4027 0
35 89 41 0.8323 0
14 46 56 2.1952 0
24 32 67 2.4458 0
40 90 82 2.358 0
24 55 33 2.4285 0
48 50 34 2.4654 0
79 93 77 2.469 0
88 77 93 2.4654 0
104 63 31 2.4161 0
72 86 87 2.2557 0
75 95 56 2.3183 0
65 74 94 2.2666 0
60 50 93 2.4654 0
53 96 63 2.4124 0
107 41 88 0.8256 0
85 93 50 2.469 0
17 63 91 2.2713 0
93 37 45 2.4494 0
24 95 67 2.4458 0
31 81 36 2.1666 0
46 86 40 2.2934 0
54 77 34 2.4654 0
84 40 86 2.2491 0
16 45 81 2.0866 0
14 60 41 1.8376 0
92 63 96 2.4205 0
20 76 36 2.4896 0
20 92 54 2.4408 0
40 56 95 2.4936 0
34 71 32 2.4878 0
69 37 82 2.4295 0
67 93 50 2.469 0
97 93 50 2.469 0
87 32 71 2.3182 0
14 65 77 2.1686 0
96 87 86 2.2425 0
99 95 71 2.3183 0
48 32 56 2.3183 0
14 70 58 2.1686 0
47 37 82 2.3853 0
20 87 82 2.4443 0
20 40 45 2.4443 0
98 56 32 2.5208 0
28 85 88 2.3586 0
70 50 34 2.4654 0
93 31 63 2.4124 0
81 31 63 2.4124 0
40 41 40 2.3054 0
14 78 77 2.263 0
105 37 82 2.4594 0
99 32 56 2.3183 0
60 32 71 2.3182 0
36 34 77 2.469 0
33 71 95 2.4868 0
0
