128
30 69 63 1.8742 0
112 68 84 2.9297 0
78 63 40 1.1056 0
66 62 87 1.1327 0
112 68 42 2.9296 0
47 59 39 0.7938 0
86 63 68 1.1649 0
26 60 85 3.0908 0
58 61 62 1.4609 0
25 59 42 2.1686 0
10 59 63 2.4781 0
107 68 64 2.0629 0
47 69 82 0.9993 0
88 69 87 0.9993 0
61 69 44 0.9993 0
91 69 52 0.9993 0
44 55 72 0.8934 0
73 69 58 0.9993 0
44 69 52 0.9993 0
70 62 72 1.4585 0
96 64 40 1.3017 0
44 55 56 0.8934 0
26 61 74 3.6817 0
30 69 50 1.8742 0
98 69 77 0.9993 0
47 69 66 0.9993 0
26 61 62 3.6817 0
76 69 82 0.9993 0
58 61 78 1.4609 0
44 57 86 0.8934 0
26 61 50 3.6817 0
40 70 39 0.7938 0
70 62 48 1.4585 0
112 68 52 2.9296 0
82 63 54 1.4314 0
38 69 74 0.9993 0
54 61 48 1.1599 0
98 64 87 1.1815 0
95 64 60 1.4285 0
36 70 88 0.7938 0
39 60 46 0.9427 0
58 72 89 0.5 0
59 72 71 0.5 0
50 69 42 0.9993 0
26 66 43 3.3371 0
26 67 68 3.3371 0
26 67 56 3.3371 0
18 59 57 2.7232 0
82 63 78 1.4314 0
26 67 82 3.3371 0
42 60 64 1.187 0
61 69 56 0.9993 0
85 69 44 0.9993 0
18 59 70 2.7232 0
112 68 76 2.9297 0
99 64 50 1.0992 0
64 69 80 0.9993 0
38 59 78 1.0984 0
78 72 71 0.5 0
70 69 41 0.9993 0
53 60 87 0.868 0
62 61 40 1.1316 0
67 69 66 0.9993 0
112 68 60 2.9296 0
46 60 50 1.4443 0
111 68 69 2.9297 0
78 63 64 1.1056 0
91 64 78 1.1599 0
99 64 70 1.0992 0
46 60 78 1.4443 0
53 70 52 0.9139 0
62 61 52 1.1316 0
81 61 89 0.5 0
70 62 60 1.4585 0
86 72 62 0.5 0
50 69 74 0.9993 0
76 69 50 0.9993 0
38 69 58 0.9993 0
58 61 70 1.4609 0
70 62 80 1.4585 0
50 60 58 1.115 0
34 59 56 1.4277 0
68 72 89 0.5 0
54 61 40 1.1599 0
50 60 66 1.115 0
55 69 62 0.9993 0
38 69 46 0.9993 0
55 69 82 0.9993 0
74 62 87 1.1483 0
82 63 46 1.4314 0
91 64 46 1.1599 0
101 69 44 0.9993 0
28 68 75 2.5716 0
94 72 67 0.5 0
35 59 87 1.3017 0
67 69 51 0.9993 0
91 69 72 0.9993 0
73 69 74 0.9993 0
38 59 70 1.0984 0
35 59 41 1.3454 0
44 55 44 0.8934 0
101 71 56 0.406 0
103 72 89 0.5 0
86 63 84 1.1649 0
86 63 60 1.1649 0
86 63 40 1.1649 0
38 69 82 0.9993 0
74 62 54 1.1483 0
66 62 66 1.1327 0
78 63 72 1.1056 0
82 69 68 0.9993 0
91 69 40 0.9993 0
95 69 83 0.9993 0
47 69 58 0.9993 0
64 69 72 0.9993 0
108 67 47 2.0629 0
84 72 76 0.5 0
107 68 56 2.0629 0
107 68 80 2.0629 0
72 62 40 1.3017 0
85 69 56 0.9993 0
36 59 63 1.263 0
46 60 70 1.4443 0
64 69 87 0.9993 0
36 69 67 0.9993 0
82 69 84 0.9993 0
76 69 66 0.9993 0
61 69 64 0.9993 0
0
