128
53 101 64 0.5 0
105 24 64 0.5 0
23 24 64 0.5 0
116 88 64 0.5 0
9 73 65 0.5 0
89 115 64 0.5 0
110 56 71 0.9168 0
22 103 64 0.5 0
27 51 64 0.5 0
93 91 64 0.6116 0
67 121 64 0.5 0
29 82 63 0.5 0
107 43 55 0.5 0
110 70 56 0.5 0
74 102 64 0.6097 0
40 116 64 0.5 0
10 44 64 0.5 0
104 39 71 0.9043 0
103 105 64 0.5 0
36 102 73 0.5 0
16 60 71 0.9035 0
34 36 64 0.6116 0
109 75 71 0.7963 0
36 102 55 0.2963 0
14 89 65 0.5 0
16 60 55 0.2929 0
91 103 55 0.5 0
60 111 71 0.9035 0
60 111 55 0.2929 0
89 103 71 0.8976 0
22 40 71 0.8161 0
22 40 56 0.5 0
121 65 64 0.5 0
93 34 61 0.0424 0
104 89 55 0.5 0
18 78 55 0.5 0
117 43 65 0.5 0
104 88 71 0.9043 0
112 56 56 0.5 0
26 92 71 0.9003 0
25 93 55 0.5 0
24 69 64 0.6049 0
19 79 71 0.6521 0
76 111 73 0.5 0
46 108 71 0.9187 0
54 119 63 0.5 0
72 112 56 0.5 0
36 93 63 0.5 0
101 50 64 0.3713 0
104 64 64 0.6636 0
46 108 56 0.5 0
102 79 62 0.5 0
30 30 73 0.5 0
29 30 55 0.298 0
98 97 71 0.9051 0
119 76 64 0.5 0
7 62 64 0.5 0
32 108 64 0.4754 0
111 34 63 0.5 0
98 30 71 0.7147 0
109 96 63 0.5 0
18 50 71 0.903 0
17 34 63 0.5 0
63 104 63 0.5 0
82 109 56 0.5 0
78 117 64 0.1876 0
102 34 56 0.5 0
17 50 56 0.5 0
84 97 63 0.2492 0
119 53 65 0.5 0
100 98 57 0.5 0
111 66 71 0.9158 0
17 70 71 0.8001 0
44 98 65 0.5 0
111 83 57 0.5 0
97 42 64 0.6184 0
108 47 71 0.7924 0
17 69 56 0.5 0
10 53 63 0.5 0
24 60 63 0.5 0
83 111 68 0.7902 0
12 81 62 0.5 0
111 83 68 0.7902 0
95 109 65 0.5 0
20 95 62 0.5 0
68 111 71 0.8856 0
29 100 69 0.5 0
29 43 63 0.5 0
23 85 56 0.5 0
28 100 58 0.5 0
98 85 66 0.5 0
22 86 71 0.8949 0
53 112 57 0.5 0
80 104 67 0.7764 0
104 72 63 0.5 0
116 63 59 0.5 0
25 76 62 0.5 0
47 116 64 0.6125 0
16 44 68 0.7902 0
53 110 71 0.7491 0
111 49 57 0.5 0
12 64 59 0.5 0
104 56 62 0.5 0
63 116 67 0.6987 0
23 48 59 0.5 0
15 44 59 0.5 0
23 46 67 0.5 0
26 35 71 0.9003 0
109 64 59 0.5 0
64 116 59 0.0357 0
32 88 64 0.615 0
80 104 60 0.5 0
47 103 66 0.8284 0
116 63 67 0.6987 0
12 65 67 0.5 0
20 64 67 0.5149 0
15 83 67 0.6389 0
112 43 59 0.5 0
43 112 60 0.5 0
16 85 59 0.5 0
24 80 66 0.8284 0
105 81 68 0.674 0
27 27 60 0.5 0
28 36 56 0.5 0
101 27 59 0.1295 0
109 77 55 0.2916 0
64 109 59 0.5 0
40 106 57 0.5 0
0
