128
63 65 63 1.8771 0
43 13 64 1.8771 0
9 59 63 1.8771 0
99 110 65 0.5 0
43 118 63 0.5 0
114 62 62 0.5 0
19 95 63 1.8771 0
84 37 63 1.8771 0
68 97 64 1.8771 0
37 44 64 1.8771 0
92 79 64 1.8771 0
37 75 63 1.8771 0
73 7 66 0.5 0
60 36 63 1.8771 0
42 98 63 1.8771 0
16 35 64 1.2518 0
78 116 63 1.8771 0
96 56 64 1.8771 0
114 90 64 0.5 0
78 55 64 1.8771 0
87 96 63 1.8771 0
28 60 63 1.8771 0
53 82 63 1.8771 0
20 77 64 1.8771 0
48 57 64 1.8771 0
68 21 63 1.8771 0
62 113 64 1.8771 0
28 25 64 1.8771 0
77 73 63 1.8771 0
107 75 64 1.8771 0
102 94 64 1.8771 0
48 28 63 1.8771 0
63 50 64 1.8771 0
58 11 64 1.8771 0
29 109 67 0.5 0
20 47 64 1.8771 0
68 82 63 1.8771 0
95 43 64 1.8771 0
31 88 65 0.8692 0
53 102 63 1.8771 0
78 88 63 1.8771 0
9 71 64 1.6081 0
85 107 64 1.8771 0
87 68 63 1.8771 0
48 72 63 1.8771 0
48 39 64 1.8771 0
100 66 63 1.8771 0
52 117 64 1.8771 0
106 53 64 1.8771 0
28 100 63 1.8771 0
73 46 64 1.8771 0
42 88 64 1.8771 0
41 108 63 1.8771 0
14 85 63 1.8771 0
53 92 64 1.8771 0
95 102 64 1.8771 0
72 108 64 1.8771 0
20 67 64 1.8771 0
28 35 64 1.8771 0
58 21 64 1.8771 0
37 54 64 1.8771 0
107 85 64 1.8771 0
84 47 64 1.8771 0
37 64 64 1.8771 0
37 29 64 1.8771 0
72 34 62 0.5812 0
58 74 63 1.8771 0
53 47 64 1.8771 0
94 89 64 1.8771 0
68 11 63 1.8771 0
68 72 63 1.8771 0
68 57 64 1.8771 0
28 80 63 1.8771 0
28 70 63 1.8771 0
20 57 64 1.8771 0
63 90 64 1.8771 0
77 101 64 1.8771 0
28 50 64 1.8771 0
37 19 63 1.8771 0
74 65 63 1.8771 0
11 47 64 1.5934 0
112 68 63 1.8771 0
63 105 63 1.8771 0
82 81 64 1.8771 0
58 59 64 1.8771 0
93 109 64 1.8771 0
53 67 64 1.8771 0
86 61 64 1.8771 0
85 54 63 1.8771 0
48 18 63 1.8771 0
67 118 64 1.8771 0
63 16 63 1.8771 0
102 102 64 1.8771 0
103 60 63 1.8771 0
68 37 64 1.8771 0
42 68 63 1.8771 0
42 23 64 1.8771 0
49 107 64 1.8771 0
45 80 65 0.8692 0
42 48 64 1.8771 0
42 33 64 1.8771 0
102 81 64 1.8771 0
97 75 64 1.8771 0
116 79 62 0.5 0
46 115 64 1.8771 0
48 97 64 1.8771 0
42 58 64 1.8771 0
48 87 64 1.8771 0
23 86 65 0.8692 0
108 94 64 1.8771 0
15 70 63 1.8771 0
58 99 64 1.8771 0
80 110 63 1.8771 0
79 62 64 1.8771 0
33 106 62 0.8692 0
20 28 63 0.9924 0
15 60 64 1.8771 0
15 54 64 1.8771 0
37 95 63 1.8771 0
37 85 64 1.8771 0
58 44 64 1.8771 0
112 78 64 1.8771 0
55 112 64 1.8771 0
88 112 64 1.8771 0
20 32 64 1.8771 0
10 52 63 1.8771 0
63 80 64 1.8771 0
110 63 64 1.8771 0
0
