128
41 73 67 2.3083 0
85 23 38 1.8405 0
85 104 38 1.8405 0
58 22 89 1.5533 0
79 105 93 0.5 0
85 60 81 1.2978 0
42 34 38 1.7069 0
42 104 38 1.8405 0
85 63 38 1.7048 0
42 104 89 1.598 0
85 23 72 1.5971 0
42 41 69 1.3004 0
50 67 37 1.3541 0
85 104 65 1.5958 0
44 58 93 0.5 0
48 105 63 1.5533 0
85 47 58 1.2978 0
85 83 53 1.2978 0
85 38 90 1.2978 0
49 22 59 1.5533 0
41 54 51 2.3083 0
42 79 90 1.3004 0
61 22 38 1.5533 0
64 105 41 1.5533 0
78 43 37 1.3541 0
42 39 90 1.3004 0
42 87 49 1.3004 0
61 105 86 1.5533 0
27 56 67 0.5085 0
43 22 79 1.5533 0
85 65 61 1.2978 0
42 92 75 1.3004 0
77 22 88 1.5533 0
77 22 56 1.514 0
76 86 36 0.8462 0
38 76 57 5.0035 0
39 52 69 4.194 0
50 51 37 1.3541 0
77 105 79 1.514 0
38 48 57 5.0035 0
50 83 37 1.3541 0
85 34 53 1.2978 0
42 67 83 1.3004 0
85 77 41 1.2978 0
46 105 76 1.5533 0
49 22 46 1.5533 0
85 96 51 1.2978 0
42 100 51 1.3004 0
77 105 55 1.514 0
42 31 53 1.3004 0
54 96 37 0.7934 0
85 53 69 1.2978 0
73 97 37 1.3541 0
85 50 46 1.2978 0
72 31 37 0.7961 0
39 80 69 4.194 0
85 92 38 1.7048 0
42 94 63 1.3004 0
42 50 85 1.3004 0
42 91 90 1.3004 0
42 28 67 1.3004 0
42 34 79 1.3004 0
86 52 93 0.5 0
42 23 38 1.8405 0
42 76 38 1.7069 0
85 35 38 1.7048 0
85 70 50 1.2978 0
44 24 93 0.5 0
86 98 86 0.8684 0
42 45 42 1.3004 0
42 67 45 1.3004 0
26 70 68 0.5 0
85 29 84 1.2978 0
85 27 62 1.2978 0
49 105 46 1.5533 0
27 43 67 0.5085 0
77 56 37 1.3541 0
86 67 91 0.8462 0
42 94 38 1.7069 0
42 56 38 1.7069 0
52 27 37 1.3541 0
85 63 71 1.2978 0
74 22 42 0.8832 0
85 23 48 1.5971 0
42 63 59 1.3004 0
74 105 42 1.5533 0
76 71 36 0.8462 0
51 105 86 1.5533 0
70 105 89 1.5533 0
67 22 86 1.5533 0
48 22 71 1.5533 0
55 105 37 1.3541 0
86 98 75 0.8684 0
42 58 80 1.3004 0
85 53 38 1.7048 0
26 84 63 0.4802 0
42 81 81 1.3004 0
50 39 37 1.3541 0
85 49 86 1.2978 0
42 23 51 1.5994 0
85 104 49 1.5958 0
84 105 85 1.5533 0
76 21 67 0.5062 0
42 96 83 1.3004 0
85 41 48 1.2978 0
49 22 89 1.5533 0
42 86 38 1.7069 0
81 105 72 1.5533 0
81 22 79 1.5533 0
85 104 57 1.5958 0
48 105 55 1.5533 0
85 36 61 1.2978 0
77 105 63 1.514 0
85 87 45 1.2978 0
41 28 87 0.8327 0
86 94 60 0.7014 0
42 99 71 1.3004 0
42 42 77 1.3004 0
42 38 46 1.3004 0
50 59 37 1.3541 0
65 97 37 1.3541 0
42 67 75 1.3004 0
79 29 37 1.3541 0
65 29 37 1.3541 0
42 66 38 1.7069 0
82 83 37 1.3541 0
50 75 37 1.3541 0
85 75 56 1.2978 0
0
