128
64 63 63 12.7967 0
37 79 81 17.9754 0
90 79 81 17.9755 0
63 92 43 17.7449 0
39 49 43 17.8299 0
64 33 81 17.8011 0
88 49 43 17.8299 0
64 82 95 10.4213 0
47 53 94 9.7698 0
80 53 94 9.7698 0
85 76 35 9.0967 0
43 75 34 8.8511 0
64 38 35 8.4977 0
47 29 60 8.3445 0
25 66 60 8.2571 0
102 66 60 8.2571 0
85 95 59 8.1324 0
42 96 60 7.9933 0
82 29 61 7.8076 0
65 50 100 5.516 0
51 72 100 5.516 0
78 69 100 5.516 0
64 51 42 5.2587 0
37 64 100 4.751 0
90 64 100 4.751 0
68 51 30 4.8196 0
72 99 64 4.6821 0
49 86 101 4.5081 0
55 99 64 4.6821 0
42 35 72 4.4941 0
79 86 101 4.5081 0
75 40 101 4.5081 0
98 53 64 4.4993 0
29 53 64 4.4993 0
51 40 101 4.5081 0
31 71 41 4.4359 0
37 39 64 4.4402 0
50 70 46 4.2324 0
86 89 42 4.4489 0
99 59 72 4.3759 0
28 59 72 4.3759 0
77 70 46 4.2324 0
77 29 48 4.313 0
51 87 64 4.3398 0
98 70 44 4.273 0
60 75 81 4.251 0
79 97 71 4.2308 0
77 65 30 4.1203 0
91 40 64 4.1775 0
76 86 63 4.175 0
40 87 41 4.0985 0
79 41 65 4.1057 0
35 56 85 3.9214 0
92 56 85 3.9214 0
37 61 63 4.0357 0
90 61 63 4.0357 0
56 92 86 3.9426 0
50 42 62 3.9346 0
71 92 85 3.8017 0
50 29 47 3.9771 0
85 36 72 3.843 0
81 89 29 3.8117 0
53 54 80 3.6884 0
74 54 80 3.6884 0
72 76 29 3.8117 0
45 88 29 3.8117 0
50 97 72 3.8949 0
50 64 29 3.8117 0
108 58 50 3.7609 0
19 58 50 3.7609 0
52 36 29 3.8117 0
57 48 29 3.8117 0
94 67 29 3.8117 0
43 41 84 3.8626 0
33 67 29 3.8117 0
58 75 29 3.8117 0
80 105 50 3.6842 0
70 24 61 3.5902 0
77 35 29 3.6312 0
46 105 50 3.6494 0
59 24 61 3.5551 0
56 32 102 3.5003 0
93 98 69 3.4832 0
85 43 85 3.5286 0
25 67 47 3.4145 0
71 30 102 3.5003 0
61 41 102 3.5003 0
30 75 102 3.5003 0
97 75 102 3.5003 0
48 21 70 3.4519 0
89 27 51 3.4204 0
41 94 46 3.4172 0
38 27 51 3.4204 0
101 79 61 3.2394 0
26 79 61 3.2394 0
38 87 102 3.3184 0
90 87 102 3.3184 0
19 71 70 3.343 0
108 71 70 3.343 0
61 53 91 3.243 0
30 86 61 3.2053 0
97 86 61 3.2053 0
74 31 39 3.1899 0
54 31 39 3.1899 0
84 98 46 3.1625 0
78 20 70 3.152 0
34 99 69 3.0023 0
34 60 92 3.0695 0
93 60 92 3.0695 0
68 82 81 3.0742 0
45 58 81 2.983 0
82 58 81 2.983 0
68 74 78 2.9112 0
46 39 92 2.9671 0
104 64 46 2.858 0
51 62 79 2.8816 0
76 62 79 2.8816 0
23 54 57 2.9251 0
104 54 57 2.9251 0
75 91 92 2.8771 0
75 68 38 2.8553 0
76 83 28 2.8038 0
86 65 28 2.8038 0
73 43 28 2.8038 0
74 57 28 2.8038 0
75 95 79 2.7349 0
53 57 28 2.8038 0
39 75 103 2.4924 0
0
