128
43 78 75 16.2594 0
91 64 44 14.0173 0
43 49 47 16.2594 0
79 38 86 9.2829 0
71 88 54 15.7691 0
89 63 75 15.9483 0
72 39 61 15.5908 0
47 46 79 14.9358 0
43 81 44 13.7595 0
74 90 83 12.4141 0
83 43 38 7.9701 0
65 33 38 7.9701 0
63 32 87 6.6444 0
69 49 39 6.1643 0
33 62 89 6.1807 0
67 49 88 6.1018 0
85 84 36 5.9543 0
74 74 36 5.9543 0
58 94 36 5.9543 0
56 93 89 5.7303 0
90 80 90 5.6066 0
91 79 59 5.3833 0
59 95 72 5.3223 0
32 66 36 5.1728 0
60 77 90 5.1903 0
62 77 36 5.1903 0
76 100 36 5.1738 0
92 49 58 5.2087 0
32 61 65 5.1728 0
32 70 57 5.1728 0
87 85 69 5.0905 0
32 41 65 5.1728 0
75 72 90 5.0078 0
91 48 91 4.8425 0
51 34 62 4.8254 0
51 68 57 4.7686 0
78 29 36 4.7749 0
51 93 61 4.7474 0
70 76 72 4.5602 0
75 26 78 4.6297 0
45 63 91 4.4362 0
27 91 98 0.5 0
110 64 97 0.5 0
75 58 91 4.2923 0
76 67 57 4.2051 0
31 40 91 4.1649 0
31 59 77 4.1649 0
31 87 59 4.1649 0
51 60 64 4.2161 0
75 58 35 4.2929 0
102 64 92 4.1653 0
31 50 91 4.1649 0
52 33 35 4.1785 0
45 91 92 4.1263 0
76 25 46 3.9821 0
76 102 70 3.906 0
103 62 59 3.9332 0
51 67 34 3.9386 0
33 88 91 3.9329 0
74 57 51 3.9241 0
90 44 49 3.8776 0
59 44 34 3.9386 0
76 90 34 3.9386 0
90 83 47 3.8299 0
88 41 75 3.7309 0
54 32 53 3.8417 0
60 30 76 3.7934 0
73 26 91 3.7221 0
81 51 91 3.7504 0
31 75 92 3.606 0
70 52 78 3.5601 0
53 69 91 3.5263 0
60 42 93 3.4693 0
98 73 91 3.2307 0
51 33 93 3.3667 0
96 56 93 3.3244 0
100 70 59 3.3766 0
82 32 44 3.2901 0
68 100 70 3.3317 0
40 91 59 3.2389 0
40 36 64 3.3134 0
63 75 80 3.1746 0
54 84 93 3.2515 0
30 51 63 3.1571 0
90 84 81 3.2374 0
30 53 71 3.1571 0
55 31 45 3.1944 0
64 52 48 3.0781 0
52 95 51 3.1411 0
30 68 48 3.1571 0
62 75 68 3.1746 0
30 40 34 3.1571 0
57 53 63 2.7496 0
91 44 82 3.0618 0
94 48 35 2.9852 0
91 44 66 3.0615 0
83 94 69 3.0209 0
68 93 33 2.9307 0
73 70 65 3.0973 0
53 59 92 2.976 0
30 57 33 2.9307 0
60 52 35 3.0781 0
30 39 74 3.0769 0
99 55 59 3.054 0
79 107 97 0.5 0
83 94 34 3.0214 0
94 79 34 2.9371 0
74 59 62 2.9161 0
67 100 34 3.021 0
30 88 34 2.9991 0
74 68 49 2.962 0
42 67 33 2.9307 0
68 39 94 2.7869 0
71 83 33 2.9307 0
30 76 33 2.9307 0
63 86 33 2.9307 0
79 65 94 2.8656 0
71 73 82 2.8638 0
86 71 93 2.8598 0
48 94 33 2.8535 0
57 74 54 2.8264 0
54 31 70 2.883 0
57 74 61 2.8264 0
54 96 80 2.8064 0
39 55 94 2.638 0
58 51 94 2.5826 0
87 89 93 2.7209 0
63 99 92 2.7343 0
0
