128
44 80 67 8.2241 0
113 40 61 1.6991 0
48 13 65 2.6739 0
104 98 65 2.5145 0
95 66 67 8.2241 0
72 33 67 8.2241 0
14 42 62 1.8849 0
72 95 66 7.5886 0
45 38 67 8.2241 0
32 59 67 8.2241 0
49 114 65 2.6485 0
88 83 67 8.2241 0
14 87 66 1.6991 0
55 94 66 7.5886 0
97 34 63 4.2901 0
87 41 66 7.0175 0
27 96 63 3.6378 0
25 31 63 3.3758 0
112 56 63 3.7487 0
64 114 63 3.451 0
109 84 62 3.356 0
57 28 65 5.8731 0
91 105 64 3.4634 0
78 12 62 2.4473 0
29 74 65 5.9268 0
31 44 64 5.5729 0
99 52 64 5.5729 0
63 10 65 2.4362 0
38 104 63 3.7647 0
9 72 61 1.3335 0
40 94 64 5.3338 0
12 56 63 2.4244 0
91 20 62 3.0724 0
79 114 62 2.6739 0
60 41 70 5.2005 0
34 19 65 2.3433 0
31 86 64 4.953 0
115 71 62 2.4244 0
45 52 64 4.7518 0
86 97 64 4.7407 0
85 28 64 4.5831 0
101 79 64 4.6882 0
63 105 64 4.5858 0
64 85 70 4.5293 0
76 46 70 4.5222 0
39 26 63 4.2021 0
74 82 66 4.2756 0
63 18 64 4.0349 0
76 20 64 3.9469 0
51 106 64 4.1233 0
98 93 63 3.9337 0
83 71 71 3.8846 0
43 67 63 3.7936 0
108 69 64 3.9131 0
19 70 63 3.91 0
20 84 64 3.7585 0
107 43 63 3.7585 0
19 58 64 3.9131 0
77 107 64 3.8325 0
50 20 63 3.8322 0
20 44 64 3.6383 0
84 71 62 3.5571 0
33 34 65 3.5571 0
55 45 62 3.3627 0
72 45 62 3.3554 0
43 68 72 3.1847 0
58 83 62 3.2639 0
95 47 72 3.1847 0
44 58 71 3.2669 0
36 71 72 3.1847 0
32 81 72 3.166 0
42 49 72 3.1847 0
55 83 72 3.1847 0
52 47 72 3.1108 0
79 49 62 2.6177 0
67 83 62 2.8124 0
98 42 66 2.718 0
107 26 68 0.5 0
61 38 61 2.5493 0
78 77 71 2.7608 0
105 59 66 2.5541 0
24 50 66 2.5535 0
78 77 61 2.5493 0
45 95 72 2.4043 0
69 23 61 2.5493 0
85 63 61 2.5493 0
48 28 61 2.5493 0
103 29 62 2.5769 0
83 64 68 2.4823 0
62 44 62 2.559 0
64 89 61 2.5493 0
47 100 61 2.5493 0
78 87 61 2.5493 0
23 64 61 2.5493 0
37 89 71 2.4447 0
83 93 71 2.5059 0
36 69 61 2.5493 0
44 60 61 2.5493 0
12 72 65 2.4605 0
64 100 72 2.4549 0
107 62 61 2.3741 0
83 32 72 2.2291 0
95 54 72 2.3644 0
98 76 73 2.1769 0
72 86 73 2.1769 0
30 48 72 2.3526 0
54 33 73 2.1769 0
33 43 73 2.1769 0
100 57 73 2.1578 0
50 29 73 2.1769 0
64 27 73 2.1769 0
78 83 73 2.1769 0
61 33 73 2.1769 0
48 52 73 2.1769 0
69 44 73 2.1769 0
86 62 73 2.1769 0
30 69 73 2.1769 0
48 27 67 2.1195 0
83 48 73 2.0162 0
73 80 73 2.0323 0
70 107 61 1.9011 0
117 87 68 0.5 0
68 45 67 2.0078 0
22 78 61 1.9846 0
34 112 69 0.5 0
44 103 66 1.8963 0
21 52 61 1.8575 0
96 43 60 1.5414 0
0
