128
64 70 64 0.9541 0
61 52 8 0.5 0
60 53 120 0.5 0
64 75 97 0.8687 0
72 68 33 0.5 0
63 52 84 0.594 0
60 52 47 0.7733 0
67 77 120 0.5 0
54 60 26 0.776 0
68 71 12 0.5 0
70 57 103 0.7166 0
60 70 46 0.8594 0
62 52 66 0.8027 0
57 70 81 0.7518 0
72 54 22 0.5 0
57 67 111 0.554 0
74 62 52 0.5 0
73 61 75 0.5 0
56 61 95 0.4674 0
72 63 117 0.5 0
71 64 89 0.712 0
70 54 36 0.8066 0
55 65 10 0.5912 0
55 61 57 0.6612 0
73 59 9 0.617 0
63 70 24 0.8185 0
56 59 75 0.7839 0
54 61 39 0.6316 0
58 55 107 0.5807 0
70 71 108 0.769 0
68 72 76 0.6498 0
68 53 56 0.7831 0
60 52 20 0.6957 0
72 61 63 0.7553 0
59 52 33 0.5671 0
59 69 34 0.8344 0
72 65 20 0.6581 0
66 53 94 0.8115 0
68 70 54 0.8369 0
65 74 86 0.8689 0
71 66 43 0.6389 0
62 65 120 0.5 0
68 54 113 0.4994 0
67 53 75 0.787 0
56 61 85 0.8175 0
57 70 91 0.7611 0
61 75 107 0.7551 0
56 67 69 0.8119 0
70 54 46 0.6868 0
58 73 118 0.8814 0
70 66 99 0.5 0
73 60 29 0.7124 0
56 66 19 0.6978 0
58 70 56 0.5 0
68 52 14 0.5875 0
59 53 57 0.783 0
57 68 101 0.4551 0
55 56 13 0.6451 0
71 56 83 0.5 0
71 67 69 0.7631 0
56 62 48 0.5 0
71 66 81 0.8019 0
65 51 27 0.5818 0
57 59 115 0.6115 0
64 70 113 0.9799 0
56 58 66 0.641 0
58 55 90 0.8571 0
59 54 99 0.6937 0
66 70 38 0.7844 0
64 69 103 0.9799 0
70 70 118 0.9375 0
57 54 40 0.8504 0
61 74 71 0.5 0
69 54 64 0.8585 0
70 63 109 0.5679 0
60 71 14 0.5 0
70 71 93 0.5535 0
74 61 37 0.5 0
60 53 77 0.8166 0
72 58 95 0.5 0
66 59 118 0.6123 0
64 51 40 0.5821 0
67 70 47 0.827 0
56 67 62 0.8108 0
65 53 106 0.7075 0
61 53 113 0.6704 0
63 73 80 0.6027 0
56 56 51 0.785 0
57 67 27 0.5787 0
57 62 105 0.4572 0
74 65 13 0.5 0
69 68 27 0.7119 0
63 69 94 0.845 0
71 67 60 0.7538 0
74 58 16 0.5 0
71 58 69 0.8186 0
54 59 19 0.6659 0
57 54 27 0.6741 0
55 57 34 0.7337 0
66 77 113 0.5 0
68 54 88 0.8464 0
56 66 76 0.7619 0
70 70 87 0.8496 0
63 71 58 0.5999 0
67 69 18 0.5976 0
56 67 41 0.5425 0
72 59 57 0.7401 0
70 54 29 0.7199 0
74 59 44 0.5 0
63 70 8 0.5 0
64 70 30 0.8567 0
58 54 71 0.6812 0
57 67 118 0.8552 0
66 75 103 0.7742 0
67 72 70 0.7294 0
55 64 33 0.6117 0
66 53 100 0.804 0
58 73 112 0.8338 0
71 56 52 0.8584 0
63 71 51 0.92 0
65 53 118 0.9346 0
59 74 101 0.5644 0
58 55 83 0.7016 0
56 67 51 0.6968 0
73 60 23 0.7292 0
62 51 14 0.5953 0
55 57 45 0.6823 0
71 67 75 0.7192 0
0
