128
58 64 63 20.0421 0
84 54 104 7.4949 0
84 85 28 7.4949 0
84 97 87 7.4949 0
86 21 76 4.8075 0
24 57 62 13.268 0
87 35 28 3.5719 0
84 55 24 7.4949 0
84 33 48 7.4949 0
78 109 53 1.728 0
83 53 75 8.5028 0
83 73 76 8.5028 0
83 55 50 8.5028 0
83 73 50 8.3679 0
84 35 77 7.4949 0
79 80 107 2.5609 0
84 26 63 7.4949 0
84 97 39 7.4949 0
84 85 98 7.4949 0
84 44 36 7.4949 0
84 69 32 7.4949 0
84 62 90 7.4949 0
84 42 62 7.4949 0
84 45 90 7.4949 0
84 70 104 7.4949 0
32 76 68 7.1606 0
32 66 95 0.5 0
18 77 60 6.5578 0
32 78 37 0.5119 0
34 74 53 6.0449 0
19 73 74 6.0618 0
34 49 88 1.6771 0
85 30 91 5.7808 0
34 65 78 5.833 0
91 112 67 0.9398 0
35 58 34 0.6296 0
86 64 64 5.4791 0
81 30 35 5.1225 0
16 69 49 4.9611 0
36 63 48 4.8784 0
76 111 71 0.5974 0
34 40 78 1.6771 0
34 40 47 1.6771 0
34 91 57 1.6771 0
87 85 44 4.4713 0
87 83 85 4.4713 0
34 84 88 0.5 0
16 63 79 4.4775 0
87 73 20 4.4713 0
87 41 102 4.4713 0
38 53 75 4.3002 0
33 35 64 1.5198 0
80 74 92 4.1289 0
80 21 52 4.1289 0
80 66 19 4.1289 0
80 58 37 4.1289 0
80 43 24 4.1289 0
84 109 75 2.1622 0
87 75 63 3.8893 0
93 111 54 0.5 0
39 52 52 3.8782 0
34 48 39 1.5309 0
58 79 92 0.5 0
34 74 90 1.6771 0
58 45 85 1.7338 0
36 93 77 0.5 0
58 63 92 1.7338 0
58 35 65 1.6913 0
61 92 79 0.5 0
81 23 84 3.7007 0
27 67 47 3.5647 0
80 35 99 3.5719 0
59 38 50 1.4631 0
87 106 47 3.5013 0
58 54 36 1.5071 0
58 85 44 1.7338 0
88 21 48 3.4634 0
58 70 35 1.508 0
80 106 80 3.5013 0
58 92 66 1.7338 0
40 47 63 3.4243 0
88 74 88 3.4634 0
88 54 62 3.4634 0
33 92 67 1.5198 0
80 87 81 3.459 0
88 25 40 3.4634 0
88 106 80 3.4634 0
80 23 42 3.2475 0
59 85 83 1.4631 0
15 54 77 3.3647 0
58 92 55 1.0504 0
24 74 50 3.3903 0
34 88 48 1.6771 0
58 46 42 1.7338 0
34 66 35 1.6771 0
15 59 47 3.1994 0
60 37 77 0.9264 0
79 83 41 3.121 0
79 18 70 3.121 0
79 106 48 3.121 0
86 111 58 1.2327 0
28 57 79 3.0901 0
79 76 21 3.121 0
79 80 86 3.121 0
58 78 39 1.7338 0
41 74 77 3.0759 0
58 72 91 1.5979 0
34 37 55 1.6771 0
34 61 91 1.6771 0
79 35 27 2.7773 0
79 76 62 2.9232 0
79 43 105 2.8004 0
89 56 38 2.4555 0
41 81 63 2.9289 0
34 87 76 1.6771 0
34 80 83 1.6771 0
75 64 46 2.8677 0
88 43 22 2.8004 0
77 63 81 2.8628 0
87 18 55 2.803 0
58 54 91 1.1285 0
88 64 17 2.5863 0
42 59 80 2.8151 0
34 42 69 1.6771 0
74 47 68 2.7709 0
79 88 46 2.7051 0
41 70 47 2.7177 0
89 23 85 2.4555 0
0
