128
76 68 62 2.8569 0
52 55 114 3.725 0
51 57 13 3.926 0
51 68 86 2.7931 0
75 72 114 3.725 0
52 69 43 2.1914 0
76 70 13 3.926 0
77 61 88 3.3122 0
74 59 36 3.3367 0
51 59 62 2.8689 0
57 76 13 3.5073 0
52 72 114 3.725 0
75 55 114 3.725 0
66 50 13 3.5073 0
53 59 36 3.3367 0
76 57 13 3.926 0
54 56 97 0.9707 0
74 58 73 1.1633 0
73 70 48 1.0707 0
73 56 52 0.8131 0
73 70 77 1.0707 0
56 72 99 0.8867 0
70 72 98 0.6332 0
54 70 26 1.0794 0
56 72 70 0.5 0
54 56 77 0.8131 0
51 70 13 3.926 0
62 51 108 1.9606 0
65 72 35 0.5 0
62 76 108 1.9502 0
68 50 114 3.788 0
68 77 114 3.788 0
59 77 114 3.788 0
59 50 114 3.788 0
54 70 56 1.0707 0
73 57 100 1.0776 0
74 67 36 3.6401 0
53 67 36 3.6387 0
65 77 13 3.5073 0
58 51 13 3.5073 0
75 66 103 1.3353 0
50 61 88 3.3171 0
54 57 48 1.0776 0
77 61 63 3.167 0
50 66 63 3.1669 0
51 64 106 1.4201 0
75 61 24 1.3215 0
52 61 24 1.3215 0
52 64 75 1.0653 0
75 69 92 1.9778 0
75 61 47 1.3486 0
76 68 86 2.7936 0
52 66 97 1.3043 0
69 74 104 1.4044 0
73 70 26 1.0794 0
53 58 71 1.4074 0
69 53 104 1.413 0
54 56 104 1.2098 0
75 61 79 1.3386 0
76 65 19 2.17 0
51 65 19 2.17 0
75 59 107 1.9317 0
52 58 43 2.1908 0
75 69 43 2.191 0
75 58 43 2.1917 0
52 65 52 1.1717 0
75 66 54 1.2542 0
64 56 40 0.5 0
72 77 13 2.1245 0
54 70 77 1.0707 0
48 63 39 2.0317 0
79 63 39 2.0317 0
75 66 73 1.2527 0
74 57 93 1.8271 0
52 59 107 1.9317 0
52 69 92 1.9755 0
51 62 68 1.9906 0
76 65 68 1.9906 0
53 69 103 1.2451 0
79 63 15 2.0668 0
73 64 11 2.0568 0
54 64 11 2.0568 0
48 63 15 2.0529 0
69 71 11 1.8596 0
69 56 11 1.8563 0
72 54 108 2.0383 0
55 73 108 2.0374 0
55 54 108 2.0374 0
72 73 108 2.0371 0
75 59 20 1.9194 0
52 59 20 1.9194 0
52 68 108 1.9018 0
75 68 107 1.9019 0
53 57 93 1.8275 0
76 64 44 1.9138 0
51 63 44 1.9137 0
75 58 68 1.8477 0
52 69 68 1.8474 0
75 61 97 1.3006 0
72 51 11 1.8075 0
75 60 57 1.5691 0
61 71 39 0.8131 0
53 59 29 1.3522 0
74 59 29 1.3522 0
52 63 31 1.7569 0
75 63 31 1.7569 0
53 58 56 1.4074 0
62 56 34 0.5 0
75 58 83 1.718 0
52 58 83 1.7171 0
82 62 114 0.5 0
51 63 82 1.543 0
73 70 100 1.0707 0
51 63 58 1.6466 0
76 64 58 1.6466 0
52 61 96 1.3392 0
75 66 78 1.219 0
76 64 82 1.5431 0
58 53 104 1.4136 0
58 74 104 1.4038 0
67 52 108 1.576 0
67 75 108 1.5755 0
47 62 118 0.5 0
61 72 10 1.4181 0
79 60 112 1.3531 0
75 66 96 1.333 0
57 70 10 1.4448 0
57 57 10 1.4448 0
0
