128
66 72 66 1.6903 0
46 9 63 0.5 0
106 24 62 0.5 0
7 55 63 0.5 0
120 76 61 0.5 0
23 105 61 0.5 0
89 116 62 0.5 0
54 121 68 0.5 0
69 35 69 0.5 0
21 27 67 0.9432 0
95 57 60 0.5 0
34 70 60 0.5 0
80 10 61 0.9844 0
11 82 67 0.9539 0
119 48 69 0.5 0
107 98 67 0.782 0
69 99 60 0.5509 0
56 51 60 0.382 0
71 119 61 0.9296 0
39 114 60 0.8084 0
58 23 60 0.5666 0
42 57 70 0.5 0
104 70 69 0.5 0
77 56 60 0.5 0
57 89 70 0.5 0
63 8 67 0.767 0
66 54 74 0.5 0
24 58 68 0.3559 0
86 70 69 0.0831 0
13 40 60 0.8084 0
32 17 60 0.7584 0
93 17 68 0.5 0
114 60 60 0.5 0
50 69 61 0.6134 0
15 68 60 0.5 0
113 37 60 0.7938 0
58 105 68 0.5 0
54 61 70 0.8317 0
99 107 60 0.8084 0
16 93 60 0.8084 0
114 88 60 0.8084 0
70 21 69 0.5 0
58 37 60 0.5 0
70 85 60 0.6434 0
66 55 64 1.7021 0
75 64 74 0.5 0
7 66 69 0.5 0
121 67 69 0.5 0
31 109 67 0.573 0
80 117 67 0.9755 0
72 66 62 1.6839 0
60 119 60 0.8084 0
118 83 69 0.5 0
49 117 60 0.7364 0
66 109 62 0.4766 0
39 15 68 0.5 0
10 47 67 0.9981 0
110 32 69 0.5 0
95 66 66 0.5502 0
104 61 62 0.6351 0
119 57 67 0.5748 0
70 8 60 0.8084 0
56 8 60 0.8084 0
86 61 63 0.4488 0
25 66 62 0.566 0
44 117 69 0.5 0
64 43 65 0.6012 0
95 112 69 0.5 0
89 14 60 0.8084 0
57 79 70 0.5 0
57 70 62 1.4846 0
19 97 69 0.5 0
9 75 61 0.9713 0
118 50 60 0.8084 0
33 61 66 0.5247 0
98 19 60 0.6226 0
54 60 60 0.8084 0
72 47 71 0.5 0
64 92 64 0.5712 0
72 60 68 1.368 0
30 20 69 0.5 0
15 60 66 0.3835 0
86 11 69 0.5 0
119 67 60 0.8084 0
64 28 65 0.5 0
17 32 60 0.7831 0
73 8 69 0.5 0
25 23 60 0.8084 0
8 63 60 0.7799 0
42 64 64 0.4606 0
60 114 68 0.5 0
15 36 67 0.5277 0
63 83 65 0.6215 0
54 8 69 0.5 0
112 67 66 0.5 0
64 17 64 0.525 0
77 72 71 0.5 0
115 42 67 0.6026 0
112 91 67 0.5193 0
102 107 69 0.5 0
57 71 71 0.9977 0
40 13 60 0.8084 0
59 55 70 0.7196 0
101 22 67 0.5256 0
110 95 60 0.7718 0
12 86 60 0.7901 0
14 90 67 0.8098 0
105 101 60 0.8084 0
66 119 67 0.8662 0
24 103 69 0.5 0
38 113 67 0.9693 0
42 70 60 0.6434 0
109 31 60 0.8084 0
93 111 63 0.5443 0
82 116 60 0.8084 0
58 97 68 0.2431 0
118 76 67 0.5722 0
33 110 60 0.8084 0
20 99 62 0.8009 0
80 66 68 0.5 0
116 82 63 0.9565 0
10 49 60 0.7561 0
71 77 60 0.3473 0
63 8 60 0.7909 0
55 66 65 1.6781 0
57 44 60 0.574 0
63 101 64 0.3814 0
8 60 67 0.8739 0
0
