128
66 72 66 1.6903 0
54 7 60 0.5 0
10 47 67 0.9981 0
111 30 67 0.5 0
19 100 60 0.5 0
119 81 60 0.5 0
79 120 62 0.5 0
70 36 69 0.212 0
47 117 67 0.9709 0
27 21 64 0.9452 0
86 11 60 0.5 0
42 49 67 0.5 0
93 55 69 0.5 0
102 104 61 0.5595 0
35 77 66 0.5158 0
7 74 60 0.5 0
119 55 64 0.8425 0
92 80 64 0.5154 0
65 99 63 0.5759 0
61 55 62 1.6788 0
58 25 60 0.636 0
95 39 60 0.619 0
70 8 67 0.6039 0
31 109 67 0.573 0
19 84 68 0.5 0
27 39 66 0.3919 0
79 47 60 0.6188 0
48 65 71 0.5 0
98 19 69 0.5 0
62 119 60 0.8084 0
83 67 60 0.6204 0
50 79 60 0.6188 0
41 12 67 0.7786 0
111 93 67 0.5472 0
74 58 73 0.5 0
91 112 67 0.522 0
8 60 61 0.9258 0
115 42 61 0.5984 0
59 87 69 0.5 0
30 89 60 0.6192 0
15 35 60 0.705 0
79 81 70 0.5 0
70 86 60 0.6129 0
30 52 60 0.5 0
119 70 67 0.5785 0
57 40 60 0.5782 0
105 82 60 0.5 0
55 66 61 1.3162 0
69 23 68 0.315 0
73 62 61 0.7739 0
59 109 68 0.5 0
42 60 61 0.5 0
103 48 68 0.5 0
103 24 60 0.8084 0
99 90 69 0.5 0
14 90 60 0.7943 0
69 48 70 0.5 0
70 119 67 0.6039 0
70 109 60 0.5 0
39 114 60 0.8084 0
57 56 74 0.5 0
19 28 68 0.5 0
62 15 62 0.5 0
21 46 60 0.5 0
40 84 60 0.6187 0
10 80 67 0.9981 0
94 17 60 0.8084 0
56 77 71 0.5 0
82 55 66 0.5863 0
89 47 63 0.5497 0
105 37 62 0.5222 0
81 11 69 0.5 0
35 16 60 0.7105 0
8 68 67 0.944 0
23 102 69 0.5 0
57 120 69 0.5 0
77 9 60 0.7753 0
57 9 69 0.5 0
37 41 69 0.5 0
50 55 65 0.4405 0
115 85 67 0.5947 0
44 73 66 0.3275 0
17 95 67 0.8132 0
63 33 64 0.5019 0
75 68 71 0.5 0
70 57 65 1.4946 0
53 118 60 0.7589 0
119 64 60 0.8084 0
26 105 60 0.8084 0
55 69 70 0.5342 0
85 115 61 0.6281 0
89 14 67 0.9712 0
55 61 66 1.6826 0
91 72 60 0.4841 0
21 27 60 0.8084 0
64 42 65 0.5665 0
46 10 60 0.66 0
79 73 65 0.5922 0
59 77 60 0.5 0
88 85 70 0.5 0
13 39 67 0.8415 0
108 97 60 0.8084 0
27 81 66 0.4353 0
54 49 70 0.5 0
117 46 69 0.5 0
58 96 68 0.2173 0
106 100 67 0.9436 0
65 8 60 0.7742 0
95 109 60 0.6616 0
113 89 60 0.8084 0
105 26 67 0.5578 0
9 52 60 0.8084 0
12 43 60 0.7608 0
64 91 64 0.6059 0
83 118 69 0.5 0
64 82 64 0.5 0
108 30 60 0.8084 0
7 55 68 0.5 0
32 45 64 0.4885 0
98 76 60 0.5 0
81 62 70 0.5 0
34 16 69 0.5 0
22 90 62 0.5222 0
48 10 67 0.9805 0
113 37 67 0.8201 0
66 54 74 0.5 0
98 107 67 0.7768 0
11 83 60 0.8084 0
0
