128
61 64 63 2.0214 0
114 93 63 0.5 0
113 35 68 0.5 0
64 9 62 1.4512 0
65 121 67 0.5 0
16 36 65 1.1582 0
16 91 65 1.1603 0
96 63 62 1.0156 0
52 95 63 2.554 0
80 37 62 1.5234 0
86 96 63 2.0337 0
30 61 63 1.989 0
48 36 62 1.0156 0
32 81 63 2.8274 0
75 79 63 2.0315 0
63 27 64 2.8313 0
95 44 64 2.8313 0
92 79 64 2.8313 0
33 40 64 2.8313 0
114 72 67 0.5 0
81 19 62 1.5342 0
34 101 62 1.3902 0
111 54 62 1.3967 0
76 111 62 1.4923 0
46 52 62 1.7876 0
80 56 62 1.0156 0
44 20 62 1.4769 0
16 73 62 1.398 0
63 45 62 1.1058 0
16 52 62 1.398 0
50 78 62 1.3622 0
53 112 62 1.4058 0
95 27 62 1.4734 0
66 90 63 2.0394 0
100 93 62 1.8196 0
105 79 63 1.8631 0
86 68 63 2.0279 0
64 105 62 1.0156 0
42 68 62 1.0156 0
32 27 62 1.4717 0
40 91 62 1.5557 0
52 61 63 2.8274 0
72 65 62 1.8038 0
30 92 63 1.9872 0
33 71 63 2.508 0
111 42 62 1.3967 0
61 78 62 1.1829 0
54 14 63 1.1035 0
69 36 63 1.9081 0
44 107 62 1.4756 0
106 67 62 1.0156 0
68 17 63 2.0397 0
90 35 63 2.0049 0
57 51 63 1.9495 0
82 46 62 1.8196 0
103 35 62 1.0156 0
56 35 63 2.0245 0
69 53 62 1.0156 0
79 90 62 1.8196 0
41 76 63 1.9729 0
72 99 62 1.0156 0
16 63 65 0.9008 0
27 50 61 0.8117 0
82 79 64 2.8313 0
90 107 68 0.5 0
23 87 63 2.0136 0
55 70 63 2.0228 0
59 96 64 2.8313 0
95 53 63 2.0123 0
54 27 63 2.0083 0
63 114 62 1.0156 0
87 52 63 1.9949 0
76 27 62 1.0694 0
24 31 66 0.8117 0
87 84 64 2.8313 0
25 69 63 2.0388 0
87 74 64 2.8313 0
95 100 62 1.4755 0
39 46 63 1.9738 0
28 75 64 2.8313 0
58 58 64 2.8313 0
53 103 63 2.0157 0
69 30 64 2.8313 0
83 107 62 1.476 0
56 90 63 2.8274 0
40 31 62 1.0156 0
39 58 62 1.0156 0
88 23 62 1.4503 0
16 44 62 1.398 0
111 86 65 0.9059 0
88 45 63 2.5347 0
73 45 62 1.0156 0
94 71 63 2.1422 0
25 41 63 1.8724 0
42 99 62 1.1533 0
111 62 62 1.3967 0
15 82 66 0.8901 0
111 72 62 1.3967 0
48 44 62 1.0156 0
45 87 62 1.8196 0
105 47 62 1.0156 0
44 40 62 1.8196 0
100 49 63 1.9813 0
21 76 63 1.9769 0
63 53 63 1.9741 0
83 29 62 1.0156 0
99 79 63 2.0372 0
64 34 63 2.3305 0
109 92 62 1.4642 0
68 75 62 1.0156 0
52 83 63 1.9894 0
60 83 63 2.0163 0
47 68 63 1.9769 0
69 115 62 1.4689 0
65 99 63 2.0194 0
92 90 62 1.3792 0
86 62 63 2.0062 0
36 34 63 1.9852 0
109 35 62 1.4673 0
24 56 62 1.0156 0
37 66 63 1.9867 0
105 58 62 1.0156 0
22 97 68 0.5 0
80 73 63 2.1069 0
81 85 63 2.1962 0
46 28 62 1.0156 0
98 67 63 2.0944 0
22 64 63 1.9504 0
0
