128
94 65 55 5.1005 0
17 63 60 9.2418 0
63 17 60 9.2418 0
64 110 60 9.2418 0
98 30 58 7.6279 0
30 98 62 7.6279 0
97 98 58 7.6279 0
30 29 58 7.6279 0
54 72 53 2.6669 0
113 53 72 5.0942 0
109 79 69 7.6299 0
110 63 60 9.2418 0
53 46 57 2.4364 0
86 106 69 7.6098 0
41 21 68 7.6098 0
18 79 69 7.6299 0
106 41 69 7.6098 0
74 81 55 2.4377 0
21 41 65 7.6098 0
48 109 68 7.6299 0
79 18 68 7.6299 0
72 54 53 2.68 0
37 76 59 4.354 0
43 60 54 3.6426 0
103 93 71 6.1021 0
107 87 56 6.1021 0
110 47 56 6.1021 0
80 110 56 6.102 0
22 87 56 6.1021 0
93 25 71 6.102 0
90 51 59 4.3628 0
60 84 54 3.6496 0
65 33 55 5.1003 0
70 92 71 2.5197 0
57 35 71 2.5181 0
87 19 56 5.4053 0
40 108 56 5.4053 0
47 16 56 5.3983 0
33 62 55 5.1005 0
62 94 55 5.0998 0
74 113 72 5.0942 0
15 53 72 5.0942 0
28 31 72 5.0941 0
53 15 72 5.0941 0
51 36 58 4.3475 0
22 92 72 5.0942 0
76 90 59 4.3588 0
15 48 55 4.7888 0
35 106 72 4.56 0
98 57 74 2.2744 0
50 113 55 4.3755 0
77 14 55 4.3755 0
14 77 56 4.3755 0
113 77 56 4.3756 0
35 70 71 2.5151 0
59 114 73 4.0863 0
68 13 73 4.0862 0
80 69 63 0.9096 0
13 68 73 4.0863 0
114 68 73 4.0863 0
79 68 51 1.0787 0
37 19 55 3.8758 0
67 43 54 3.6487 0
84 67 54 3.6556 0
55 54 53 2.6791 0
98 64 68 3.2843 0
64 29 68 3.2828 0
20 35 54 3.5398 0
63 98 68 3.282 0
29 63 68 3.2805 0
73 72 53 2.6679 0
95 52 67 3.3008 0
63 105 73 3.3313 0
64 22 73 3.3312 0
105 64 73 3.3312 0
93 96 73 3.4269 0
22 63 73 3.3313 0
103 29 70 3.227 0
52 32 67 3.2979 0
32 75 67 3.2955 0
91 108 55 3.3576 0
108 36 55 3.3576 0
26 41 54 3.2659 0
101 41 54 3.2659 0
86 101 54 3.2659 0
98 103 69 3.227 0
75 95 66 3.2984 0
84 58 66 1.8235 0
30 75 54 3.2753 0
75 97 54 3.2774 0
97 52 54 3.2792 0
35 97 74 3.0784 0
27 100 74 3.0784 0
69 84 66 1.8188 0
58 43 66 1.8154 0
90 64 65 2.6606 0
64 37 65 2.6563 0
63 90 65 2.6554 0
37 63 65 2.6512 0
43 25 57 3.1026 0
38 99 53 3.0784 0
22 77 53 3.0785 0
105 77 53 3.0785 0
47 69 63 0.9101 0
98 34 74 3.0784 0
40 100 68 2.9196 0
27 87 66 2.9196 0
46 74 57 2.4296 0
87 27 63 2.9196 0
81 53 58 2.4446 0
48 104 53 2.8852 0
79 23 53 2.8851 0
23 48 74 2.8851 0
51 22 62 2.8248 0
64 74 59 0.9116 0
74 63 59 0.9212 0
51 12 64 2.6651 0
12 51 64 2.6651 0
99 88 63 2.6374 0
88 28 53 2.6374 0
105 52 65 2.579 0
94 20 62 2.5497 0
29 23 68 2.4802 0
23 97 53 2.5187 0
92 57 71 2.5227 0
75 105 67 2.579 0
53 63 59 0.9199 0
75 22 58 2.579 0
0
