128
71 73 63 2.8285 0
63 13 54 4.2333 0
16 48 77 0.4849 0
24 94 52 2.4138 0
63 114 54 4.2333 0
31 33 54 3.9957 0
38 75 77 1.8703 0
66 34 75 3.283 0
63 97 79 1.793 0
59 53 57 3.7553 0
31 72 54 3.9543 0
39 45 78 1.6337 0
64 92 54 4.1821 0
23 92 77 1.774 0
58 63 79 1.9754 0
64 35 54 4.1821 0
64 14 76 3.2273 0
37 54 61 3.1092 0
42 90 62 1.528 0
26 34 75 2.8293 0
54 72 52 2.2268 0
64 113 76 3.2273 0
18 50 52 1.1571 0
76 54 73 0.5 0
49 24 67 0.7752 0
78 103 65 0.7752 0
18 77 68 1.1571 0
22 53 66 2.6086 0
78 60 50 0.8185 0
38 92 76 2.0597 0
80 23 62 0.5 0
64 74 76 3.0548 0
31 54 76 3.1718 0
49 106 66 0.888 0
38 34 67 2.9183 0
56 93 67 2.6476 0
64 53 76 3.0548 0
71 93 67 2.6476 0
56 73 64 2.8285 0
73 55 60 2.2268 0
49 102 50 0.898 0
49 25 50 0.898 0
78 104 50 0.898 0
23 93 66 2.8452 0
56 34 67 2.6476 0
31 83 80 2.7724 0
67 74 54 3.7581 0
45 44 50 0.898 0
71 14 66 2.6932 0
17 40 61 1.0638 0
17 80 51 0.8819 0
56 113 67 2.6932 0
56 14 67 2.6932 0
42 76 63 1.6633 0
31 55 54 3.9543 0
38 95 51 1.3191 0
55 24 78 1.6337 0
71 113 67 2.6932 0
45 83 51 0.8037 0
32 94 54 3.9957 0
75 103 78 0.8724 0
78 26 50 0.898 0
64 24 80 2.7762 0
80 24 75 0.5 0
76 65 78 0.9605 0
75 31 62 1.7603 0
51 104 78 0.9845 0
26 74 72 2.2311 0
49 60 68 0.8185 0
67 53 54 3.7581 0
59 74 57 3.7553 0
31 44 80 2.7724 0
52 96 56 1.7603 0
75 110 56 1.753 0
75 17 56 1.753 0
19 37 51 1.4059 0
45 44 63 0.8037 0
56 54 66 2.8285 0
23 34 67 2.8452 0
52 17 57 1.753 0
52 110 57 1.753 0
66 93 75 3.2829 0
75 96 58 1.7603 0
37 93 68 2.551 0
57 34 59 3.2612 0
49 60 50 0.8185 0
57 93 60 3.2612 0
70 93 60 3.2612 0
70 34 60 3.2612 0
70 113 59 3.2256 0
70 14 59 3.2254 0
37 73 60 3.1092 0
57 113 60 3.2256 0
57 14 60 3.2256 0
25 94 59 3.1272 0
25 73 60 3.0714 0
78 64 67 0.7132 0
19 82 78 0.7957 0
25 33 60 3.0714 0
31 73 76 3.1718 0
39 36 77 1.5301 0
37 93 61 2.988 0
16 85 60 0.9911 0
25 54 60 3.0714 0
33 34 76 2.9898 0
37 34 60 2.9878 0
49 64 58 0.7132 0
47 84 77 0.5 0
32 93 76 2.9898 0
59 106 79 2.0238 0
71 54 66 2.8285 0
77 68 51 0.9619 0
73 21 78 1.3914 0
23 34 53 2.8452 0
39 74 53 2.6817 0
39 53 54 2.6817 0
51 72 77 0.4849 0
20 42 78 1.1193 0
64 63 80 2.706 0
43 50 68 1.268 0
64 103 80 2.7762 0
45 84 69 0.6354 0
73 71 74 1.2957 0
55 98 78 1.4295 0
22 53 53 2.6086 0
22 74 67 2.6086 0
71 34 67 2.6476 0
56 93 53 2.6476 0
0
