128
64 63 65 2.272 0
25 107 65 0.5 0
103 22 66 0.5 0
87 113 71 0.5 0
26 35 63 0.6808 0
64 26 66 3.4737 0
28 72 63 0.8142 0
56 110 64 1.8008 0
95 81 64 0.5 0
91 47 65 2.1738 0
50 85 65 2.1833 0
76 95 65 2.2443 0
48 45 64 0.6263 0
85 24 67 1.9379 0
31 54 64 1.0121 0
91 64 64 1.9125 0
65 46 64 1.9125 0
76 74 65 2.2443 0
34 95 67 1.4796 0
76 108 66 3.4168 0
50 70 65 2.1833 0
76 54 65 2.2443 0
64 85 64 1.9125 0
36 81 68 1.4928 0
41 111 67 1.066 0
91 92 64 1.9125 0
36 41 67 1.3564 0
50 97 65 2.1833 0
76 42 64 1.9125 0
50 54 65 2.1833 0
38 64 64 0.9046 0
64 73 65 2.272 0
76 85 65 2.2443 0
91 37 65 2.1738 0
24 86 64 0.5 0
91 74 64 1.9125 0
95 22 76 0.5 0
50 108 66 3.4015 0
91 26 66 3.445 0
76 63 65 2.2443 0
26 64 71 0.5 0
34 104 64 1.3098 0
62 37 64 1.2598 0
24 46 62 0.5 0
27 46 71 0.5 0
25 94 64 0.5755 0
88 112 62 0.5 0
75 22 62 0.5 0
53 22 62 0.5 0
64 95 68 0.5 0
36 59 68 1.5117 0
27 77 71 0.5 0
64 52 65 2.272 0
36 73 63 0.9993 0
32 65 67 1.4172 0
91 85 64 1.7274 0
72 22 74 0.5 0
91 58 65 2.1738 0
80 113 76 0.5 0
64 79 65 2.272 0
30 46 66 1.2053 0
50 91 65 2.1833 0
50 79 65 2.1833 0
50 64 65 2.1833 0
66 113 69 0.5 0
76 101 65 2.2443 0
56 112 75 0.5 0
31 34 71 0.5 0
33 87 64 0.9046 0
33 35 64 1.0614 0
45 113 75 0.5 0
64 91 64 1.9125 0
64 33 65 2.272 0
64 41 65 2.272 0
33 75 67 1.4174 0
72 113 75 0.5 0
76 48 64 1.8949 0
24 65 62 0.3967 0
56 23 69 0.998 0
91 79 65 2.1738 0
91 69 65 2.1738 0
29 84 68 1.0003 0
62 22 76 0.5 0
29 104 69 0.8433 0
36 47 63 0.9046 0
23 56 65 0.5 0
54 40 65 0.5 0
41 98 63 0.5 0
66 111 62 0.3967 0
73 23 68 0.9503 0
44 110 64 1.9125 0
82 110 64 1.9125 0
70 24 64 1.9125 0
58 24 64 1.9125 0
70 110 64 1.8618 0
28 56 69 0.8878 0
97 24 64 1.8537 0
88 22 75 0.5157 0
37 99 64 1.3101 0
50 42 64 1.9125 0
90 32 64 1.9125 0
77 90 64 1.9125 0
77 80 64 1.9125 0
77 69 64 1.9125 0
91 53 64 1.9125 0
91 42 64 1.9125 0
65 68 64 1.9125 0
65 57 64 1.9125 0
50 102 64 1.9125 0
50 59 64 1.9125 0
50 48 64 1.7504 0
100 22 72 0.5 0
27 97 70 0.5 0
24 77 65 0.5 0
36 102 71 0.5 0
45 110 69 1.7169 0
41 78 63 0.5 0
50 111 74 0.9918 0
81 110 69 1.6795 0
35 56 64 1.3094 0
34 45 67 1.5166 0
38 83 63 0.9046 0
60 113 70 0.5 0
27 38 69 0.5 0
28 105 63 0.9046 0
69 24 69 1.6165 0
34 103 68 1.5108 0
71 110 69 1.5189 0
0
