128
64 64 63 0.7426 0
69 121 73 0.5 0
68 7 55 0.5 0
60 95 56 0.586 0
60 35 59 0.9938 0
60 117 55 0.8496 0
67 79 55 0.8499 0
67 50 55 0.8501 0
60 19 61 0.9937 0
69 106 62 0.5 0
60 114 69 0.7011 0
59 84 64 0.5 0
69 27 55 0.5 0
59 48 64 0.5 0
69 90 64 0.5 0
60 106 57 0.9943 0
60 70 55 0.8499 0
69 43 64 0.5 0
69 119 62 0.5 0
60 8 63 0.6825 0
60 58 55 0.85 0
69 32 64 0.5 0
69 74 64 0.5 0
69 13 63 0.5 0
69 39 55 0.5 0
67 17 55 0.8503 0
67 56 62 0.6339 0
60 44 55 0.8501 0
60 75 63 0.7427 0
60 85 55 0.8498 0
67 98 62 0.6335 0
60 26 55 0.8502 0
69 66 55 0.5 0
69 112 55 0.5 0
67 24 62 0.6342 0
60 11 55 0.8503 0
69 90 55 0.5 0
67 82 63 0.7428 0
59 121 63 0.5 0
69 113 70 0.5 0
67 103 56 0.5863 0
65 113 63 0.9633 0
59 92 64 0.5 0
60 27 62 0.6331 0
60 51 57 0.9939 0
60 78 56 0.5859 0
59 100 64 0.5 0
60 42 62 0.6332 0
67 49 62 0.634 0
60 56 62 0.6332 0
67 33 57 0.995 0
67 72 57 0.9947 0
67 60 56 0.5865 0
67 121 55 0.5 0
60 64 58 0.994 0
67 96 55 0.8498 0
67 37 62 0.6341 0
59 121 72 0.5 0
60 112 59 0.9944 0
67 44 58 0.9949 0
67 85 57 0.9946 0
67 118 68 0.9944 0
63 105 63 0.7429 0
60 88 60 0.9942 0
67 12 58 0.9951 0
67 18 61 0.9951 0
67 116 58 0.9944 0
61 20 55 0.8503 0
60 69 61 0.9941 0
60 13 61 0.9937 0
66 8 63 0.6825 0
63 39 55 0.8501 0
67 70 62 0.6338 0
60 116 63 0.9944 0
60 100 59 0.9943 0
64 110 55 0.8497 0
63 90 55 0.8498 0
67 77 60 0.9947 0
67 92 60 0.9946 0
60 80 61 0.9942 0
63 32 63 0.7424 0
67 22 57 0.995 0
62 31 55 0.8502 0
67 109 59 0.9944 0
64 66 55 0.85 0
65 55 55 0.85 0
65 87 63 0.7428 0
67 65 59 0.9948 0
67 29 60 0.995 0
60 95 61 0.9943 0
60 62 62 0.6332 0
69 62 64 0.5 0
60 47 60 0.9939 0
60 16 57 0.9937 0
63 99 55 0.8497 0
63 74 55 0.8499 0
65 114 73 0.5 0
60 109 62 0.6334 0
60 73 59 0.9941 0
60 23 59 0.9938 0
63 52 63 0.7426 0
64 45 63 0.7425 0
60 9 59 0.9937 0
62 37 63 0.7425 0
60 119 67 0.6825 0
60 40 58 0.9939 0
65 26 55 0.8502 0
64 9 55 0.8503 0
64 46 55 0.8501 0
60 103 62 0.6334 0
67 53 58 0.9948 0
60 118 59 0.9944 0
60 29 58 0.9938 0
67 61 61 0.9948 0
67 103 61 0.9945 0
63 91 63 0.7428 0
65 113 68 0.6132 0
63 16 63 0.7423 0
67 81 59 0.9946 0
60 84 59 0.9942 0
64 78 64 0.5 0
67 40 59 0.9949 0
60 59 59 0.994 0
64 14 55 0.8503 0
63 82 55 0.8499 0
60 102 55 0.8497 0
64 115 55 0.8496 0
67 88 60 0.9946 0
0
