128
62 53 64 1.9787 0
116 77 64 1.9787 0
10 60 64 1.9787 0
84 79 64 1.9787 0
40 76 64 1.9787 0
98 52 64 1.9787 0
32 44 64 1.9787 0
64 79 64 1.9787 0
117 57 64 1.9787 0
81 51 64 1.9787 0
23 69 64 1.9787 0
47 51 64 1.9787 0
99 80 64 1.9787 0
106 66 64 1.9787 0
18 44 64 1.828 0
26 54 65 1.2794 0
110 46 65 0.9905 0
74 78 64 1.9787 0
50 77 64 1.9787 0
31 74 64 1.9787 0
107 76 64 1.9787 0
118 67 64 1.3629 0
56 44 64 0.8893 0
106 55 64 1.9787 0
70 53 64 1.9787 0
90 48 64 1.4962 0
10 50 64 0.7031 0
115 50 64 1.9787 0
12 71 63 0.5 0
40 51 64 1.9787 0
16 63 64 1.9787 0
34 50 64 1.9787 0
61 47 64 1.9787 0
25 59 64 1.9787 0
88 57 67 0.5 0
51 47 64 1.9787 0
85 47 64 1.9787 0
16 49 64 1.9787 0
10 54 64 1.9787 0
107 48 64 1.9787 0
23 44 64 1.9787 0
117 72 64 1.9787 0
55 76 64 1.9787 0
107 60 64 1.9787 0
52 52 64 1.9787 0
56 48 64 1.9787 0
23 51 64 1.9787 0
12 66 64 1.9787 0
85 54 64 1.9787 0
23 64 64 1.9787 0
79 79 64 1.9787 0
37 46 64 1.9787 0
36 73 64 1.9787 0
77 54 64 1.9787 0
74 50 64 1.9787 0
69 79 64 1.9787 0
66 50 64 1.9787 0
29 50 64 1.9787 0
59 79 64 1.9787 0
28 69 64 1.9787 0
19 72 64 1.9787 0
112 74 64 1.9787 0
112 57 64 1.9787 0
57 53 64 1.9787 0
111 79 64 1.9787 0
110 52 64 1.9787 0
109 70 64 1.9787 0
104 80 64 1.9787 0
103 51 64 1.9787 0
45 77 64 1.9787 0
94 80 64 1.9787 0
93 52 64 1.9787 0
89 79 64 1.9787 0
26 74 64 1.8505 0
27 42 64 1.4804 0
102 76 64 1.4716 0
118 62 64 1.0756 0
18 56 63 0.5 0
16 68 65 1.2794 0
27 46 65 1.2794 0
105 72 65 1.2794 0
78 48 65 1.2794 0
44 48 65 1.2794 0
19 66 65 1.2794 0
101 55 65 1.1488 0
113 70 65 1.133 0
12 48 65 1.0724 0
112 47 64 1.2008 0
13 57 63 0.9673 0
113 64 64 0.5 0
81 55 65 1.0441 0
27 64 65 1.042 0
20 48 63 0.9708 0
14 53 63 0.9708 0
41 47 63 0.9708 0
35 79 62 0.5 0
54 82 62 0.5 0
89 55 64 1.0152 0
34 79 66 0.5 0
81 47 63 0.9708 0
66 54 63 0.9708 0
47 47 63 0.9708 0
89 52 63 0.9708 0
15 71 64 1.0168 0
36 77 63 0.9253 0
43 73 65 0.7856 0
74 83 67 0.5 0
115 82 67 0.5 0
87 84 66 0.5 0
95 57 66 0.5 0
76 84 64 0.5 0
15 58 67 0.5 0
121 64 67 0.5 0
55 80 64 0.7848 0
70 49 63 0.7209 0
61 75 65 0.9728 0
97 76 65 0.9606 0
14 45 65 0.5535 0
66 56 67 0.5 0
83 84 66 0.5 0
72 83 62 0.5 0
108 83 62 0.5 0
67 75 67 0.5 0
73 57 66 0.5 0
47 73 67 0.5 0
20 59 62 0.4629 0
115 61 67 0.5 0
15 54 67 0.5 0
0
