128
67 107 62 9.017 0
66 11 73 2.1851 0
61 58 62 2.2593 0
56 25 46 0.8097 0
60 31 73 3.8711 0
69 75 49 1.4818 0
72 77 75 0.5 0
66 13 54 2.6324 0
52 18 63 3.1934 0
61 76 64 2.1495 0
66 29 58 2.6485 0
56 65 46 0.9532 0
77 61 73 0.5 0
71 61 51 2.0083 0
52 67 71 1.2952 0
50 17 81 0.5 0
71 22 74 2.4131 0
74 67 64 1.4864 0
70 17 62 2.9851 0
52 24 73 3.1236 0
56 13 48 1.9485 0
54 11 74 1.3472 0
56 72 52 2.0233 0
66 114 46 1.8795 0
70 16 70 3.6178 0
52 16 71 3.5817 0
70 74 59 1.9192 0
68 23 47 0.9177 0
63 31 65 3.4038 0
65 103 48 2.8855 0
68 28 71 3.2651 0
54 109 64 3.271 0
53 26 61 2.8142 0
55 29 67 3.1845 0
70 25 64 2.9659 0
58 60 51 1.9754 0
70 57 66 1.1775 0
54 57 71 0.7746 0
55 69 59 1.888 0
60 12 71 2.5415 0
58 30 59 2.6702 0
57 115 61 2.701 0
56 13 54 2.5832 0
73 68 49 1.7931 0
60 78 75 0.5 0
70 76 67 1.344 0
61 114 53 2.5657 0
72 114 50 1.7157 0
78 71 73 0.5 0
67 115 52 2.4503 0
70 28 83 0.5 0
67 58 62 2.2738 0
60 116 67 2.4236 0
56 62 62 2.058 0
72 72 64 2.1505 0
71 103 50 2.318 0
60 104 52 2.2573 0
56 109 56 2.1957 0
72 62 63 2.0178 0
55 74 70 0.7994 0
70 22 58 2.2781 0
67 15 44 0.639 0
67 76 63 2.1661 0
53 28 83 0.5 0
54 23 53 0.8943 0
61 12 57 2.1037 0
76 67 71 1.2839 0
56 72 63 2.1056 0
57 14 66 1.867 0
73 65 54 1.971 0
55 65 55 1.7731 0
72 72 52 1.9804 0
61 78 47 0.5 0
58 74 57 1.7431 0
56 102 62 2.0502 0
64 33 83 0.5 0
55 65 50 1.9345 0
66 30 77 1.8032 0
75 16 80 0.5 0
68 15 49 1.9218 0
66 78 73 0.86 0
58 111 69 1.8836 0
68 59 55 1.7264 0
73 69 60 1.9309 0
60 59 56 1.6415 0
66 76 56 1.6347 0
62 76 59 1.8834 0
73 22 83 0.5 0
53 19 57 1.8608 0
65 14 66 1.7791 0
68 25 51 1.5442 0
59 73 45 0.9663 0
54 29 76 1.7537 0
57 104 68 1.7538 0
50 22 67 1.7961 0
72 15 76 1.7705 0
59 75 49 1.5113 0
54 19 45 0.5713 0
67 120 70 0.5 0
70 27 77 1.518 0
74 59 69 0.9807 0
62 61 44 0.5 0
65 117 68 1.6788 0
62 32 80 1.3136 0
56 15 59 1.6402 0
59 77 70 0.9157 0
65 14 60 1.4261 0
63 118 63 1.643 0
56 27 52 1.1521 0
57 75 67 1.4947 0
54 24 49 1.4954 0
54 68 65 1.5447 0
66 109 45 1.3299 0
50 23 81 0.8445 0
71 121 65 0.5 0
74 112 54 1.4834 0
69 118 65 1.5444 0
54 17 51 1.411 0
74 73 72 0.5089 0
68 61 44 0.4914 0
64 58 58 1.432 0
57 31 79 1.334 0
50 16 77 1.3683 0
73 64 59 1.4542 0
54 106 59 1.4851 0
75 71 69 1.1138 0
57 104 56 1.3451 0
72 64 47 1.3189 0
0
