128
68 68 66 0.8562 0
51 8 69 0.5 0
57 121 60 0.5 0
100 27 79 0.5 0
101 105 63 0.5 0
37 44 60 0.6429 0
36 89 60 0.5 0
101 56 60 0.5 0
78 18 60 0.5 0
91 81 60 0.6442 0
80 43 64 0.5839 0
77 108 65 0.6612 0
46 70 68 0.5 0
37 23 64 0.683 0
99 35 60 0.6442 0
42 108 66 0.5 0
55 58 61 0.5802 0
67 9 69 0.5 0
83 94 63 0.5 0
90 66 62 0.4963 0
71 54 63 0.6254 0
91 26 68 0.5 0
101 91 62 0.5 0
79 77 66 0.5 0
45 52 68 0.5 0
92 46 60 0.6442 0
66 115 67 0.5 0
45 14 60 0.6429 0
101 72 61 0.5 0
82 31 60 0.3603 0
41 78 61 0.8166 0
90 108 61 0.5 0
53 113 68 0.2244 0
55 70 61 0.5 0
35 34 63 0.8092 0
37 100 60 0.5 0
90 32 78 0.3041 0
93 98 60 0.5618 0
62 57 69 0.5 0
90 56 64 0.5 0
92 32 62 1.2067 0
69 13 60 0.5076 0
101 29 68 0.5 0
47 114 60 0.5 0
82 84 60 0.6429 0
54 11 60 0.5 0
100 82 64 0.5 0
101 47 62 0.5 0
74 73 60 0.6429 0
99 64 62 0.8559 0
46 55 60 0.6429 0
71 114 60 0.5818 0
91 89 64 0.5 0
64 58 60 0.6175 0
83 103 60 0.5 0
54 67 69 0.5 0
47 72 60 0.6429 0
93 73 60 0.6442 0
52 56 69 0.5 0
73 14 67 0.5 0
59 117 67 0.8388 0
77 49 60 0.5951 0
95 31 72 0.6989 0
98 28 61 0.869 0
81 24 64 0.5 0
41 50 62 0.7123 0
41 16 66 0.5 0
96 86 60 0.6442 0
63 117 60 0.5 0
82 36 65 0.5 0
37 94 65 0.5 0
99 99 62 0.8559 0
64 10 63 0.7165 0
76 49 67 0.5 0
46 12 66 0.8433 0
99 41 62 0.8559 0
91 26 75 0.5 0
38 83 65 0.5 0
94 59 60 0.6442 0
66 71 60 0.5 0
36 28 60 0.6429 0
90 40 63 0.3524 0
95 104 60 0.6442 0
97 78 60 0.6442 0
96 51 60 0.6442 0
73 113 67 0.5 0
100 33 76 0.5 0
40 19 60 0.6429 0
40 106 60 0.3987 0
84 88 65 0.5 0
81 102 66 0.5 0
75 72 66 0.6883 0
53 115 62 0.4835 0
79 78 60 0.6251 0
98 28 75 0.869 0
56 58 67 0.7055 0
39 45 66 0.5 0
77 112 60 0.5 0
95 92 60 0.6442 0
46 113 66 0.5 0
35 40 65 0.5 0
43 74 65 0.621 0
67 55 67 0.6503 0
91 102 64 0.5 0
82 39 60 0.5 0
51 69 64 0.8298 0
83 81 65 0.5 0
94 38 60 0.6442 0
90 76 64 0.5 0
91 29 72 0.7172 0
98 32 62 1.2067 0
90 52 60 0.4963 0
60 62 61 0.5 0
50 56 64 0.5921 0
79 107 60 0.6079 0
95 68 60 0.6442 0
40 84 60 0.5 0
39 101 65 0.5 0
100 52 64 0.5 0
83 29 65 0.5 0
44 110 61 0.667 0
69 11 65 0.7178 0
90 94 62 0.4963 0
50 11 62 0.8859 0
70 70 62 0.8485 0
73 15 61 0.8176 0
37 95 60 0.6024 0
85 89 60 0.5 0
0
