128
63 63 52 0.6337 0
69 8 76 0.5 0
71 120 51 0.5 0
59 29 52 0.6337 0
58 93 55 0.9948 0
69 8 51 0.5 0
71 45 56 0.5 0
59 12 64 1.6556 0
71 80 57 0.5 0
57 111 55 0.7247 0
71 103 56 0.5 0
57 48 52 0.7247 0
57 78 52 0.7247 0
64 17 54 1.6692 0
57 16 78 0.5 0
71 32 57 0.5 0
69 90 52 0.6337 0
71 17 68 0.5 0
63 39 52 0.6337 0
69 54 52 0.6337 0
69 72 52 0.6337 0
62 102 52 0.8873 0
66 111 52 0.6337 0
64 16 73 0.6763 0
70 10 61 0.5 0
61 120 54 0.5 0
58 70 55 0.9948 0
58 56 55 0.9948 0
69 26 52 0.6337 0
59 12 72 1.6556 0
68 12 66 1.6779 0
59 9 52 0.5193 0
63 83 52 0.6337 0
71 65 57 0.5 0
68 12 54 1.6779 0
68 12 74 1.6779 0
69 97 54 0.9957 0
57 42 57 0.5 0
71 115 57 0.5 0
57 22 55 0.7247 0
71 38 52 0.5 0
63 75 52 0.6337 0
66 47 52 0.8107 0
58 35 55 0.9948 0
57 86 55 0.7247 0
57 104 57 0.5 0
69 16 60 0.6763 0
70 61 52 0.7247 0
57 63 57 0.5 0
59 17 55 1.6692 0
69 81 52 0.6337 0
64 33 52 0.6337 0
63 91 52 0.6337 0
68 12 59 1.6779 0
59 12 59 1.6556 0
63 54 52 0.6337 0
66 117 52 0.6337 0
58 99 55 0.9948 0
59 12 54 1.6556 0
59 43 52 0.6337 0
71 19 51 0.5 0
69 105 52 0.6337 0
69 66 52 0.6337 0
57 116 52 0.7247 0
64 24 52 0.6337 0
63 97 52 0.6337 0
69 17 53 1.2326 0
57 65 52 0.7247 0
57 106 52 0.7247 0
69 34 52 0.6337 0
64 16 61 0.6763 0
63 70 52 0.6337 0
66 58 52 0.6337 0
69 41 55 0.9957 0
71 87 57 0.5 0
69 109 57 0.5 0
62 16 67 0.6763 0
59 80 57 0.5 0
58 89 52 0.6337 0
69 49 55 0.9957 0
69 76 55 0.9957 0
59 11 68 1.4262 0
59 49 57 0.5 0
69 22 55 0.9957 0
58 75 55 0.9948 0
71 56 57 0.5 0
57 27 57 0.5 0
59 61 52 0.6337 0
59 52 52 0.6337 0
57 119 57 0.5 0
69 44 52 0.6337 0
68 10 70 1.1012 0
71 17 77 0.5 0
63 114 52 0.6337 0
63 108 52 0.6337 0
69 114 52 0.6337 0
66 102 52 0.6337 0
66 87 52 0.6337 0
71 27 57 0.5 0
69 30 54 0.9957 0
66 17 78 0.5 0
58 16 68 0.6763 0
59 23 52 0.6337 0
69 16 71 0.6763 0
58 82 54 0.9948 0
64 29 52 0.6337 0
59 39 52 0.6337 0
67 39 52 0.6337 0
57 96 51 0.5 0
69 93 55 0.9957 0
69 84 55 0.9957 0
69 69 55 0.9957 0
69 119 56 0.5 0
63 49 52 0.6337 0
69 59 55 0.9957 0
58 46 55 0.9948 0
69 37 55 0.9957 0
59 115 57 0.5 0
69 63 55 0.9957 0
69 16 57 1.0529 0
58 73 52 0.6337 0
58 103 54 0.9948 0
65 79 54 0.5 0
58 9 77 0.5 0
61 80 52 0.6337 0
60 95 52 0.6337 0
66 95 52 0.6337 0
66 52 52 0.6337 0
0
