128
25 50 63 4.6759 0
106 96 63 2.5964 0
102 31 63 3.5969 0
44 113 63 2.4632 0
18 87 68 2.2633 0
76 115 66 2.3754 0
108 62 64 3.0181 0
25 31 60 3.9601 0
17 69 63 3.1016 0
26 102 57 1.8148 0
93 109 59 2.0341 0
102 47 69 3.3951 0
113 80 76 0.5 0
61 116 58 1.9846 0
111 79 53 0.9737 0
30 106 76 0.5 0
97 107 76 0.5 0
56 116 73 0.9962 0
111 82 63 2.6322 0
17 84 54 1.2164 0
102 48 58 3.4116 0
25 39 72 2.4535 0
23 98 69 2.227 0
111 71 58 2.8944 0
104 54 64 4.2822 0
111 73 70 2.5244 0
89 111 70 1.9039 0
20 93 58 2.1604 0
22 59 59 3.7562 0
81 114 54 1.1463 0
32 107 63 2.4152 0
22 62 73 1.3734 0
23 58 68 3.7598 0
25 32 69 3.5557 0
64 116 69 1.906 0
100 103 68 1.9104 0
17 77 71 1.6925 0
51 115 55 1.516 0
40 112 76 0.5 0
106 60 57 3.2567 0
72 116 57 1.7536 0
109 89 54 1.0188 0
101 103 58 1.8038 0
108 94 76 0.5 0
25 44 56 3.0451 0
110 87 71 1.8279 0
25 46 71 3.0515 0
106 60 71 2.8851 0
102 35 70 2.8517 0
38 111 53 0.8641 0
51 115 63 2.5565 0
17 71 70 2.7573 0
111 69 65 2.8351 0
17 74 53 0.6858 0
70 116 63 2.5027 0
103 37 53 0.5927 0
109 90 63 2.5771 0
17 76 63 2.5946 0
18 69 56 2.5466 0
23 98 63 2.5974 0
47 114 74 0.6874 0
17 84 63 2.6309 0
103 35 57 2.6122 0
58 116 63 2.5204 0
32 107 54 1.1433 0
89 111 63 2.4274 0
35 109 73 1.129 0
106 96 54 1.2059 0
25 37 55 2.4528 0
19 90 63 2.5493 0
97 106 64 2.392 0
24 53 55 2.434 0
81 114 63 2.5192 0
19 65 70 2.4405 0
27 103 63 2.3201 0
104 54 72 2.4517 0
108 92 69 2.213 0
102 29 56 2.3427 0
37 110 63 2.3912 0
102 101 63 2.2344 0
79 116 76 0.5 0
44 113 54 1.127 0
103 41 56 2.2953 0
104 99 68 2.2694 0
47 114 68 2.2892 0
64 116 63 2.2615 0
76 115 60 2.2962 0
84 113 68 2.2599 0
20 93 68 2.2707 0
109 66 71 2.0421 0
103 29 71 2.2885 0
111 82 69 2.2522 0
47 114 58 2.1824 0
41 112 68 2.1818 0
110 87 58 2.2306 0
58 116 69 2.1619 0
70 116 69 2.1443 0
32 107 69 2.0734 0
93 109 67 2.1347 0
84 113 58 2.1541 0
102 41 72 2.1631 0
27 103 69 1.968 0
41 112 58 2.077 0
18 87 58 2.1525 0
17 81 68 2.1642 0
104 99 58 2.1605 0
17 75 57 2.0328 0
111 77 59 2.1392 0
67 116 58 1.9964 0
17 81 58 2.0512 0
108 92 57 2.014 0
23 98 57 2.0299 0
104 54 54 1.7494 0
110 65 59 2.0365 0
35 109 58 2.0555 0
18 63 64 2.0579 0
97 106 58 2.0384 0
112 77 66 1.9204 0
55 116 58 1.8564 0
26 52 71 1.9801 0
111 82 56 1.8465 0
30 105 58 1.7742 0
89 111 56 1.7191 0
53 115 69 1.8586 0
97 106 71 1.6646 0
108 65 54 1.7807 0
36 110 69 1.7065 0
18 84 76 0.5 0
0
