128
64 68 63 2.6761 0
64 10 63 2.6739 0
64 122 61 0.5 0
54 39 64 1.6982 0
64 95 63 2.6761 0
75 29 63 2.5488 0
70 47 63 2.5991 0
51 23 63 2.5333 0
58 55 63 2.5974 0
56 110 65 1.0525 0
71 110 65 1.0525 0
68 81 64 2.0248 0
75 18 63 2.5489 0
63 36 63 2.6765 0
59 80 64 2.0381 0
69 57 65 1.4271 0
66 102 63 2.6626 0
53 16 63 2.5653 0
64 86 63 2.676 0
64 59 63 2.6762 0
58 48 63 2.6233 0
64 52 63 2.6763 0
71 34 63 2.6245 0
64 45 63 2.6764 0
64 77 63 2.676 0
68 40 63 2.6537 0
59 41 63 2.6526 0
56 34 63 2.6245 0
59 63 63 2.6211 0
60 100 63 2.6453 0
58 12 63 2.6427 0
70 12 63 2.6267 0
58 120 67 0.5 0
52 29 63 2.5487 0
69 117 65 1.1899 0
60 118 62 1.4167 0
59 72 64 2.2741 0
59 92 64 2.1596 0
69 62 63 1.8934 0
70 53 63 1.8527 0
57 106 63 1.6542 0
71 90 67 0.5 0
70 106 63 1.6542 0
68 72 62 1.6026 0
68 91 62 1.5988 0
77 23 63 1.5699 0
59 87 65 1.4293 0
69 97 63 1.4627 0
73 39 62 1.5217 0
56 114 65 1.313 0
64 121 67 0.5 0
55 44 65 1.3875 0
69 66 65 1.4144 0
67 118 62 1.4167 0
72 114 61 0.8655 0
69 75 65 1.1518 0
71 114 65 1.313 0
58 117 65 1.19 0
69 77 62 1.0924 0
69 87 62 1.0199 0
58 76 62 1.1204 0
64 119 64 1.0958 0
56 112 62 1.1004 0
77 37 66 0.5 0
58 85 62 1.0022 0
71 112 62 1.1005 0
62 106 67 0.5 0
69 89 65 1.0564 0
75 41 67 0.5 0
69 85 65 1.0022 0
50 19 65 0.9912 0
57 68 61 0.9396 0
73 42 64 0.9341 0
70 68 61 0.9396 0
51 35 67 0.5 0
59 7 67 0.5 0
75 13 66 0.7549 0
69 93 66 0.8966 0
70 7 67 0.5 0
52 35 65 0.8983 0
75 35 65 0.8983 0
71 71 67 0.5 0
70 101 65 0.9029 0
54 43 61 0.927 0
56 116 61 0.8416 0
60 8 65 0.738 0
74 24 66 0.9167 0
61 104 65 0.8364 0
66 72 66 0.9491 0
66 91 66 0.9487 0
77 36 61 0.5 0
73 51 67 0.5 0
71 58 61 0.7524 0
57 96 61 0.8716 0
61 119 65 0.7892 0
55 21 67 0.5 0
57 67 66 0.8443 0
79 20 67 0.5 0
74 45 67 0.5 0
70 100 62 0.7725 0
68 121 67 0.5 0
57 96 66 0.8251 0
60 8 62 0.738 0
73 38 66 0.8896 0
67 32 67 0.5 0
60 32 67 0.5 0
66 63 66 0.9504 0
75 13 61 0.7644 0
71 16 65 0.6957 0
61 106 60 0.5 0
63 64 66 0.9577 0
63 81 66 0.9576 0
63 90 66 0.9576 0
79 25 67 0.5 0
67 35 66 0.9527 0
57 103 66 0.8882 0
66 14 67 0.5 0
60 67 66 0.941 0
61 83 61 0.6421 0
74 22 65 0.7363 0
67 55 61 0.6361 0
55 26 67 0.5 0
78 32 67 0.5 0
57 59 66 0.8858 0
67 65 61 0.6288 0
68 8 66 0.9106 0
59 89 61 0.5902 0
72 60 67 0.5 0
0
