128
81 67 63 11.4671 0
25 63 80 10.3034 0
23 62 45 8.9906 0
41 65 60 13.5215 0
116 66 63 4.0764 0
102 68 63 8.4604 0
57 71 74 6.8146 0
60 72 54 6.4166 0
42 60 80 5.9215 0
22 60 60 5.1207 0
45 72 79 5.0335 0
58 60 51 4.9211 0
54 58 73 4.804 0
23 71 57 4.5211 0
68 62 53 4.4509 0
69 74 73 4.3396 0
69 62 74 4.2 0
34 72 44 4.1205 0
24 72 67 3.9527 0
35 74 76 3.976 0
93 74 72 3.8296 0
71 74 52 3.8471 0
93 74 54 3.6915 0
64 75 64 3.7123 0
27 55 67 3.6712 0
94 57 63 3.3978 0
39 59 43 3.5368 0
28 74 50 3.2945 0
51 74 48 3.0717 0
94 61 70 3.0476 0
50 59 46 2.942 0
62 60 78 2.9604 0
112 71 70 2.8913 0
56 76 64 2.6992 0
33 54 72 2.7118 0
36 71 84 2.8041 0
113 71 57 2.5357 0
55 55 58 2.7139 0
28 54 57 2.7155 0
52 60 81 2.6616 0
101 74 74 2.4262 0
86 75 75 2.561 0
59 68 64 2.5448 0
54 55 65 2.61 0
77 75 76 2.2879 0
34 55 48 2.5947 0
48 76 72 2.5162 0
43 73 45 2.4935 0
20 57 68 2.4531 0
26 74 43 2.4159 0
93 61 56 2.3186 0
110 59 63 2.328 0
72 56 57 2.1783 0
19 66 68 2.3094 0
73 56 70 2.095 0
39 54 73 2.3177 0
28 75 74 2.3097 0
16 68 89 2.2146 0
52 65 47 2.1502 0
78 75 51 2.2279 0
93 76 63 2.0726 0
103 74 53 2.1864 0
107 73 73 2.1684 0
36 65 42 2.1337 0
31 75 82 2.0913 0
45 62 44 2.004 0
22 74 47 2.0026 0
47 54 71 2.0135 0
20 73 41 2.0386 0
16 69 38 1.9696 0
100 57 66 1.9634 0
93 67 72 1.8973 0
23 54 54 1.9454 0
64 69 67 1.968 0
62 56 73 1.7284 0
108 73 54 1.943 0
19 68 63 1.893 0
35 54 78 1.7462 0
93 67 55 1.8996 0
75 59 52 1.7511 0
32 76 70 1.8185 0
86 76 53 1.8772 0
52 55 53 1.8648 0
105 57 63 1.8377 0
34 76 50 1.8509 0
15 60 88 1.8469 0
20 73 87 1.8181 0
33 56 42 1.7279 0
40 68 43 1.7373 0
64 56 54 1.8047 0
39 76 48 1.7649 0
50 66 81 1.6791 0
90 57 58 1.7241 0
66 68 77 1.5978 0
47 69 45 1.6041 0
68 77 59 1.6618 0
111 62 67 1.7549 0
18 71 51 1.6539 0
35 57 86 1.6942 0
112 73 64 1.7173 0
44 56 46 1.555 0
52 77 55 1.5258 0
32 53 53 1.5368 0
51 77 66 1.6609 0
52 77 60 1.6635 0
75 58 74 1.64 0
70 77 63 1.687 0
89 56 68 1.5036 0
29 76 56 1.4368 0
74 70 76 1.607 0
65 69 62 1.624 0
57 62 80 1.5773 0
22 74 73 1.6272 0
34 61 40 1.5819 0
16 71 85 1.4857 0
30 76 66 1.5245 0
75 77 71 1.4909 0
75 54 63 1.3827 0
43 77 71 1.4616 0
38 66 85 1.4441 0
61 62 73 1.5075 0
101 57 60 1.2528 0
97 69 73 1.4105 0
16 71 42 1.4839 0
89 59 72 1.3853 0
29 74 86 1.4779 0
97 58 58 1.4563 0
55 69 47 1.3461 0
0
