128
66 65 63 3.3875 0
11 42 68 0.5 0
117 41 64 0.5 0
116 87 60 0.5 0
21 87 67 0.5 0
40 45 64 2.97 0
91 46 63 3.3875 0
18 64 63 3.3875 0
90 83 62 1.8037 0
46 81 63 3.3875 0
108 62 63 3.3875 0
64 45 63 2.8116 0
87 66 63 3.3875 0
48 62 63 3.3875 0
69 81 63 3.3875 0
108 78 63 3.3875 0
77 54 63 3.3875 0
32 58 63 3.3875 0
24 77 63 3.3875 0
16 49 63 3.3875 0
36 73 63 3.3875 0
102 49 63 3.3875 0
48 50 63 3.3875 0
25 51 63 3.3875 0
60 72 63 3.3875 0
88 75 63 3.3875 0
88 57 63 3.3875 0
75 66 63 3.3875 0
60 81 63 3.3875 0
48 71 63 3.3875 0
11 87 60 0.5 0
60 52 63 3.3875 0
112 48 63 2.4372 0
101 74 63 3.3875 0
101 58 63 3.3875 0
17 73 63 3.3875 0
84 50 63 3.3875 0
76 77 63 3.3875 0
70 50 63 3.3875 0
108 70 63 3.3875 0
36 81 63 3.3875 0
36 65 63 3.3875 0
101 66 63 3.3875 0
77 46 63 3.3875 0
37 52 63 3.3875 0
108 54 63 3.3875 0
60 60 63 3.3875 0
24 69 63 3.3875 0
24 59 63 3.3875 0
55 66 63 3.3875 0
55 46 63 3.3875 0
95 79 63 3.3875 0
95 53 63 3.3875 0
94 70 63 3.3875 0
94 62 63 3.3875 0
53 77 63 3.3875 0
53 56 63 3.3875 0
83 81 63 3.3875 0
81 71 63 3.3875 0
81 61 63 3.3875 0
71 59 63 3.3875 0
70 72 63 3.3875 0
32 46 63 2.8124 0
11 83 68 0.5 0
41 60 64 2.5941 0
15 56 64 2.5638 0
117 84 68 0.5 0
102 87 68 0.5 0
29 64 62 2.3796 0
45 56 62 2.3796 0
42 68 62 2.3796 0
66 55 65 2.0884 0
24 42 66 0.6662 0
17 80 62 1.8411 0
117 67 68 0.5 0
113 66 64 2.0331 0
117 56 68 0.5 0
117 74 67 0.5 0
46 44 64 1.992 0
30 75 65 1.8687 0
71 44 65 1.9488 0
28 86 67 0.5 0
77 83 65 1.9 0
30 80 65 1.8687 0
30 70 65 1.8687 0
107 42 67 0.8063 0
117 73 60 0.5 0
117 57 60 0.5 0
98 42 66 0.6662 0
102 80 65 1.7539 0
111 86 68 0.5 0
29 87 60 0.5 0
83 44 65 1.5748 0
94 87 68 0.5 0
20 54 65 1.6577 0
52 83 65 1.5088 0
15 87 65 0.5 0
41 78 65 1.6269 0
31 52 65 1.5181 0
14 82 66 1.1733 0
114 84 66 1.1414 0
65 77 65 1.5992 0
12 42 60 0.7919 0
112 74 65 1.5826 0
112 58 65 1.5826 0
44 75 65 1.5748 0
11 67 68 0.5 0
54 83 61 1.3718 0
14 78 65 1.4552 0
115 82 60 0.7919 0
19 42 66 0.6662 0
85 44 61 1.3718 0
108 84 66 1.1414 0
113 42 67 0.8639 0
113 80 66 1.3696 0
19 81 66 1.3718 0
14 68 65 1.4293 0
113 75 61 1.3718 0
113 59 61 1.3718 0
65 87 68 0.5 0
97 46 65 1.2923 0
108 45 66 1.1733 0
32 77 61 1.3718 0
32 69 61 1.3718 0
66 76 61 1.3718 0
30 73 61 1.3718 0
75 83 61 1.3718 0
14 68 61 1.3718 0
0
