128
64 59 62 34.3138 0
69 106 64 11.4078 0
69 67 107 10.3999 0
40 88 87 9.5917 0
88 88 87 9.5251 0
64 71 19 9.3196 0
39 87 38 9.0362 0
88 88 38 8.9468 0
37 38 88 7.586 0
54 17 65 7.3762 0
89 37 89 7.5393 0
72 17 67 7.3762 0
60 54 17 7.1876 0
37 37 37 7.0096 0
64 17 53 6.8142 0
90 36 38 6.4797 0
71 91 89 6.4427 0
38 91 70 6.5008 0
38 91 55 6.5008 0
91 90 70 6.4679 0
57 91 89 6.4427 0
90 91 56 6.2742 0
54 58 104 6.2139 0
71 91 36 6.0544 0
57 91 36 6.0544 0
36 72 91 5.9215 0
91 72 91 5.9215 0
53 99 59 5.7384 0
73 57 22 5.6955 0
35 52 90 5.4858 0
36 72 35 5.5005 0
63 52 112 5.3605 0
54 70 100 5.4001 0
92 73 36 5.3755 0
53 112 59 5.3605 0
53 68 112 5.3605 0
92 55 91 5.1459 0
55 97 72 4.9797 0
92 48 35 4.8933 0
35 52 35 4.8933 0
54 111 71 4.7886 0
52 35 92 4.6717 0
76 35 92 4.6717 0
51 63 24 4.5497 0
61 98 51 4.5678 0
69 52 101 4.5396 0
62 14 75 4.3526 0
34 36 75 4.3934 0
34 36 49 4.3934 0
52 64 14 4.3526 0
61 113 51 4.3526 0
92 34 76 4.1177 0
49 34 35 4.2506 0
79 35 34 4.2506 0
76 81 94 3.8191 0
92 58 34 4.1177 0
33 79 76 4.0775 0
33 79 48 4.0775 0
93 35 50 4.029 0
94 81 49 4.0775 0
64 96 77 3.9227 0
53 80 94 3.8191 0
33 62 87 3.943 0
85 48 94 3.8191 0
82 94 64 3.8191 0
33 62 38 3.8433 0
66 82 94 3.8191 0
47 43 94 3.8191 0
81 94 50 3.8191 0
76 94 75 3.8321 0
65 35 93 3.8074 0
53 94 48 3.8191 0
41 63 94 3.7693 0
77 63 14 3.5424 0
76 68 26 3.6698 0
34 34 64 3.5105 0
95 80 76 3.0697 0
71 96 51 3.4254 0
59 23 76 3.5189 0
75 21 56 3.4515 0
73 54 114 3.3448 0
59 76 114 3.3448 0
45 76 32 3.3281 0
62 114 76 3.3448 0
83 75 32 3.3281 0
64 84 32 3.3281 0
60 50 100 3.3492 0
84 44 32 3.3281 0
77 80 32 3.3281 0
50 82 32 3.3281 0
47 32 84 3.3281 0
42 46 32 3.3281 0
74 13 56 3.3447 0
32 46 43 3.0696 0
71 53 13 3.3448 0
95 48 83 3.0697 0
32 83 65 3.0696 0
94 35 67 3.1648 0
40 63 32 3.2124 0
32 72 81 3.0696 0
95 43 45 3.0697 0
95 42 78 3.0697 0
94 35 59 3.1648 0
53 13 54 3.0569 0
88 65 32 3.1454 0
60 77 97 3.0878 0
32 71 44 3.0696 0
51 57 114 3.0722 0
44 53 95 2.8112 0
95 84 62 3.0697 0
76 57 99 3.0722 0
95 65 84 3.0697 0
32 80 58 3.0696 0
32 46 81 3.0696 0
95 74 80 3.0697 0
54 23 53 3.0688 0
50 104 67 3.0299 0
60 105 77 2.8458 0
95 65 40 2.9718 0
55 106 52 2.9481 0
47 95 66 2.9039 0
45 95 47 2.8112 0
37 32 56 2.8496 0
46 72 95 2.8112 0
83 65 95 2.8112 0
53 73 27 2.7035 0
61 34 33 2.8678 0
66 95 44 2.8112 0
0
