128
66 64 64 1.2256 0
18 34 63 1.2256 0
16 95 66 0.5 0
112 32 65 0.5 0
48 92 64 1.2256 0
80 34 63 1.2256 0
32 64 64 1.2256 0
49 34 64 1.2256 0
89 56 66 0.5 0
28 83 63 1.2256 0
64 46 63 1.2256 0
98 42 63 1.2256 0
48 72 64 1.2256 0
17 53 64 0.663 0
32 44 63 1.2256 0
48 52 64 1.2256 0
63 81 66 0.5 0
19 71 63 1.2256 0
78 52 63 1.2256 0
66 34 63 1.2256 0
35 94 64 0.9771 0
53 82 63 1.2256 0
87 43 63 1.2256 0
77 63 63 1.2256 0
39 82 63 1.2256 0
38 34 63 1.2256 0
54 61 63 1.2256 0
29 54 63 1.2256 0
17 85 64 0.663 0
42 64 64 1.2256 0
42 44 64 1.2256 0
91 34 63 1.2256 0
62 73 63 1.2256 0
52 43 64 1.2256 0
25 94 63 0.9771 0
23 61 63 1.2256 0
39 54 64 1.2256 0
31 73 63 1.2256 0
19 43 63 1.2256 0
29 34 63 1.2256 0
103 33 64 0.9771 0
72 43 63 1.2256 0
70 55 63 1.2256 0
60 55 64 1.2256 0
58 37 63 1.2256 0
39 74 64 1.2256 0
73 72 66 0.5 0
55 70 63 1.2256 0
56 49 63 1.2256 0
23 77 63 1.2256 0
24 48 63 1.2256 0
92 48 63 1.2256 0
83 57 63 1.2256 0
34 87 63 1.2256 0
19 91 63 1.2256 0
45 86 64 1.2256 0
45 78 64 1.2256 0
45 58 64 1.2256 0
40 91 63 1.2256 0
78 42 64 1.2256 0
86 49 63 1.2256 0
73 37 63 1.2256 0
68 72 63 1.2256 0
65 40 63 1.2256 0
59 81 63 1.2256 0
54 76 63 1.2256 0
48 64 64 1.2256 0
24 40 63 1.2256 0
36 48 64 1.2256 0
36 68 64 1.2256 0
36 60 64 1.2256 0
16 63 66 0.5 0
55 89 66 0.5 0
23 85 63 1.2256 0
106 39 62 0.5 0
26 68 65 0.7178 0
43 39 63 1.2256 0
48 40 63 1.2256 0
92 43 64 1.2256 0
86 34 64 1.2256 0
23 53 63 1.2256 0
44 34 63 1.2256 0
71 64 63 1.2256 0
60 60 63 1.2256 0
37 43 63 1.2256 0
57 43 63 1.2256 0
55 55 63 1.2256 0
24 35 63 1.2256 0
98 37 63 1.2256 0
77 58 63 1.2256 0
72 48 63 1.2256 0
53 87 63 1.2256 0
53 37 63 1.2256 0
31 93 63 1.2256 0
17 77 64 0.663 0
33 79 65 0.7178 0
23 69 63 1.2256 0
19 63 63 1.2256 0
86 54 64 1.2256 0
81 39 63 1.2256 0
71 69 64 1.2256 0
63 67 63 1.2256 0
63 52 63 1.2256 0
62 78 64 1.2256 0
108 33 63 0.9771 0
81 49 63 1.2256 0
67 58 63 1.2256 0
61 34 63 1.2256 0
58 67 63 1.2256 0
54 66 64 1.2256 0
20 39 63 1.2256 0
32 60 63 1.2256 0
82 43 63 1.2256 0
29 50 64 1.2256 0
73 52 63 1.2256 0
69 51 63 1.2256 0
39 86 64 1.2256 0
24 44 63 1.2256 0
48 68 64 1.2256 0
32 40 63 1.2256 0
48 48 64 1.2256 0
48 44 63 1.2256 0
23 89 63 1.2256 0
31 77 63 1.2256 0
31 69 63 1.2256 0
23 81 63 1.2256 0
23 73 63 1.2256 0
23 65 63 1.2256 0
0
