128
48 60 66 3.2744 0
120 77 63 0.5 0
87 59 68 4.2744 0
8 76 63 0.5 0
69 95 62 0.5 0
13 48 64 0.7826 0
111 58 67 4.3526 0
66 36 63 0.8654 0
53 82 65 2.5877 0
101 72 75 4.2537 0
87 72 68 4.2775 0
100 59 75 4.2173 0
111 73 67 4.3116 0
53 46 65 2.5201 0
42 73 65 2.2512 0
91 65 75 4.4115 0
97 55 65 2.6168 0
97 76 65 2.6168 0
49 52 66 3.6172 0
49 76 66 3.6173 0
48 68 66 3.2595 0
18 73 66 0.5 0
34 64 63 0.9255 0
62 89 64 0.9072 0
103 55 68 3.0396 0
103 76 68 2.9942 0
12 58 66 0.5 0
116 65 78 0.5 0
115 66 66 2.6959 0
39 60 64 1.6021 0
108 57 75 2.2272 0
83 66 65 2.3648 0
42 65 65 2.2512 0
42 56 65 2.2512 0
11 69 65 0.5 0
61 41 66 0.9139 0
109 73 75 1.8931 0
58 86 64 1.6093 0
101 65 79 2.0143 0
109 66 66 1.9981 0
16 54 63 0.8114 0
15 79 64 0.5 0
91 72 78 1.8712 0
8 54 62 0.5 0
107 56 84 0.5 0
114 67 75 1.2666 0
107 79 64 1.6089 0
104 65 75 1.7991 0
107 76 83 0.5 0
58 42 64 1.554 0
113 59 74 1.7134 0
79 54 63 0.5 0
79 77 63 0.5 0
95 72 71 1.7018 0
56 51 73 0.5 0
94 59 71 1.6058 0
89 58 75 1.6091 0
39 69 64 1.6021 0
114 68 71 1.6426 0
59 45 71 0.5 0
82 56 64 1.6089 0
82 75 64 1.6089 0
114 63 71 1.6426 0
88 66 64 1.6089 0
108 49 63 0.5 0
107 53 64 1.6089 0
91 55 64 1.6089 0
91 76 64 1.6089 0
120 56 63 0.5 0
114 71 74 1.5334 0
54 71 72 0.5 0
117 61 64 1.2857 0
54 58 72 0.5 0
93 55 69 1.2162 0
88 73 75 1.4122 0
14 72 62 0.5 0
61 85 70 0.5 0
9 72 63 0.9913 0
56 81 72 0.5 0
93 75 69 1.3341 0
117 74 64 1.2857 0
66 92 63 0.918 0
117 57 64 1.2857 0
85 66 71 1.1375 0
114 63 75 1.2666 0
101 82 63 0.5 0
107 77 72 1.0448 0
9 50 63 0.7684 0
44 82 69 0.5 0
102 76 83 0.5 0
81 71 64 1.1079 0
92 72 74 1.2353 0
91 58 81 0.5 0
45 83 64 0.5 0
53 79 69 1.2134 0
37 65 64 0.8851 0
98 66 76 1.128 0
106 60 71 1.1182 0
101 52 64 1.1224 0
101 79 64 1.077 0
106 71 71 1.1565 0
52 63 72 0.5 0
92 59 78 1.078 0
43 51 66 1.0233 0
11 56 63 0.8534 0
16 50 63 0.9875 0
81 62 64 1.1079 0
53 48 72 0.5 0
104 59 83 0.5 0
97 75 82 0.5 0
107 54 72 1.0858 0
62 39 64 0.8546 0
17 75 62 0.5 0
15 70 66 0.5 0
103 70 83 0.5 0
106 76 76 0.9901 0
95 68 82 0.5 0
44 79 67 0.9432 0
50 64 69 1.0367 0
119 71 69 0.5 0
98 55 70 0.9059 0
98 76 71 0.9976 0
86 79 63 0.5 0
119 60 69 0.5 0
55 75 72 0.5 0
11 79 63 0.5 0
8 53 66 0.5 0
58 83 69 0.673 0
0
