128
59 68 95 17.2852 0
17 47 40 1.7723 0
80 110 40 1.7718 0
32 68 68 17.2852 0
59 95 68 17.2852 0
88 56 54 1.8683 0
64 54 42 3.6653 0
68 40 69 3.3878 0
92 98 98 0.5 0
30 97 38 1.3721 0
30 38 97 1.3721 0
57 70 57 8.2327 0
66 61 70 8.3513 0
89 41 111 0.5 0
34 95 59 7.9748 0
68 95 93 7.9748 0
34 60 94 7.9748 0
75 62 52 5.2587 0
87 68 66 3.3687 0
70 40 112 1.7514 0
46 108 39 1.6991 0
46 39 108 1.699 0
54 55 61 6.4322 0
72 73 61 6.4322 0
88 108 81 1.6928 0
88 81 108 1.6928 0
16 38 60 1.3721 0
87 112 57 1.7566 0
89 61 111 1.3721 0
19 79 38 1.3721 0
18 38 79 1.0872 0
67 42 54 3.6374 0
52 56 75 5.8525 0
71 75 75 5.8525 0
71 86 106 5.8111 0
21 86 56 5.8111 0
21 56 86 5.8064 0
64 113 42 1.7638 0
42 56 107 5.4572 0
71 107 85 5.4497 0
42 107 56 5.4497 0
75 52 62 5.254 0
65 70 40 3.3017 0
65 52 52 5.2587 0
13 64 44 1.5033 0
71 113 59 5.1173 0
71 59 113 5.1173 0
14 59 56 5.1107 0
72 84 84 4.8446 0
43 55 84 4.8446 0
47 80 55 4.8446 0
86 57 68 3.6578 0
54 90 90 4.4835 0
39 88 77 4.4835 0
39 77 88 4.4835 0
58 41 64 3.3945 0
57 47 114 1.7376 0
14 54 69 4.3323 0
58 113 54 4.3269 0
73 74 112 4.3178 0
73 112 74 4.3156 0
15 74 54 4.3092 0
58 54 113 4.3283 0
61 48 69 4.1113 0
79 66 69 4.1113 0
73 63 41 3.653 0
88 111 70 1.7048 0
57 60 48 3.8301 0
86 63 54 3.6653 0
67 70 48 3.8277 0
82 49 112 1.306 0
23 39 88 1.5183 0
85 54 60 3.6374 0
88 90 103 1.7743 0
88 103 90 1.7654 0
58 65 41 3.6079 0
59 45 57 3.6578 0
73 42 63 3.6653 0
67 80 54 3.637 0
47 60 54 3.6367 0
83 69 59 3.5692 0
33 45 103 1.7493 0
33 103 45 1.7493 0
17 40 47 1.7753 0
24 94 45 1.7494 0
71 56 81 3.449 0
15 54 78 3.3664 0
88 70 111 1.7074 0
15 42 72 1.7632 0
80 38 108 0.8552 0
89 108 47 0.8487 0
13 46 57 1.6031 0
50 113 60 3.21 0
50 60 113 3.1979 0
81 97 101 1.6698 0
24 45 94 1.7494 0
15 72 42 1.7632 0
12 68 60 3.097 0
67 115 68 3.0802 0
67 68 115 3.0802 0
35 84 53 2.8288 0
56 39 111 1.6921 0
16 58 38 1.3721 0
25 52 96 2.9734 0
70 48 69 2.9573 0
82 112 49 1.3195 0
49 112 52 3.0066 0
49 52 112 3.0066 0
53 64 68 2.9314 0
75 95 103 2.8499 0
24 95 52 2.8473 0
63 74 68 2.9097 0
34 53 84 2.8288 0
74 66 78 2.9352 0
61 53 78 2.9352 0
33 52 103 2.8865 0
47 85 90 2.8668 0
47 90 85 2.8616 0
66 80 112 2.8766 0
15 80 61 2.8766 0
34 92 71 2.7378 0
74 85 96 2.8288 0
44 98 53 2.8288 0
15 61 80 2.8764 0
44 53 94 2.8288 0
74 113 44 1.7812 0
14 53 44 1.7678 0
28 89 68 2.7378 0
0
