128
53 86 45 7.646 0
86 33 60 11.6147 0
41 33 60 11.6147 0
86 94 60 11.6147 0
41 94 60 11.6147 0
88 65 47 5.6669 0
32 64 66 5.1008 0
68 97 47 9.2794 0
68 30 47 9.2794 0
42 53 45 7.2898 0
85 50 45 7.646 0
95 64 66 5.1008 0
53 41 45 7.646 0
85 79 45 7.646 0
62 98 64 7.5832 0
62 29 64 7.5832 0
42 74 45 7.2898 0
34 77 65 6.3494 0
34 50 65 6.3494 0
93 77 65 6.3494 0
93 50 65 6.3494 0
51 100 43 5.6303 0
51 27 43 5.6303 0
87 100 43 5.4195 0
87 27 43 5.4195 0
39 101 44 4.7821 0
39 87 44 4.7821 0
39 40 44 4.7821 0
39 26 44 4.7821 0
73 44 42 4.6224 0
72 83 43 4.6153 0
82 37 42 4.6224 0
55 25 53 4.2401 0
55 102 54 4.2401 0
92 73 54 3.9321 0
34 69 57 3.8962 0
34 58 57 3.8962 0
93 58 57 3.8962 0
35 80 53 3.8259 0
35 47 53 3.8259 0
36 64 49 3.5072 0
83 91 41 3.6145 0
74 102 68 3.3783 0
74 25 68 3.3783 0
67 44 49 3.1435 0
93 50 54 3.1885 0
72 103 60 3.2322 0
72 24 60 3.2322 0
72 92 68 3.0271 0
72 35 68 3.0271 0
30 103 67 3.1882 0
30 24 67 3.1882 0
97 24 67 3.1882 0
97 103 67 3.1882 0
90 91 45 3.1885 0
57 35 55 3.1158 0
57 92 55 3.1158 0
65 83 49 2.8877 0
38 64 41 2.8698 0
64 44 42 2.8362 0
52 103 68 2.7368 0
52 24 68 2.7368 0
91 40 47 2.8698 0
93 82 53 2.8698 0
64 86 40 2.6066 0
30 86 68 2.79 0
97 41 68 2.79 0
30 41 68 2.79 0
97 86 68 2.79 0
76 87 50 2.7909 0
76 40 50 2.7909 0
44 64 50 2.6433 0
45 93 40 2.6066 0
75 47 50 2.6433 0
82 69 40 2.6066 0
42 33 40 2.6066 0
83 60 40 2.6066 0
79 97 40 2.6066 0
79 24 40 2.6066 0
54 91 68 2.5304 0
54 36 68 2.5304 0
92 66 58 2.4859 0
71 91 59 2.3826 0
71 36 58 2.3826 0
79 104 45 2.2243 0
53 23 61 2.2243 0
78 104 51 2.2243 0
48 104 51 2.2243 0
34 104 51 2.2243 0
34 23 51 2.2243 0
59 23 41 2.2243 0
90 36 42 2.2324 0
60 104 40 2.2243 0
76 104 40 2.2243 0
53 104 62 2.2243 0
91 23 50 2.2243 0
91 104 50 2.2243 0
74 79 50 2.0421 0
48 23 51 2.2243 0
78 23 50 2.2243 0
87 79 56 2.0221 0
81 70 50 1.9899 0
45 65 40 1.8826 0
87 48 58 2.0221 0
40 48 58 2.0221 0
40 79 58 2.0221 0
89 70 39 1.5988 0
95 44 56 1.9136 0
96 70 59 1.9136 0
93 58 50 1.9136 0
37 94 41 1.9136 0
89 41 39 1.5988 0
90 59 41 1.9136 0
29 30 68 1.9497 0
98 30 68 1.9497 0
29 97 68 1.9497 0
98 97 68 1.9497 0
99 107 58 0.5 0
41 82 69 1.8606 0
41 45 69 1.8606 0
86 45 69 1.8606 0
86 82 69 1.8606 0
93 45 50 1.9136 0
34 57 50 1.9136 0
34 86 50 1.9136 0
34 41 50 1.9136 0
58 33 39 1.5988 0
35 94 46 1.5949 0
0
