128
63 69 78 40.7108 0
64 61 22 13.717 0
45 49 33 9.9921 0
83 51 34 9.831 0
63 15 44 1.4373 0
65 38 24 8.152 0
76 36 43 7.8821 0
55 34 44 7.5728 0
46 69 32 6.9769 0
82 69 33 6.6879 0
69 79 32 5.7402 0
56 78 31 5.389 0
52 34 30 5.1366 0
77 45 20 5.2519 0
52 44 19 5.1801 0
43 39 48 4.9452 0
66 30 51 4.769 0
36 60 41 4.7794 0
78 36 29 4.7806 0
92 62 42 4.5315 0
88 44 47 4.6642 0
37 47 46 4.1589 0
45 62 22 4.111 0
92 53 46 4.0982 0
83 62 23 4.0298 0
64 43 40 3.8623 0
88 26 58 0.5 0
94 26 73 0.5 0
36 26 62 0.5 0
47 54 18 3.6995 0
84 37 53 3.7016 0
80 80 37 3.5818 0
66 28 41 3.4582 0
47 80 37 3.5818 0
56 30 56 3.4634 0
77 32 56 3.4444 0
48 33 54 3.3582 0
38 71 40 3.3855 0
68 45 14 3.3762 0
44 36 39 3.3195 0
89 73 41 3.1156 0
83 54 20 3.1266 0
35 27 72 0.787 0
60 44 14 3.1913 0
76 74 25 3.1733 0
104 72 48 0.5 0
64 20 46 3.0282 0
61 85 35 2.9534 0
33 55 48 2.9636 0
31 66 47 2.8655 0
38 61 31 2.7928 0
54 85 37 2.7649 0
51 73 23 2.742 0
97 67 49 2.7261 0
69 29 59 2.7435 0
90 42 55 2.6638 0
107 77 55 0.5 0
70 87 38 2.6159 0
37 42 54 2.5691 0
49 29 64 2.4781 0
93 32 67 0.8273 0
47 38 24 2.576 0
79 30 64 2.5386 0
70 51 38 2.4903 0
87 26 79 0.5648 0
70 29 30 2.4428 0
86 79 41 2.5028 0
58 46 29 2.491 0
61 50 38 2.4106 0
93 47 53 2.4534 0
41 37 56 2.4254 0
80 69 22 2.3688 0
54 50 13 2.4037 0
109 78 63 0.5 0
40 78 41 2.2395 0
62 78 24 2.3663 0
64 28 30 2.3378 0
86 38 38 2.3671 0
40 26 79 0.5648 0
78 54 15 2.358 0
65 35 39 2.2202 0
76 86 39 2.2298 0
54 35 21 2.1711 0
84 41 25 2.1037 0
89 62 30 2.2713 0
63 28 59 2.2545 0
77 28 70 2.2408 0
23 74 51 0.5 0
78 78 30 2.1241 0
96 58 51 2.2288 0
56 43 38 2.2425 0
74 50 13 2.0622 0
71 45 38 2.0811 0
34 32 67 0.8273 0
33 49 52 2.0817 0
28 70 51 1.9866 0
41 27 58 0.9663 0
63 22 52 2.0177 0
93 72 46 2.0667 0
44 47 20 2.0912 0
84 35 60 2.0679 0
49 28 70 1.9538 0
58 28 31 1.9157 0
34 57 34 2.0654 0
70 77 23 1.8983 0
39 40 41 2.0084 0
41 55 22 2.0109 0
34 52 41 1.8563 0
100 71 54 1.8563 0
58 28 63 1.9493 0
96 53 54 1.9579 0
34 71 45 1.9976 0
57 54 36 1.831 0
74 42 32 1.9745 0
20 78 59 0.4102 0
90 27 64 0.8567 0
85 47 22 1.9576 0
44 36 30 1.8792 0
49 86 40 1.8582 0
81 59 17 1.9393 0
93 59 35 1.9126 0
76 36 21 1.7005 0
56 76 22 1.8238 0
44 34 60 1.887 0
59 89 39 1.8223 0
82 85 42 1.8184 0
77 30 34 1.8208 0
72 46 30 1.85 0
0
