128
59 66 65 1.8749 0
113 34 65 0.5 0
113 94 65 0.5 0
14 87 61 0.9584 0
24 52 63 4.0249 0
82 89 62 2.4189 0
78 44 63 4.0249 0
109 64 60 0.8508 0
42 83 64 4.0249 0
49 48 63 4.0249 0
86 66 63 3.5887 0
99 40 63 4.0249 0
99 84 63 4.0249 0
68 85 63 4.0249 0
28 83 64 4.0249 0
63 41 66 1.9669 0
102 54 65 2.1809 0
102 70 65 2.1809 0
90 44 63 4.0249 0
90 88 63 4.0249 0
82 57 63 3.6725 0
77 83 63 4.0249 0
56 72 63 4.0249 0
51 83 63 4.0249 0
33 52 64 4.0249 0
69 44 64 4.0249 0
91 79 63 4.0249 0
114 46 64 0.5 0
114 79 64 0.5 0
42 53 63 3.3776 0
60 81 64 3.0342 0
16 81 67 1.5027 0
60 56 62 0.867 0
111 86 62 1.0419 0
111 53 62 1.0419 0
101 62 66 1.7397 0
54 58 67 1.0013 0
111 73 62 1.0419 0
13 52 64 1.0155 0
59 50 67 1.0013 0
101 48 62 2.3213 0
106 92 70 0.5 0
109 42 67 0.8508 0
106 94 60 0.5 0
109 36 60 0.8508 0
110 60 70 0.5 0
57 40 60 0.7473 0
53 61 61 1.1355 0
102 75 62 2.1809 0
109 44 59 0.9338 0
90 72 65 2.2738 0
21 81 61 2.0091 0
109 81 67 0.8508 0
16 49 60 1.5069 0
109 66 67 0.8508 0
102 91 61 1.9564 0
97 91 66 1.9564 0
102 65 62 2.1809 0
102 59 62 2.1809 0
78 51 66 2.0091 0
62 46 64 2.175 0
84 81 62 2.0513 0
61 87 62 2.0405 0
35 81 64 2.0513 0
52 54 66 2.0091 0
52 42 66 2.0091 0
21 84 66 2.0091 0
109 79 60 0.8508 0
111 59 65 1.0419 0
36 86 61 1.9669 0
84 41 66 1.9669 0
107 34 69 0.5 0
107 48 68 0.8236 0
16 49 67 1.5027 0
102 90 66 2.0091 0
57 86 66 2.0091 0
79 51 61 2.0091 0
85 84 66 2.0091 0
22 86 61 1.9669 0
63 41 61 1.9669 0
97 91 61 1.9564 0
36 86 66 1.9669 0
84 41 61 1.9669 0
110 73 70 0.5 0
109 89 67 0.8508 0
14 81 62 1.3816 0
59 62 60 1.0013 0
16 54 60 1.5069 0
16 54 67 1.5027 0
101 78 66 1.7916 0
16 86 67 1.5027 0
52 41 61 1.6882 0
103 45 66 1.668 0
111 41 62 1.0419 0
107 50 59 0.8236 0
61 57 69 0.5 0
76 89 66 1.7385 0
109 54 67 0.8508 0
54 65 66 1.389 0
52 55 61 1.4648 0
109 58 59 0.9338 0
57 52 60 0.7473 0
60 60 65 0.867 0
54 65 61 1.3896 0
74 89 62 1.5117 0
16 84 60 1.5069 0
87 74 61 1.5327 0
107 87 59 0.8236 0
97 48 69 0.5 0
56 87 61 1.4735 0
82 49 65 1.4863 0
58 46 60 1.0013 0
111 47 65 1.0419 0
107 75 67 0.8504 0
107 74 59 0.8236 0
111 92 60 0.5466 0
84 92 69 0.5 0
84 47 62 1.3504 0
48 55 64 1.3618 0
107 60 68 0.8236 0
108 69 60 0.9772 0
98 47 66 1.1647 0
104 37 67 1.0194 0
114 65 64 0.5 0
63 88 66 1.2658 0
111 69 62 1.0419 0
111 63 65 1.0419 0
101 53 60 1.0013 0
0
