128
45 64 67 0.8899 0
103 63 105 0.5 0
93 60 23 0.5 0
90 88 65 1.1032 0
52 90 23 0.5 0
36 39 23 0.5 0
90 39 65 1.1533 0
58 64 113 0.9681 0
65 41 40 0.928 0
66 45 87 0.8686 0
26 70 23 0.5 0
66 81 86 0.9762 0
60 88 53 0.7875 0
81 86 25 0.7493 0
95 64 50 0.8292 0
87 63 80 0.7607 0
43 55 43 0.9938 0
55 40 65 0.6392 0
50 64 90 0.7809 0
80 56 106 0.8138 0
81 41 24 0.7325 0
43 80 40 0.7376 0
81 73 96 1.1419 0
82 85 46 0.8545 0
89 47 42 1.0091 0
49 82 75 0.5 0
55 38 23 0.5 0
71 86 68 0.9682 0
65 87 35 0.8884 0
91 72 35 0.7752 0
55 50 101 0.8372 0
55 79 101 0.5 0
34 86 24 0.6439 0
72 41 68 0.6713 0
31 55 27 0.8065 0
81 51 89 0.9065 0
83 79 78 0.738 0
50 47 81 0.5824 0
91 72 66 0.8227 0
93 55 63 0.664 0
72 73 109 0.9372 0
52 41 48 0.7088 0
76 41 52 0.703 0
47 80 59 0.7236 0
69 50 100 0.843 0
44 41 35 0.758 0
45 67 52 0.7375 0
90 68 107 0.8078 0
84 49 74 0.8771 0
53 80 89 0.8994 0
47 51 68 0.8427 0
37 66 35 0.5 0
65 38 57 0.7928 0
89 63 96 0.9389 0
57 88 67 0.829 0
68 78 97 1.1554 0
69 55 113 0.815 0
51 66 102 0.8889 0
91 78 54 0.7797 0
88 50 30 0.8038 0
45 55 56 0.8565 0
72 87 53 0.6932 0
63 41 77 0.8358 0
55 85 42 0.8524 0
86 46 55 0.926 0
35 76 30 0.9124 0
68 39 24 0.3692 0
48 72 81 0.8093 0
89 76 23 0.5 0
63 86 77 0.8358 0
61 73 109 1.28 0
76 44 79 0.7766 0
36 46 30 0.9691 0
64 89 23 0.5 0
46 86 30 0.6615 0
79 84 61 0.9771 0
51 52 90 0.5022 0
92 59 106 1.1193 0
76 80 87 0.7675 0
47 76 68 0.825 0
61 54 109 1.1428 0
100 82 68 0.5 0
79 42 42 0.8613 0
75 63 111 0.5628 0
95 62 39 0.5 0
89 80 42 1.0091 0
48 57 78 0.5 0
100 44 68 0.5 0
89 63 68 0.8969 0
87 72 74 1.1395 0
85 80 66 1.0078 0
84 72 86 0.9795 0
60 40 30 0.7204 0
93 55 43 1.1246 0
79 43 61 0.9801 0
72 85 42 0.7535 0
82 83 35 0.9345 0
93 64 30 1.0407 0
42 66 43 0.8941 0
96 65 60 0.6996 0
73 85 30 0.6578 0
59 48 92 0.684 0
77 84 74 0.9969 0
85 47 66 1.028 0
93 72 46 0.562 0
87 80 29 1.1548 0
56 87 30 0.5898 0
79 53 98 0.7458 0
46 80 50 0.9687 0
47 48 53 1.0951 0
31 64 28 0.6857 0
51 72 93 0.8855 0
46 46 42 0.9923 0
82 44 33 0.6537 0
65 89 61 0.8356 0
81 71 106 0.8019 0
37 55 34 0.9534 0
67 64 116 0.8848 0
86 84 56 0.7226 0
72 42 30 0.6359 0
85 55 81 0.5502 0
94 55 55 0.8382 0
28 46 24 0.5 0
57 43 83 0.5684 0
74 49 93 0.8156 0
65 87 45 0.6059 0
28 79 24 0.3707 0
62 39 68 0.8787 0
0
