128
65 61 64 0.5 0
8 79 64 0.5 0
119 80 64 0.5 0
28 46 65 0.5 0
100 47 64 0.5 0
40 80 63 0.5 0
89 81 65 0.5 0
66 82 63 0.5 0
49 46 65 0.5 0
119 59 64 0.5 0
12 59 65 0.5 0
80 48 64 0.5 0
101 67 64 0.5 0
38 61 64 0.5 0
25 72 65 0.5 0
80 67 64 0.5 0
51 69 65 0.5 0
65 46 64 0.5 0
90 57 63 0.5 0
14 46 63 0.5 0
106 82 64 0.5 0
26 59 63 0.5 0
52 82 64 0.5 0
112 49 64 0.5 0
54 57 63 0.5 0
77 79 64 0.5 0
112 69 63 0.5 0
19 81 64 0.5 0
38 50 64 0.5 0
69 71 64 0.5 0
108 59 64 0.5 0
15 69 64 0.5 0
91 71 63 0.5 0
75 58 64 0.5 0
90 46 63 0.5 0
35 71 64 0.5 0
30 80 63 0.5 0
60 69 63 0.5 0
99 57 64 0.5 0
98 78 65 0.5 0
21 51 64 0.5 0
57 49 64 0.5 0
47 61 65 0.5 0
59 77 64 0.5 0
43 68 64 0.5 0
72 49 65 0.5 0
112 78 63 0.5 0
19 61 63 0.5 0
119 69 64 0.5 0
46 77 65 0.5 0
32 56 64 0.5 0
86 51 65 0.5 0
84 59 65 0.5 0
45 51 64 0.5 0
14 77 65 0.5 0
21 67 65 0.5 0
106 71 64 0.5 0
106 51 64 0.5 0
69 56 64 0.5 0
71 78 63 0.5 0
60 57 64 0.5 0
86 67 63 0.5 0
75 71 64 0.5 0
28 67 64 0.5 0
97 71 63 0.5 0
95 61 65 0.5 0
35 82 65 0.5 0
42 46 64 0.5 0
34 46 64 0.5 0
65 67 64 0.5 0
63 51 63 0.5 0
84 79 64 0.5 0
15 51 65 0.5 0
49 56 65 0.5 0
66 77 65 0.5 0
113 61 64 0.5 0
44 57 63 0.5 0
94 81 63 0.5 0
117 47 64 0.5 0
31 61 63 0.5 0
45 82 64 0.5 0
24 77 64 0.5 0
18 56 64 0.5 0
28 51 64 0.5 0
86 72 64 0.5 0
14 82 64 0.5 0
51 77 64 0.5 0
106 46 65 0.5 0
80 56 64 0.5 0
97 51 63 0.5 0
36 77 65 0.5 0
70 61 63 0.5 0
107 77 64 0.5 0
39 56 64 0.5 0
58 82 64 0.5 0
79 61 65 0.5 0
21 46 64 0.5 0
56 72 63 0.5 0
57 61 64 0.5 0
46 72 64 0.5 0
52 61 65 0.5 0
55 67 64 0.5 0
114 82 64 0.5 0
100 82 64 0.5 0
50 50 63 0.5 0
76 51 64 0.5 0
96 67 65 0.5 0
26 81 65 0.5 0
93 77 65 0.5 0
72 82 65 0.5 0
19 71 64 0.5 0
101 61 64 0.5 0
94 48 64 0.5 0
68 49 63 0.5 0
70 67 65 0.5 0
47 67 63 0.5 0
39 70 65 0.5 0
29 71 63 0.5 0
63 72 63 0.5 0
85 47 64 0.5 0
80 82 64 0.5 0
61 47 63 0.5 0
18 77 63 0.5 0
111 56 64 0.5 0
34 67 63 0.5 0
107 67 64 0.5 0
82 71 64 0.5 0
90 67 64 0.5 0
0
