128
64 65 64 0.8812 0
114 35 63 0.5 0
62 7 64 0.5 0
14 37 63 0.3733 0
112 94 65 0.5 0
15 92 63 0.3733 0
65 121 63 0.5 0
47 36 64 0.8812 0
80 34 64 0.8812 0
97 64 64 0.8812 0
30 64 64 0.8812 0
48 93 64 0.8812 0
79 94 64 0.8812 0
95 84 64 0.8812 0
81 54 64 0.8812 0
30 83 64 0.8812 0
99 44 64 0.8812 0
47 113 64 0.5 0
29 45 64 0.8812 0
63 103 64 0.8812 0
79 75 64 0.8812 0
47 54 64 0.8812 0
64 26 64 0.8812 0
48 73 64 0.8812 0
114 73 65 0.5 0
31 25 63 0.3649 0
97 25 65 0.5 0
95 104 65 0.5 0
31 102 63 0.3649 0
63 85 64 0.8812 0
47 17 64 0.3733 0
79 15 63 0.5 0
114 55 64 0.5 0
64 44 67 0.5 0
14 74 63 0.3733 0
80 112 65 0.5 0
14 55 63 0.3733 0
68 54 64 0.8812 0
42 103 64 0.8812 0
103 74 64 0.8812 0
100 95 64 0.8812 0
58 113 64 0.8812 0
109 64 64 0.8812 0
57 16 64 0.8812 0
106 85 64 0.8812 0
75 64 64 0.8812 0
37 93 64 0.8812 0
25 94 64 0.8384 0
25 33 64 0.8384 0
104 54 64 0.8812 0
87 25 64 0.8812 0
93 35 64 0.8812 0
87 45 64 0.8812 0
74 45 64 0.8812 0
59 36 64 0.8812 0
69 14 64 0.8812 0
68 75 64 0.8812 0
37 75 64 0.8812 0
36 53 64 0.8812 0
19 82 64 0.8812 0
19 63 64 0.8812 0
35 36 64 0.8812 0
58 51 64 0.8812 0
43 84 64 0.8812 0
92 73 64 0.8812 0
53 64 64 0.8812 0
52 27 64 0.8812 0
74 103 64 0.8812 0
68 94 64 0.8812 0
19 47 64 0.8812 0
90 93 64 0.8812 0
74 24 64 0.8812 0
40 25 64 0.8812 0
40 64 64 0.8812 0
53 84 64 0.8812 0
70 34 64 0.8812 0
86 103 64 0.8812 0
105 35 64 0.8812 0
69 113 64 0.8812 0
23 73 64 0.8812 0
91 54 64 0.8812 0
83 84 64 0.8812 0
111 45 65 0.5 0
58 95 64 0.8812 0
86 62 64 0.8812 0
27 55 64 0.8812 0
59 74 64 0.8812 0
51 104 64 0.8812 0
72 85 64 0.8812 0
43 44 64 0.8812 0
51 46 64 0.8812 0
61 58 64 0.8812 0
30 72 64 0.8812 0
86 69 64 0.8812 0
114 82 63 0.5 0
59 44 64 0.8812 0
109 79 64 0.8812 0
97 51 64 0.8812 0
58 23 64 0.8812 0
87 38 64 0.8812 0
86 78 64 0.8812 0
81 22 64 0.8812 0
20 90 64 0.8812 0
40 32 64 0.8812 0
72 70 64 0.8812 0
109 50 64 0.8812 0
103 66 64 0.8812 0
101 80 64 0.8812 0
99 58 64 0.8812 0
92 99 64 0.8812 0
37 46 64 0.8812 0
53 56 64 0.8812 0
27 39 64 0.8812 0
47 66 64 0.8812 0
33 30 64 0.8812 0
46 29 64 0.8812 0
19 55 64 0.8812 0
107 91 64 0.8812 0
41 70 64 0.8812 0
41 38 64 0.8812 0
86 32 64 0.8812 0
80 100 64 0.8812 0
80 60 64 0.8812 0
75 109 64 0.8812 0
49 79 64 0.8812 0
74 58 64 0.8812 0
67 41 64 0.8812 0
64 32 64 0.8812 0
0
