128
69 62 86 7.5141 0
57 61 10 2.1143 0
10 67 52 1.5612 0
110 64 42 3.3093 0
51 62 43 7.5141 0
26 65 98 3.4388 0
88 62 61 7.5141 0
84 64 27 5.4984 0
114 66 93 0.5 0
45 62 77 7.5141 0
52 67 117 1.5612 0
89 58 116 0.5 0
92 64 94 5.4984 0
27 67 23 1.7639 0
114 61 73 3.2049 0
26 63 53 5.4984 0
45 64 99 5.4984 0
68 62 40 7.5141 0
39 62 61 7.5141 0
84 62 77 7.5141 0
69 65 113 3.5702 0
26 63 80 5.4984 0
42 64 17 3.3093 0
84 63 46 6.5063 0
34 64 40 5.4984 0
54 63 89 6.5063 0
104 64 59 5.4984 0
69 64 24 5.4984 0
57 46 81 3.349 0
77 46 50 3.349 0
84 66 109 3.4827 0
69 64 102 5.4984 0
100 64 84 5.4984 0
94 64 35 5.4984 0
9 68 69 1.4669 0
45 64 27 5.4984 0
101 64 47 5.4984 0
34 64 92 5.4984 0
58 64 29 5.4984 0
81 64 99 5.4984 0
57 64 103 5.4984 0
26 63 68 5.4984 0
104 64 71 5.4984 0
49 44 55 1.3333 0
16 66 37 1.7791 0
64 46 44 3.349 0
77 47 77 3.4087 0
83 47 64 3.4681 0
43 46 71 2.3775 0
21 62 40 3.9784 0
44 49 63 3.4705 0
75 67 10 1.5612 0
58 65 16 3.9086 0
15 65 69 3.8651 0
15 63 54 3.8391 0
37 59 111 1.4669 0
31 65 28 3.862 0
121 70 57 0.5 0
56 55 81 3.7393 0
41 58 49 3.8093 0
73 62 14 3.5729 0
54 62 113 3.5729 0
77 55 50 3.6813 0
71 50 46 3.6054 0
46 53 56 3.619 0
81 51 71 3.6069 0
121 58 58 0.5 0
14 59 87 1.4669 0
114 61 57 3.3722 0
83 66 89 3.4827 0
49 66 55 3.4827 0
94 66 71 3.4827 0
58 66 79 3.4827 0
39 63 107 3.5107 0
46 47 45 1.5578 0
34 66 74 3.4827 0
46 46 80 2.2081 0
80 66 36 3.4827 0
38 66 49 3.4826 0
63 51 83 3.4727 0
76 66 53 3.4827 0
50 47 50 3.4038 0
70 47 81 3.3588 0
50 51 77 3.412 0
17 64 85 3.3093 0
81 53 57 3.359 0
57 52 46 3.3592 0
46 52 70 3.3591 0
107 59 26 0.5 0
89 59 15 1.3091 0
101 61 28 3.0479 0
99 61 101 3.0479 0
112 59 89 1.3091 0
109 64 89 3.0557 0
89 64 18 3.0557 0
74 54 79 2.9948 0
40 44 53 1.3331 0
54 44 39 1.0436 0
83 46 56 2.7665 0
78 66 68 2.6771 0
76 60 31 2.4748 0
42 60 36 2.4748 0
72 66 76 2.6148 0
97 60 76 2.4748 0
63 60 96 2.4748 0
93 60 50 2.4748 0
61 60 21 2.4748 0
80 59 87 2.4805 0
34 67 82 2.4748 0
62 67 48 2.4748 0
96 67 55 2.4748 0
44 46 55 2.5094 0
64 67 95 2.4748 0
53 67 22 2.4748 0
38 67 32 2.4748 0
21 60 61 2.4748 0
78 67 60 2.4112 0
44 67 36 2.4748 0
91 67 84 2.4748 0
34 60 83 2.4748 0
76 67 30 2.4748 0
120 71 74 0.5 0
45 67 87 2.4748 0
93 67 44 2.4748 0
34 60 50 2.4748 0
49 67 68 2.4748 0
55 60 21 2.4748 0
25 67 45 2.4748 0
0
