128
65 62 64 0.9621 0
33 96 27 0.5 0
42 102 101 0.5 0
94 96 27 0.5 0
107 73 101 0.5 0
31 35 101 0.5 0
29 38 27 0.5 0
87 27 27 0.5 0
84 25 99 0.5 0
81 103 78 0.5 0
22 67 73 0.6294 0
105 60 47 0.6392 0
60 21 65 0.5 0
63 73 27 0.3627 0
42 99 63 0.5712 0
69 75 100 0.3627 0
102 47 79 0.2958 0
65 105 40 0.5 0
22 67 40 0.6393 0
35 41 59 0.5356 0
56 21 28 0.4853 0
39 66 100 0.3627 0
95 76 72 0.5331 0
84 38 56 0.346 0
58 44 99 0.5593 0
86 58 27 0.2925 0
86 95 53 0.6738 0
54 48 28 0.5593 0
69 106 101 0.5 0
87 51 100 0.3627 0
93 95 100 0.3627 0
32 86 85 0.6846 0
48 25 86 0.4434 0
64 64 85 2.3924 0
103 74 28 0.7853 0
76 32 78 0.5294 0
54 104 82 0.6639 0
36 81 51 0.6533 0
41 67 27 0.3627 0
73 23 44 0.6544 0
23 54 91 0.6639 0
65 104 62 0.6756 0
102 44 28 0.4849 0
47 25 48 0.2958 0
63 22 101 0.5 0
38 43 80 0.3461 0
54 92 28 0.5593 0
50 83 99 0.5593 0
75 89 28 0.5593 0
62 61 43 0.428 0
74 42 28 0.5593 0
98 78 52 0.5 0
22 76 100 0.3311 0
88 76 99 0.5593 0
95 55 63 0.4093 0
32 51 43 0.581 0
42 99 44 0.5765 0
100 65 86 0.6373 0
105 53 99 0.5593 0
24 80 27 0.3627 0
91 46 42 0.6479 0
23 54 60 0.6639 0
23 54 28 0.8681 0
99 85 87 0.5801 0
95 37 92 0.5162 0
41 49 99 0.5593 0
36 81 69 0.6397 0
88 84 39 0.3564 0
77 90 99 0.5593 0
45 34 33 0.2833 0
96 36 68 0.5 0
74 39 99 0.5593 0
72 58 101 0.5 0
69 58 28 0.5547 0
76 24 63 0.5 0
72 22 28 0.5593 0
64 25 85 0.6804 0
81 91 68 0.6257 0
32 88 101 0.5 0
54 60 100 0.3627 0
75 105 28 0.5593 0
46 36 69 0.6312 0
47 33 99 0.5593 0
39 52 28 0.5593 0
41 83 28 0.5593 0
107 60 73 0.5 0
41 97 78 0.619 0
108 58 27 0.5 0
57 97 99 0.5593 0
25 52 75 0.5361 0
86 30 42 0.698 0
54 104 52 0.6557 0
61 35 28 0.5593 0
72 96 49 0.6253 0
56 33 56 0.5 0
31 72 89 0.6252 0
88 74 28 0.433 0
72 96 87 0.6253 0
57 106 28 0.5593 0
32 88 39 0.4848 0
67 105 76 0.6294 0
26 76 60 0.5007 0
94 63 99 0.5593 0
88 44 28 0.5593 0
86 95 88 0.6846 0
102 47 52 0.5 0
64 64 54 2.3924 0
54 62 28 0.5525 0
53 95 71 0.5 0
60 22 49 0.6392 0
97 86 63 0.6191 0
36 32 88 0.374 0
96 65 37 0.2099 0
36 32 44 0.374 0
101 86 41 0.5 0
104 73 63 0.6639 0
28 67 28 0.5593 0
57 33 76 0.5 0
31 62 52 0.2672 0
32 90 60 0.5151 0
28 42 89 0.5801 0
86 30 86 0.6191 0
82 102 99 0.5593 0
26 62 101 0.5 0
104 73 42 0.6469 0
55 31 40 0.583 0
80 102 40 0.2958 0
45 101 28 0.5593 0
0
