128
67 96 84 4.0041 0
64 10 44 0.5 0
67 106 31 1.7631 0
47 48 71 1.172 0
31 106 57 1.339 0
76 70 50 0.9029 0
68 14 84 0.5 0
97 107 57 0.8486 0
81 41 68 1.2232 0
47 78 56 1.189 0
45 18 65 0.7544 0
60 39 45 0.9856 0
45 103 74 4.2475 0
71 64 80 1.1667 0
53 103 45 4.2413 0
78 94 52 1.6835 0
84 103 69 4.3706 0
82 14 61 0.626 0
59 32 81 1.2242 0
53 76 78 1.094 0
56 59 47 1.1806 0
81 77 68 1.2232 0
76 49 50 0.9029 0
76 29 50 0.9029 0
88 109 38 0.5 0
51 109 97 0.5 0
43 103 58 4.3793 0
47 34 56 1.189 0
69 103 43 4.3821 0
84 106 89 1.7604 0
82 59 64 0.8034 0
61 83 45 0.6333 0
56 23 47 1.1806 0
68 46 81 1.2282 0
53 12 78 1.094 0
77 24 76 0.8927 0
56 58 80 1.1788 0
46 66 68 1.235 0
82 103 53 4.2534 0
47 50 56 1.189 0
47 32 71 1.172 0
58 103 84 4.3841 0
46 86 68 1.235 0
70 109 99 0.5 0
68 78 81 1.2282 0
74 103 82 4.2316 0
74 15 49 1.0838 0
50 10 53 0.5 0
59 92 33 0.6026 0
46 96 51 4.1342 0
33 93 68 0.7528 0
79 12 73 1.1142 0
78 88 74 1.0941 0
43 96 67 3.9969 0
44 91 89 0.0175 0
64 70 45 0.8119 0
91 93 59 1.6105 0
33 106 68 2.0815 0
76 97 46 4.1469 0
81 97 76 4.14 0
45 106 88 2.0229 0
51 97 81 4.1328 0
80 80 56 1.1757 0
39 106 45 2.0259 0
60 97 42 3.9964 0
85 97 60 3.9998 0
82 26 64 0.8034 0
78 54 74 1.0941 0
47 62 56 1.189 0
56 46 80 1.1788 0
80 40 56 1.1757 0
68 56 46 1.2376 0
96 110 79 0.5 0
79 106 35 1.7631 0
71 32 80 1.1667 0
71 83 47 1.1908 0
59 84 81 1.2242 0
59 20 81 1.2242 0
81 70 59 1.2361 0
81 50 59 1.2361 0
59 68 81 1.2242 0
54 107 32 1.1801 0
47 22 56 1.189 0
60 106 96 1.7631 0
53 69 49 1.0905 0
80 67 71 1.1807 0
53 45 49 1.0905 0
71 41 47 1.1908 0
89 93 48 1.1927 0
48 93 38 1.1866 0
56 13 47 1.1806 0
37 92 79 0.5736 0
67 25 45 0.9749 0
71 92 33 0.7263 0
94 92 71 0.7169 0
56 92 94 0.7129 0
78 58 53 1.0936 0
95 106 66 1.7631 0
67 104 87 3.2406 0
40 104 67 3.2357 0
80 92 90 0.6151 0
45 106 36 1.3434 0
44 105 49 3.1958 0
36 106 82 1.3336 0
33 92 56 0.7226 0
49 105 83 3.1958 0
83 105 78 3.1958 0
78 105 44 3.1958 0
49 23 74 1.1003 0
80 22 56 1.1757 0
53 85 49 1.0905 0
60 105 40 3.1958 0
87 105 60 3.1958 0
47 76 71 1.172 0
78 34 74 1.0941 0
68 22 81 1.2282 0
74 106 94 1.7631 0
47 12 71 1.172 0
49 59 74 1.1003 0
53 33 49 1.0905 0
76 95 84 2.9929 0
84 95 51 2.9978 0
51 95 43 2.9893 0
43 95 76 2.9836 0
45 43 63 0.8064 0
94 108 46 0.5 0
51 38 77 0.8938 0
77 44 76 0.8927 0
0
