128
68 64 64 0.976 0
6 63 66 0.5 0
122 63 63 0.5 0
36 91 62 0.5 0
37 38 62 0.7601 0
94 38 64 1.0583 0
96 89 64 0.9907 0
42 64 63 1.268 0
101 65 63 1.0957 0
16 83 64 0.8923 0
16 44 63 0.8923 0
112 47 63 1.08 0
76 83 63 0.818 0
54 82 65 0.5 0
55 47 66 0.5 0
83 54 63 1.268 0
112 80 63 1.08 0
22 66 63 1.268 0
88 74 63 1.268 0
30 53 63 1.268 0
33 76 63 1.268 0
98 51 63 1.268 0
42 49 63 1.268 0
53 70 63 1.268 0
53 58 63 1.268 0
81 41 63 0.6572 0
111 59 63 1.268 0
100 79 63 1.268 0
42 83 64 1.268 0
72 51 63 1.1995 0
13 57 63 1.268 0
76 73 63 1.268 0
10 73 62 0.7601 0
114 70 63 1.268 0
26 39 65 0.7601 0
26 88 65 0.7601 0
84 65 63 1.268 0
85 88 65 0.7601 0
104 41 63 0.85 0
24 78 63 1.268 0
43 73 63 1.268 0
22 50 63 1.268 0
106 89 66 0.5 0
48 43 64 1.1514 0
120 54 66 0.5 0
92 81 64 1.268 0
91 47 63 1.268 0
33 84 63 1.268 0
22 58 63 1.268 0
30 45 63 1.268 0
13 65 63 1.268 0
107 74 63 1.268 0
76 60 65 0.7601 0
49 51 63 1.268 0
37 55 63 1.268 0
100 58 63 1.268 0
49 77 63 1.268 0
29 70 63 1.268 0
92 55 63 1.268 0
84 80 63 1.268 0
106 54 63 1.268 0
99 72 63 1.268 0
44 56 63 1.268 0
84 47 63 1.268 0
16 75 63 1.0507 0
59 64 64 0.976 0
108 65 63 1.268 0
77 65 63 1.268 0
104 47 63 1.268 0
51 64 63 1.268 0
38 43 63 1.268 0
106 80 63 1.268 0
37 70 64 0.909 0
97 43 64 1.268 0
55 76 63 1.1995 0
88 39 64 1.0869 0
55 51 63 1.1995 0
48 84 64 1.1514 0
119 76 66 0.5 0
70 71 63 1.0087 0
12 51 63 1.0995 0
76 45 64 0.9628 0
39 88 64 1.0869 0
68 57 65 0.6853 0
98 84 63 1.268 0
82 70 63 1.268 0
28 62 66 0.5 0
43 40 64 0.9149 0
118 61 63 1.0025 0
83 75 64 1.268 0
77 52 63 1.268 0
9 61 63 1.0025 0
104 86 63 0.85 0
112 54 63 1.268 0
25 83 63 1.268 0
25 44 63 1.268 0
37 48 63 1.268 0
114 65 63 1.268 0
43 78 63 1.268 0
31 38 63 0.9907 0
90 89 62 0.7601 0
71 79 64 0.5 0
115 76 63 1.0995 0
60 71 65 0.5 0
118 56 63 0.9922 0
87 59 65 0.7601 0
81 86 63 0.6572 0
72 66 63 1.0537 0
121 68 66 0.5 0
76 57 63 1.268 0
60 57 64 0.5 0
52 47 63 1.0612 0
33 89 63 1.0583 0
22 74 63 1.268 0
49 72 63 1.268 0
95 74 63 1.268 0
26 60 63 1.268 0
26 55 63 1.268 0
81 58 63 1.268 0
37 78 63 1.268 0
72 76 63 1.1995 0
108 43 63 1.0397 0
8 69 65 0.7601 0
99 39 63 1.1564 0
104 71 63 1.268 0
38 84 63 1.268 0
16 71 63 1.268 0
11 79 64 0.5 0
0
