128
82 62 63 2.2361 0
42 114 50 0.5 0
43 14 83 0.5 0
80 14 45 0.5 0
83 110 69 1.7583 0
45 37 48 2.2363 0
45 77 71 2.2361 0
82 20 79 2.2361 0
63 96 51 2.2995 0
45 42 76 2.2361 0
82 39 48 2.2359 0
45 64 48 2.2362 0
91 95 46 0.9103 0
50 109 68 2.5038 0
82 85 72 1.1374 0
45 16 59 1.5579 0
82 44 76 2.2361 0
38 96 51 2.3087 0
82 79 48 2.2361 0
77 110 51 2.2896 0
81 28 62 2.6011 0
45 54 63 2.2361 0
38 96 69 2.3145 0
89 96 63 2.3138 0
45 81 48 2.2362 0
46 28 68 2.6007 0
82 55 48 2.236 0
57 110 51 2.2896 0
45 23 47 1.8859 0
76 96 52 2.2998 0
45 89 59 2.2361 0
82 75 60 2.2361 0
76 96 68 1.4959 0
82 50 61 2.2361 0
45 65 73 2.2361 0
45 73 57 2.2361 0
82 32 76 2.2361 0
45 17 74 2.2362 0
82 18 55 2.2359 0
81 28 48 2.6013 0
45 41 59 2.2362 0
51 96 52 2.2998 0
82 68 73 2.2361 0
82 56 73 2.2361 0
51 95 70 1.3082 0
45 53 75 2.1375 0
45 53 47 1.9115 0
51 28 58 1.9423 0
82 85 58 2.2361 0
82 18 69 2.236 0
67 110 51 2.2896 0
82 65 48 2.236 0
48 110 55 2.2896 0
45 64 61 2.2361 0
82 38 63 2.236 0
45 28 78 2.2361 0
82 88 48 2.2361 0
45 95 48 2.7738 0
76 110 63 1.4959 0
82 95 62 2.7782 0
82 95 48 2.7764 0
45 95 69 2.7787 0
45 25 55 2.2363 0
82 95 69 2.7791 0
45 95 55 2.7754 0
82 95 55 2.7773 0
45 95 62 2.7771 0
51 28 47 1.8825 0
81 28 55 2.6012 0
81 28 69 2.6011 0
89 96 51 2.3109 0
45 43 69 2.2361 0
45 35 77 2.2361 0
45 84 70 2.2361 0
45 82 58 2.2361 0
82 19 62 2.2359 0
82 19 48 2.2358 0
48 110 48 2.2896 0
82 110 62 2.2896 0
46 28 61 2.6007 0
46 28 50 2.6006 0
75 105 71 0.9173 0
81 47 47 1.4113 0
77 109 68 2.5038 0
45 17 48 2.2364 0
45 47 48 2.2363 0
45 53 53 2.2362 0
45 35 54 2.2363 0
45 62 55 2.2362 0
45 47 57 2.2362 0
45 35 61 2.2362 0
82 40 69 2.2361 0
82 77 66 2.2361 0
82 60 57 2.2361 0
82 52 67 2.2361 0
45 67 67 2.2361 0
45 49 67 2.2361 0
86 110 45 0.5 0
82 84 67 2.2361 0
70 96 51 2.2995 0
45 18 68 2.2362 0
82 62 72 2.2361 0
82 50 74 2.2361 0
82 38 75 2.2361 0
82 26 77 2.2361 0
45 55 69 2.2361 0
89 96 69 2.3152 0
38 96 57 2.3102 0
89 96 57 2.3123 0
45 18 54 2.2363 0
57 96 51 2.2995 0
48 110 61 2.2896 0
45 70 48 2.2362 0
45 22 78 2.2361 0
82 39 54 2.236 0
82 71 48 2.236 0
82 110 48 2.2896 0
82 110 54 2.2896 0
72 110 48 2.2896 0
62 110 48 2.2896 0
45 68 54 2.2362 0
45 42 51 2.2363 0
45 76 51 2.2362 0
45 58 50 2.2362 0
45 57 58 2.2362 0
82 74 71 2.2361 0
82 67 60 2.2361 0
82 65 54 2.2361 0
0
