128
61 44 63 2.545 0
116 87 72 0.5 0
13 46 70 0.917 0
75 87 60 0.5 0
97 73 62 5.4968 0
34 44 59 2.545 0
86 44 59 2.545 0
46 65 72 0.5 0
64 69 58 1.1986 0
110 79 67 4.0257 0
62 86 72 0.5 0
77 67 72 0.5 0
44 61 58 1.2479 0
85 82 68 3.0712 0
59 58 69 1.612 0
44 44 67 2.545 0
74 44 63 2.545 0
80 68 57 1.009 0
16 44 60 2.545 0
110 71 60 4.0257 0
26 44 68 2.545 0
63 83 57 0.7255 0
85 70 68 3.0247 0
66 69 69 1.1986 0
70 84 67 1.5371 0
85 82 59 3.0712 0
94 82 66 3.5528 0
58 56 56 0.5476 0
35 44 68 2.545 0
44 57 69 1.2479 0
89 42 72 0.5 0
101 82 59 3.0712 0
85 70 59 3.0247 0
111 82 59 3.0712 0
44 44 59 2.545 0
86 44 67 2.545 0
26 44 59 2.545 0
108 71 68 3.0712 0
73 68 63 0.973 0
59 62 59 1.612 0
102 80 68 2.889 0
79 44 68 2.545 0
70 84 59 1.5371 0
67 48 72 0.5 0
66 44 67 2.545 0
66 44 59 2.545 0
39 44 63 2.545 0
79 44 59 2.545 0
16 44 67 2.545 0
54 42 72 0.5 0
93 83 59 2.545 0
90 76 68 2.36 0
44 55 62 1.2479 0
44 63 65 1.0848 0
88 76 59 2.1834 0
60 44 69 2.0633 0
73 44 69 2.0633 0
54 42 56 0.5476 0
105 77 59 2.1553 0
63 83 64 0.7255 0
60 54 61 0.9331 0
102 74 69 2.0633 0
52 42 64 0.5292 0
93 70 69 2.0633 0
72 68 57 1.009 0
102 69 68 2.0168 0
22 45 63 1.9325 0
77 85 70 0.5292 0
116 67 72 0.5 0
60 49 57 0.9105 0
85 76 66 1.5586 0
59 62 67 1.612 0
59 60 63 1.612 0
59 57 59 1.612 0
66 84 69 1.5371 0
81 84 63 1.5371 0
57 43 59 1.387 0
73 68 68 0.973 0
61 51 67 0.7903 0
106 84 69 1.5371 0
21 43 69 1.5371 0
78 68 63 0.8436 0
99 87 72 0.5 0
66 84 63 1.5371 0
66 84 58 1.5371 0
43 52 56 0.5476 0
61 43 58 1.5371 0
39 43 58 1.5371 0
74 43 58 1.5371 0
69 43 63 1.5371 0
21 43 59 1.5371 0
116 87 64 0.5 0
60 56 65 1.2981 0
77 84 56 0.5476 0
44 51 70 0.8035 0
75 85 64 0.5292 0
62 71 64 0.5 0
47 43 63 1.4153 0
116 73 71 0.5 0
71 84 63 1.3451 0
44 55 58 1.2479 0
66 69 65 1.1986 0
68 69 58 1.1986 0
70 69 65 1.1986 0
106 84 60 1.3785 0
44 63 69 1.0848 0
114 71 66 0.917 0
79 68 70 1.009 0
44 60 63 1.2479 0
103 70 57 1.0554 0
60 52 72 0.5 0
114 84 64 0.917 0
44 60 67 1.2479 0
44 58 60 1.2479 0
44 57 65 1.2479 0
81 69 63 1.2499 0
66 69 61 1.1986 0
70 69 61 1.1986 0
113 77 57 1.0554 0
44 49 63 0.9596 0
70 69 69 1.1986 0
101 87 65 0.5 0
32 45 64 1.0699 0
51 44 69 0.5 0
104 69 60 1.2023 0
40 45 70 1.0554 0
51 42 60 0.5292 0
113 84 70 1.0554 0
0
