128
64 76 64 0.9199 0
31 17 65 0.5 0
98 18 62 0.5 0
98 111 65 0.5 0
30 110 63 0.5 0
32 55 64 0.934 0
96 55 65 0.9922 0
64 33 65 0.9922 0
66 108 64 1.5 0
32 83 64 0.934 0
92 83 72 0.5 0
73 54 65 0.9922 0
79 20 64 1.5 0
42 35 65 0.9922 0
47 98 65 0.9922 0
51 19 64 1.5 0
53 58 65 0.9922 0
94 36 65 0.9828 0
84 99 65 0.9922 0
82 70 65 0.9922 0
47 77 64 1.5 0
77 85 65 0.9922 0
98 71 65 0.5 0
35 98 75 0.5 0
78 40 65 0.849 0
55 44 65 0.9922 0
36 71 74 0.5 0
61 94 65 0.9922 0
43 50 64 1.5 0
98 96 64 0.5 0
37 26 75 0.5 0
65 18 65 0.9922 0
54 107 64 1.5 0
88 46 73 0.4081 0
89 26 74 0.2823 0
34 46 75 0.5 0
32 97 62 0.5 0
35 26 64 1.5859 0
42 64 65 0.9922 0
92 26 64 1.5859 0
32 43 64 0.934 0
62 51 71 0.9199 0
32 71 64 0.934 0
80 111 62 0.5 0
87 51 64 1.5465 0
39 108 64 1.5 0
93 98 75 0.5 0
92 77 64 1.6912 0
73 96 65 0.9922 0
70 26 64 1.5 0
91 105 64 1.5 0
40 82 75 0.5 0
53 31 65 0.9922 0
59 24 64 1.7683 0
42 88 65 0.9922 0
74 77 64 1.5 0
68 43 65 0.9922 0
90 90 65 0.9922 0
56 84 65 0.9922 0
56 68 65 0.9583 0
91 64 65 0.9922 0
45 26 64 1.5 0
72 65 64 0.5039 0
82 31 65 0.9922 0
88 71 74 0.5 0
89 56 75 0.5 0
81 60 65 0.9922 0
62 102 72 0.9633 0
64 59 65 0.9583 0
40 19 64 1.5 0
39 56 74 0.0725 0
39 77 64 1.6912 0
95 46 64 0.934 0
83 77 64 1.5 0
78 105 64 1.5 0
55 51 64 1.5 0
55 77 64 1.5 0
63 27 74 0.5 0
87 20 64 1.5 0
87 41 65 0.9922 0
67 79 73 0.5 0
67 85 65 0.6877 0
32 63 64 0.934 0
35 102 64 1.5024 0
46 107 64 1.5 0
98 87 62 0.5 0
65 51 64 0.9199 0
50 90 65 0.8738 0
47 42 65 0.9922 0
59 103 64 1.7683 0
31 34 65 0.9922 0
78 48 65 0.9922 0
65 68 65 0.9583 0
35 91 65 0.9922 0
62 76 71 0.9199 0
67 102 68 1.0289 0
54 96 65 0.9922 0
49 66 65 0.9922 0
75 33 65 0.9922 0
80 93 65 0.9922 0
84 104 64 1.5 0
78 26 64 1.5 0
85 85 65 0.9922 0
46 58 65 0.9922 0
40 42 65 0.9922 0
65 24 64 1.7683 0
72 18 63 0.7846 0
39 57 65 0.9922 0
98 62 62 0.5 0
94 50 72 0.5 0
88 101 71 0.6827 0
34 78 74 0.5 0
41 95 65 0.9922 0
93 76 75 0.5 0
41 31 72 0.5 0
32 76 64 1.5 0
87 78 72 0.5 0
35 49 66 0.9657 0
40 101 71 0.4338 0
92 50 64 1.6912 0
94 30 72 0.5 0
92 96 65 0.5069 0
88 34 65 0.9922 0
44 70 65 0.9922 0
89 70 65 0.9922 0
89 58 65 0.9922 0
72 50 64 1.5 0
68 103 64 1.7683 0
0
