128
66 64 67 4.2567 0
63 52 16 5.3728 0
65 52 119 0.5 0
64 75 34 5.3728 0
65 52 95 2.568 0
64 52 38 5.3728 0
63 75 16 5.3728 0
64 75 50 5.3728 0
64 52 54 5.3728 0
65 52 79 3.7938 0
71 81 80 0.5 0
64 75 66 5.3728 0
64 52 66 5.3728 0
65 55 27 4.7055 0
66 64 17 4.2567 0
66 62 50 4.2567 0
66 68 58 4.2567 0
66 68 42 4.2567 0
66 68 26 4.2567 0
65 63 34 3.9224 0
64 52 108 0.9281 0
60 77 25 3.2488 0
67 59 60 3.2488 0
65 52 87 3.0323 0
63 56 46 2.4686 0
61 78 58 2.3492 0
61 78 42 2.3492 0
67 78 26 2.3492 0
60 49 30 2.3492 0
67 78 58 2.3492 0
67 78 42 2.3492 0
60 49 24 2.3492 0
59 72 59 2.2409 0
59 72 43 2.2409 0
62 49 46 2.3492 0
68 60 40 2.2409 0
68 53 46 2.2409 0
57 58 84 0.5 0
65 52 101 1.8703 0
68 69 12 1.999 0
68 59 12 1.999 0
57 58 75 0.5 0
63 60 42 1.9066 0
68 58 71 1.5686 0
71 70 74 0.5 0
58 54 77 1.2331 0
65 52 113 0.7414 0
68 48 22 1.3413 0
59 48 60 1.3413 0
71 80 74 0.5 0
63 59 71 1.5686 0
68 70 71 1.5686 0
59 55 72 1.4405 0
58 47 74 0.5 0
71 47 10 0.5 0
58 70 74 0.5 0
71 47 30 0.5 0
57 78 74 0.5 0
57 58 60 0.5 0
69 61 24 1.2331 0
68 48 60 1.3413 0
68 48 48 1.3413 0
58 71 25 1.2331 0
65 48 31 1.3413 0
68 79 21 1.3413 0
59 48 71 1.3413 0
59 79 71 1.3413 0
71 79 10 0.5 0
57 57 32 0.7252 0
58 54 46 1.2331 0
68 48 44 1.3413 0
69 71 20 1.2331 0
58 52 60 1.2331 0
59 71 71 1.238 0
59 71 29 1.238 0
69 79 71 1.2331 0
58 48 43 1.2331 0
58 79 38 1.2331 0
69 62 28 1.2331 0
57 52 83 0.5 0
70 47 73 0.5 0
63 59 11 0.9911 0
59 56 23 1.238 0
65 48 26 1.3413 0
69 49 28 1.2331 0
62 62 23 0.8988 0
61 56 60 1.2814 0
59 56 49 1.238 0
59 56 43 1.238 0
69 74 60 1.2331 0
69 74 56 1.2331 0
69 74 44 1.2331 0
69 74 40 1.2331 0
69 74 28 1.2331 0
69 51 32 1.2331 0
69 58 34 1.2331 0
69 58 67 1.2331 0
58 75 55 1.2331 0
58 75 71 1.2331 0
69 52 21 1.2331 0
69 78 12 1.2331 0
58 75 39 1.2331 0
58 79 63 1.2331 0
58 79 53 1.2331 0
58 79 47 1.2331 0
69 69 50 1.2331 0
69 69 34 1.2331 0
69 52 60 1.2331 0
58 48 51 1.2331 0
58 48 35 1.2331 0
69 49 12 1.2331 0
58 79 31 1.2331 0
58 71 53 1.2331 0
58 71 37 1.2331 0
61 71 23 1.2814 0
58 55 62 1.2331 0
58 55 58 1.2331 0
58 52 49 1.2331 0
58 52 43 1.2331 0
58 55 28 1.2331 0
61 67 10 0.5 0
67 54 73 1.161 0
62 62 57 0.8988 0
69 62 44 1.2331 0
69 58 44 1.2331 0
58 76 45 1.2331 0
58 76 61 1.2331 0
69 49 71 1.2331 0
0
