128
68 62 66 8.153 0
67 62 18 8.3544 0
72 62 121 0.5 0
70 62 96 5.8514 0
54 62 45 4.8292 0
68 62 48 8.3544 0
56 64 33 6.3387 0
55 64 57 6.3387 0
70 59 33 5.9773 0
70 62 81 5.8514 0
53 65 20 5.0566 0
72 62 108 4.6463 0
55 61 68 3.8214 0
74 67 38 2.8138 0
74 56 57 2.8138 0
56 60 13 2.8135 0
74 67 29 2.8138 0
48 71 73 0.5 0
51 68 69 2.3072 0
63 58 117 0.5 0
62 57 38 2.4611 0
62 57 28 2.4611 0
56 67 12 2.3975 0
62 57 57 2.4611 0
78 71 9 0.5 0
73 68 57 2.3072 0
63 68 39 2.3072 0
56 68 66 2.3072 0
68 68 35 2.3072 0
68 68 28 2.3072 0
65 64 104 2.1332 0
50 68 40 2.033 0
63 66 115 0.6175 0
78 53 11 0.5 0
50 61 12 2.033 0
65 59 88 1.9993 0
65 59 106 1.9993 0
50 68 50 2.033 0
50 68 13 2.033 0
65 64 111 1.9481 0
74 55 24 1.9458 0
74 55 12 1.9458 0
50 60 27 2.033 0
50 68 27 2.033 0
68 55 57 1.9458 0
75 68 12 1.8059 0
74 55 40 1.9458 0
57 59 25 1.8056 0
75 62 57 1.8059 0
65 59 111 1.8056 0
75 62 26 1.8059 0
50 59 51 1.8056 0
50 59 38 1.8056 0
50 59 63 1.8056 0
75 59 74 1.8059 0
75 68 23 1.8059 0
75 61 89 1.8059 0
76 67 117 0.5 0
64 69 57 1.2993 0
66 66 89 1.5772 0
78 71 71 0.5 0
77 57 116 0.5 0
60 59 77 0.8398 0
60 65 77 0.8248 0
78 53 70 0.5 0
61 60 74 1.6016 0
60 68 70 1.5546 0
69 57 103 1.4585 0
60 54 10 0.8817 0
56 69 41 1.2993 0
61 55 43 1.439 0
61 56 33 1.439 0
78 53 18 0.5 0
70 61 117 0.9543 0
63 69 27 1.2993 0
78 71 64 0.5 0
73 57 102 1.4585 0
73 57 90 1.4585 0
61 68 11 1.3896 0
63 63 76 1.4481 0
61 55 62 1.439 0
61 55 70 1.439 0
64 69 32 1.2993 0
51 69 64 1.2993 0
69 57 88 1.4585 0
78 71 52 0.5 0
78 67 75 0.5 0
75 69 43 1.2993 0
75 60 11 1.3896 0
52 64 76 0.5 0
48 57 72 0.5 0
76 68 88 0.5 0
78 53 49 0.5 0
75 69 70 1.2993 0
75 69 62 1.2993 0
52 69 46 1.2993 0
68 69 58 1.2993 0
75 65 75 1.2773 0
75 65 102 1.2773 0
60 69 46 1.2993 0
59 69 16 1.2993 0
56 69 45 1.2993 0
61 55 12 1.439 0
62 69 61 1.2993 0
71 69 11 1.2993 0
69 69 40 1.2993 0
75 69 52 1.2993 0
56 69 50 1.2993 0
60 69 52 1.2993 0
55 69 26 1.2993 0
75 69 19 1.2993 0
61 69 24 1.2993 0
75 65 88 1.2773 0
49 59 70 1.0251 0
78 53 29 0.5 0
78 54 65 0.5 0
48 57 17 0.5 0
49 63 67 1.0251 0
74 57 86 1.1705 0
69 54 40 0.9379 0
49 69 35 1.0251 0
66 54 27 0.9379 0
61 54 24 0.9379 0
60 54 52 0.9312 0
65 58 76 1.117 0
49 59 16 1.0251 0
64 60 102 1.1254 0
49 66 65 1.0251 0
0
