128
75 59 67 5.218 0
35 87 20 0.5 0
47 52 31 10.5844 0
77 60 120 0.5 0
44 72 63 8.4122 0
82 50 30 9.4201 0
47 52 57 10.5844 0
76 59 97 4.0616 0
82 50 56 9.4201 0
45 68 44 8.9029 0
44 74 28 7.1316 0
76 58 43 5.6154 0
67 69 21 0.7722 0
43 78 87 0.5 0
54 45 44 4.523 0
48 60 71 4.5527 0
40 45 44 4.3807 0
76 59 87 4.0616 0
36 88 50 0.5 0
73 61 53 4.061 0
73 61 33 4.061 0
77 46 43 3.9763 0
85 53 70 3.8679 0
87 54 43 3.8054 0
77 59 78 3.8218 0
74 61 24 3.752 0
40 80 39 3.5656 0
40 80 53 3.5656 0
51 65 24 3.6957 0
56 44 67 3.5152 0
87 44 44 3.5152 0
53 57 44 3.5546 0
39 64 24 3.3728 0
76 59 113 2.1267 0
39 60 67 3.3728 0
39 44 67 3.3728 0
88 44 67 3.3728 0
39 56 45 3.3728 0
43 76 81 2.388 0
61 40 20 0.5 0
66 71 62 0.5 0
35 86 72 0.5 0
80 44 68 3.1361 0
42 54 73 2.9937 0
63 60 62 1.1304 0
66 70 45 0.5 0
63 60 22 1.1304 0
75 49 68 2.8263 0
63 60 48 1.1304 0
56 44 23 2.7441 0
71 64 60 2.7451 0
52 66 32 2.4861 0
36 40 20 0.5 0
63 60 37 1.1304 0
38 82 68 2.365 0
39 43 23 2.5073 0
57 43 52 2.5073 0
57 43 36 2.5073 0
38 82 23 2.365 0
52 66 56 2.486 0
76 59 107 2.4294 0
43 76 75 2.5261 0
47 43 68 2.5073 0
67 69 70 0.7722 0
38 80 46 2.365 0
38 82 32 2.365 0
50 75 53 2.3993 0
53 62 65 2.4155 0
54 51 75 0.675 0
38 53 68 2.365 0
38 66 54 2.365 0
38 66 34 2.365 0
38 82 61 2.365 0
63 60 29 1.1304 0
63 60 55 1.1304 0
70 65 42 2.2036 0
52 52 70 2.3005 0
41 63 73 2.1239 0
58 43 60 1.835 0
49 77 37 2.1538 0
66 70 35 0.5 0
67 69 28 0.7722 0
58 43 30 1.835 0
72 57 59 2.0288 0
42 68 74 1.9858 0
48 67 74 1.9858 0
48 53 74 1.9858 0
47 72 74 1.9858 0
93 42 21 0.5 0
82 59 72 1.8182 0
73 54 22 1.7363 0
67 69 51 0.7722 0
44 80 45 1.74 0
71 65 47 1.8619 0
93 56 20 0.5 0
69 66 26 1.4962 0
38 58 22 1.7363 0
55 56 67 1.8188 0
69 66 69 1.4962 0
77 62 59 1.5972 0
45 63 22 1.7363 0
78 54 73 1.6178 0
56 52 41 1.7483 0
56 52 47 1.7483 0
46 79 51 1.7258 0
54 59 22 1.7363 0
80 59 22 1.7363 0
76 43 22 1.7363 0
88 43 22 1.7363 0
53 66 69 1.5042 0
54 61 39 1.6615 0
84 58 65 1.7299 0
37 73 36 1.3571 0
36 41 53 0.8492 0
36 41 35 0.8492 0
54 61 50 1.6615 0
73 52 48 1.6764 0
73 52 38 1.6764 0
47 42 44 1.4994 0
72 66 75 0.9214 0
49 42 22 1.4994 0
93 40 52 0.5 0
92 40 37 0.5 0
38 42 57 1.4994 0
39 42 35 1.4994 0
88 56 65 1.5535 0
88 42 37 1.4994 0
89 42 50 1.4994 0
0
