128
62 61 59 8.9641 0
64 73 121 0.5 0
62 61 18 8.9641 0
62 61 91 8.9641 0
62 61 39 8.9641 0
62 63 108 6.7998 0
57 60 75 6.5363 0
68 66 73 4.63 0
66 54 71 3.6515 0
66 54 102 3.6515 0
66 54 80 3.6515 0
53 61 101 3.3189 0
53 61 49 3.3189 0
53 61 28 3.3189 0
65 69 81 3.1195 0
65 69 49 3.1195 0
65 69 28 3.1195 0
65 53 49 3.098 0
65 53 28 3.098 0
66 53 110 3.098 0
69 68 100 2.9271 0
53 66 83 2.9066 0
53 66 67 2.9066 0
69 61 80 2.9078 0
57 55 101 2.7119 0
57 55 49 2.7119 0
57 55 28 2.7119 0
64 70 116 2.3785 0
50 70 115 0.5 0
52 61 111 2.4552 0
70 64 49 2.3453 0
70 65 30 2.4903 0
72 72 9 0.5 0
55 66 121 0.5 0
60 68 70 2.2495 0
70 69 65 1.9984 0
50 69 9 0.383 0
58 66 117 2.1296 0
48 61 9 0.5 0
53 67 111 2.0791 0
53 67 105 2.0791 0
55 56 110 2.1641 0
53 67 33 2.0791 0
53 67 12 2.0791 0
53 67 98 2.0791 0
53 67 52 2.0791 0
53 67 46 2.0791 0
53 67 25 2.0791 0
73 72 109 0.5 0
67 60 121 0.5 0
70 62 102 2.0554 0
67 52 11 1.9369 0
70 69 24 1.9984 0
52 60 84 2.0039 0
52 60 66 2.0039 0
61 69 76 1.9864 0
70 69 107 1.9984 0
63 70 101 2.0326 0
52 61 11 1.9369 0
73 72 43 0.5 0
70 69 14 1.9984 0
70 69 87 1.9984 0
70 69 55 1.9984 0
70 69 43 1.9984 0
70 69 35 1.9984 0
60 54 112 1.8573 0
71 67 82 1.7828 0
68 52 65 1.8991 0
58 67 49 1.6962 0
58 67 29 1.6962 0
68 52 86 1.8991 0
68 52 34 1.8991 0
68 52 96 1.8991 0
70 60 68 1.7655 0
66 70 11 1.7026 0
70 60 28 1.7655 0
65 61 117 1.7474 0
58 53 83 1.6599 0
58 53 107 1.6599 0
65 71 68 1.6478 0
51 61 34 1.6637 0
73 66 114 0.5 0
51 61 22 1.6637 0
51 61 95 1.6637 0
51 61 55 1.6637 0
51 61 43 1.6637 0
58 53 69 1.6599 0
70 59 50 1.6205 0
59 68 82 1.584 0
70 59 74 1.6205 0
69 51 22 1.0256 0
73 59 113 0.5 0
69 56 31 1.5372 0
71 50 55 0.5 0
71 50 43 0.5 0
54 56 11 1.5078 0
70 58 105 1.4756 0
50 70 74 0.5 0
70 58 99 1.4756 0
71 65 110 1.4929 0
54 56 83 1.5078 0
54 56 67 1.5078 0
71 65 12 1.4929 0
68 74 93 0.5 0
71 69 48 1.3192 0
66 71 96 1.2877 0
70 58 109 1.4756 0
69 51 16 1.0256 0
71 64 25 1.3479 0
51 67 60 0.8909 0
57 67 101 1.3441 0
71 70 92 1.0697 0
71 68 60 1.4112 0
71 68 19 1.4112 0
71 68 95 1.4112 0
50 70 19 0.5 0
50 70 92 0.5 0
52 68 38 1.0712 0
66 71 105 1.2877 0
71 64 106 1.3479 0
52 68 20 1.0712 0
52 68 93 1.0712 0
66 71 63 1.2877 0
72 72 114 0.5 0
67 51 55 1.0822 0
58 51 9 0.5 0
71 64 67 1.3479 0
70 57 84 1.3306 0
0
