128
63 63 61 10.5821 0
63 63 21 12.2366 0
64 64 118 2.0282 0
63 63 93 10.5821 0
67 64 42 7.7579 0
69 65 77 5.595 0
57 63 77 4.8838 0
64 64 109 4.3143 0
64 55 77 3.1368 0
56 61 47 3.5633 0
61 71 80 3.4578 0
57 59 107 3.382 0
56 62 37 3.3826 0
56 67 107 3.3379 0
67 56 107 3.2367 0
67 71 105 3.22 0
72 64 106 3.0167 0
57 69 49 2.9782 0
60 56 36 2.826 0
60 71 35 2.6857 0
57 70 42 2.7906 0
65 55 49 2.7649 0
60 55 44 2.7625 0
60 72 72 2.6747 0
70 57 72 2.6947 0
70 57 82 2.6947 0
60 72 104 2.6747 0
65 72 50 2.5882 0
63 78 113 0.5 0
74 74 113 0.5 0
67 73 72 1.8678 0
68 56 34 2.1389 0
66 72 34 2.0441 0
73 74 8 0.5 0
77 67 8 0.5 0
67 73 84 1.8678 0
71 56 49 1.9335 0
73 67 51 1.8528 0
58 56 81 1.9444 0
58 56 73 1.9444 0
59 55 50 1.8708 0
60 71 110 1.9875 0
55 68 83 1.9347 0
55 68 71 1.9347 0
71 56 102 1.9335 0
61 55 110 1.9875 0
73 69 11 1.9066 0
73 60 52 1.8658 0
69 73 11 1.8897 0
60 54 104 1.8478 0
71 71 110 1.8426 0
71 71 53 1.8426 0
71 71 70 1.8426 0
64 78 40 0.5 0
74 68 86 1.6328 0
59 77 9 0.5 0
67 73 79 1.8678 0
65 54 83 1.7977 0
65 54 71 1.7977 0
68 53 43 1.6408 0
53 68 38 1.6713 0
60 74 11 1.8062 0
74 60 11 1.8045 0
65 54 38 1.7977 0
53 68 101 1.6717 0
59 74 86 1.7047 0
72 60 33 1.7005 0
60 73 52 1.7707 0
60 73 46 1.7707 0
72 59 109 1.7826 0
72 67 33 1.6996 0
74 68 102 1.636 0
53 63 103 1.5945 0
73 62 84 1.6555 0
73 62 70 1.6555 0
55 70 10 1.5729 0
70 55 10 1.5729 0
59 53 85 1.6851 0
59 53 69 1.6851 0
55 67 33 1.7148 0
53 59 53 1.6463 0
53 59 69 1.6463 0
53 59 101 1.6463 0
74 68 68 1.6328 0
53 68 53 1.6717 0
68 74 67 1.5837 0
53 63 84 1.5945 0
53 66 10 1.5729 0
68 74 55 1.5837 0
64 53 102 1.6209 0
58 54 10 1.5729 0
68 74 46 1.5837 0
53 59 82 1.6463 0
74 59 104 1.6122 0
62 73 40 1.6095 0
65 53 10 1.5729 0
53 61 10 1.5729 0
68 74 39 1.5822 0
68 74 100 1.5837 0
64 74 44 1.5014 0
63 75 68 1.315 0
55 57 10 1.5729 0
63 74 108 1.5624 0
54 65 42 1.4456 0
77 64 113 0.5 0
64 74 101 1.5014 0
55 55 41 1.2241 0
75 64 100 1.2843 0
53 64 70 1.4237 0
63 75 55 1.315 0
55 72 100 1.2507 0
55 72 67 1.2507 0
75 63 49 1.2615 0
53 64 52 1.4237 0
55 72 37 1.2511 0
54 72 76 0.8648 0
64 54 33 1.3907 0
63 75 84 1.315 0
63 75 76 1.315 0
55 55 68 1.2224 0
77 69 57 0.5 0
75 64 12 1.3609 0
69 77 113 0.5 0
63 52 54 1.3498 0
64 75 10 1.3579 0
63 52 107 1.3498 0
74 74 63 0.5 0
55 72 110 1.2511 0
0
