128
64 91 64 1.5501 0
16 37 64 1.7235 0
111 37 65 1.7434 0
15 86 65 1.4503 0
115 88 65 0.5 0
65 36 64 1.5501 0
89 66 68 0.5 0
42 63 67 0.2276 0
90 91 65 1.5501 0
112 63 65 1.4503 0
15 62 65 1.4503 0
38 91 64 1.5501 0
41 36 60 0.999 0
66 65 67 0.5 0
86 36 64 1.5501 0
30 51 68 0.5 0
97 50 68 0.5 0
54 51 67 0.2276 0
29 73 68 0.5 0
51 79 68 0.5 0
77 52 67 0.2276 0
77 78 67 0.2276 0
101 77 67 0.2276 0
29 36 64 1.5501 0
112 76 65 1.4503 0
51 91 61 1.1964 0
26 91 65 1.5501 0
53 36 65 1.5501 0
102 91 64 1.5501 0
98 36 65 1.5501 0
78 91 64 1.5501 0
16 74 61 1.1213 0
112 51 65 1.4503 0
15 49 64 1.4503 0
42 46 68 0.5 0
54 67 67 0.5 0
65 77 67 0.5 0
66 51 68 0.5 0
99 61 68 0.5 0
41 74 68 0.5 0
77 63 67 0.5 0
89 78 67 0.2276 0
30 62 67 0.5 0
87 54 67 0.5 0
77 42 68 0.5 0
73 36 64 1.5501 0
34 81 67 0.5 0
45 36 65 1.5501 0
59 44 68 0.5 0
59 58 67 0.5 0
24 81 67 0.5 0
46 54 67 0.5 0
104 45 67 0.5 0
103 69 67 0.5 0
112 83 65 1.4503 0
81 71 68 0.5 0
15 56 61 1.3118 0
87 45 68 0.5 0
21 69 68 0.5 0
112 44 65 1.4503 0
71 84 67 0.2276 0
58 83 67 0.5 0
37 56 67 0.2276 0
23 56 67 0.2276 0
44 83 68 0.5 0
24 45 67 0.2276 0
111 90 65 1.7434 0
72 71 67 0.2276 0
94 72 67 0.5 0
32 90 60 1.0099 0
56 91 64 1.5501 0
33 44 67 0.5 0
44 91 65 1.5501 0
69 58 67 0.5 0
69 44 68 0.5 0
38 36 64 1.5501 0
106 57 66 0.7354 0
72 91 64 1.5501 0
96 83 67 0.2276 0
83 83 67 0.2276 0
15 78 65 1.4503 0
50 45 67 0.5 0
112 70 65 1.4503 0
112 57 65 1.4503 0
36 68 67 0.2276 0
61 71 68 0.5 0
51 59 68 0.5 0
104 83 68 0.5 0
17 94 63 0.5 0
15 68 60 0.8908 0
48 72 67 0.2276 0
84 60 68 0.5 0
94 43 67 0.5 0
50 86 68 0.5 0
21 91 64 1.5501 0
78 36 64 1.5501 0
92 59 67 0.2276 0
58 38 59 0.502 0
56 75 67 0.5 0
21 36 64 1.5501 0
106 36 65 1.5501 0
15 44 64 1.4503 0
65 84 68 0.5 0
83 77 67 0.5 0
16 90 64 1.7235 0
48 36 60 0.9525 0
16 71 66 0.7355 0
89 84 68 0.5 0
88 72 68 0.5 0
60 50 68 0.5 0
103 51 68 0.5 0
81 48 67 0.5 0
23 63 67 0.2276 0
59 64 67 0.5 0
27 67 67 0.5 0
29 84 67 0.5 0
14 55 68 0.5 0
48 65 67 0.2276 0
107 80 66 0.6525 0
107 73 66 0.6525 0
107 66 66 0.6525 0
37 50 67 0.2276 0
69 36 65 1.5501 0
68 91 65 1.5501 0
34 91 63 1.5501 0
34 36 63 1.5501 0
61 36 65 1.5501 0
60 91 65 1.5501 0
0
