128
63 63 63 56.1565 0
101 106 80 0.5 0
83 97 108 0.5 0
112 84 90 0.5 0
72 96 112 0.5 0
93 101 98 0.5 0
106 102 77 0.5 0
92 105 94 0.5 0
79 107 100 0.5 0
100 98 94 0.5 0
107 86 96 0.5 0
78 115 88 0.5 0
114 81 88 0.5 0
89 95 106 0.5 0
91 82 112 0.5 0
82 112 91 0.5 0
97 99 96 0.5 0
79 91 113 0.5 0
83 109 95 0.5 0
80 118 78 0.5 0
102 106 76 0.5 0
60 106 104 0.5 0
106 94 90 0.5 0
111 66 98 0.5 0
107 63 103 0.5 0
104 106 61 0.5 0
104 85 100 0.5 0
97 76 110 0.5 0
77 86 116 0.5 0
100 105 83 0.5 0
109 92 87 0.5 0
108 101 71 0.5 0
83 81 116 0.5 0
81 101 105 0.5 0
75 82 118 0.5 0
81 93 111 0.5 0
84 85 114 0.5 0
81 104 102 0.5 0
78 112 93 0.5 0
105 72 104 0.5 0
57 112 96 0.5 0
119 73 80 0.5 0
95 64 113 0.5 0
83 88 113 0.5 0
111 95 77 0.5 0
94 107 88 0.5 0
103 102 83 0.5 0
59 110 99 0.5 0
117 87 68 0.5 0
100 108 74 0.5 0
114 88 80 0.5 0
87 110 90 0.5 0
99 110 66 0.5 0
99 110 60 0.5 0
87 90 110 0.5 0
74 120 75 0.5 0
74 79 119 0.5 0
104 89 97 0.5 0
103 106 71 0.5 0
79 119 74 0.5 0
83 77 117 0.5 0
109 73 99 0.5 0
113 92 76 0.5 0
96 102 93 0.5 0
92 113 76 0.5 0
76 109 98 0.5 0
109 100 58 0.5 0
85 63 118 0.5 0
96 107 85 0.5 0
65 79 120 0.5 0
71 117 86 0.5 0
71 121 72 0.5 0
119 81 56 0.5 0
85 118 63 0.5 0
93 110 83 0.5 0
110 83 93 0.5 0
91 78 113 0.5 0
121 75 63 0.5 0
116 86 76 0.5 0
100 80 106 0.5 0
112 95 72 0.5 0
99 64 110 0.5 0
112 96 59 0.5 0
79 64 120 0.5 0
86 104 99 0.5 0
88 87 111 0.5 0
114 93 62 0.5 0
114 62 93 0.5 0
100 67 109 0.5 0
67 121 74 0.5 0
109 100 67 0.5 0
89 103 98 0.5 0
117 75 84 0.5 0
106 104 62 0.5 0
80 99 107 0.5 0
91 107 92 0.5 0
110 86 91 0.5 0
99 100 92 0.5 0
103 83 102 0.5 0
120 76 72 0.5 0
58 78 120 0.5 0
80 83 116 0.5 0
70 103 106 0.5 0
88 71 116 0.5 0
103 70 106 0.5 0
64 82 119 0.5 0
101 105 46 0.5 0
115 71 90 0.5 0
94 57 113 0.5 0
109 78 97 0.5 0
77 93 112 0.5 0
82 63 119 0.5 0
111 69 97 0.5 0
60 121 74 0.5 0
109 96 46 0.5 0
70 86 117 0.5 0
56 120 77 0.5 0
100 60 109 0.5 0
56 117 86 0.5 0
102 101 86 0.5 0
74 121 66 0.5 0
73 100 108 0.5 0
93 111 80 0.5 0
107 102 57 0.5 0
111 93 80 0.5 0
117 62 87 0.5 0
91 61 115 0.5 0
97 83 107 0.5 0
0
