128
62 72 63 1.8462 0
120 52 66 0.5 0
8 52 61 0.5 0
97 72 64 1.8462 0
31 72 63 1.8462 0
79 52 67 0.5 0
46 55 63 1.839 0
116 71 63 2.3305 0
8 76 67 0.5 0
23 56 63 2.3305 0
104 55 63 1.839 0
62 55 63 1.839 0
46 72 64 1.8462 0
82 72 63 1.8462 0
12 62 64 2.3305 0
92 55 63 1.839 0
15 72 64 2.3305 0
36 55 64 1.839 0
72 72 63 1.8462 0
72 55 63 1.839 0
115 59 61 0.8148 0
22 70 64 2.3305 0
82 59 61 0.7158 0
12 55 63 2.3305 0
20 62 64 2.3305 0
106 68 61 0.8148 0
116 63 63 2.3305 0
116 55 63 2.3305 0
106 76 67 0.5 0
110 72 63 2.3305 0
110 55 63 2.3305 0
16 66 63 2.3305 0
82 55 63 1.839 0
52 72 63 1.8462 0
52 55 63 1.839 0
104 72 63 1.8462 0
90 68 61 0.7229 0
39 68 61 0.7229 0
38 76 67 0.5 0
92 72 63 1.8462 0
87 72 64 1.8462 0
36 72 64 1.8462 0
77 72 64 1.8462 0
57 72 64 1.8462 0
31 55 63 1.839 0
57 55 64 1.839 0
41 72 64 1.8462 0
67 72 63 1.8462 0
97 55 63 1.839 0
87 55 63 1.839 0
41 55 64 1.839 0
77 55 63 1.839 0
67 55 63 1.839 0
18 54 64 1.8181 0
11 68 64 1.3647 0
112 67 64 1.3283 0
8 74 61 0.5 0
112 60 64 1.3248 0
27 73 65 1.3227 0
27 54 65 1.3227 0
17 58 65 1.3227 0
15 59 62 1.3227 0
25 65 61 0.8148 0
119 76 67 0.5 0
120 67 67 0.5 0
21 76 67 0.5 0
100 68 61 0.7229 0
26 61 61 0.7814 0
59 60 61 0.5 0
38 60 61 0.5 0
100 60 61 0.5 0
118 67 65 0.831 0
19 74 62 0.8102 0
28 68 61 0.8148 0
9 72 66 0.8148 0
50 76 67 0.5 0
65 76 67 0.5 0
120 76 62 0.5 0
26 71 62 0.9178 0
120 58 67 0.5 0
8 58 67 0.5 0
108 60 61 0.8148 0
102 76 67 0.5 0
101 58 67 0.5 0
101 52 67 0.5 0
110 64 61 0.8148 0
44 68 61 0.7229 0
85 68 61 0.7229 0
79 68 61 0.7229 0
49 68 61 0.7229 0
75 68 61 0.7229 0
34 68 61 0.7229 0
95 68 61 0.7229 0
55 68 61 0.7229 0
59 68 61 0.7229 0
33 76 67 0.5 0
43 59 61 0.7158 0
49 59 61 0.7158 0
34 59 61 0.7158 0
55 59 61 0.7158 0
118 59 64 0.831 0
74 60 61 0.5 0
69 60 61 0.5 0
90 60 61 0.5 0
95 60 61 0.5 0
49 53 65 0.8102 0
61 76 67 0.5 0
91 76 67 0.5 0
71 76 67 0.5 0
24 76 62 0.5 0
25 74 62 0.8102 0
114 76 66 0.5 0
118 67 62 0.831 0
82 76 67 0.5 0
9 71 61 0.8148 0
22 74 62 0.8102 0
11 74 64 0.8102 0
25 60 67 0.5 0
8 53 67 0.5 0
29 59 61 0.7936 0
86 60 61 0.5 0
65 60 62 0.5 0
101 71 65 0.8383 0
49 56 65 0.8312 0
101 56 65 0.8312 0
74 52 67 0.5 0
95 58 67 0.5 0
79 58 67 0.5 0
0
