128
65 66 54 10.0475 0
61 7 65 0.5 0
66 121 65 0.5 0
65 35 54 10.0475 0
65 91 54 10.0474 0
50 51 54 10.0334 0
48 77 55 8.8094 0
58 110 63 4.6742 0
83 14 69 0.5 0
48 93 58 6.1019 0
70 51 59 5.513 0
62 20 61 5.2817 0
79 111 65 0.5 0
41 64 60 4.5324 0
42 64 49 4.8353 0
73 22 61 4.6212 0
50 36 60 3.9466 0
69 52 48 4.004 0
51 37 48 3.9872 0
51 89 48 3.9871 0
72 104 57 3.7735 0
54 28 61 3.5123 0
60 79 61 3.5067 0
70 79 61 3.4974 0
50 65 61 3.517 0
68 111 61 2.8998 0
71 79 49 3.2529 0
56 24 53 3.1284 0
53 97 49 3.0208 0
49 103 61 2.9627 0
54 29 47 2.9821 0
62 79 47 2.9895 0
64 105 51 2.9106 0
62 48 47 2.9896 0
53 68 47 2.9811 0
70 12 63 1.5981 0
44 86 47 2.6788 0
54 86 62 2.5045 0
74 43 61 2.63 0
52 30 54 2.5138 0
38 57 57 2.6071 0
74 98 62 2.4858 0
74 59 62 2.4857 0
74 73 62 2.4858 0
60 46 62 2.4988 0
60 56 62 2.4988 0
75 30 62 2.4581 0
80 13 63 0.8244 0
74 109 62 2.3509 0
39 56 48 2.3367 0
60 12 66 1.8379 0
39 53 62 2.0601 0
74 25 53 2.1265 0
72 45 48 2.0006 0
50 62 46 1.9704 0
57 83 46 1.977 0
60 101 47 2.0806 0
67 22 54 2.0938 0
45 41 62 1.9245 0
78 88 65 0.5 0
58 43 46 1.978 0
58 58 46 1.9779 0
58 74 46 1.9779 0
40 86 66 0.5 0
45 93 48 1.9779 0
42 85 62 1.8911 0
58 102 52 2.0161 0
42 72 46 1.9629 0
55 62 46 1.9751 0
63 55 46 1.9826 0
75 88 62 1.9276 0
75 83 62 1.9182 0
50 109 63 1.7033 0
69 16 65 1.8648 0
74 82 57 1.9007 0
74 76 57 1.8894 0
65 102 46 1.8345 0
68 101 62 1.7801 0
73 118 65 0.5 0
73 56 52 1.8362 0
75 37 62 1.8316 0
79 16 65 1.8258 0
47 38 54 1.71 0
61 11 61 1.5199 0
39 71 63 1.5107 0
69 16 59 1.7467 0
72 101 50 1.7583 0
37 58 63 1.5125 0
52 106 66 1.6282 0
56 73 63 1.4947 0
43 88 52 1.6623 0
64 115 63 1.4895 0
41 48 63 1.5087 0
77 66 64 0.8121 0
72 74 46 1.6538 0
61 21 53 1.6173 0
67 26 64 1.4239 0
72 59 46 1.6256 0
46 41 46 1.5632 0
56 64 63 1.4947 0
42 81 46 1.5426 0
78 16 60 1.2679 0
50 100 53 1.5238 0
70 106 63 1.4818 0
54 22 64 1.2557 0
50 42 63 1.5003 0
59 51 63 1.4919 0
72 98 46 1.4955 0
56 35 63 1.4946 0
65 57 63 1.4862 0
65 44 63 1.4862 0
53 70 63 1.4975 0
53 60 63 1.4975 0
74 66 63 1.4779 0
65 82 63 1.4864 0
54 43 63 1.4965 0
55 39 63 1.4956 0
74 45 55 1.4298 0
63 52 63 1.4881 0
69 58 63 1.4825 0
47 86 63 1.5059 0
74 93 63 1.4779 0
40 76 63 1.5097 0
44 70 63 1.506 0
45 59 63 1.505 0
39 69 55 1.3625 0
41 57 63 1.5088 0
74 104 63 1.4779 0
0
