128
57 62 68 10.33 0
115 73 39 0.5 0
114 73 91 0.5 0
92 15 74 0.5 0
15 72 37 0.7535 0
15 73 92 0.5 0
96 70 62 2.3118 0
78 72 33 0.5738 0
15 71 65 1.304 0
84 73 95 0.5 0
44 72 33 0.5738 0
76 31 61 1.184 0
83 67 76 3.8385 0
81 67 54 4.8254 0
32 70 48 2.3118 0
31 70 79 2.3118 0
61 70 40 1.545 0
74 18 76 1.3126 0
72 41 75 2.0543 0
47 73 95 0.5 0
96 71 36 1.1164 0
88 66 66 6.3208 0
116 73 71 0.5 0
48 69 48 3.2386 0
65 71 92 1.1164 0
72 66 77 5.6127 0
67 66 54 5.4077 0
40 67 67 5.3355 0
65 47 71 5.3802 0
112 71 54 1.1164 0
86 45 66 1.3479 0
98 71 90 1.1164 0
88 29 71 1.1491 0
82 14 63 0.9417 0
46 67 57 4.8239 0
15 71 50 1.1164 0
56 67 52 4.5529 0
46 68 78 4.3276 0
104 72 77 0.7961 0
36 71 92 1.1164 0
76 50 58 0.9037 0
28 72 33 0.5738 0
13 72 79 0.7961 0
98 71 48 1.1164 0
70 30 69 1.7562 0
25 70 55 2.3118 0
25 71 91 1.1164 0
67 55 59 3.6373 0
54 71 89 1.304 0
24 70 71 1.8496 0
68 37 71 3.5308 0
81 50 74 1.2493 0
74 69 47 3.3197 0
32 69 61 3.3197 0
70 56 74 3.1585 0
54 69 82 3.3197 0
62 67 81 3.4055 0
73 40 60 1.4371 0
91 69 56 3.3197 0
80 32 77 0.9324 0
113 71 81 0.7585 0
85 53 62 1.7214 0
31 69 70 3.3197 0
37 69 76 3.3197 0
38 69 53 3.3197 0
94 71 80 1.1164 0
85 71 42 1.1164 0
69 69 63 3.1876 0
108 72 65 0.7961 0
85 21 78 0.7911 0
83 23 62 1.0375 0
76 71 89 1.1164 0
75 26 77 1.6918 0
53 71 35 1.1164 0
105 71 36 1.1164 0
84 59 59 2.8495 0
65 69 45 2.8812 0
86 36 64 1.0774 0
68 46 62 2.9201 0
74 59 55 2.6776 0
80 60 74 2.9086 0
86 56 67 2.9128 0
88 71 86 1.1164 0
42 71 40 1.304 0
74 21 65 0.9313 0
71 71 35 1.1164 0
62 50 62 2.7561 0
89 20 68 0.7248 0
102 71 70 1.1164 0
83 40 74 0.5477 0
73 33 76 2.3068 0
112 71 46 1.1164 0
74 12 68 0.6774 0
76 69 61 2.4929 0
32 71 39 1.1164 0
44 71 88 1.2845 0
21 72 82 0.7787 0
110 71 74 1.1164 0
52 70 42 2.3118 0
108 71 90 1.1164 0
23 72 40 0.7961 0
68 69 85 2.34 0
82 70 46 2.3118 0
105 71 50 1.1164 0
31 70 54 2.3118 0
58 69 44 2.4188 0
41 70 84 2.3118 0
91 69 75 2.3562 0
79 69 82 2.41 0
87 72 33 0.5738 0
75 70 67 2.3118 0
69 40 64 2.3814 0
91 71 47 1.1371 0
42 70 45 2.3118 0
80 70 70 2.3118 0
88 69 50 2.3128 0
68 70 70 2.3118 0
96 70 70 2.2636 0
26 70 76 2.2373 0
81 15 80 0.7623 0
70 34 65 2.0892 0
79 44 59 0.8896 0
48 70 86 2.1475 0
105 71 57 0.8424 0
18 71 74 1.304 0
37 71 35 1.1164 0
17 71 87 0.8641 0
113 71 61 0.7585 0
0
