128
71 54 55 5.6003 0
44 100 90 4.3128 0
33 88 36 4.7069 0
78 90 63 11.58 0
36 57 53 8.1786 0
49 90 63 11.58 0
51 20 31 0.3834 0
79 27 35 2.6505 0
95 71 32 1.4643 0
91 57 52 8.1786 0
39 79 47 9.2245 0
88 79 47 9.2245 0
81 77 91 3.5603 0
57 47 33 2.4457 0
83 100 90 4.3128 0
54 76 91 2.9648 0
41 79 82 5.886 0
58 36 57 3.0876 0
60 95 31 0.9564 0
33 38 40 3.7418 0
94 38 40 3.7418 0
56 60 39 4.7551 0
56 54 55 5.6003 0
40 97 79 6.2796 0
87 97 79 6.2796 0
54 91 44 6.0801 0
73 91 44 6.0801 0
69 73 34 2.7309 0
71 60 39 4.7551 0
93 34 57 2.59 0
48 27 42 2.6505 0
86 79 82 5.886 0
69 39 44 2.6297 0
32 32 61 0.5 0
54 76 51 5.5237 0
73 76 51 5.5237 0
62 109 82 0.5 0
34 53 33 2.4722 0
69 103 86 3.256 0
68 76 84 2.6574 0
93 53 33 2.4722 0
37 77 65 4.9959 0
90 77 65 4.9959 0
56 102 75 4.5669 0
71 102 75 4.5669 0
70 77 72 4.8408 0
57 77 72 4.8408 0
95 96 30 0.5 0
94 88 36 4.7069 0
56 79 40 4.7306 0
71 79 40 4.7306 0
35 93 53 4.667 0
92 93 53 4.667 0
33 42 55 3.9559 0
35 60 38 4.4602 0
92 60 38 4.4602 0
81 73 35 4.4879 0
46 73 35 4.4879 0
32 46 45 4.411 0
70 47 33 2.4457 0
94 43 57 3.9559 0
95 46 45 4.411 0
69 36 57 3.0876 0
84 93 47 4.3279 0
43 93 47 4.3279 0
82 61 37 4.1471 0
46 61 37 4.1471 0
58 39 44 2.6297 0
80 60 59 4.1774 0
52 76 81 3.8911 0
80 75 70 4.0574 0
47 75 70 4.0574 0
58 103 86 3.256 0
77 102 83 3.994 0
50 102 83 3.994 0
81 74 59 3.9434 0
46 74 59 3.9434 0
48 60 59 3.9486 0
75 76 81 3.8911 0
85 91 90 3.8484 0
42 91 90 3.8484 0
32 77 35 3.7797 0
95 77 35 3.7797 0
78 54 47 3.5261 0
49 54 47 3.5261 0
56 75 61 3.5696 0
71 75 61 3.5696 0
46 77 91 3.5603 0
69 44 57 3.4382 0
58 44 57 3.4382 0
56 88 34 3.4801 0
71 88 34 3.4801 0
46 48 65 0.9073 0
70 53 45 3.3921 0
57 53 45 3.3921 0
91 98 68 3.3573 0
36 98 68 3.3573 0
42 30 31 0.9376 0
81 48 65 0.9073 0
55 61 48 3.3227 0
72 61 48 3.3227 0
84 52 62 3.0195 0
82 95 31 0.9564 0
45 95 31 0.9564 0
93 46 35 2.9515 0
69 46 49 3.0484 0
58 46 49 3.0484 0
78 92 34 3.0273 0
49 92 34 3.0273 0
95 37 51 3.067 0
40 93 39 3.1586 0
87 93 39 3.1586 0
94 92 44 3.1373 0
33 92 44 3.1373 0
34 46 34 2.9515 0
45 53 62 3.1193 0
73 76 91 2.9648 0
80 102 73 3.0508 0
47 102 73 3.0508 0
32 38 48 3.0661 0
52 102 91 2.9325 0
75 102 91 2.9325 0
76 22 46 0.5 0
87 82 34 2.7639 0
40 82 34 2.7639 0
79 27 42 2.6505 0
48 27 35 2.6505 0
77 72 43 2.679 0
0
