128
64 51 66 33.3178 0
54 99 77 15.6588 0
83 93 77 12.8858 0
36 81 81 9.0854 0
70 93 57 8.7979 0
70 83 94 8.4495 0
53 35 28 8.2176 0
41 87 59 7.9237 0
71 36 27 8.0037 0
84 28 37 7.6963 0
52 80 94 7.4151 0
44 26 39 7.4009 0
87 85 58 6.9943 0
85 77 91 6.949 0
95 76 78 6.87 0
63 24 35 6.5875 0
32 73 53 6.6111 0
73 107 65 6.4629 0
37 22 56 6.3176 0
95 70 48 6.2349 0
28 66 78 6.0564 0
90 22 55 5.8429 0
97 74 63 5.858 0
56 88 52 5.806 0
34 34 45 5.6934 0
41 71 93 5.5908 0
29 71 66 5.5266 0
40 40 36 5.5496 0
74 110 81 5.4869 0
38 22 75 5.4794 0
62 107 58 5.4159 0
94 33 47 5.3705 0
81 48 30 5.2675 0
47 49 30 5.2747 0
34 63 43 5.2992 0
48 15 61 5.2227 0
71 100 91 5.2209 0
74 20 43 5.1084 0
62 47 26 5.0798 0
100 64 77 5.0251 0
55 19 44 4.8812 0
74 70 99 4.9143 0
81 16 60 4.8755 0
85 18 70 4.8533 0
49 98 56 4.8108 0
32 28 66 4.7372 0
55 13 70 4.7906 0
26 53 75 4.7723 0
72 13 71 4.6779 0
34 63 88 4.6865 0
73 15 53 4.6578 0
41 90 92 4.4726 0
90 24 78 4.4199 0
38 53 37 4.5525 0
57 14 55 4.5513 0
51 68 99 4.5361 0
83 99 59 4.4878 0
92 61 41 4.4745 0
89 41 38 4.371 0
95 66 86 4.3888 0
26 51 58 4.3316 0
35 92 70 4.3029 0
65 85 46 4.3285 0
55 17 82 4.2989 0
28 61 56 4.2689 0
95 28 67 4.2529 0
29 39 55 4.2575 0
73 17 82 4.231 0
100 64 59 4.2248 0
32 46 45 4.2394 0
90 52 37 4.002 0
47 19 51 4.1583 0
102 57 69 4.1246 0
26 59 67 4.13 0
28 37 68 4.0691 0
59 92 96 4.1031 0
42 78 49 4.0522 0
81 91 95 4.0138 0
101 51 76 3.8963 0
86 77 48 3.74 0
33 31 76 3.8337 0
28 42 76 3.7056 0
47 22 84 3.8127 0
30 54 49 3.808 0
96 45 46 3.7568 0
101 55 57 3.695 0
81 19 50 3.7397 0
35 96 84 3.7224 0
30 55 84 3.4912 0
48 18 76 3.6446 0
98 38 55 3.6356 0
49 92 96 3.6363 0
84 66 95 3.5574 0
82 22 83 3.4875 0
38 30 84 3.5517 0
99 36 68 3.4992 0
41 71 43 3.4308 0
70 52 28 3.4882 0
101 47 59 3.4855 0
61 73 98 3.3354 0
40 54 95 3.4 0
58 98 53 3.3978 0
78 84 51 3.3707 0
96 79 54 3.3019 0
47 60 99 3.3246 0
70 13 62 3.2542 0
96 57 85 3.3307 0
80 60 99 3.2629 0
100 43 74 3.2533 0
88 29 85 3.2556 0
33 81 66 3.2814 0
40 18 66 3.1256 0
77 24 89 3.0833 0
84 38 30 3.0126 0
96 56 47 3.1428 0
35 51 90 3.1182 0
101 66 68 3.1337 0
95 31 59 3.0689 0
26 48 66 3.0739 0
52 107 58 2.8866 0
89 61 92 3.0997 0
86 70 42 2.9608 0
86 55 96 3.0776 0
94 32 78 3.0401 0
56 81 45 3.0209 0
35 37 85 3.021 0
52 26 91 2.9947 0
81 109 72 2.9952 0
0
