128
63 73 86 3.8496 0
102 42 27 0.5 0
27 43 29 1.4519 0
100 92 51 5.3047 0
27 92 51 5.3042 0
67 51 47 0.6743 0
91 95 85 3.8095 0
36 95 85 3.8065 0
28 69 37 4.7839 0
99 69 37 4.7839 0
70 94 111 0.5 0
49 66 61 0.811 0
82 69 63 0.941 0
86 46 37 2.3096 0
48 48 41 1.6228 0
50 91 101 1.8125 0
28 99 64 5.0751 0
99 99 64 5.0751 0
38 78 71 0.9454 0
100 81 42 5.2126 0
27 81 42 5.2124 0
63 55 98 0.5 0
67 63 60 0.7297 0
75 87 96 0.6419 0
98 50 31 3.667 0
81 79 78 0.8916 0
85 58 50 0.744 0
94 79 66 0.9553 0
34 67 56 0.6442 0
47 81 83 0.9958 0
95 68 55 0.9952 0
55 56 52 0.9582 0
29 59 33 4.1721 0
32 98 77 4.371 0
95 98 77 4.37 0
35 46 34 2.8856 0
51 74 72 0.5906 0
98 59 33 4.1721 0
70 72 70 0.8259 0
40 57 49 0.927 0
63 85 101 0.9736 0
81 92 97 2.5541 0
29 50 31 3.667 0
30 78 60 0.8191 0
56 83 93 0.6061 0
74 58 53 0.9627 0
59 92 111 0.5 0
60 68 66 0.6502 0
63 63 95 1.2028 0
77 51 45 0.8968 0
77 82 87 0.9455 0
41 93 91 3.2086 0
86 93 91 3.2098 0
91 83 75 0.8066 0
37 72 64 0.8034 0
95 60 47 0.9739 0
32 86 69 0.8395 0
92 46 34 2.8855 0
86 76 70 0.9598 0
32 61 48 0.6382 0
74 92 104 1.2201 0
98 77 57 0.7744 0
43 62 55 0.8241 0
88 64 56 0.9435 0
90 54 44 0.7098 0
58 62 59 0.951 0
60 73 74 0.8642 0
39 83 79 0.758 0
90 71 63 0.6779 0
67 82 93 0.9438 0
56 50 46 0.5215 0
46 92 97 2.5541 0
86 84 83 0.8608 0
65 57 54 0.9611 0
80 62 56 0.748 0
36 53 42 0.9732 0
95 87 69 0.8401 0
73 77 80 0.7612 0
78 74 72 0.7922 0
45 71 67 0.877 0
63 68 92 2.2606 0
73 68 64 0.9956 0
41 46 37 2.3087 0
28 70 50 0.5377 0
79 48 41 1.623 0
54 77 80 0.7668 0
48 55 48 0.7224 0
98 84 61 0.6952 0
49 84 90 0.9147 0
29 86 62 0.7981 0
44 78 76 0.711 0
34 87 76 0.9606 0
33 79 66 0.5631 0
101 99 56 2.151 0
26 99 56 2.151 0
55 80 87 0.5978 0
67 74 76 0.8233 0
50 61 56 0.9969 0
37 61 52 0.9126 0
53 70 66 0.7859 0
100 71 50 0.5 0
31 57 43 0.6678 0
83 53 45 0.5851 0
70 87 100 0.9136 0
41 66 59 0.9511 0
58 89 104 0.7213 0
65 91 109 0.8725 0
74 63 59 0.9358 0
66 68 66 0.7522 0
43 53 45 0.9486 0
41 85 85 0.6999 0
27 79 54 0.6535 0
77 91 101 1.8129 0
73 83 92 0.9537 0
78 66 61 0.8411 0
63 73 79 1.7319 0
97 65 50 0.9526 0
91 87 80 0.9624 0
71 79 87 0.6489 0
79 71 67 0.7662 0
32 72 59 0.9719 0
27 89 43 1.7604 0
100 89 43 1.7604 0
94 52 39 0.5898 0
56 92 107 0.94 0
45 58 51 0.6854 0
86 67 60 0.9445 0
95 102 71 1.7257 0
0
