128
98 90 63 12.4116 0
29 37 63 12.4116 0
29 90 63 12.4116 0
98 37 63 12.4116 0
54 21 63 12.4116 0
20 62 63 12.4116 0
107 62 63 12.4116 0
79 21 63 11.1816 0
79 106 62 10.4412 0
47 106 62 10.3547 0
36 20 65 4.7127 0
112 79 67 4.652 0
15 79 67 4.6487 0
16 78 57 3.8795 0
111 78 57 3.8771 0
39 24 55 3.8417 0
113 46 65 3.7883 0
14 46 65 3.7865 0
42 30 72 3.5631 0
91 104 71 3.5358 0
101 76 72 3.452 0
26 76 72 3.4507 0
33 106 67 3.3878 0
17 47 56 3.4006 0
110 47 56 3.3974 0
21 48 73 3.3212 0
106 48 73 3.3212 0
103 76 54 3.1952 0
24 76 54 3.194 0
40 99 73 3.3212 0
85 96 72 3.2776 0
94 107 64 3.1846 0
67 13 70 3.2282 0
92 23 71 3.1599 0
67 11 60 3.1348 0
44 33 57 3.143 0
93 105 57 3.0469 0
93 22 57 3.0443 0
45 93 68 3.0059 0
87 30 73 3.0141 0
67 23 73 2.9205 0
45 35 66 2.9767 0
82 92 66 2.9725 0
96 74 60 2.9435 0
31 74 60 2.9402 0
33 106 59 2.8904 0
67 17 54 2.8224 0
45 92 60 2.802 0
58 117 74 0.5 0
84 94 56 2.7421 0
96 21 65 2.6826 0
55 112 72 2.6922 0
38 24 73 2.6774 0
36 102 54 2.5834 0
67 30 67 2.5221 0
98 51 71 2.6084 0
29 51 71 2.6049 0
101 50 54 2.6146 0
26 50 54 2.6128 0
67 24 54 2.5921 0
86 31 54 2.5498 0
41 96 54 2.5487 0
55 105 74 2.3133 0
67 30 60 2.5233 0
55 99 71 2.5613 0
82 36 63 2.5103 0
69 114 76 0.5 0
90 100 53 2.3329 0
71 110 73 2.3782 0
19 74 74 2.177 0
108 74 74 2.1749 0
71 115 69 2.3782 0
71 103 73 2.3782 0
71 98 70 2.3782 0
89 26 53 2.3188 0
84 35 70 2.2892 0
95 75 67 2.2711 0
32 75 67 2.2658 0
39 17 58 2.217 0
55 117 63 2.2802 0
21 80 74 2.2484 0
106 80 74 2.2479 0
34 102 73 2.168 0
113 85 62 2.197 0
14 85 62 2.1931 0
41 19 72 2.1806 0
96 52 58 2.1613 0
31 52 58 2.1563 0
47 98 73 2.0836 0
55 95 64 2.0087 0
30 22 59 2.1028 0
82 34 57 2.0114 0
39 106 73 2.0246 0
71 117 61 2.0205 0
113 50 71 2.0082 0
14 50 71 2.0073 0
32 23 71 2.0472 0
10 74 63 1.9298 0
58 116 53 0.5 0
56 112 54 1.9618 0
78 96 71 1.9754 0
56 115 58 1.9618 0
56 97 58 1.9618 0
117 74 64 1.9261 0
94 52 63 1.8836 0
64 17 74 1.9474 0
33 52 63 1.8784 0
113 73 72 1.9087 0
14 73 72 1.9071 0
70 17 74 1.7663 0
16 43 71 1.7469 0
111 43 71 1.7438 0
85 105 74 1.8326 0
50 93 63 1.8215 0
64 9 65 1.8067 0
52 95 68 1.8121 0
72 95 65 1.8282 0
80 100 74 1.7651 0
40 31 53 1.8035 0
20 82 53 1.6627 0
83 90 60 1.7442 0
107 82 53 1.6595 0
79 93 59 1.718 0
98 104 69 1.7497 0
71 115 56 1.6027 0
111 86 70 1.6597 0
16 86 70 1.6574 0
79 34 68 1.7125 0
0
