128
100 64 71 5.2466 0
19 59 59 8.541 0
61 79 73 3.2427 0
82 81 52 1.4859 0
108 59 59 8.541 0
47 79 54 3.2427 0
32 79 73 3.4306 0
81 79 73 3.2427 0
108 88 50 0.5 0
114 85 78 0.5 0
23 86 51 0.9451 0
67 79 54 3.2427 0
102 84 66 1.8113 0
12 76 74 1.8677 0
95 79 54 3.4306 0
32 79 54 3.4306 0
27 64 71 5.2466 0
14 81 59 1.8471 0
45 79 73 3.2427 0
114 79 57 1.65 0
115 74 74 1.9003 0
112 65 72 4.5095 0
16 64 72 4.5095 0
95 79 68 3.4306 0
113 55 72 3.916 0
18 84 69 1.8653 0
20 55 73 3.5016 0
81 79 59 3.2427 0
29 67 55 3.7246 0
98 67 55 3.7246 0
29 55 67 3.7246 0
98 55 67 3.7246 0
104 55 73 3.5016 0
32 79 65 3.4306 0
85 79 66 3.2427 0
71 79 61 3.2427 0
57 79 66 3.2427 0
43 79 61 3.2427 0
73 79 73 3.2427 0
59 79 54 3.2427 0
53 79 73 3.2427 0
109 84 72 1.8653 0
91 79 61 3.2427 0
77 79 66 3.2427 0
75 79 54 3.2427 0
67 79 68 3.2427 0
63 79 61 3.2427 0
53 79 59 3.2427 0
49 79 66 3.2427 0
89 79 73 3.2427 0
87 79 54 3.2427 0
39 80 68 3.2348 0
12 75 53 1.9003 0
12 75 65 1.8691 0
30 69 63 2.7168 0
13 56 70 2.9082 0
114 69 54 2.9082 0
13 69 64 2.9082 0
13 69 54 2.9082 0
114 69 64 2.9082 0
106 85 56 1.4685 0
95 51 51 0.978 0
32 51 51 0.978 0
115 79 66 1.0813 0
23 86 60 0.9451 0
30 56 54 2.7168 0
97 56 54 2.7168 0
97 69 64 2.7168 0
106 76 51 0.978 0
18 84 54 1.8653 0
40 80 53 2.4938 0
109 84 65 1.8653 0
25 84 66 1.8113 0
25 84 73 1.8113 0
100 86 77 0.5 0
30 53 74 2.4938 0
30 53 60 2.4938 0
97 53 74 2.4938 0
97 53 60 2.4938 0
22 75 51 0.978 0
98 81 61 2.1261 0
14 85 78 0.5 0
37 81 59 2.2269 0
99 75 78 0.5 0
98 81 74 2.1261 0
115 73 59 1.9003 0
115 74 68 1.9003 0
25 84 57 1.8113 0
102 84 53 1.8113 0
113 81 74 1.8471 0
14 81 74 1.8471 0
118 50 51 0.5 0
115 75 53 1.9003 0
12 71 74 1.9003 0
96 76 74 1.823 0
102 84 72 1.8113 0
18 84 74 1.8653 0
18 84 64 1.8653 0
18 84 59 1.8653 0
109 84 60 1.8653 0
111 83 51 0.978 0
115 76 63 1.8677 0
14 81 69 1.8471 0
14 81 64 1.8471 0
14 81 54 1.8471 0
30 72 72 1.7336 0
97 72 70 1.7336 0
12 72 69 1.9003 0
12 72 59 1.9003 0
102 84 58 1.8113 0
113 81 69 1.8471 0
96 61 58 1.7089 0
113 81 61 1.8471 0
113 81 53 1.8471 0
23 80 52 0.9082 0
105 71 52 0.9082 0
28 82 69 1.8208 0
28 82 60 1.8208 0
10 51 50 0.5 0
96 75 63 1.7089 0
31 75 60 1.7089 0
31 60 63 1.7089 0
31 73 67 1.7089 0
31 61 57 1.7089 0
26 52 52 1.4859 0
109 84 53 1.8653 0
97 72 59 1.7336 0
96 59 62 1.7089 0
0
