128
87 44 67 7.8568 0
41 103 59 0.5 0
17 32 59 0.5 0
92 103 63 3.305 0
49 66 61 0.8734 0
50 27 59 0.2408 0
79 76 62 3.1656 0
107 79 63 3.2379 0
65 103 59 0.5 0
35 46 59 0.5 0
59 45 60 0.5 0
58 84 59 0.642 0
76 91 62 3.1656 0
33 24 60 0.5 0
92 69 65 2.8095 0
93 87 61 2.1577 0
108 96 60 1.1498 0
109 44 59 0.5 0
63 61 59 0.5 0
100 44 64 4.3417 0
29 36 65 0.5 0
53 98 59 0.5 0
21 44 59 0.5 0
98 38 71 3.6278 0
43 91 59 0.5 0
98 50 71 3.5252 0
96 52 63 3.6425 0
60 33 59 0.5 0
105 91 72 0.5 0
41 36 60 0.5 0
80 98 63 3.2752 0
95 35 63 3.333 0
108 91 63 3.2819 0
85 71 62 3.1656 0
52 76 62 0.8526 0
76 83 62 3.1259 0
104 98 63 3.2126 0
98 71 62 3.1656 0
86 83 61 2.1577 0
63 93 60 0.5 0
51 39 60 0.5 0
66 70 60 0.5 0
98 79 61 2.1577 0
86 59 59 0.5 0
24 25 60 0.5 0
92 34 70 2.6468 0
50 106 60 0.5 0
98 91 61 2.1577 0
92 54 70 2.4028 0
85 30 59 0.5 0
97 98 61 2.1577 0
63 79 62 0.8895 0
48 83 59 0.5 0
86 89 61 2.1577 0
88 54 62 2.3588 0
57 64 60 0.6456 0
40 28 60 0.5 0
86 101 66 2.1677 0
98 101 66 2.1653 0
101 75 72 0.5 0
85 76 72 0.5 0
80 89 72 0.5 0
108 85 66 2.1588 0
87 34 62 2.2075 0
86 96 61 2.1577 0
93 75 61 2.1577 0
102 74 66 2.1737 0
98 85 61 2.1577 0
93 93 61 2.1577 0
93 81 61 2.1577 0
88 78 61 2.1577 0
81 87 61 2.1577 0
106 85 61 2.1577 0
104 73 61 2.0699 0
22 37 61 0.5 0
29 43 62 0.5 0
55 91 59 0.5 0
106 53 59 0.5 0
101 37 61 1.9015 0
102 44 72 1.7156 0
52 46 60 0.5 0
79 82 72 0.5 0
34 32 62 0.5 0
57 105 60 0.5 0
58 74 59 0.642 0
49 59 59 0.5 0
85 103 61 1.7661 0
46 97 60 0.5 0
99 103 61 1.7359 0
78 52 59 0.5 0
96 44 73 1.8095 0
64 86 61 0.5 0
79 35 59 0.5 0
83 52 61 1.7063 0
58 27 59 0.5 0
53 33 60 0.5 0
57 79 62 0.8895 0
83 96 72 0.5 0
92 100 72 0.5 0
36 39 62 0.5 0
59 99 60 0.5 0
29 35 59 0.5 0
57 39 60 0.5 0
49 91 59 0.5 0
29 28 62 0.5 0
28 48 59 0.5 0
103 95 70 0.6973 0
102 50 61 1.5957 0
83 74 67 1.4012 0
79 93 70 0.6091 0
102 88 62 1.4253 0
93 60 59 0.5 0
82 92 62 1.4253 0
111 97 69 0.5 0
74 78 69 0.5 0
105 81 72 0.5 0
77 88 67 1.4255 0
96 73 71 0.5708 0
75 79 66 1.4609 0
102 82 62 1.4253 0
52 82 63 0.5 0
105 94 67 1.4739 0
81 38 61 1.4471 0
24 30 62 0.5 0
89 72 72 0.5 0
77 46 59 0.6139 0
88 35 73 1.4089 0
86 53 72 1.3805 0
0
