128
68 69 60 1.8493 0
26 26 67 1.6998 0
101 26 67 2.1759 0
26 101 67 1.6998 0
101 101 67 2.1759 0
63 31 60 2.4478 0
31 64 60 2.4478 0
101 61 67 1.6998 0
60 100 60 2.4478 0
85 43 60 2.4478 0
85 83 60 2.4478 0
38 43 60 2.4478 0
38 86 60 2.4478 0
59 50 60 2.4478 0
79 101 67 1.6998 0
85 63 60 2.4478 0
46 26 67 1.6998 0
48 68 60 2.4478 0
83 26 67 1.6998 0
100 75 60 2.4478 0
43 101 67 1.6998 0
101 45 67 1.6998 0
53 87 60 2.4478 0
27 77 60 2.4478 0
75 52 60 2.4478 0
69 90 60 2.4478 0
94 53 60 2.4478 0
26 50 60 2.1759 0
73 39 60 2.4478 0
90 97 59 1.44 0
45 54 61 2.0197 0
33 32 60 2.4478 0
100 87 60 2.4478 0
92 27 60 2.4478 0
53 37 60 2.4478 0
100 37 60 2.4478 0
61 77 60 2.4478 0
38 73 60 2.4478 0
73 78 60 2.4478 0
30 95 60 2.4478 0
80 95 60 2.4478 0
75 25 59 1.168 0
38 100 60 2.4478 0
69 101 67 1.6998 0
47 94 60 2.4478 0
94 68 60 2.4478 0
57 26 67 1.6998 0
72 30 69 0.9321 0
91 101 67 1.6998 0
79 69 60 2.4478 0
53 101 67 1.6998 0
59 62 58 0.9321 0
48 27 60 2.4478 0
85 31 60 2.4478 0
47 76 60 2.4478 0
85 51 60 2.4478 0
53 55 60 2.4478 0
100 63 60 2.4478 0
94 80 60 2.4478 0
101 81 67 1.6998 0
31 40 60 2.4478 0
38 61 60 2.4478 0
74 31 60 2.4478 0
27 58 60 2.4478 0
100 49 60 2.4478 0
26 86 59 1.44 0
74 85 60 2.4478 0
66 58 60 0.8067 0
59 92 61 2.0197 0
53 100 60 2.4478 0
38 54 60 2.4478 0
100 94 60 2.4478 0
36 25 69 0.9321 0
50 46 62 1.0118 0
39 35 60 2.4478 0
53 79 60 2.4478 0
94 46 60 2.4478 0
101 71 67 1.6998 0
100 27 61 2.5166 0
68 26 67 1.6998 0
71 102 59 1.168 0
27 69 60 2.4478 0
85 99 60 2.4478 0
85 91 60 2.4478 0
53 72 60 2.4478 0
80 47 60 2.4478 0
80 27 60 2.4478 0
79 57 60 2.4478 0
79 35 60 2.4478 0
76 100 60 2.4478 0
48 83 60 2.4478 0
69 27 60 2.4478 0
68 35 60 2.4478 0
96 32 60 2.4478 0
58 27 60 2.4478 0
48 59 60 2.4478 0
80 87 60 2.4478 0
71 96 60 2.4478 0
69 50 60 2.4478 0
67 75 60 2.4478 0
44 88 60 2.4478 0
96 91 70 0.5 0
91 32 70 0.5 0
26 26 60 1.7019 0
100 100 61 2.5166 0
101 91 67 1.6998 0
39 25 63 1.168 0
64 54 60 2.4478 0
30 83 60 2.4478 0
31 53 60 2.4478 0
85 70 60 2.4478 0
79 81 60 2.4478 0
75 91 60 2.4478 0
74 45 60 2.4478 0
47 38 60 2.4478 0
70 56 60 2.4478 0
59 36 60 2.4478 0
95 59 60 2.4478 0
94 38 60 2.4478 0
94 100 60 2.4478 0
27 32 60 2.4478 0
85 77 60 2.4478 0
39 29 60 2.4478 0
53 93 60 2.4478 0
85 57 60 2.4478 0
85 37 60 2.4478 0
53 49 60 2.4478 0
53 43 60 2.4478 0
0
