128
64 63 80 28.8026 0
63 63 23 12.7164 0
59 71 43 8.1219 0
58 54 44 7.6892 0
49 88 56 7.4742 0
73 62 44 7.259 0
48 39 57 7.069 0
90 64 54 6.8604 0
93 64 21 0.5 0
54 80 23 4.9925 0
62 66 115 4.7425 0
82 63 23 4.7769 0
48 39 21 0.5 0
33 67 95 4.8006 0
53 47 23 4.616 0
83 88 94 4.562 0
83 38 94 4.5402 0
30 63 86 4.4124 0
48 75 52 4.3362 0
48 51 52 4.3362 0
60 93 64 4.2939 0
61 82 51 4.1353 0
59 43 52 4.1114 0
92 73 62 4.2224 0
92 55 62 4.2224 0
85 100 80 0.5 0
80 71 51 4.208 0
34 57 95 4.2163 0
80 93 81 4.2065 0
40 82 63 4.0904 0
59 34 63 4.119 0
40 46 63 4.0904 0
71 74 48 3.9976 0
81 33 79 3.7539 0
71 60 113 4.0632 0
61 56 113 4.0128 0
74 33 93 3.8369 0
75 93 91 3.9743 0
30 66 77 3.8551 0
81 56 51 3.7993 0
50 63 48 3.6751 0
52 83 45 3.592 0
70 51 49 3.5649 0
52 43 46 3.47 0
73 89 99 3.5662 0
35 75 69 3.431 0
35 51 69 3.431 0
31 58 75 3.4303 0
75 94 74 3.2875 0
85 88 74 3.2652 0
71 69 112 3.188 0
68 94 69 3.23 0
85 63 44 3.0664 0
53 67 111 3.0728 0
90 47 67 3.0469 0
62 88 57 2.9532 0
85 75 57 2.8162 0
74 32 74 2.9239 0
81 33 87 2.9546 0
53 59 111 2.9088 0
88 82 68 3.0228 0
35 75 90 2.9809 0
67 32 69 2.9262 0
85 38 84 2.9341 0
80 83 101 2.8035 0
78 71 25 2.7635 0
40 68 102 2.884 0
42 74 58 2.8512 0
33 54 87 2.8303 0
85 52 57 2.8163 0
74 39 100 2.9065 0
40 59 102 2.8737 0
66 50 110 2.8907 0
66 76 110 2.8737 0
42 52 58 2.8512 0
85 88 85 2.8493 0
87 41 72 2.7764 0
69 81 53 2.7453 0
73 32 85 2.6884 0
64 39 58 2.7195 0
63 80 25 2.4811 0
66 94 90 2.657 0
45 67 53 2.4375 0
81 45 101 2.6444 0
88 44 91 2.6035 0
45 60 53 2.4375 0
75 53 109 2.5343 0
47 57 107 2.5627 0
56 76 15 2.3553 0
68 45 53 2.4415 0
46 68 107 2.3723 0
61 46 25 2.5259 0
33 73 76 2.4432 0
71 84 104 2.4587 0
36 48 88 2.3674 0
50 73 26 2.516 0
33 68 70 2.3579 0
49 54 25 2.4698 0
86 79 62 2.4756 0
78 78 105 2.5259 0
89 81 90 2.4747 0
77 55 25 2.4597 0
38 73 63 2.4392 0
38 54 63 2.4392 0
32 71 82 2.4614 0
75 78 53 2.4307 0
67 90 62 2.4029 0
33 53 80 2.2999 0
53 90 66 2.4333 0
77 50 53 2.3259 0
70 42 104 2.4187 0
105 65 53 0.5 0
66 32 89 2.2876 0
60 73 111 2.2744 0
93 63 64 2.2406 0
77 64 15 2.3232 0
36 79 75 2.1155 0
37 80 84 2.3522 0
74 74 109 2.3428 0
56 50 16 2.2265 0
36 48 75 2.3329 0
80 36 72 2.2142 0
79 90 70 2.1679 0
35 58 67 2.2748 0
71 47 107 2.2655 0
72 76 26 2.2366 0
69 95 77 2.1674 0
83 86 68 2.216 0
0
