128
62 62 46 3.9707 0
50 35 111 0.5 0
24 29 46 0.5 0
91 87 19 0.5 0
42 56 81 1.0092 0
41 43 32 5.146 0
67 66 15 3.5469 0
80 84 66 0.5 0
53 54 35 8.4147 0
32 55 108 0.4131 0
89 78 43 0.5662 0
40 43 57 3.3688 0
43 45 46 7.1982 0
71 77 37 2.7476 0
54 55 65 2.2151 0
52 41 93 0.7412 0
59 59 21 6.41 0
74 65 68 0.5 0
76 74 21 4.4185 0
51 68 58 2.3526 0
84 86 31 1.8961 0
66 50 59 2.3884 0
68 67 25 5.2014 0
64 64 36 5.0292 0
54 44 78 0.8672 0
54 55 50 4.8781 0
80 71 55 0.864 0
50 50 22 4.3891 0
38 56 95 0.8574 0
78 68 37 2.7743 0
83 86 53 0.838 0
69 76 62 0.6187 0
34 37 48 3.9604 0
62 62 59 1.6851 0
35 38 38 3.6927 0
45 48 67 1.5815 0
48 50 56 3.5105 0
76 64 48 1.4419 0
66 76 50 0.915 0
87 74 35 1.7605 0
88 78 60 0.5 0
83 80 17 2.7594 0
81 86 43 0.9722 0
44 59 70 0.8074 0
75 80 52 0.7734 0
88 78 27 1.3382 0
72 58 53 1.235 0
57 44 68 0.5 0
51 37 102 0.6631 0
57 72 51 0.8692 0
54 55 59 2.6988 0
71 70 33 2.5479 0
77 85 34 1.5587 0
43 46 24 2.624 0
45 47 62 2.4944 0
63 63 54 2.4788 0
46 62 63 0.7607 0
82 74 47 0.5 0
89 80 52 0.5052 0
49 51 67 2.2934 0
64 58 30 2.2358 0
35 38 56 2.0415 0
58 59 56 2.2415 0
48 44 27 2.1097 0
87 83 21 2.0383 0
77 68 62 0.6801 0
65 73 68 0.5 0
48 43 37 2.176 0
47 55 46 2.1658 0
53 43 86 0.9212 0
42 51 37 2.0741 0
89 80 31 2.0137 0
84 76 66 0.3842 0
63 57 40 2.0719 0
77 66 43 1.7958 0
74 70 15 2.0385 0
35 55 102 0.6717 0
44 51 28 1.8815 0
68 76 42 1.9775 0
54 48 45 1.8783 0
57 63 41 1.9285 0
41 44 65 1.7793 0
60 65 29 1.8885 0
76 81 45 0.5 0
69 53 55 1.7062 0
60 55 44 1.9069 0
31 35 54 1.8879 0
70 71 18 1.9184 0
56 71 55 1.6907 0
93 87 26 0.5 0
82 86 60 0.5 0
67 67 43 1.7364 0
60 46 63 0.8755 0
78 71 28 1.5617 0
77 81 28 0.9465 0
59 59 61 1.7731 0
41 55 88 0.6103 0
49 52 62 1.7646 0
85 74 42 0.5388 0
67 66 49 1.5771 0
52 44 40 1.7113 0
82 89 38 0.8891 0
48 65 61 1.6756 0
34 42 43 1.6977 0
55 61 45 1.5742 0
64 56 35 1.5936 0
80 79 25 1.4107 0
73 78 58 0.5 0
36 40 61 1.4075 0
77 83 41 0.5985 0
52 47 50 1.4579 0
43 57 75 0.7804 0
58 51 45 1.4931 0
84 74 29 0.9865 0
46 44 56 1.4142 0
69 76 31 0.9786 0
76 65 29 0.8027 0
42 49 55 1.4381 0
73 76 27 1.4741 0
70 69 38 1.4375 0
88 78 48 0.9934 0
67 76 47 1.3834 0
53 44 82 1.1218 0
82 85 27 1.4037 0
50 57 21 1.3947 0
93 78 37 0.5 0
56 44 73 0.9744 0
90 86 24 1.125 0
0
