128
54 60 65 8.0049 0
117 85 60 0.5 0
104 45 68 1.2468 0
10 81 57 0.2598 0
86 81 60 2.7234 0
13 46 58 0.5764 0
85 51 61 3.4499 0
33 85 67 0.5 0
114 65 59 1.8091 0
79 74 80 1.8786 0
32 45 59 1.1647 0
22 65 57 0.4166 0
71 73 60 3.0203 0
104 82 68 1.2468 0
57 85 71 0.5 0
96 66 58 1.1406 0
84 65 61 3.4499 0
43 70 67 5.2352 0
68 45 59 1.7155 0
114 46 59 1.8091 0
80 74 62 4.7304 0
37 49 67 3.0869 0
59 80 64 3.0853 0
41 57 68 4.5711 0
55 73 69 4.5382 0
112 79 64 3.0938 0
29 77 57 0.6327 0
89 59 76 0.5 0
59 47 66 3.7313 0
10 59 59 0.5 0
115 56 71 0.5 0
72 58 58 1.1406 0
103 53 59 1.0541 0
37 80 67 3.1532 0
68 74 67 3.5971 0
74 44 71 0.5 0
88 48 75 0.7232 0
80 58 61 3.4499 0
94 45 67 1.3375 0
21 54 59 0.5 0
11 70 57 0.5 0
60 73 61 3.2452 0
42 63 60 3.1563 0
88 81 74 0.5 0
114 55 59 1.8091 0
95 74 68 0.5 0
114 45 68 1.7155 0
88 69 74 0.8063 0
52 71 60 3.1563 0
112 49 64 3.0938 0
20 82 59 0.5 0
114 68 71 0.5 0
67 82 59 1.7155 0
106 70 58 1.1406 0
63 81 78 0.5 0
79 46 60 2.7234 0
80 74 71 2.7729 0
29 59 60 0.6569 0
47 82 69 1.1364 0
75 85 70 0.5 0
64 64 60 2.726 0
63 53 78 0.5 0
48 44 68 0.7077 0
43 55 60 2.6351 0
96 58 58 1.1406 0
97 74 59 1.0527 0
32 53 59 1.1647 0
30 68 61 0.5 0
63 66 78 0.5 0
34 74 59 1.4286 0
69 45 67 1.2468 0
93 83 69 0.7077 0
114 60 67 1.4938 0
65 54 58 1.1406 0
87 82 68 1.5372 0
89 77 64 2.3616 0
21 73 59 0.5 0
89 46 64 2.3616 0
87 54 71 0.5483 0
22 46 57 0.4166 0
53 81 68 2.1417 0
91 71 58 1.1406 0
99 53 67 0.5558 0
34 83 57 0.6327 0
61 46 59 2.1485 0
72 82 64 1.2468 0
79 82 68 1.2468 0
108 61 58 1.1406 0
80 44 69 0.7077 0
41 72 59 2.1485 0
60 52 60 2.1543 0
78 52 59 2.1485 0
61 46 77 0.5501 0
48 52 70 2.1199 0
54 50 70 2.1141 0
88 62 70 0.8063 0
61 69 66 2.0739 0
77 81 59 1.9594 0
103 74 65 0.5517 0
62 60 76 0.8677 0
114 72 63 1.4938 0
67 84 71 0.5 0
87 59 59 1.8233 0
62 80 72 0.8677 0
77 67 59 1.8458 0
64 73 77 0.5 0
113 75 59 1.8475 0
45 63 71 1.9862 0
70 65 59 1.7787 0
114 68 67 1.4938 0
15 64 57 0.4041 0
75 73 68 1.8539 0
36 75 63 1.8448 0
42 45 68 1.7155 0
87 75 59 1.9367 0
35 82 61 1.6706 0
114 60 59 1.8091 0
73 45 59 1.7155 0
81 82 63 1.7155 0
114 70 59 1.8091 0
94 52 66 0.7168 0
72 82 59 1.7155 0
87 45 59 1.7155 0
114 82 59 1.7155 0
35 45 62 1.7011 0
35 52 62 1.7011 0
48 76 69 1.8247 0
62 53 72 0.8677 0
0
