128
61 67 62 3.9047 0
120 66 76 0.5 0
8 63 76 0.5 0
93 67 57 4.7098 0
28 64 52 0.7318 0
35 68 76 0.5 0
120 64 53 0.5 0
105 67 71 3.9415 0
44 66 55 2.8186 0
8 62 56 0.5 0
79 73 76 0.5 0
47 66 72 3.1514 0
109 66 56 3.3311 0
23 64 67 1.0507 0
70 67 68 4.5006 0
93 67 68 4.7098 0
70 67 57 4.5006 0
102 67 62 4.4228 0
61 67 71 3.9047 0
35 66 64 1.4294 0
117 65 65 1.2233 0
53 66 67 3.2369 0
55 67 56 3.2693 0
111 66 65 3.1809 0
48 66 61 3.163 0
18 64 55 0.6778 0
11 63 66 0.5 0
81 71 63 0.836 0
81 63 74 0.6118 0
113 66 72 2.8531 0
85 69 71 2.832 0
85 69 60 2.832 0
17 63 75 0.649 0
43 66 66 2.6709 0
27 64 74 1.0143 0
34 66 54 1.118 0
26 64 60 1.0213 0
81 62 52 0.5 0
40 66 73 2.2279 0
62 65 55 2.3685 0
103 69 54 2.2476 0
84 65 54 1.8433 0
40 66 60 2.2279 0
86 70 54 2.2476 0
54 68 73 2.1566 0
37 65 68 2.0403 0
38 65 55 2.0487 0
17 63 62 0.649 0
80 63 66 0.8065 0
115 66 58 1.9778 0
23 64 55 1.0507 0
35 65 59 1.907 0
98 70 73 1.8461 0
84 65 67 1.8433 0
100 64 55 1.6455 0
78 72 52 0.5915 0
88 64 73 1.6778 0
88 64 63 1.6778 0
98 64 73 1.6684 0
16 63 69 0.6782 0
76 71 63 0.9944 0
13 63 52 0.6164 0
79 62 60 0.5 0
74 70 74 1.2397 0
49 68 54 1.5282 0
13 63 58 0.6164 0
74 64 73 1.5333 0
74 64 63 1.5333 0
35 66 73 1.4294 0
116 66 53 1.2397 0
28 65 66 0.7181 0
83 70 66 1.4663 0
91 73 76 0.5 0
83 64 59 1.3917 0
87 71 65 1.3198 0
61 72 52 0.5 0
104 64 53 1.2397 0
83 64 71 1.3917 0
83 64 63 1.3917 0
78 73 70 0.5 0
20 64 59 0.5998 0
24 64 71 1.0377 0
9 63 71 0.5 0
78 72 57 0.5915 0
77 63 53 0.9148 0
55 64 61 1.251 0
23 64 63 1.0507 0
65 70 53 1.2397 0
60 69 53 1.2397 0
9 62 61 0.5 0
68 64 74 1.2397 0
55 69 62 1.2658 0
21 66 76 0.5 0
51 64 53 1.1917 0
68 73 75 0.5 0
90 71 73 1.2748 0
56 64 74 1.2397 0
76 71 59 0.9944 0
76 71 55 0.9944 0
98 70 53 1.2397 0
88 64 53 1.2397 0
52 64 74 1.2066 0
90 71 63 1.2748 0
82 71 56 1.2477 0
76 71 67 0.9944 0
69 70 74 1.2397 0
117 65 69 1.2233 0
49 64 56 1.1621 0
94 71 74 1.1048 0
109 69 61 1.1868 0
64 70 57 1.1763 0
13 63 73 0.6164 0
76 71 71 0.9944 0
31 68 69 0.5 0
48 64 67 1.1474 0
77 63 69 0.9148 0
77 63 57 0.9148 0
19 64 72 0.8888 0
29 66 56 0.5466 0
96 71 63 0.987 0
39 64 64 1.0493 0
23 64 59 1.0507 0
23 64 74 1.0507 0
81 71 74 0.836 0
19 64 65 0.8888 0
110 71 76 0.5 0
118 65 74 0.7764 0
27 64 57 1.0143 0
0
