128
64 63 65 0.5 0
16 65 32 0.5 0
17 65 96 0.5 0
109 64 32 0.5 0
109 63 95 0.5 0
51 71 32 0.5 0
30 69 63 0.5 0
54 71 96 0.5 0
96 67 64 0.5 0
80 65 38 0.5 0
81 69 88 0.5 0
45 63 78 0.5 0
47 63 52 0.5 0
111 63 52 0.5 0
31 71 43 0.5 0
64 71 47 0.5 0
36 63 96 0.5 0
16 65 76 0.1968 0
109 63 77 0.5 0
16 65 52 0.1968 0
79 65 56 0.5 0
65 63 84 0.5 0
96 66 44 0.5 0
81 63 72 0.5 0
30 71 80 0.5 0
95 63 86 0.5 0
66 68 32 0.5 0
38 63 32 0.5 0
45 72 64 0.5 0
72 63 96 0.5 0
56 71 74 0.0118 0
43 72 89 0.5 0
92 63 32 0.5 0
16 65 64 0.5 0
57 72 57 0.5 0
33 63 52 0.5 0
52 72 44 0.5 0
52 63 67 0.5 0
70 70 76 0.5 0
24 63 86 0.5 0
108 63 64 0.0856 0
52 63 88 0.5 0
23 63 41 0.5 0
91 67 96 0.5 0
28 71 94 0.5 0
39 63 67 0.5 0
41 72 49 0.5 0
97 64 75 0.5 0
28 68 32 0.5 0
45 63 41 0.5 0
90 64 55 0.5 0
70 63 42 0.5 0
62 63 54 0.5 0
65 71 95 0.5 0
58 71 84 0.5 0
106 63 42 0.5 0
59 63 38 0.5 0
40 72 76 0.5 0
101 65 54 0.5 0
25 63 72 0.5 0
70 70 57 0.5 0
42 72 37 0.5 0
46 65 96 0.5 0
24 70 54 0.5 0
35 63 83 0.5 0
74 70 48 0.5 0
61 63 75 0.5 0
75 69 66 0.1996 0
88 67 79 0.1467 0
75 63 80 0.5 0
60 63 96 0.5 0
71 70 86 0.5 0
87 68 45 0.5 0
108 63 86 0.5 0
37 72 96 0.5 0
59 71 66 0.5 0
83 63 95 0.5 0
34 63 40 0.5 0
80 63 47 0.5 0
48 70 72 0.5 0
87 68 68 0.5 0
36 71 57 0.5 0
73 63 33 0.5 0
54 64 58 0.5 0
48 72 82 0.5 0
16 66 85 0.5 0
70 63 51 0.5 0
47 72 55 0.5 0
32 71 71 0.5 0
41 63 89 0.5 0
54 63 46 0.0667 0
100 65 94 0.0349 0
101 65 34 0.5 0
72 63 61 0.5 0
72 63 72 0.5 0
47 63 33 0.5 0
53 65 78 0.5 0
25 63 49 0.5 0
26 63 94 0.5 0
38 63 59 0.5 0
22 70 62 0.5 0
25 63 64 0.5 0
33 72 88 0.5 0
85 63 61 0.5 0
72 70 39 0.5 0
20 69 47 0.5 0
60 71 36 0.5 0
103 65 69 0.5 0
22 70 73 0.5 0
47 63 61 0.5 0
78 69 95 0.5 0
75 63 89 0.5 0
40 63 49 0.5 0
77 70 73 0.5 0
54 68 51 0.5 0
89 64 39 0.5 0
67 70 68 0.1206 0
86 64 85 0.5 0
21 64 57 0.5 0
22 69 82 0.5 0
103 65 81 0.5 0
16 65 42 0.5 0
50 70 90 0.5 0
37 63 74 0.5 0
84 66 32 0.5 0
38 71 67 0.5 0
29 63 79 0.5 0
39 71 83 0.5 0
0
