128
65 67 63 3.2114 0
10 58 46 0.5 0
118 67 83 0.5 0
104 65 47 1.3668 0
26 66 83 0.5 0
95 68 77 4.277 0
37 68 47 0.5 0
50 67 79 2.3979 0
89 68 51 4.4919 0
113 67 64 1.8529 0
22 65 62 0.5 0
73 68 77 3.8857 0
45 66 61 1.933 0
73 68 50 3.8857 0
55 68 47 1.4534 0
21 72 45 0.5 0
103 68 59 3.4849 0
89 68 69 4.4919 0
33 65 69 0.8978 0
94 68 60 4.3282 0
99 68 50 3.9844 0
99 68 68 3.9844 0
118 68 48 0.5 0
17 64 74 0.5 0
73 68 61 3.8857 0
45 66 50 1.933 0
111 67 73 2.6369 0
30 65 55 0.9281 0
56 67 65 3.0731 0
70 68 69 3.6191 0
104 67 77 3.3817 0
42 66 73 1.9078 0
61 67 49 3.1486 0
66 68 55 3.2635 0
57 67 77 3.0879 0
21 59 46 0.5 0
10 69 46 0.5 0
107 67 66 3.2489 0
107 67 52 3.2489 0
62 67 70 3.1643 0
65 67 78 3.2114 0
59 67 58 3.1176 0
54 67 53 2.9259 0
36 67 83 0.5 0
87 67 78 2.8346 0
17 64 53 0.5 0
52 67 71 2.6619 0
111 67 58 2.6369 0
27 65 46 0.8634 0
30 65 77 0.9281 0
51 67 59 2.5299 0
86 70 61 2.3002 0
49 67 65 2.2503 0
50 67 48 2.3979 0
18 64 83 0.5 0
24 66 70 0.5 0
112 67 79 2.2723 0
30 65 62 0.9281 0
44 66 79 1.9246 0
48 67 54 2.0963 0
16 65 45 0.5 0
43 66 56 1.9162 0
113 67 49 1.8529 0
47 66 74 1.9512 0
81 73 83 0.5 0
79 64 69 0.885 0
45 66 69 1.933 0
33 65 48 0.8978 0
42 66 65 1.9078 0
22 64 78 0.6072 0
78 71 68 0.7943 0
17 64 66 0.5 0
76 70 71 1.737 0
23 64 56 0.5667 0
81 72 45 0.5 0
82 64 57 0.8445 0
22 64 50 0.6072 0
81 64 46 0.6298 0
80 72 56 0.7063 0
41 66 47 1.4534 0
36 68 59 0.5 0
17 64 59 0.5 0
82 64 63 0.8445 0
67 69 47 1.4534 0
115 66 54 1.295 0
36 68 53 0.5 0
88 65 62 1.4855 0
81 72 76 0.7559 0
76 66 69 1.4594 0
80 64 82 0.5 0
28 65 67 0.5692 0
36 68 77 0.5 0
88 65 58 1.4855 0
94 65 47 1.4534 0
89 74 82 0.5 0
85 71 74 1.4455 0
85 71 56 1.4455 0
105 69 47 1.4534 0
35 66 64 0.9256 0
16 57 46 0.5 0
76 65 55 1.355 0
104 65 71 1.3668 0
81 64 74 0.6298 0
11 63 45 0.5 0
94 71 47 1.3083 0
109 69 47 1.3374 0
104 70 72 1.3394 0
33 65 59 0.8978 0
33 65 80 0.8978 0
15 70 46 0.5 0
22 67 45 0.5 0
115 66 70 1.295 0
81 72 50 0.7559 0
95 71 54 1.2579 0
84 71 47 1.1749 0
30 65 73 0.9281 0
66 70 73 1.2556 0
27 65 51 0.8634 0
81 64 52 0.6298 0
68 65 48 1.2429 0
80 72 63 0.7063 0
41 67 52 1.0157 0
77 71 57 1.0642 0
66 65 73 1.2116 0
84 71 65 1.1749 0
118 67 75 0.5 0
84 71 79 1.1749 0
35 66 74 0.9256 0
0
