128
70 62 69 5.3735 0
16 63 88 2.4346 0
113 68 35 0.5 0
99 62 89 7.9819 0
40 69 37 1.9744 0
80 89 36 0.9665 0
85 40 36 0.6282 0
86 62 74 10.3609 0
56 63 78 10.1167 0
56 42 36 0.9665 0
69 65 38 1.9988 0
92 66 38 1.9988 0
56 85 36 0.9665 0
103 51 37 1.8361 0
32 62 80 2.5116 0
43 71 54 1.7741 0
99 83 37 1.1874 0
72 54 51 2.0186 0
45 54 38 1.9988 0
71 56 80 5.34 0
69 46 38 1.9988 0
78 76 38 1.9988 0
54 71 38 1.9988 0
95 70 56 2.4184 0
51 71 65 4.5297 0
88 51 38 1.9988 0
65 78 38 1.9988 0
63 55 59 2.7299 0
60 54 38 1.9988 0
79 59 38 1.9988 0
102 70 43 1.8352 0
57 56 64 4.0998 0
107 61 38 1.9988 0
78 54 63 3.6038 0
90 80 38 1.9988 0
70 87 37 1.9744 0
72 66 79 3.4844 0
50 62 38 1.9988 0
49 80 37 1.8353 0
79 49 38 1.9988 0
77 40 37 1.5771 0
92 70 63 2.9306 0
106 54 83 2.9896 0
108 76 36 0.9832 0
50 48 38 1.9988 0
97 60 38 1.9988 0
98 70 48 2.5896 0
50 55 68 2.8126 0
70 53 44 2.1445 0
92 43 37 1.2117 0
42 63 80 2.6708 0
84 72 38 1.9988 0
44 75 37 1.9744 0
75 54 70 2.6685 0
75 54 56 2.6522 0
57 63 38 1.9988 0
63 86 37 1.9744 0
26 62 83 2.4196 0
60 47 38 1.9988 0
71 53 37 1.9744 0
99 73 38 1.9988 0
66 54 72 2.2977 0
102 66 38 1.9988 0
108 71 37 1.9744 0
40 58 37 1.9744 0
43 61 74 2.3768 0
110 60 86 2.3697 0
85 61 38 1.9988 0
62 70 36 0.9665 0
74 69 73 2.3328 0
44 70 43 1.4248 0
45 71 59 2.2717 0
46 69 71 2.3188 0
98 54 38 1.9988 0
22 62 89 2.1664 0
59 78 38 1.9988 0
68 69 74 2.2617 0
66 56 38 1.9988 0
79 69 38 1.9988 0
96 78 38 1.9988 0
74 62 38 1.9988 0
64 62 38 1.9988 0
71 40 37 1.6812 0
83 86 38 1.9988 0
103 69 81 2.171 0
85 51 66 2.1226 0
41 71 49 1.8879 0
45 64 38 1.9988 0
74 44 38 1.9988 0
73 78 38 1.9988 0
105 56 38 1.9988 0
55 58 38 1.9988 0
50 75 38 1.9988 0
54 81 38 1.9988 0
68 64 84 1.9863 0
78 61 85 1.9595 0
59 68 38 1.9988 0
65 72 38 1.9988 0
67 83 38 1.9988 0
105 75 38 1.9988 0
84 43 38 1.9988 0
108 66 38 1.9988 0
70 70 38 1.9988 0
55 46 38 1.9988 0
93 52 38 1.9988 0
89 71 38 1.9988 0
88 85 38 1.9988 0
98 57 79 1.9056 0
60 42 37 1.9744 0
60 59 38 1.9988 0
79 64 38 1.9988 0
79 54 38 1.9988 0
79 44 38 1.9988 0
78 86 38 1.9988 0
59 83 38 1.9988 0
78 81 38 1.9988 0
45 59 38 1.9988 0
59 73 38 1.9988 0
50 67 38 1.9988 0
73 83 38 1.9988 0
40 64 38 1.9988 0
50 57 38 1.9988 0
75 72 38 1.9988 0
74 67 38 1.9988 0
74 57 38 1.9988 0
74 49 38 1.9988 0
95 70 38 1.9988 0
102 61 38 1.9988 0
0
