128
63 81 71 6.8719 0
102 53 26 0.5 0
26 52 25 0.3708 0
33 60 105 3.1541 0
91 59 104 3.5119 0
61 103 25 0.5 0
93 60 71 6.9795 0
11 62 66 0.7944 0
35 62 71 6.9782 0
64 68 25 0.3708 0
92 83 37 0.5 0
34 83 27 0.5 0
62 79 103 3.1826 0
37 63 40 1.4842 0
60 93 45 1.3023 0
36 85 51 0.7585 0
87 67 45 2.1657 0
73 86 26 0.8766 0
105 73 25 0.5 0
82 58 25 0.3708 0
53 85 26 0.8766 0
33 62 85 6.136 0
64 81 85 6.095 0
92 61 85 5.917 0
66 79 47 2.2523 0
24 69 26 0.8766 0
28 65 51 2.4986 0
94 63 31 1.9299 0
45 70 25 0.5 0
39 85 69 0.5 0
41 54 26 0.8766 0
97 58 53 2.1728 0
73 65 71 1.4785 0
85 76 26 0.6443 0
18 65 75 1.8131 0
64 83 30 2.0031 0
38 61 52 2.4551 0
47 85 74 1.7906 0
95 60 41 2.2182 0
59 83 60 3.8814 0
89 75 37 2.0801 0
35 63 30 1.9921 0
88 62 60 3.7084 0
63 101 36 0.7532 0
95 84 25 0.5 0
33 76 49 1.4435 0
90 48 25 0.1599 0
67 79 60 3.5846 0
30 64 60 3.2517 0
70 97 26 0.8766 0
55 74 26 0.8766 0
97 58 60 3.2582 0
38 61 59 3.3946 0
34 62 96 3.2122 0
41 60 92 3.3053 0
58 84 50 2.5193 0
104 58 80 1.7783 0
95 74 26 0.8766 0
100 59 91 3.2495 0
52 85 83 2.0337 0
75 78 78 1.6889 0
55 95 26 0.8766 0
80 65 80 1.437 0
56 84 91 3.0462 0
87 62 51 2.4652 0
92 61 95 3.0804 0
72 75 25 0.3708 0
36 74 26 0.8766 0
46 59 78 1.7562 0
27 65 93 2.799 0
83 67 26 0.8766 0
38 87 42 0.7558 0
63 80 96 2.8582 0
105 62 25 0.5 0
65 81 40 2.0863 0
85 64 91 2.7173 0
24 60 26 0.8766 0
22 65 82 1.7568 0
26 79 25 0.5 0
47 57 67 1.2265 0
34 48 26 0.5 0
74 75 66 1.1026 0
44 62 26 0.8766 0
63 92 26 0.8766 0
72 79 90 2.4821 0
94 54 26 0.8766 0
82 64 85 2.1356 0
67 79 53 2.3627 0
24 65 87 2.2123 0
62 97 41 1.6378 0
104 55 66 0.9083 0
37 62 45 2.1427 0
100 68 26 0.8766 0
44 60 86 2.1714 0
90 69 26 0.8766 0
32 55 26 0.7449 0
87 54 26 0.8766 0
74 78 83 1.9717 0
77 65 76 1.8897 0
70 79 78 2.0081 0
101 80 25 0.5 0
102 58 85 2.0191 0
65 75 26 0.5537 0
65 63 68 0.3968 0
44 77 25 0.5 0
96 58 46 1.9028 0
31 72 49 2.0106 0
90 80 26 0.8766 0
31 69 26 0.8766 0
99 59 26 0.8766 0
99 59 79 1.9372 0
88 61 26 0.8766 0
47 58 72 1.4783 0
107 59 72 0.5 0
59 89 47 1.7518 0
89 78 31 1.0684 0
71 81 65 1.8033 0
57 80 26 0.8766 0
44 84 70 1.6766 0
15 64 71 1.6295 0
92 54 79 1.7254 0
40 59 79 1.7919 0
75 77 73 1.5399 0
66 104 42 0.5 0
69 91 26 0.8766 0
64 98 26 0.8766 0
30 75 26 0.8766 0
36 82 48 1.1968 0
0
