128
70 68 56 3.0283 0
24 30 56 3.6124 0
15 92 74 0.5 0
84 11 75 0.5 0
48 66 112 0.5 0
62 120 74 0.5 0
120 60 76 0.5 0
97 103 56 3.6124 0
93 34 59 6.4698 0
40 101 58 5.1663 0
11 64 56 2.935 0
57 12 54 1.7334 0
81 63 95 0.5 0
54 45 56 3.7491 0
115 76 55 2.3975 0
49 65 82 0.9395 0
42 73 56 3.212 0
83 84 58 5.5459 0
115 51 55 2.3977 0
65 49 108 0.9395 0
71 116 54 1.7334 0
41 13 76 0.5 0
42 23 57 4.757 0
17 84 56 3.6407 0
34 47 57 4.2704 0
62 78 97 0.9395 0
11 44 76 0.5 0
65 49 84 0.9395 0
77 53 57 4.757 0
103 86 57 4.757 0
76 12 55 2.3975 0
84 115 75 0.2176 0
59 89 54 1.7334 0
72 69 79 0.7979 0
34 34 59 6.4698 0
93 93 59 6.4698 0
63 8 75 0.2176 0
114 40 75 0.1713 0
97 62 54 0.9093 0
58 60 69 1.6029 0
72 69 110 0.9305 0
68 32 54 1.53 0
116 86 76 0.5 0
9 74 75 0.2176 0
84 44 58 5.5459 0
15 43 56 2.7855 0
49 64 57 4.757 0
44 43 58 5.5459 0
53 60 98 0.7979 0
84 112 56 2.7868 0
51 115 56 2.3975 0
45 116 75 0.5 0
27 86 58 5.1663 0
61 75 69 1.6029 0
65 77 57 4.757 0
104 42 57 4.757 0
64 49 57 4.757 0
26 104 74 0.6442 0
106 100 76 0.5 0
98 19 75 0.5 0
73 98 54 1.7334 0
116 63 56 2.935 0
78 64 57 4.757 0
76 75 57 4.757 0
24 41 57 4.757 0
86 103 57 4.757 0
86 24 57 4.757 0
56 56 57 4.757 0
19 30 75 0.1716 0
8 59 74 0.2171 0
28 65 53 0.7255 0
95 73 55 2.0148 0
118 73 71 0.5696 0
47 93 57 4.2704 0
93 80 57 4.2704 0
80 34 57 4.2704 0
35 79 57 4.1481 0
29 20 74 0.3801 0
54 31 55 1.9765 0
62 78 82 0.9395 0
95 47 57 4.0224 0
47 32 57 4.0224 0
50 10 67 0.6292 0
59 103 53 0.7255 0
95 109 72 0.5633 0
80 95 57 4.0224 0
107 29 73 0.3801 0
60 76 110 0.9305 0
65 49 96 0.9395 0
69 67 69 1.6029 0
72 69 91 0.7979 0
73 118 68 0.5688 0
32 23 56 3.6124 0
104 32 56 3.6124 0
47 53 56 3.7491 0
76 60 105 0.7882 0
76 59 85 0.818 0
117 50 70 0.6292 0
65 49 72 0.9395 0
56 57 110 0.9305 0
73 9 69 0.5696 0
74 42 56 3.6066 0
103 97 56 3.6124 0
97 24 56 3.6124 0
53 86 56 3.3725 0
86 74 56 3.3725 0
23 73 54 1.4815 0
56 57 88 0.7979 0
35 59 54 1.7334 0
35 111 71 0.4785 0
37 89 62 2.7639 0
24 102 62 0.575 0
73 84 56 3.4255 0
64 116 56 2.935 0
66 20 53 0.5205 0
21 94 56 3.092 0
43 110 56 3.3243 0
78 62 75 0.9395 0
10 50 67 0.6291 0
23 56 53 0.7255 0
33 95 62 3.1638 0
74 22 54 1.4999 0
105 74 54 1.4999 0
110 93 69 0.5012 0
15 37 69 0.6497 0
88 53 56 3.0829 0
12 76 55 2.3977 0
12 51 55 2.3975 0
0
