128
81 57 65 0.7861 0
9 67 65 1.0118 0
53 119 64 0.5 0
104 105 65 0.5 0
45 82 66 1.425 0
121 68 66 0.5 0
74 97 68 1.2362 0
25 106 64 0.5 0
96 80 65 1.0118 0
46 57 65 0.8118 0
23 84 65 1.0118 0
103 60 65 1.0118 0
78 119 65 0.5 0
55 98 66 1.4545 0
26 58 65 0.9275 0
115 87 64 0.5 0
91 96 65 0.7649 0
40 107 65 1.0118 0
82 83 66 1.4154 0
91 111 65 0.7497 0
31 72 65 1.0118 0
34 94 65 1.0118 0
91 65 65 1.0118 0
67 84 64 0.5 0
104 90 65 1.0118 0
20 96 65 0.9475 0
108 74 64 0.5 0
44 95 66 1.6158 0
82 105 65 1.0118 0
13 80 65 1.0118 0
38 63 65 1.0118 0
20 70 65 0.5 0
116 74 65 1.0118 0
50 111 65 0.636 0
58 88 65 0.8288 0
119 58 64 0.1403 0
97 102 65 1.0118 0
51 91 66 1.5669 0
69 91 66 1.3751 0
78 92 66 1.9566 0
33 82 66 0.5 0
108 82 65 0.6472 0
30 101 65 1.0118 0
96 88 65 0.9073 0
16 87 65 1.0118 0
82 114 65 1.0118 0
95 71 65 1.0118 0
28 90 65 1.0118 0
110 97 65 0.5 0
33 109 65 0.9572 0
47 102 65 1.0118 0
104 67 65 1.0118 0
43 116 64 0.5 0
67 99 65 0.9745 0
102 74 65 0.7091 0
114 81 65 1.0118 0
25 76 65 0.6267 0
101 97 65 1.0118 0
8 58 64 0.1578 0
11 73 65 1.0118 0
82 99 67 0.9735 0
85 91 65 1.0118 0
78 98 66 1.9245 0
36 100 65 1.0118 0
23 66 65 1.0118 0
91 102 65 1.0118 0
83 75 64 0.5 0
28 81 65 1.0118 0
87 61 65 1.0118 0
44 111 65 1.0118 0
78 110 65 1.0118 0
117 64 65 0.869 0
72 117 64 0.5039 0
20 79 65 0.7788 0
99 109 66 0.5 0
103 80 65 0.7933 0
109 92 65 0.9522 0
25 98 65 0.894 0
56 92 67 1.2948 0
96 95 66 0.7995 0
94 106 65 1.0118 0
23 90 65 1.0118 0
35 69 65 1.0118 0
91 91 65 0.8549 0
45 75 64 0.5039 0
51 98 67 1.5531 0
70 98 66 1.4545 0
78 114 66 1.3162 0
53 105 65 0.5 0
42 89 65 0.9491 0
76 104 65 0.5858 0
34 88 65 0.8228 0
43 59 66 1.312 0
111 88 65 1.0118 0
35 105 65 1.0118 0
102 86 65 1.0118 0
98 76 65 1.0118 0
105 99 65 0.9715 0
38 113 64 0.5039 0
49 114 66 1.333 0
82 78 65 1.0118 0
84 59 66 1.2818 0
88 107 66 0.9708 0
85 111 65 1.0118 0
45 86 66 1.3201 0
31 97 65 1.0118 0
27 86 65 1.0118 0
105 71 65 1.0118 0
33 77 65 0.8732 0
82 87 66 1.2632 0
81 95 67 1.3381 0
87 99 65 0.5232 0
27 104 65 1.0118 0
47 106 65 1.0118 0
23 70 65 1.0118 0
9 63 65 1.0118 0
28 94 65 1.0118 0
42 101 65 0.9476 0
17 92 65 0.9587 0
37 91 65 0.8477 0
48 95 67 1.2093 0
105 76 65 1.0118 0
100 55 64 0.5 0
100 82 65 1.0118 0
78 85 65 0.7914 0
41 92 65 1.0118 0
45 78 65 1.0118 0
30 107 65 1.0118 0
0
