128
94 66 56 11.2916 0
12 53 85 0.5 0
32 84 51 6.3838 0
50 55 83 1.7794 0
33 81 91 3.257 0
33 66 56 11.2947 0
94 81 91 3.258 0
112 56 88 0.5 0
77 55 83 1.7794 0
94 54 81 3.0788 0
33 54 81 3.0775 0
19 60 77 4.0344 0
108 60 77 4.0344 0
94 84 51 6.3744 0
94 81 68 5.4069 0
33 81 68 5.406 0
110 61 49 5.2145 0
17 61 49 5.2145 0
20 78 52 5.0938 0
104 81 59 5.0957 0
94 58 72 5.1191 0
33 58 72 5.1165 0
82 61 68 5.0887 0
45 61 68 5.0887 0
42 81 58 5.172 0
79 62 48 4.9558 0
20 61 67 5.0086 0
107 61 67 5.0086 0
48 62 48 4.9558 0
84 80 59 4.8912 0
33 82 79 4.4921 0
94 82 79 4.4806 0
104 78 48 4.158 0
23 79 63 3.9596 0
84 78 49 4.1275 0
80 59 78 4.132 0
47 59 78 4.132 0
42 80 47 3.948 0
79 60 58 3.7405 0
48 60 58 3.7405 0
46 75 52 3.1072 0
110 59 58 2.7985 0
17 59 58 2.7985 0
104 74 65 2.6478 0
113 89 51 0.5 0
97 55 46 2.7287 0
30 55 46 2.7262 0
25 87 58 2.615 0
42 74 65 2.7252 0
77 89 51 0.5 0
87 88 57 2.6595 0
89 56 46 2.613 0
105 69 46 2.5234 0
22 69 46 2.5234 0
38 56 46 2.603 0
26 75 46 2.4841 0
23 84 46 2.358 0
109 76 54 2.5222 0
51 89 52 0.5 0
84 74 65 2.2941 0
103 86 47 2.1985 0
18 65 57 2.3327 0
109 65 57 2.3327 0
83 69 46 2.3222 0
44 69 46 2.3222 0
24 57 46 2.2621 0
103 57 46 2.2621 0
84 85 52 2.1911 0
100 93 61 0.5 0
94 50 64 0.7086 0
27 71 70 1.4325 0
85 85 46 1.9918 0
33 50 64 0.6661 0
15 55 81 1.9311 0
112 55 81 1.9311 0
15 89 55 0.5 0
102 88 55 2.0641 0
39 89 58 1.9787 0
89 71 70 1.4559 0
100 71 70 1.4325 0
110 82 53 1.9196 0
40 73 45 1.9322 0
91 85 60 2.0497 0
50 71 60 0.7855 0
38 71 70 1.4559 0
77 71 59 0.8678 0
32 54 64 2.0413 0
95 54 64 2.0392 0
77 55 71 1.9712 0
50 55 71 1.9712 0
111 56 72 2.0202 0
16 56 72 2.0202 0
21 73 60 2.0134 0
77 84 44 0.8678 0
79 82 53 1.9196 0
101 66 69 1.9671 0
26 66 69 1.9671 0
79 74 53 1.7734 0
103 63 45 1.9322 0
111 85 45 0.9081 0
40 87 47 1.9353 0
27 82 74 1.8823 0
100 82 74 1.8823 0
105 85 52 1.9364 0
16 85 59 0.6518 0
92 76 46 1.9417 0
35 76 46 1.9414 0
88 80 74 1.8583 0
48 81 51 1.7725 0
39 80 74 1.851 0
24 64 45 1.9322 0
87 73 45 1.9322 0
30 85 61 1.803 0
41 62 75 1.8765 0
86 62 75 1.8765 0
97 85 61 1.7946 0
97 76 46 1.8525 0
43 86 51 1.7735 0
111 72 61 0.9886 0
51 78 65 0.5 0
35 85 61 1.8471 0
23 86 51 1.8206 0
110 82 48 1.6817 0
25 62 74 1.7018 0
102 62 74 1.7018 0
51 75 44 0.5 0
107 73 58 1.7299 0
113 88 59 0.5 0
0
