128
61 63 64 0.9138 0
89 116 64 0.5 0
91 13 64 0.5 0
34 15 65 0.5 0
39 110 63 0.5 0
92 81 65 0.5 0
92 47 63 0.5 0
62 29 64 0.9138 0
67 96 64 0.5 0
40 82 65 0.9191 0
41 45 64 0.9138 0
60 116 64 0.5 0
83 64 64 0.9138 0
82 29 64 0.9138 0
42 64 64 0.9138 0
89 98 64 0.9138 0
71 78 64 0.9138 0
69 47 64 0.9138 0
51 15 64 0.9138 0
72 15 64 0.9138 0
49 96 64 0.9138 0
54 77 64 0.9138 0
47 29 64 0.9138 0
55 50 64 0.9138 0
74 110 64 0.5 0
33 33 64 0.5 0
82 88 64 0.9138 0
82 52 64 0.9138 0
61 87 64 0.9138 0
73 36 64 0.9138 0
82 76 64 0.9138 0
59 104 67 0.5 0
77 100 65 0.998 0
71 58 65 0.9967 0
83 42 64 0.9138 0
82 15 64 0.9138 0
50 110 64 0.4059 0
89 22 64 0.9138 0
54 38 63 0.5 0
92 35 64 0.5 0
63 18 64 0.9138 0
41 91 64 0.9138 0
69 69 64 0.9138 0
40 101 65 0.9191 0
41 73 64 0.9138 0
92 58 64 0.5 0
61 43 64 0.9138 0
37 24 64 0.5 0
49 84 64 0.9138 0
49 69 64 0.9138 0
84 108 65 0.5 0
90 71 65 0.9421 0
49 56 64 0.9138 0
40 55 65 0.9191 0
61 73 64 0.9138 0
49 43 64 0.9138 0
69 87 64 0.9138 0
70 24 67 0.5 0
61 55 64 0.9138 0
54 22 64 0.9138 0
65 36 64 0.9138 0
79 22 64 0.9138 0
54 90 64 0.9138 0
76 93 64 0.9138 0
56 99 64 0.9138 0
42 17 63 0.5 0
67 105 63 0.3409 0
91 89 67 0.5 0
76 45 64 0.9138 0
92 108 65 0.5 0
76 65 64 0.9138 0
41 36 63 0.4059 0
89 29 64 0.9138 0
73 29 64 0.9138 0
47 22 64 0.9138 0
46 78 64 0.9138 0
46 50 64 0.9138 0
86 36 64 0.9138 0
76 85 64 0.9138 0
76 73 64 0.9138 0
44 115 65 0.5 0
86 57 64 0.9138 0
61 95 64 0.9138 0
54 60 64 0.9138 0
82 97 64 0.9138 0
87 92 64 0.9138 0
56 31 64 0.9138 0
69 115 64 0.5 0
90 64 65 0.9421 0
76 53 64 0.9138 0
57 16 64 0.9138 0
50 35 64 0.9138 0
89 42 64 0.9138 0
61 79 64 0.9138 0
79 36 64 0.9138 0
47 102 64 0.6709 0
59 36 64 0.9138 0
54 66 64 0.9138 0
72 101 64 0.9138 0
61 109 63 0.4059 0
89 86 64 0.9138 0
90 52 65 0.9421 0
82 114 63 0.4059 0
61 101 64 0.9138 0
84 20 64 0.9138 0
43 86 64 0.9138 0
77 17 64 0.9138 0
56 85 64 0.9138 0
56 71 64 0.9138 0
77 59 65 0.998 0
39 30 63 0.4059 0
69 21 64 0.9138 0
89 78 64 0.9138 0
54 115 63 0.5 0
75 116 64 0.5 0
55 42 64 0.9138 0
82 69 64 0.9138 0
55 106 63 0.5 0
77 79 65 0.998 0
68 29 64 0.9138 0
41 96 64 0.9138 0
49 64 64 0.9138 0
82 83 64 0.9138 0
60 22 64 0.9138 0
71 93 64 0.9138 0
69 62 64 0.9138 0
69 54 64 0.9138 0
62 49 67 0.5 0
0
