128
66 62 65 2.5532 0
9 66 63 1.1388 0
105 105 63 0.5 0
102 24 64 1.1364 0
32 23 64 1.1364 0
40 107 64 0.5 0
108 65 63 0.5 0
68 23 63 1.1364 0
81 89 66 3.3988 0
40 77 66 3.3988 0
40 49 66 3.3988 0
90 47 64 1.1364 0
57 93 66 3.3988 0
68 41 66 3.3988 0
23 94 63 0.576 0
106 85 64 0.7955 0
89 66 63 1.1364 0
51 28 64 1.1364 0
86 28 64 1.1364 0
23 38 63 0.6119 0
108 42 63 0.5 0
25 63 63 1.1388 0
57 74 65 2.4687 0
72 107 62 0.5 0
81 38 66 3.3988 0
89 107 63 0.5 0
78 70 65 2.6405 0
55 54 65 2.3651 0
67 87 66 3.3988 0
24 77 64 1.1364 0
76 54 65 2.3709 0
37 60 66 3.3988 0
37 95 63 1.1364 0
57 40 66 3.3988 0
97 96 63 1.1364 0
97 77 64 1.1364 0
98 36 63 1.1364 0
101 56 64 1.1364 0
26 51 63 1.1364 0
49 88 66 3.3988 0
41 34 64 1.1364 0
93 61 66 3.3988 0
68 72 65 2.4268 0
16 56 64 1.1339 0
41 68 66 3.3988 0
28 103 64 1.1364 0
86 82 66 3.3988 0
52 107 62 0.5 0
65 33 66 3.3988 0
80 103 63 1.1364 0
64 103 63 1.1364 0
76 83 66 3.3988 0
73 92 66 3.3988 0
73 35 66 3.3988 0
47 100 64 1.1364 0
65 95 65 3.0447 0
32 39 64 1.1364 0
44 42 65 3.0215 0
76 62 65 2.54 0
66 54 65 2.6099 0
50 37 65 3.1521 0
29 85 64 1.1364 0
55 62 65 2.4252 0
23 28 63 0.8844 0
81 76 65 2.9474 0
77 45 65 2.5838 0
42 22 63 0.9552 0
78 22 63 0.9552 0
18 71 63 1.1388 0
102 46 64 1.1364 0
105 75 63 1.1364 0
89 100 64 1.1364 0
61 83 65 2.6967 0
92 54 65 2.737 0
105 95 63 1.1364 0
37 87 64 1.1364 0
32 31 64 1.1364 0
94 24 64 1.1364 0
97 104 63 1.1364 0
43 56 65 2.6202 0
58 22 63 0.9552 0
100 68 64 1.1364 0
56 33 65 2.5121 0
46 81 67 2.391 0
67 48 65 2.4651 0
106 32 63 0.7955 0
92 40 63 1.1364 0
96 86 62 0.6285 0
32 70 64 1.1364 0
56 48 65 2.2832 0
71 78 65 2.2357 0
84 57 64 1.1364 0
56 68 65 2.2071 0
56 103 63 1.1364 0
89 92 63 1.1364 0
31 92 64 1.1364 0
38 28 64 1.1364 0
29 45 64 1.1364 0
43 85 64 2.1443 0
32 79 63 1.1364 0
49 71 64 1.1364 0
93 72 63 1.1364 0
36 72 64 2.1443 0
45 73 64 2.1443 0
90 33 64 1.1364 0
35 66 64 2.1443 0
43 62 64 2.1443 0
53 81 63 1.1364 0
37 103 63 1.1364 0
29 58 64 1.1364 0
49 49 63 1.1364 0
101 30 63 1.1364 0
70 101 63 1.1364 0
95 67 64 2.0221 0
84 48 64 1.1364 0
9 59 64 0.6275 0
108 52 66 0.5 0
26 70 64 1.1364 0
32 51 63 1.1364 0
96 46 64 1.1364 0
80 28 64 1.1364 0
102 90 64 1.1364 0
48 23 63 1.1364 0
102 82 64 1.1364 0
73 26 63 1.1364 0
44 94 64 1.1364 0
102 40 64 1.1364 0
45 30 63 1.1364 0
0
