128
40 79 76 11.5999 0
108 31 62 0.8518 0
67 36 82 8.4246 0
89 72 67 3.9586 0
54 59 119 0.5 0
91 43 69 6.9912 0
70 80 77 5.3555 0
39 43 62 0.7461 0
59 63 97 3.074 0
49 69 92 8.1242 0
56 90 70 7.6414 0
94 60 69 6.5505 0
48 31 66 3.4441 0
82 74 77 6.7302 0
41 60 79 6.5987 0
32 63 68 6.1665 0
19 98 62 0.5 0
76 32 70 5.8096 0
79 55 81 2.8129 0
26 88 67 5.3912 0
79 45 80 5.584 0
64 38 108 0.5 0
56 32 72 5.4016 0
41 95 67 4.9922 0
25 74 67 5.043 0
51 53 87 4.2084 0
113 47 62 0.5 0
57 54 96 5.0373 0
64 39 96 4.6515 0
86 53 75 4.4532 0
58 46 87 4.4134 0
54 41 79 4.1707 0
102 51 66 3.9197 0
35 52 69 4.1946 0
83 62 78 4.0588 0
68 86 68 4.1507 0
67 66 89 2.3687 0
49 65 105 3.9405 0
58 56 106 3.7224 0
55 73 81 3.7296 0
36 69 89 3.4106 0
56 89 90 0.5 0
44 44 70 1.9684 0
71 72 83 3.552 0
47 94 78 3.3578 0
66 30 68 3.5127 0
71 48 86 3.3377 0
45 57 92 3.4845 0
18 69 81 0.5 0
39 78 92 3.4428 0
47 58 100 3.1477 0
77 66 83 3.2105 0
53 80 85 3.2296 0
62 92 80 3.1653 0
27 69 75 3.0886 0
50 99 65 3.107 0
31 92 77 3.0441 0
80 81 62 0.7923 0
47 51 79 3.0232 0
25 84 77 2.9615 0
105 38 63 1.3597 0
100 38 65 2.9888 0
52 89 81 2.8619 0
91 68 76 2.7605 0
83 78 67 2.7793 0
88 27 62 0.5 0
42 51 73 2.7598 0
32 95 66 2.7631 0
61 67 91 2.639 0
76 80 70 2.6987 0
24 49 62 0.5 0
48 41 73 2.6335 0
67 101 64 0.5 0
77 81 83 2.5921 0
80 41 71 2.3781 0
105 68 62 0.5 0
50 67 80 2.3283 0
60 28 64 2.3676 0
31 69 83 2.5605 0
57 100 65 2.4709 0
84 33 65 2.4207 0
29 51 64 2.3676 0
60 46 95 2.4569 0
104 44 64 2.3676 0
37 88 64 2.3676 0
39 94 77 2.4316 0
65 93 64 2.3676 0
75 59 85 2.0998 0
67 89 75 2.3896 0
21 67 64 2.3676 0
48 85 64 2.3676 0
31 81 64 2.3676 0
34 72 64 2.3676 0
83 38 75 2.3956 0
21 68 72 2.2682 0
64 82 89 0.5 0
54 27 65 2.3886 0
81 27 64 2.3676 0
69 56 91 0.9294 0
43 68 102 2.3108 0
69 32 93 2.2781 0
103 58 64 2.2848 0
66 72 88 2.2324 0
62 46 105 0.9981 0
43 39 64 1.0826 0
59 72 87 2.1931 0
50 61 83 2.2131 0
56 60 90 2.1258 0
55 62 102 2.1026 0
38 69 96 1.9896 0
99 67 64 2.0622 0
23 81 72 2.1404 0
86 66 70 2.0198 0
90 34 64 2.0375 0
32 66 78 2.0055 0
74 85 64 2.0778 0
33 81 89 1.9514 0
111 55 62 0.8518 0
40 63 89 2.0159 0
67 77 85 1.9709 0
55 84 80 2.0214 0
54 79 71 1.9017 0
51 57 113 0.9054 0
59 38 90 1.9832 0
62 81 71 1.9025 0
82 38 66 1.9572 0
28 82 84 1.9116 0
108 55 64 1.8151 0
0
