128
64 66 65 1.1177 0
98 18 65 0.5 0
30 19 63 0.5 0
99 109 65 0.5 0
29 108 63 0.5 0
64 106 64 0.6298 0
66 29 65 1.1592 0
99 54 63 0.5 0
29 55 63 0.5 0
89 82 63 0.5 0
39 81 64 0.5 0
52 47 65 0.9314 0
71 48 65 1.6376 0
56 87 65 1.5809 0
90 36 63 0.5 0
49 18 64 0.5 0
76 93 64 0.6298 0
31 37 65 0.5 0
83 63 63 0.5 0
44 64 65 0.5 0
46 103 63 0.5 0
81 19 63 0.5 0
55 59 78 0.5 0
83 109 63 0.5 0
75 78 65 0.7109 0
99 70 65 0.5 0
54 78 79 0.5 0
98 94 65 0.5 0
45 33 63 0.5 0
31 93 63 0.5 0
29 71 63 0.5 0
57 37 65 1.6376 0
55 73 65 1.5822 0
60 55 65 1.4201 0
55 22 75 0.5 0
87 49 63 0.5 0
58 21 65 1.6376 0
78 34 64 0.6514 0
39 49 65 0.5 0
54 63 65 1.6376 0
65 95 64 0.6298 0
54 97 65 1.5095 0
87 98 65 0.5 0
99 29 63 0.5 0
99 43 65 0.5 0
73 59 65 0.7961 0
63 78 65 1.606 0
70 18 64 0.5 0
42 92 64 0.2454 0
74 107 64 0.6298 0
89 25 65 0.5 0
54 110 64 0.5 0
89 72 64 0.5206 0
99 80 65 0.5 0
75 26 64 0.6298 0
58 29 65 1.6376 0
75 68 65 0.5936 0
40 23 63 0.1219 0
29 83 63 0.1219 0
92 61 65 0.5 0
39 109 65 0.5 0
64 42 65 1.1818 0
70 89 65 1.3248 0
35 64 63 0.5 0
46 55 64 0.5462 0
40 72 64 0.5758 0
55 51 74 0.5 0
48 81 64 0.7328 0
38 100 65 0.5 0
60 49 66 2.0197 0
49 26 64 0.8665 0
34 29 64 0.5 0
42 41 63 0.5 0
80 44 63 0.5 0
80 53 65 0.5 0
86 90 63 0.5 0
30 46 63 0.1219 0
91 107 63 0.5 0
71 38 64 0.6298 0
58 106 65 1.1927 0
80 85 64 0.4302 0
72 73 65 1.3009 0
56 81 65 1.6376 0
37 56 63 0.5 0
62 61 65 1.6376 0
81 73 64 0.6823 0
93 88 65 0.5 0
57 59 66 2.0108 0
60 74 66 1.9923 0
49 38 64 0.9454 0
30 101 65 0.5 0
99 62 63 0.5 0
48 92 64 0.5417 0
96 101 65 0.5 0
33 77 65 0.5 0
47 74 64 0.8517 0
88 18 64 0.5 0
80 101 63 0.1219 0
63 88 71 0.1982 0
92 44 65 0.5 0
84 30 65 0.5 0
73 98 69 0.5 0
86 56 63 0.5 0
70 81 70 0.5 0
59 96 65 1.6376 0
56 68 65 1.6376 0
65 22 64 0.6298 0
51 105 64 0.6298 0
61 82 66 1.8724 0
92 53 65 0.5 0
37 35 63 0.5 0
45 48 64 0.6984 0
98 36 64 0.1799 0
51 53 64 0.6298 0
76 18 67 0.5 0
71 102 64 0.6298 0
35 87 63 0.1219 0
55 50 65 1.6376 0
74 84 64 0.6298 0
93 77 63 0.5 0
84 39 63 0.5 0
63 92 65 1.6376 0
49 68 64 0.9614 0
71 94 65 1.2808 0
36 43 63 0.5 0
56 78 73 0.5 0
51 31 64 0.6298 0
67 81 65 1.4345 0
0
