128
62 64 65 2.1004 0
90 66 14 0.587 0
92 66 114 0.5 0
36 65 15 0.5 0
37 67 114 0.5 0
63 64 29 2.1644 0
92 67 82 0.5 0
92 65 46 0.5 0
39 65 85 1.1566 0
37 65 46 0.8561 0
65 65 108 0.9654 0
68 64 87 2.1644 0
39 65 65 1.1566 0
86 64 64 0.7689 0
49 59 100 1.288 0
81 64 29 2.0507 0
81 64 99 2.0507 0
46 64 29 2.0507 0
78 59 49 1.3064 0
54 64 43 1.8736 0
78 59 75 1.305 0
74 64 17 2.1644 0
49 59 76 1.288 0
56 64 17 2.1644 0
49 59 56 1.288 0
51 64 87 2.1644 0
52 64 110 2.1644 0
69 64 43 1.8736 0
80 64 86 2.1644 0
74 64 65 2.1004 0
75 64 110 2.1644 0
39 65 97 1.1566 0
48 64 65 2.1644 0
81 64 57 2.0507 0
88 65 74 1.1566 0
88 65 38 1.1566 0
47 64 17 2.1644 0
80 64 43 2.1644 0
39 65 37 1.1566 0
84 64 19 1.248 0
47 64 48 1.8647 0
92 67 94 0.5 0
43 64 105 1.248 0
88 65 106 1.1566 0
46 64 37 2.0507 0
42 64 73 1.2467 0
42 64 57 1.2467 0
46 64 93 2.0507 0
92 67 26 0.5 0
80 64 70 1.8647 0
36 66 24 0.5 0
60 64 23 2.1644 0
87 65 50 1.1566 0
60 64 109 2.1644 0
78 59 37 1.3078 0
46 64 77 2.0507 0
80 64 23 2.1644 0
88 65 90 1.1566 0
80 64 64 2.1644 0
74 64 87 2.1644 0
62 64 87 2.1644 0
47 64 23 2.1644 0
68 64 16 2.1028 0
62 64 16 2.1028 0
68 64 65 2.1004 0
56 64 65 2.1004 0
81 64 51 2.0507 0
81 64 35 2.0507 0
81 64 92 2.0507 0
84 67 114 0.5 0
71 64 22 2.1644 0
46 64 101 2.0507 0
84 64 79 1.248 0
89 65 31 0.9524 0
78 59 103 1.305 0
69 64 109 2.1644 0
92 67 59 0.5 0
48 64 43 2.1644 0
80 64 17 2.1644 0
52 64 21 2.1644 0
80 64 108 2.1644 0
68 64 27 2.1644 0
47 64 108 2.1644 0
39 65 20 1.1566 0
46 64 53 2.0507 0
81 64 75 2.0507 0
39 65 29 1.1566 0
52 58 33 0.5 0
46 64 59 2.0507 0
46 64 85 2.0507 0
46 64 70 2.0507 0
78 59 95 1.305 0
78 58 60 0.8393 0
88 65 58 1.1566 0
74 64 43 1.8736 0
64 64 43 1.8736 0
59 64 43 1.8736 0
78 59 83 1.305 0
78 59 67 1.305 0
37 65 78 0.8561 0
80 64 80 1.8647 0
90 64 99 0.6678 0
88 65 26 1.1566 0
49 59 92 1.288 0
49 59 84 1.288 0
49 59 28 1.288 0
49 59 36 1.288 0
39 65 111 1.1566 0
78 59 29 1.3087 0
37 65 52 0.8561 0
49 59 68 1.288 0
88 65 82 1.1566 0
88 65 111 1.1566 0
83 64 104 1.6462 0
49 59 48 1.288 0
92 66 20 0.5 0
50 58 107 0.6835 0
36 65 104 0.5 0
37 65 91 0.8561 0
89 65 43 0.9524 0
90 65 68 0.8561 0
89 65 95 0.9524 0
43 64 45 1.248 0
57 63 87 1.3231 0
39 65 49 1.1566 0
43 64 89 1.248 0
43 64 97 1.248 0
43 64 81 1.248 0
0
