128
66 64 64 0.5247 0
14 36 64 0.5 0
104 105 65 0.5 0
52 109 64 0.5 0
76 19 64 0.5 0
29 72 63 0.5 0
103 67 65 0.5 0
47 35 63 0.5247 0
78 91 63 0.5247 0
86 45 63 0.5247 0
51 84 63 0.5247 0
30 22 63 0.5247 0
33 51 65 0.5 0
113 86 64 0.5 0
85 109 64 0.5 0
67 45 64 0.5247 0
47 65 64 0.5 0
95 84 65 0.5 0
81 73 65 0.5 0
59 22 63 0.5247 0
69 105 63 0.5247 0
52 50 64 0.5247 0
67 80 64 0.5247 0
89 60 64 0.5247 0
30 37 63 0.5247 0
58 96 64 0.5247 0
69 31 65 0.5 0
92 97 63 0.5247 0
44 22 65 0.5 0
77 55 64 0.5 0
24 60 63 0.5 0
39 80 65 0.5 0
57 73 63 0.5247 0
21 46 64 0.5 0
36 62 63 0.5247 0
58 38 64 0.5247 0
96 51 63 0.5 0
93 73 63 0.5247 0
41 44 63 0.5247 0
21 28 63 0.5247 0
110 96 63 0.5 0
56 60 63 0.5247 0
67 91 63 0.5247 0
85 83 63 0.5247 0
38 30 63 0.5247 0
79 101 63 0.5247 0
104 77 65 0.5 0
47 75 63 0.5247 0
76 65 63 0.5247 0
77 42 64 0.5247 0
61 52 63 0.5247 0
94 107 63 0.5 0
78 28 63 0.5 0
76 82 64 0.5247 0
101 96 64 0.5 0
60 105 63 0.5247 0
50 100 63 0.5247 0
98 60 63 0.5247 0
51 27 63 0.5247 0
72 73 63 0.5247 0
40 70 64 0.5247 0
68 22 63 0.5247 0
59 83 65 0.5 0
61 30 63 0.5247 0
69 56 63 0.5247 0
48 57 63 0.5247 0
51 42 64 0.5247 0
85 94 65 0.5 0
29 45 63 0.5247 0
26 53 64 0.5247 0
28 30 64 0.5247 0
37 20 64 0.5247 0
66 98 65 0.5 0
29 65 65 0.5 0
104 84 63 0.5 0
84 53 64 0.5 0
93 66 65 0.5 0
96 91 63 0.5247 0
59 45 63 0.5247 0
87 102 64 0.5247 0
44 85 64 0.5 0
39 56 65 0.5 0
38 37 63 0.5 0
59 66 64 0.5247 0
35 75 63 0.5247 0
98 102 65 0.5 0
81 61 65 0.5 0
55 32 65 0.5 0
66 71 65 0.5 0
80 48 63 0.5247 0
90 79 64 0.5247 0
98 78 63 0.5247 0
52 69 64 0.5247 0
45 29 64 0.5247 0
53 78 64 0.5247 0
72 87 64 0.5247 0
16 42 65 0.5 0
64 36 63 0.5 0
39 50 63 0.5123 0
100 72 63 0.5247 0
90 50 64 0.5247 0
73 100 64 0.5247 0
76 106 65 0.5 0
90 91 63 0.5247 0
73 25 64 0.5247 0
33 57 64 0.5 0
24 23 64 0.5 0
62 76 64 0.5 0
33 27 64 0.5247 0
93 56 63 0.5247 0
73 60 64 0.5247 0
34 41 64 0.5 0
55 102 65 0.5 0
81 79 64 0.5 0
64 109 64 0.5 0
56 54 65 0.5 0
41 64 65 0.5 0
62 60 65 0.5 0
48 105 65 0.5 0
47 46 64 0.5 0
105 100 63 0.5247 0
84 89 63 0.5247 0
45 40 64 0.5247 0
53 22 64 0.5247 0
71 67 64 0.5247 0
67 51 64 0.5247 0
87 65 65 0.5 0
98 66 63 0.5247 0
0
