128
63 64 64 0.5278 0
115 65 90 0.5 0
13 64 36 0.5 0
15 63 92 0.5 0
111 64 36 0.5 0
82 65 92 0.5 0
45 63 37 0.8635 0
80 63 37 0.8635 0
27 63 64 0.5278 0
46 63 90 0.8635 0
99 63 64 0.5485 0
82 64 72 0.5278 0
45 63 56 0.5278 0
64 64 88 0.9906 0
99 63 83 0.5278 0
30 64 82 0.5278 0
29 64 45 0.5278 0
95 64 47 0.5278 0
115 64 54 0.5 0
63 64 39 0.9906 0
79 64 54 0.5278 0
44 64 73 0.5278 0
113 64 73 0.6591 0
14 64 75 0.6591 0
14 63 53 0.6591 0
69 64 76 0.5278 0
56 64 78 0.5278 0
59 64 52 0.5278 0
89 63 59 0.5278 0
107 63 47 0.5278 0
87 64 82 0.5278 0
100 63 37 0.8635 0
69 63 48 0.5278 0
33 64 55 0.5278 0
75 63 64 0.5278 0
14 64 64 0.6591 0
109 64 63 0.5278 0
40 64 46 0.5278 0
92 63 71 0.5278 0
109 64 82 0.5278 0
52 63 44 0.5278 0
34 64 72 0.5278 0
77 63 82 0.5278 0
20 64 83 0.5278 0
85 64 46 0.5278 0
90 64 37 0.8635 0
40 64 82 0.5278 0
93 64 92 0.5 0
22 63 38 0.5278 0
34 65 92 0.5 0
35 63 37 0.8635 0
105 64 92 0.5 0
23 64 55 0.9516 0
54 64 61 0.5278 0
104 64 73 0.5278 0
39 64 63 0.5278 0
101 63 54 0.5278 0
24 64 75 0.5278 0
55 64 90 0.8635 0
73 64 90 0.8635 0
26 63 90 0.8635 0
16 63 44 0.5278 0
69 63 58 0.5278 0
48 64 80 0.5278 0
71 64 39 0.5278 0
56 64 70 0.5278 0
77 64 46 0.5278 0
83 63 64 0.5278 0
55 63 36 0.5 0
52 64 54 0.5278 0
22 64 48 0.5278 0
97 64 76 0.5278 0
114 66 44 0.5 0
89 64 52 0.5278 0
47 65 65 0.5 0
63 64 71 0.5278 0
19 63 70 0.9401 0
106 64 40 0.5278 0
59 63 45 0.8941 0
69 64 67 0.5278 0
109 64 55 0.5278 0
99 63 90 0.8635 0
87 64 89 0.5278 0
69 64 84 0.5278 0
63 66 80 0.5 0
93 64 85 0.5278 0
74 64 72 0.5278 0
101 64 45 0.5278 0
28 64 70 0.5278 0
63 64 57 0.5278 0
13 65 84 0.5 0
95 63 41 0.5278 0
35 64 78 0.5278 0
87 63 76 0.5278 0
50 64 74 0.5278 0
46 64 47 0.5278 0
104 63 67 0.5278 0
40 63 52 0.5278 0
18 64 60 0.5278 0
95 63 54 0.5278 0
20 64 89 0.5278 0
28 63 38 0.5278 0
40 64 88 0.5278 0
40 64 40 0.5278 0
59 63 84 0.7687 0
85 63 40 0.5278 0
104 63 79 0.5278 0
50 64 86 0.5278 0
35 64 85 0.5278 0
34 64 48 0.5278 0
89 63 66 0.5278 0
104 63 59 0.5278 0
39 64 69 0.5278 0
115 63 66 0.5 0
81 64 87 0.5278 0
115 65 79 0.5 0
83 64 58 0.5278 0
81 63 78 0.5278 0
75 64 58 0.5278 0
73 63 52 0.5278 0
115 65 60 0.5 0
112 64 50 0.5278 0
104 66 86 0.5 0
50 64 39 0.5278 0
65 63 52 0.5278 0
30 64 76 0.5278 0
99 64 71 0.5278 0
28 64 57 0.5278 0
0
