128
63 63 60 36.5734 0
68 78 109 13.8579 0
56 50 109 13.592 0
81 56 108 10.3845 0
44 71 109 9.2952 0
65 77 18 6.7287 0
77 65 18 6.7287 0
52 71 18 6.502 0
71 52 18 6.502 0
53 54 18 6.3977 0
74 40 109 5.7071 0
88 73 109 5.4082 0
51 80 98 5.3176 0
72 43 97 5.0554 0
84 72 98 5.0955 0
64 64 16 4.8908 0
42 62 97 4.7921 0
50 86 109 4.5126 0
38 57 109 4.4598 0
87 63 94 3.8743 0
62 46 22 3.8191 0
76 77 23 3.7733 0
46 62 22 3.8191 0
42 73 95 3.757 0
81 81 93 3.6076 0
73 86 93 3.6426 0
86 54 93 3.6426 0
46 46 94 3.5141 0
81 46 93 3.6076 0
64 88 93 3.3269 0
63 39 94 3.2189 0
56 82 24 3.3264 0
82 56 24 3.3264 0
54 40 93 3.133 0
54 87 92 3.2528 0
76 76 14 2.8751 0
40 54 101 3.2236 0
40 54 93 3.133 0
64 34 109 3.1056 0
48 79 25 2.7303 0
79 48 25 2.7303 0
82 72 25 2.9046 0
85 84 109 2.945 0
72 84 26 2.8319 0
46 63 14 2.8751 0
63 46 14 2.8751 0
93 65 109 2.94 0
84 42 109 2.945 0
88 74 90 2.906 0
44 83 90 2.7461 0
48 48 25 2.7303 0
72 43 26 2.8319 0
43 72 26 2.8319 0
55 44 25 2.6753 0
44 55 25 2.6736 0
64 85 26 2.7234 0
85 63 26 2.7234 0
74 38 90 2.7461 0
54 88 102 2.6118 0
92 63 88 2.5826 0
36 63 90 2.5232 0
84 84 87 2.5345 0
92 91 60 2.4315 0
57 92 109 2.3222 0
64 37 101 2.4455 0
39 48 109 2.4898 0
56 81 15 2.4353 0
81 56 15 2.4353 0
90 64 101 2.4455 0
65 103 62 2.4457 0
103 64 62 2.4457 0
100 78 64 2.4145 0
78 100 64 2.4145 0
44 83 104 2.3287 0
33 64 109 2.3004 0
100 78 56 2.3654 0
78 100 56 2.3654 0
91 91 66 2.3668 0
42 85 109 2.3744 0
48 100 61 2.3564 0
100 48 61 2.3564 0
90 92 54 2.2858 0
40 64 27 2.1717 0
63 40 27 2.1717 0
62 103 57 2.302 0
37 75 88 2.2385 0
64 93 87 2.0661 0
103 65 56 2.1381 0
75 91 86 2.2011 0
91 53 87 2.1353 0
83 82 101 2.1236 0
64 35 89 2.2217 0
102 65 68 2.1816 0
36 63 103 2.0662 0
100 49 55 2.1595 0
49 100 55 2.1595 0
62 102 68 2.1816 0
87 74 30 2.0593 0
43 43 88 2.1383 0
98 79 70 2.157 0
79 98 70 2.157 0
53 91 87 2.1353 0
79 44 102 2.1584 0
100 50 67 2.1047 0
50 100 67 2.1047 0
90 34 64 2.0891 0
34 90 64 2.0891 0
65 102 52 2.0634 0
82 81 30 2.0851 0
56 45 17 2.1277 0
98 80 51 2.0116 0
80 98 51 2.0116 0
93 37 60 2.121 0
37 93 60 2.121 0
90 34 56 2.041 0
34 90 56 2.041 0
84 42 87 1.8833 0
92 74 85 2.0253 0
87 53 30 2.0625 0
53 87 30 2.0593 0
40 54 29 2.0526 0
54 40 29 2.0526 0
74 88 31 1.947 0
77 26 63 2.0255 0
26 77 63 2.0255 0
63 55 13 1.8672 0
59 87 97 1.9838 0
26 77 57 1.9913 0
0
