128
63 72 78 17.7744 0
64 89 19 3.6652 0
63 47 27 3.1352 0
107 42 92 0.5426 0
15 48 89 0.5 0
53 72 38 3.7392 0
74 71 23 4.5919 0
61 49 93 8.3221 0
75 71 42 3.5769 0
53 66 17 1.7739 0
89 49 86 1.5011 0
34 51 84 1.1107 0
75 51 85 6.3358 0
66 62 101 6.2632 0
50 51 82 6.0674 0
64 61 28 3.6652 0
65 48 77 5.2188 0
54 66 52 2.5656 0
54 71 23 4.5138 0
54 61 97 4.5856 0
64 85 28 3.6652 0
75 71 58 3.9119 0
75 60 94 4.0384 0
77 54 74 4.0191 0
53 72 57 3.7979 0
53 72 47 3.7392 0
64 61 19 3.6652 0
75 71 33 3.5845 0
56 51 72 3.7077 0
62 77 100 3.7557 0
64 94 26 3.6652 0
64 53 22 3.6652 0
64 80 19 3.2864 0
36 62 79 0.9123 0
91 60 78 0.5 0
65 52 68 3.5401 0
48 59 89 3.4775 0
55 70 99 3.5003 0
69 82 97 3.4465 0
65 71 23 3.3337 0
75 69 50 3.2832 0
73 62 61 3.2769 0
73 52 96 3.2302 0
72 74 98 3.2236 0
66 93 72 3.1788 0
47 57 74 3.053 0
77 78 94 2.9882 0
53 64 60 2.9791 0
49 52 92 2.9963 0
58 83 97 2.9798 0
23 50 84 0.6647 0
100 46 85 0.5 0
52 80 95 2.7832 0
76 68 95 2.7749 0
52 69 31 2.7843 0
59 43 82 2.727 0
86 62 78 2.0425 0
73 79 60 2.6781 0
80 62 87 2.6963 0
59 57 63 2.7184 0
67 57 63 2.7184 0
67 42 85 2.6379 0
72 44 92 2.6733 0
85 51 83 2.587 0
72 55 68 2.4544 0
65 46 20 2.4908 0
64 93 82 2.504 0
54 79 60 2.5107 0
67 72 102 2.4255 0
61 76 30 1.1195 0
38 53 83 2.3675 0
74 90 81 2.3344 0
73 76 47 2.2014 0
71 50 71 2.3565 0
99 44 93 0.4426 0
60 93 75 2.2541 0
54 56 67 2.1988 0
80 71 91 2.1741 0
62 54 29 2.1274 0
53 75 30 2.2665 0
60 63 59 2.2233 0
50 73 95 2.1418 0
73 76 53 2.2014 0
81 61 76 2.2026 0
94 54 81 0.8421 0
57 62 43 0.5 0
66 52 103 2.2115 0
67 64 59 2.2233 0
65 78 29 2.0987 0
47 68 91 2.1428 0
58 56 102 2.0212 0
47 78 91 1.89 0
61 70 103 2.0109 0
28 51 90 0.5 0
53 66 43 1.9412 0
72 90 63 0.5 0
55 91 82 2.0478 0
73 65 45 1.9421 0
73 65 36 1.9421 0
50 46 90 1.9437 0
73 65 18 1.9421 0
44 63 77 1.9381 0
30 57 81 0.7207 0
57 63 104 1.8927 0
53 89 63 0.5 0
55 65 38 1.7235 0
73 65 55 1.9421 0
64 90 89 1.8056 0
73 65 31 1.9421 0
43 56 85 1.9154 0
82 78 63 0.5 0
66 87 64 1.9492 0
72 44 79 1.8796 0
54 76 17 1.7739 0
78 86 81 1.9404 0
60 91 70 1.8874 0
73 76 17 1.7739 0
21 49 92 0.5 0
60 86 63 1.9095 0
49 66 64 1.9093 0
61 69 31 0.6602 0
56 46 77 1.7508 0
44 62 85 1.8625 0
84 56 77 1.43 0
94 47 91 0.8509 0
74 76 38 1.8211 0
74 76 29 1.8211 0
54 43 86 1.6411 0
0
