128
63 67 56 0.7468 0
15 36 70 0.8929 0
120 53 57 0.5 0
15 93 70 0.5 0
94 69 56 0.8862 0
32 70 59 0.6615 0
119 78 55 0.5 0
26 51 61 0.9587 0
46 60 57 0.9696 0
79 58 55 0.5563 0
102 54 56 0.9255 0
23 82 64 0.8038 0
109 68 56 0.8785 0
80 71 57 0.5 0
91 58 56 0.8897 0
35 58 58 0.9578 0
112 56 64 0.5 0
22 42 65 0.8257 0
116 72 64 0.5 0
52 69 58 0.5 0
69 59 56 0.9841 0
120 67 56 0.5 0
57 60 56 0.7098 0
111 52 56 0.9747 0
42 69 59 0.5 0
73 67 56 0.9677 0
21 89 68 0.6322 0
115 60 55 0.601 0
27 75 61 0.7106 0
102 73 56 0.9255 0
115 72 56 1.1128 0
107 60 56 0.9908 0
86 67 56 0.8714 0
23 36 71 0.5 0
99 61 55 0.5 0
85 58 56 0.9014 0
109 74 56 0.8657 0
63 60 56 0.7468 0
100 68 56 0.881 0
57 67 56 0.7081 0
115 56 59 0.9859 0
47 67 57 0.9965 0
74 59 56 0.9187 0
96 56 56 0.8763 0
31 55 59 0.7611 0
17 42 69 0.5 0
37 69 58 0.9791 0
22 48 64 0.7763 0
120 61 58 0.5 0
40 59 57 0.9793 0
51 60 56 0.9871 0
77 68 56 0.9131 0
111 73 62 0.5 0
103 59 56 0.8801 0
21 38 68 0.6322 0
17 90 69 0.8727 0
18 85 67 0.9048 0
68 68 56 0.9002 0
87 72 58 0.5 0
117 52 56 0.8703 0
105 71 56 0.8726 0
107 55 58 0.5 0
112 72 59 0.8631 0
82 69 56 0.9104 0
22 86 66 0.7791 0
19 41 67 0.8167 0
111 57 55 0.5 0
23 45 64 0.8039 0
81 61 58 0.5 0
120 57 55 0.5 0
22 93 71 0.5 0
111 71 56 0.9936 0
114 77 58 0.5 0
120 74 57 0.5 0
114 67 58 0.5 0
90 67 56 0.8767 0
23 77 65 0.5 0
88 69 56 0.8941 0
111 60 56 0.5309 0
97 73 55 0.5 0
25 79 62 0.9447 0
108 53 56 0.7535 0
19 46 67 0.5 0
104 67 56 0.9629 0
116 55 64 0.5 0
117 59 56 0.8744 0
97 59 56 0.8828 0
99 71 56 0.8738 0
60 60 56 0.868 0
60 67 56 0.8661 0
51 67 56 0.9871 0
117 67 56 0.9799 0
111 55 60 0.5918 0
82 58 56 0.9104 0
19 35 70 0.7104 0
77 59 56 0.9131 0
88 58 56 0.8941 0
97 68 56 0.8828 0
100 59 56 0.881 0
112 68 56 0.8774 0
112 74 56 0.869 0
99 56 56 0.8738 0
29 72 59 0.6951 0
17 37 69 0.8727 0
91 72 58 0.5 0
40 68 57 0.9793 0
108 71 56 0.8735 0
25 48 62 0.9448 0
94 58 56 0.8862 0
96 71 56 0.8763 0
85 69 56 0.9014 0
27 55 61 0.5 0
119 70 58 0.5 0
91 69 56 0.8897 0
115 69 56 0.8757 0
113 71 63 0.8192 0
115 75 56 0.8711 0
103 56 56 0.8725 0
20 81 67 0.5 0
106 68 56 0.8792 0
66 60 56 0.634 0
114 55 55 0.5 0
54 67 56 0.5772 0
54 60 56 0.5772 0
32 73 61 0.5 0
24 41 68 0.5 0
20 91 69 0.7982 0
116 74 60 0.5 0
0
