128
61 63 63 3.0361 0
121 66 68 0.5 0
7 65 68 0.5 0
90 64 63 3.0447 0
35 64 63 3.0469 0
111 63 63 3.0452 0
76 63 63 3.0578 0
15 64 63 3.0766 0
49 64 63 3.0555 0
25 63 64 2.9929 0
102 64 63 3.0254 0
69 64 64 3.0508 0
42 63 63 2.9684 0
83 64 63 2.9483 0
121 66 60 0.5 0
55 62 65 1.9873 0
96 62 63 1.9688 0
96 70 68 0.5 0
120 60 64 0.5 0
116 70 68 0.5 0
30 70 68 0.5 0
20 70 68 0.5 0
29 70 60 0.5 0
116 65 66 1.3715 0
79 70 68 0.5 0
63 70 68 0.5 0
39 70 68 0.5 0
45 70 68 0.5 0
11 58 68 0.5 0
7 62 60 0.5 0
55 70 65 0.5 0
10 63 66 1.3715 0
8 68 60 0.5 0
20 65 66 1.3715 0
30 65 66 1.3715 0
55 68 60 0.8636 0
56 65 61 1.3715 0
116 65 61 1.3715 0
105 70 68 0.5 0
20 70 60 0.5 0
30 59 60 0.8636 0
106 59 67 0.8636 0
31 59 67 0.8636 0
73 70 68 0.5 0
30 65 61 1.3715 0
19 58 67 0.5 0
20 65 61 1.3715 0
10 63 61 1.3715 0
97 65 66 1.3715 0
20 58 60 0.5 0
95 70 61 0.5 0
25 70 68 0.5 0
84 58 68 0.5 0
97 66 61 1.1369 0
64 70 61 0.5 0
109 70 60 0.5 0
48 58 68 0.5 0
117 62 63 1.2126 0
45 70 60 0.5 0
106 59 60 0.8636 0
66 59 60 0.8636 0
94 58 68 0.5 0
58 68 68 0.5 0
114 58 68 0.5 0
110 70 66 0.5 0
73 58 68 0.5 0
75 70 60 0.5 0
65 59 67 0.8636 0
57 66 65 1.0979 0
54 58 60 0.5 0
100 58 67 0.5 0
39 70 61 0.5 0
51 70 67 0.5 0
13 70 67 0.5 0
53 61 61 1.0272 0
53 66 66 1.0257 0
84 70 67 0.5 0
87 58 60 0.5 0
59 70 62 0.5 0
27 70 64 0.5 0
108 66 66 1.0663 0
65 66 61 0.9697 0
45 66 66 1.0196 0
19 61 65 0.9781 0
118 60 68 0.5 0
115 61 66 0.9485 0
105 61 66 1.0662 0
26 68 60 0.8636 0
38 61 66 1.0296 0
39 66 66 0.9891 0
107 66 61 0.9324 0
80 61 66 0.9773 0
79 68 60 0.8636 0
46 61 66 1.0169 0
89 59 67 0.8636 0
92 69 68 0.5 0
23 70 63 0.5 0
99 61 66 0.9734 0
115 70 63 0.5 0
42 58 68 0.5 0
31 61 64 1.0131 0
64 66 66 0.9324 0
93 61 66 0.9324 0
87 61 66 0.9324 0
79 66 66 0.9324 0
75 70 64 0.5 0
11 58 64 0.5 0
67 70 68 0.5 0
35 70 68 0.5 0
70 59 60 0.7794 0
19 61 62 0.9781 0
12 59 60 0.8636 0
31 61 61 0.9661 0
106 61 63 0.9324 0
56 61 61 0.9324 0
47 59 60 0.8636 0
106 70 64 0.5 0
121 62 60 0.5 0
9 68 67 0.5 0
91 70 60 0.5 0
66 61 61 0.9324 0
65 61 66 0.9324 0
23 59 60 0.8636 0
120 68 65 0.5 0
75 68 67 0.8636 0
112 68 67 0.8636 0
50 70 60 0.5 0
87 68 67 0.6833 0
0
