128
63 63 51 30.0807 0
66 73 97 15.9667 0
57 49 89 9.8469 0
70 48 104 8.9149 0
48 56 105 8.5071 0
76 51 87 8.0549 0
45 64 87 7.2034 0
70 92 28 6.5202 0
92 70 28 6.4965 0
85 84 28 6.0615 0
53 91 28 6.3137 0
91 53 28 6.2931 0
39 80 28 6.2425 0
83 64 83 6.2211 0
80 39 28 6.2041 0
34 67 28 6.0752 0
83 61 107 6.0557 0
67 34 28 6.0377 0
44 41 28 5.9734 0
36 52 28 5.9299 0
46 72 108 5.8472 0
49 78 83 5.1813 0
54 34 27 4.9527 0
84 60 95 4.9137 0
56 44 107 4.7811 0
79 78 80 4.4726 0
58 84 80 4.4858 0
45 53 80 4.4103 0
70 84 79 4.2044 0
44 73 96 4.0178 0
83 72 110 3.8315 0
67 42 79 3.9104 0
61 57 110 3.8315 0
52 82 110 3.8315 0
79 90 35 3.6829 0
90 79 36 3.5235 0
84 54 77 3.4902 0
88 44 34 3.2865 0
60 94 36 3.4872 0
94 60 36 3.4778 0
82 51 99 3.3659 0
82 51 110 3.3568 0
46 89 36 3.2754 0
43 54 93 3.0953 0
85 72 76 3.1536 0
41 64 98 3.179 0
41 68 77 3.1291 0
59 41 77 3.1259 0
84 73 88 3.0971 0
81 51 24 2.8681 0
43 90 24 2.8681 0
34 74 36 2.9038 0
74 34 36 2.9007 0
47 79 101 3.0351 0
51 44 77 2.9108 0
80 47 76 2.9586 0
90 43 25 2.9035 0
60 84 24 2.8681 0
42 60 24 2.8681 0
70 43 24 2.8681 0
76 81 24 2.8681 0
43 70 24 2.8681 0
80 92 24 2.8681 0
38 45 35 2.8876 0
53 34 36 2.8756 0
57 43 24 2.8681 0
78 81 111 2.8236 0
70 59 111 2.8236 0
83 75 24 2.8681 0
50 82 24 2.8681 0
60 86 111 2.8236 0
86 61 24 2.8681 0
96 61 24 2.8681 0
32 59 34 2.782 0
61 96 24 2.8681 0
45 50 24 2.8681 0
43 75 76 2.7727 0
54 65 111 2.8236 0
60 32 35 2.698 0
68 41 87 2.7544 0
86 85 38 2.7111 0
92 51 38 2.7216 0
86 68 98 2.7255 0
40 61 76 2.6665 0
94 69 39 2.655 0
70 94 38 2.6566 0
40 84 38 2.6507 0
51 84 75 2.466 0
84 40 38 2.6156 0
47 80 93 2.3321 0
53 93 38 2.4844 0
74 42 75 2.5746 0
51 44 100 2.5287 0
45 38 37 2.5326 0
94 79 24 2.3523 0
32 64 38 2.3209 0
78 83 74 2.3757 0
66 32 38 2.2359 0
70 86 111 2.2801 0
63 40 97 2.1865 0
35 50 38 2.2719 0
52 84 89 2.185 0
66 88 73 2.2708 0
70 41 94 2.2616 0
42 73 82 2.1591 0
88 61 73 2.2479 0
43 75 89 2.1692 0
88 67 73 2.131 0
75 31 24 2.1277 0
56 87 73 2.2079 0
49 45 111 2.1465 0
51 47 23 1.8602 0
64 40 111 2.1706 0
83 79 73 1.9845 0
31 75 24 2.1255 0
64 87 84 2.1612 0
85 73 101 2.1849 0
40 64 108 2.1715 0
76 92 41 2.0957 0
42 89 30 2.0329 0
36 79 39 2.0396 0
75 47 23 1.8602 0
79 36 39 2.0346 0
46 81 74 1.9314 0
61 40 102 2.0362 0
29 60 24 1.9227 0
60 29 24 1.8953 0
44 50 87 1.9595 0
0
