128
38 64 64 2.0225 0
121 72 61 0.5 0
82 56 61 0.641 0
7 56 61 0.5 0
63 71 62 0.8694 0
99 71 65 0.8694 0
20 68 64 2.1567 0
111 56 61 0.641 0
80 72 67 0.5 0
55 56 61 0.641 0
96 57 61 0.641 0
72 63 65 0.7039 0
51 70 65 0.9351 0
7 66 70 0.5 0
27 56 61 0.641 0
110 68 61 0.641 0
88 66 61 0.641 0
121 62 67 0.5 0
29 65 63 2.1567 0
10 64 63 1.6469 0
65 56 61 0.641 0
60 63 65 0.7039 0
103 63 65 0.7039 0
17 56 61 0.641 0
45 56 61 0.641 0
82 63 65 0.7039 0
94 63 65 0.7039 0
74 71 61 0.641 0
48 63 65 0.7039 0
90 72 67 0.5 0
112 62 67 0.5 0
115 71 67 0.5 0
119 57 61 0.641 0
44 71 62 0.8694 0
34 68 64 2.1567 0
74 56 61 0.641 0
15 65 63 2.1567 0
117 65 61 0.641 0
107 72 67 0.5 0
35 56 61 0.641 0
103 56 61 0.641 0
89 58 61 0.641 0
69 70 65 0.9351 0
7 72 65 0.5 0
84 71 62 0.8694 0
12 71 70 0.5 0
93 71 61 0.641 0
54 65 61 0.641 0
66 64 61 0.641 0
58 72 67 0.5 0
22 60 61 0.641 0
26 70 64 1.3773 0
10 69 63 1.5643 0
104 70 61 0.641 0
109 62 62 0.7513 0
56 71 61 0.641 0
121 69 67 0.5 0
77 65 61 0.641 0
88 63 65 0.7039 0
115 72 61 0.5 0
99 66 61 0.641 0
75 69 67 0.5 0
54 63 65 0.7039 0
66 65 67 0.5 0
40 72 67 0.5 0
24 63 62 1.1489 0
50 59 61 0.641 0
60 58 61 0.641 0
12 64 70 0.5 0
79 71 62 0.8694 0
111 70 65 0.9351 0
12 58 61 0.641 0
44 62 61 0.641 0
40 58 61 0.641 0
78 60 61 0.641 0
48 67 61 0.641 0
30 70 63 1.3773 0
16 70 63 1.3773 0
38 70 63 1.3773 0
118 63 65 0.7039 0
71 67 61 0.641 0
70 59 61 0.641 0
59 67 61 0.641 0
115 60 61 0.641 0
100 60 61 0.641 0
46 72 67 0.5 0
85 69 67 0.5 0
108 65 67 0.5 0
16 67 70 0.5 0
118 71 64 0.8694 0
89 71 63 0.8694 0
94 70 65 0.9351 0
85 61 61 0.641 0
33 63 65 1.1032 0
19 63 65 1.1032 0
64 72 67 0.5 0
31 59 61 0.641 0
104 70 65 0.9351 0
76 63 65 0.7039 0
93 66 61 0.641 0
83 66 61 0.641 0
25 67 62 1.1489 0
107 58 61 0.641 0
106 66 61 0.641 0
91 62 61 0.641 0
113 63 63 0.8086 0
34 64 62 1.1489 0
20 64 62 1.1489 0
56 61 61 0.641 0
121 67 63 0.5 0
25 64 65 1.1489 0
55 70 65 0.9351 0
67 69 61 0.641 0
63 61 61 0.641 0
9 69 68 0.9232 0
48 71 62 0.8694 0
108 71 62 0.8694 0
60 70 65 0.9351 0
115 56 63 0.5 0
78 56 63 0.5 0
109 63 65 0.7039 0
97 70 61 0.641 0
43 66 61 0.641 0
74 61 61 0.641 0
82 70 65 0.9351 0
51 63 62 0.849 0
97 63 62 0.849 0
66 63 65 0.7039 0
0
