128
69 55 53 6.6913 0
30 101 89 0.3464 0
100 105 62 0.5 0
38 92 52 5.268 0
27 24 60 0.5 0
70 93 87 0.8265 0
81 87 53 6.6913 0
100 23 57 0.5 0
98 51 86 0.5 0
40 50 53 6.6913 0
87 35 52 5.6834 0
42 72 53 6.6913 0
98 79 83 0.5 0
58 27 66 0.7997 0
47 83 83 0.6684 0
51 36 53 6.6913 0
89 58 52 5.268 0
71 36 53 6.6913 0
83 64 78 0.6965 0
81 72 53 6.6913 0
59 93 69 0.8265 0
51 91 53 6.6913 0
81 47 53 6.6913 0
68 79 53 6.3778 0
30 83 74 0.5 0
87 93 80 0.8265 0
52 56 54 5.6962 0
67 92 52 5.3699 0
36 100 73 0.5415 0
95 81 69 1.3717 0
38 35 52 5.268 0
30 84 90 0.5 0
83 77 87 0.6965 0
53 78 51 4.6755 0
96 100 47 0.644 0
83 52 87 0.6965 0
97 51 70 0.2476 0
74 93 72 0.8265 0
55 95 89 0.5 0
63 83 79 0.6684 0
40 93 88 0.8265 0
47 93 74 0.8265 0
81 27 66 0.7997 0
42 27 66 0.7997 0
83 51 73 0.0896 0
83 76 74 0.6965 0
96 93 63 0.8265 0
54 69 55 3.7522 0
27 103 61 0.5 0
98 81 46 0.5 0
80 61 64 1.8037 0
90 94 50 3.6676 0
90 79 50 3.6676 0
96 27 66 0.7997 0
75 83 80 0.6684 0
42 83 50 3.6676 0
97 93 87 0.359 0
85 93 69 0.8265 0
80 58 57 3.2306 0
30 93 81 0.5 0
48 82 69 0.2194 0
56 83 90 0.5 0
65 45 50 3.3542 0
65 69 50 3.3542 0
96 70 59 0.7871 0
96 93 74 0.8265 0
60 93 80 0.8265 0
54 46 57 3.2306 0
71 69 57 3.2306 0
91 67 55 3.2522 0
91 90 57 3.2306 0
91 75 57 3.2306 0
38 83 57 3.2306 0
69 27 66 0.7997 0
91 50 57 3.2306 0
47 81 57 3.2306 0
28 104 49 0.5 0
91 51 79 0.8232 0
30 92 67 0.0613 0
97 23 47 0.5 0
79 102 61 0.5 0
36 83 82 0.6684 0
31 63 59 0.7871 0
80 93 87 0.8265 0
40 93 67 0.8265 0
67 83 69 0.5 0
66 83 89 0.5 0
29 23 49 0.5 0
77 102 46 0.5 0
31 63 48 0.7871 0
33 27 66 0.7997 0
96 45 48 0.7871 0
83 67 87 0.6965 0
60 102 61 0.5 0
39 84 71 0.5 0
55 48 49 2.6598 0
91 47 49 2.6598 0
39 93 79 0.8265 0
48 93 83 0.8265 0
95 81 77 1.3717 0
36 59 57 2.6726 0
95 100 59 0.7998 0
91 71 49 2.6598 0
36 59 49 2.6598 0
44 59 49 2.6598 0
37 102 64 0.5 0
80 59 50 2.6726 0
72 68 49 2.6598 0
75 95 49 2.6598 0
49 46 49 2.6598 0
76 84 89 0.5 0
67 93 66 0.8265 0
31 79 48 0.7871 0
86 96 57 2.2317 0
83 81 67 0.6965 0
96 41 59 0.7871 0
83 70 68 0.6965 0
68 93 78 0.8265 0
37 101 83 0.3464 0
91 43 56 2.3444 0
61 27 51 0.7997 0
54 83 78 0.5326 0
64 70 57 2.3463 0
39 84 90 0.5 0
91 83 56 2.4105 0
79 93 79 0.8265 0
51 27 63 0.7997 0
31 42 59 0.7871 0
0
