128
64 61 63 0.7068 0
8 68 53 0.5 0
116 63 87 0.5 0
103 63 52 0.5 0
36 62 56 1.5849 0
85 64 87 0.5 0
53 64 87 0.5 0
85 61 65 0.7068 0
120 58 64 0.5 0
103 61 73 0.7354 0
69 61 82 0.7068 0
20 62 57 1.7147 0
52 64 53 0.5 0
55 62 73 0.9165 0
76 63 53 0.5 0
116 65 53 0.5 0
98 63 87 0.5 0
8 58 64 0.5 0
90 64 53 0.5 0
89 61 77 0.7068 0
97 61 62 0.9465 0
75 61 71 0.7068 0
109 61 62 0.5244 0
115 61 75 0.3133 0
9 69 65 0.5 0
8 57 53 0.5 0
55 62 61 0.9165 0
107 61 83 0.5947 0
76 61 62 0.7068 0
47 62 58 1.1979 0
79 61 79 0.7068 0
64 61 72 0.7068 0
59 62 81 0.7758 0
64 63 53 0.5 0
116 66 64 0.5 0
93 61 69 0.5872 0
13 62 57 1.7147 0
70 61 57 0.7068 0
97 61 79 0.9465 0
82 61 56 0.7068 0
118 57 53 0.5 0
28 65 62 0.5 0
77 64 87 0.5 0
28 63 55 0.7066 0
96 61 55 0.9817 0
110 60 54 0.1987 0
91 61 59 0.6575 0
110 61 70 0.4892 0
103 61 66 0.7354 0
83 64 72 0.5 0
57 62 67 0.8462 0
59 62 56 0.7758 0
70 61 65 0.7068 0
73 61 77 0.7068 0
64 64 87 0.5 0
91 61 83 0.6575 0
103 61 58 0.7354 0
117 60 81 0.5 0
115 60 58 0.5 0
87 61 71 0.7068 0
31 62 57 1.7147 0
25 62 57 1.7147 0
52 64 80 0.3974 0
85 61 81 0.7068 0
79 61 67 0.7068 0
75 61 83 0.7068 0
109 61 77 0.5244 0
116 60 69 0.5 0
41 65 61 0.5 0
10 69 59 0.5 0
103 61 79 0.7354 0
97 61 73 0.9465 0
64 61 80 0.7068 0
120 63 61 0.5 0
70 61 72 0.7068 0
65 61 58 0.7068 0
83 61 75 0.7068 0
53 62 57 0.9869 0
43 64 53 0.5 0
98 61 67 0.9113 0
40 62 57 1.4442 0
120 61 56 0.5 0
112 60 85 0.5 0
67 62 76 0.9944 0
54 61 83 0.79 0
100 61 83 0.8409 0
35 65 62 0.5 0
115 60 64 0.5 0
63 65 67 0.5 0
44 62 56 1.3035 0
112 63 81 0.5 0
120 66 57 0.5 0
60 65 62 0.5 0
18 66 62 0.5 0
9 57 59 0.5 0
23 66 62 0.5 0
55 62 77 0.9165 0
74 61 56 0.7068 0
60 64 75 0.5 0
91 64 65 0.5 0
87 61 59 0.7068 0
70 61 61 0.7068 0
64 61 67 0.7068 0
89 61 65 0.7068 0
82 61 60 0.7068 0
79 61 83 0.7068 0
79 61 75 0.7068 0
79 61 71 0.7068 0
78 61 56 0.7068 0
70 63 52 0.5 0
85 63 52 0.5 0
59 62 61 0.7758 0
52 64 66 0.5 0
96 61 83 0.9816 0
8 65 62 0.2591 0
59 64 86 0.5 0
111 63 66 0.5 0
93 61 73 0.5872 0
92 60 52 0.5 0
118 57 60 0.5 0
83 61 71 0.7068 0
59 62 77 0.7758 0
59 62 73 0.7758 0
99 61 58 0.8761 0
100 61 76 0.8409 0
12 69 55 0.5 0
93 61 77 0.5872 0
93 61 65 0.5872 0
0
