128
64 62 63 12.1993 0
37 89 63 12.1993 0
104 24 77 0.5 0
72 37 63 12.1993 0
37 63 63 12.1993 0
94 40 67 8.4047 0
89 30 57 5.3811 0
56 30 56 5.1442 0
57 46 56 5.1442 0
56 32 71 5.1442 0
58 46 71 5.1442 0
86 29 70 4.3732 0
86 45 55 4.1363 0
50 72 71 4.1509 0
29 76 72 4.1363 0
50 55 72 4.1363 0
52 72 55 4.1363 0
98 45 55 4.1363 0
99 28 55 3.3654 0
28 77 55 3.3654 0
51 102 77 0.5 0
99 36 55 3.3654 0
98 28 65 3.3654 0
75 77 77 0.5 0
50 104 51 0.5 0
98 29 73 3.1284 0
72 73 73 3.1284 0
72 51 73 3.1284 0
73 73 54 3.1284 0
46 99 73 3.1284 0
28 99 73 3.1284 0
73 51 54 3.1284 0
46 78 54 3.1284 0
54 41 64 3.1284 0
39 76 73 3.1284 0
92 39 54 3.1284 0
51 54 57 3.1785 0
84 45 73 3.1284 0
46 79 73 3.1284 0
51 64 73 3.1284 0
47 76 64 2.945 0
47 99 55 2.8915 0
25 102 51 0.6048 0
25 51 76 0.6048 0
27 100 56 2.3575 0
25 51 51 0.6048 0
64 27 73 2.3575 0
59 74 73 2.1205 0
54 27 64 2.3575 0
84 37 74 2.1205 0
27 56 73 2.3575 0
35 76 53 2.1205 0
79 27 73 2.3575 0
64 27 54 2.3575 0
27 55 54 2.3575 0
60 74 53 2.1205 0
60 27 63 2.3575 0
27 77 63 2.3575 0
81 27 55 2.3575 0
53 48 64 2.1205 0
103 51 75 0.5 0
27 70 53 2.1205 0
66 74 53 2.1205 0
74 74 61 2.1205 0
53 39 53 2.1205 0
65 74 73 2.1205 0
60 38 53 2.1205 0
49 63 53 2.1205 0
27 69 74 2.1205 0
84 36 53 2.1205 0
36 100 74 2.1205 0
51 103 64 0.5 0
51 53 65 2.1894 0
54 74 65 2.1205 0
46 55 53 2.1205 0
67 49 53 2.1205 0
66 49 74 2.1205 0
78 47 74 2.1205 0
74 74 67 2.1205 0
74 67 74 2.1205 0
53 40 74 2.1205 0
61 38 74 2.1205 0
53 35 62 2.1205 0
43 54 74 2.1205 0
27 85 74 2.1205 0
33 100 53 2.1205 0
41 100 53 2.1205 0
41 74 53 2.1205 0
33 53 74 2.1205 0
74 58 74 2.1205 0
100 47 74 2.1205 0
85 48 67 1.8836 0
27 95 53 2.1205 0
78 47 53 2.1205 0
48 88 74 1.8836 0
48 100 61 1.8836 0
86 48 62 1.8836 0
92 48 58 1.8836 0
48 93 53 1.8836 0
48 93 74 1.8836 0
48 99 66 1.8836 0
48 86 53 1.8836 0
90 48 74 1.8836 0
25 102 65 0.8417 0
72 24 77 0.5 0
51 24 77 0.5 0
41 52 52 1.1127 0
102 51 62 0.5 0
101 48 61 1.3496 0
26 93 73 1.3496 0
101 33 61 1.3496 0
104 40 77 0.5 0
26 86 53 1.3496 0
69 26 53 1.3496 0
26 65 53 1.3496 0
26 99 61 1.3496 0
93 26 74 1.3496 0
104 50 67 0.5 0
33 51 51 0.6048 0
25 51 67 0.6048 0
90 26 64 1.3496 0
26 73 66 1.3496 0
69 26 73 1.3496 0
26 73 60 1.3496 0
92 48 52 1.1127 0
26 64 73 1.3496 0
82 26 64 1.3496 0
101 35 74 1.3496 0
0
