128
50 64 50 13.0877 0
77 36 49 12.8226 0
50 91 75 13.0877 0
50 36 50 13.0877 0
51 92 48 11.8148 0
41 83 60 4.7597 0
41 79 41 4.7597 0
58 80 59 4.7285 0
41 50 41 4.7597 0
41 100 61 4.6271 0
59 78 41 4.0168 0
64 45 58 4.1493 0
42 50 59 4.0168 0
65 27 59 4.0168 0
59 49 41 4.0589 0
59 100 62 4.0168 0
37 105 92 0.5 0
40 79 51 3.7518 0
40 100 87 3.7518 0
40 82 87 3.7518 0
64 28 40 3.7518 0
64 105 91 0.5 0
59 101 87 3.6193 0
36 106 36 0.5 0
91 23 64 0.5 0
63 80 92 0.5 0
89 50 64 0.5 0
92 22 37 0.5 0
87 46 59 3.1414 0
86 26 60 3.0089 0
59 81 86 3.1414 0
40 101 39 2.7439 0
56 51 60 3.0089 0
36 22 36 0.0878 0
49 78 60 3.0629 0
40 74 60 3.0089 0
40 26 60 3.0089 0
60 50 51 3.0089 0
60 79 50 3.0089 0
64 37 60 3.0089 0
60 91 61 3.0089 0
92 50 39 0.5 0
41 26 39 2.7439 0
51 78 39 2.7439 0
62 106 36 0.5 0
88 26 41 2.7439 0
63 38 39 2.7439 0
51 102 61 2.6114 0
64 25 50 2.6114 0
39 92 88 2.7439 0
51 51 39 2.7439 0
39 51 51 2.7439 0
86 46 39 2.7439 0
67 45 39 2.7439 0
39 92 59 2.7439 0
60 101 39 2.7439 0
51 102 88 2.6114 0
57 25 39 2.6114 0
39 102 49 2.6114 0
38 70 38 1.736 0
48 80 88 2.1336 0
61 89 88 2.001 0
65 47 47 2.1336 0
64 106 71 0.5 0
61 72 60 2.001 0
76 50 64 0.5 0
76 22 64 0.5 0
91 36 64 0.5 0
38 39 38 1.736 0
40 80 68 2.1336 0
60 80 68 2.1336 0
64 58 64 0.5 0
56 25 61 2.001 0
37 90 37 0.7282 0
61 102 69 2.001 0
61 102 55 2.001 0
36 106 77 0.5 0
39 80 80 2.1336 0
88 47 45 2.1336 0
73 47 60 2.1336 0
61 56 39 2.001 0
88 35 61 2.001 0
61 55 59 2.001 0
38 102 70 1.736 0
61 85 39 2.001 0
40 43 61 2.001 0
40 57 61 2.001 0
61 71 40 2.001 0
64 106 47 0.5 0
81 47 61 2.001 0
61 102 80 2.001 0
61 80 80 2.001 0
50 52 61 2.001 0
38 24 49 1.6035 0
87 40 61 2.001 0
61 94 87 2.001 0
74 26 61 2.001 0
91 22 51 0.5 0
80 26 61 2.001 0
36 61 36 0.5 0
38 33 61 1.736 0
89 25 49 1.736 0
89 36 38 1.736 0
38 68 61 1.736 0
61 66 38 1.736 0
38 34 38 1.736 0
38 38 61 1.736 0
38 98 54 1.736 0
38 65 39 1.736 0
38 63 61 1.736 0
51 25 38 1.736 0
38 102 75 1.736 0
50 106 36 0.5 0
38 25 44 1.736 0
89 41 38 1.736 0
61 61 38 1.736 0
88 31 38 1.736 0
83 26 38 1.736 0
56 55 38 1.736 0
38 55 56 1.736 0
38 89 64 1.736 0
38 60 40 1.736 0
80 47 38 1.736 0
39 93 38 1.736 0
40 88 38 1.736 0
59 42 38 1.736 0
38 99 44 1.736 0
89 27 54 1.736 0
0
