128
66 64 65 1.0695 0
56 18 34 1.074 0
61 111 96 0.5 0
59 17 95 0.5 0
78 101 64 0.5664 0
78 29 64 0.8539 0
50 56 93 1.2936 0
72 46 38 1.2813 0
80 74 94 0.5 0
50 94 73 0.9881 0
79 41 95 0.5 0
49 39 62 0.6468 0
71 93 84 1.2735 0
51 18 71 1.0269 0
80 18 42 0.5 0
65 41 79 1.2243 0
52 85 96 0.5 0
79 17 85 0.5 0
63 73 85 1.2481 0
51 39 33 0.9244 0
59 111 64 0.5 0
50 63 75 1.0553 0
54 23 52 1.0778 0
71 46 62 1.1417 0
65 84 65 0.99 0
72 57 85 1.278 0
80 111 81 0.5 0
48 36 96 0.5 0
67 24 77 1.2528 0
49 109 83 0.9682 0
71 34 50 1.1629 0
77 78 74 1.0796 0
66 32 93 1.0729 0
50 34 79 0.9443 0
63 105 77 1.0614 0
78 31 34 0.7383 0
49 46 47 0.6468 0
53 79 75 1.2435 0
50 48 74 1.238 0
74 106 93 1.0487 0
70 18 55 0.9413 0
50 71 92 1.1568 0
64 30 35 1.282 0
63 46 50 1.2452 0
62 48 93 1.1103 0
62 26 64 1.1859 0
56 92 85 1.2493 0
50 24 90 1.2672 0
78 58 70 0.8539 0
80 33 80 0.5 0
67 83 96 0.5 0
49 101 94 0.9264 0
78 18 72 0.8539 0
78 46 75 0.8081 0
52 32 44 1.3084 0
78 27 93 0.8539 0
60 53 79 1.2725 0
66 97 66 0.9173 0
78 92 73 0.7904 0
64 62 93 1.1395 0
72 109 69 1.1099 0
70 17 33 0.5989 0
80 47 50 0.5 0
66 24 45 1.2827 0
54 71 66 1.0811 0
80 92 95 0.5 0
58 46 63 1.0808 0
53 102 65 1.0742 0
65 87 76 1.232 0
60 34 56 1.2681 0
76 66 79 1.2851 0
66 71 74 1.2135 0
58 37 71 1.2747 0
56 64 85 1.2136 0
75 83 87 1.3299 0
65 96 96 0.5 0
77 47 87 1.1952 0
50 56 65 0.8229 0
58 103 89 1.145 0
61 39 41 1.2 0
80 62 96 0.5 0
68 18 88 0.8613 0
56 23 81 1.2052 0
56 37 87 1.2308 0
53 84 65 1.0044 0
80 69 64 0.5 0
49 26 62 0.6468 0
68 35 66 0.9254 0
69 55 73 1.1918 0
49 82 86 0.7896 0
77 101 80 0.9276 0
71 30 84 1.2639 0
71 77 66 1.2679 0
48 27 32 0.5 0
55 46 38 1.2576 0
55 109 73 1.1099 0
60 78 93 1.0322 0
68 18 65 0.8761 0
77 38 63 1.1778 0
49 17 43 0.5989 0
59 88 93 1.1205 0
50 32 70 1.1004 0
62 55 65 0.7736 0
50 50 84 0.6737 0
76 27 43 0.9944 0
50 99 82 0.8741 0
73 95 93 1.1384 0
80 17 52 0.5 0
77 28 73 0.8926 0
64 109 85 0.9901 0
59 61 74 0.8212 0
72 30 58 1.0788 0
74 37 79 1.2669 0
49 71 82 0.949 0
72 77 93 1.0187 0
51 38 52 0.9746 0
73 85 72 1.2209 0
61 29 73 1.0638 0
70 41 71 1.2277 0
58 100 71 1.2457 0
66 49 84 0.9535 0
73 67 94 0.7881 0
76 22 56 1.283 0
71 37 33 0.9244 0
71 26 51 1.3005 0
58 28 89 0.8115 0
60 18 63 1.1033 0
80 88 64 0.5 0
0
