128
64 64 66 7.5438 0
47 62 13 2.6511 0
63 64 114 5.3275 0
82 64 29 3.659 0
46 62 41 2.6511 0
63 63 49 8.3902 0
64 64 96 5.9614 0
64 64 22 3.659 0
64 64 82 6.6997 0
79 61 12 1.6432 0
53 64 26 3.659 0
64 64 34 3.659 0
72 64 15 3.659 0
82 64 39 3.659 0
45 64 21 3.659 0
74 64 24 3.659 0
75 64 34 3.659 0
61 64 14 3.6589 0
53 64 17 3.659 0
80 64 18 3.659 0
53 64 40 3.659 0
47 64 34 3.659 0
75 64 43 2.729 0
57 62 33 2.6511 0
70 62 39 2.6511 0
69 62 29 2.6511 0
43 62 28 2.153 0
63 61 28 1.6432 0
58 61 74 1.7535 0
68 64 107 1.5086 0
61 70 58 1.668 0
70 61 58 1.6678 0
58 61 20 1.6432 0
67 61 12 1.6432 0
83 61 23 1.6432 0
66 57 58 1.6679 0
57 66 58 1.6676 0
58 66 75 1.7009 0
66 58 75 1.7006 0
84 66 23 1.5726 0
59 61 26 1.6432 0
61 57 59 1.6155 0
58 66 21 1.6432 0
60 61 38 1.6432 0
59 66 39 1.6432 0
57 61 59 1.6147 0
59 66 30 1.6432 0
44 66 15 1.6432 0
59 60 105 0.9609 0
64 66 28 1.6432 0
47 66 28 1.6432 0
80 66 12 1.6432 0
53 66 34 1.6432 0
69 68 57 1.5786 0
43 66 39 1.5726 0
59 65 103 1.5298 0
59 64 107 1.5084 0
64 58 89 1.4844 0
58 64 89 1.4838 0
70 60 121 0.5 0
70 68 121 0.5 0
59 60 89 1.3053 0
56 62 11 1.3221 0
67 65 11 1.3221 0
53 65 11 1.3221 0
63 70 74 1.273 0
66 70 105 0.5 0
70 64 74 1.2728 0
66 71 121 0.5 0
47 66 44 1.2672 0
79 61 44 1.2672 0
67 69 74 1.272 0
62 57 73 1.1719 0
67 58 105 0.5 0
68 61 103 1.1235 0
67 60 108 1.0592 0
42 62 16 1.1451 0
60 68 90 1.2521 0
68 60 90 1.2518 0
65 57 121 0.5 0
52 61 11 0.985 0
59 61 102 1.176 0
86 61 13 0.5 0
60 58 76 1.1662 0
87 66 14 0.5 0
42 62 38 1.1451 0
60 60 108 1.0592 0
65 71 56 1.0853 0
68 66 103 1.1234 0
85 63 34 1.1451 0
42 65 31 1.1451 0
83 61 14 1.1522 0
71 67 42 1.0487 0
70 69 29 0.5 0
71 65 56 1.0857 0
66 60 17 0.6353 0
76 66 11 0.985 0
71 64 120 0.5 0
49 66 11 0.985 0
50 62 47 0.5 0
61 70 105 0.5 0
75 61 11 0.985 0
72 60 43 0.9455 0
61 70 121 0.5 0
70 67 31 0.6353 0
66 69 89 0.9625 0
69 66 89 0.9623 0
69 69 37 0.5 0
71 60 20 0.6353 0
68 67 40 0.7161 0
69 58 56 0.9551 0
58 69 56 0.955 0
85 61 17 0.8599 0
82 67 46 0.5 0
58 58 57 0.9022 0
57 60 41 0.9267 0
86 69 35 0.5 0
61 58 91 0.857 0
68 61 119 0.7367 0
86 69 19 0.5 0
42 61 32 0.8599 0
85 66 16 0.8599 0
58 61 121 0.5 0
66 67 17 0.6353 0
70 61 76 0.7186 0
42 61 35 0.8599 0
70 67 36 0.6353 0
83 64 13 0.8458 0
0
