128
62 64 66 2.5867 0
119 79 57 0.5 0
102 37 88 2.6906 0
82 106 88 2.55 0
9 54 54 0.6306 0
50 22 86 2.6777 0
32 93 88 2.686 0
55 108 53 0.5 0
80 21 53 0.5 0
23 51 85 2.8597 0
109 78 90 1.3059 0
39 36 53 0.5 0
86 90 54 0.45 0
99 51 53 0.5 0
27 85 53 0.5 0
82 22 78 2.6286 0
54 107 77 2.6478 0
92 64 78 2.5867 0
24 64 66 4.2475 0
101 92 72 2.6922 0
57 19 60 1.3959 0
74 108 64 2.6153 0
110 64 67 3.7091 0
98 32 66 2.5222 0
37 98 67 2.6875 0
32 35 71 2.4946 0
74 44 54 0.5 0
23 72 89 2.3138 0
63 86 53 0.5 0
110 55 86 2.6511 0
42 64 80 1.6888 0
85 68 54 0.3727 0
44 57 53 0.5 0
25 82 73 2.712 0
68 19 88 2.727 0
32 32 92 0.5 0
45 77 53 0.0093 0
101 92 88 2.692 0
66 109 88 2.4754 0
76 64 78 2.5867 0
108 48 72 2.6597 0
114 51 56 2.3217 0
108 80 65 2.6974 0
42 26 65 2.7109 0
58 37 54 0.5743 0
23 45 56 0.9837 0
90 102 70 2.5942 0
42 64 66 2.5867 0
9 73 54 0.6306 0
68 19 67 2.7232 0
56 64 79 2.5718 0
46 104 88 2.7313 0
82 22 64 2.5539 0
58 108 64 2.6392 0
109 77 78 2.7301 0
82 64 66 2.5867 0
102 96 54 0.5 0
25 46 73 2.638 0
93 28 87 2.6799 0
37 30 83 2.4729 0
49 92 55 0.5 0
28 40 88 2.6865 0
94 99 81 2.7287 0
76 108 77 2.3712 0
90 106 53 0.5 0
57 20 72 2.6276 0
87 37 54 0.5669 0
58 54 53 0.5 0
24 64 76 4.2475 0
72 75 53 0.5 0
99 69 53 0.5 0
21 73 56 2.3242 0
73 59 53 0.5 0
28 88 63 2.3193 0
21 55 56 2.1435 0
104 63 79 1.8694 0
66 99 54 0.5167 0
106 39 56 0.9821 0
111 69 88 2.4055 0
114 70 57 2.0664 0
42 105 54 0.4236 0
58 73 53 0.0093 0
35 68 53 0.5 0
66 109 76 2.4779 0
97 82 54 0.3421 0
85 52 53 0.0093 0
42 101 78 2.1019 0
32 93 74 2.682 0
52 64 66 2.5867 0
92 64 66 2.5867 0
69 29 53 0.0093 0
98 96 62 1.9975 0
110 64 76 3.7091 0
93 28 73 2.6832 0
93 25 53 0.0093 0
49 46 54 0.5 0
82 22 90 1.3059 0
28 88 81 2.5302 0
98 32 80 2.5248 0
32 33 60 1.5798 0
44 103 64 2.6819 0
84 105 64 2.6399 0
57 108 88 2.5493 0
36 95 53 0.5 0
102 37 72 2.6933 0
23 60 89 2.3138 0
50 22 65 2.6834 0
76 20 71 2.6503 0
106 42 63 2.0971 0
105 86 77 2.6192 0
37 47 54 0.5382 0
74 87 55 0.5 0
77 98 54 0.5 0
106 84 88 2.5594 0
22 65 56 2.5329 0
110 55 65 2.6434 0
50 66 53 0.5 0
105 42 82 2.4836 0
25 46 65 2.638 0
76 20 88 2.6518 0
82 80 55 0.5 0
70 64 66 2.5867 0
68 64 78 2.5867 0
88 103 84 2.709 0
42 26 79 2.7087 0
32 35 79 2.4933 0
69 17 53 0.0093 0
22 53 62 3.072 0
0
