128
64 63 51 20.3699 0
64 65 111 8.3999 0
64 64 87 14.0428 0
87 88 50 12.5063 0
89 41 50 11.8935 0
63 79 24 9.7981 0
68 48 24 9.6165 0
37 59 15 0.9997 0
87 68 17 2.7805 0
50 50 22 7.0253 0
42 71 18 3.7884 0
80 75 21 6.1884 0
48 74 30 6.0163 0
81 55 31 5.0833 0
82 54 19 4.7962 0
45 57 33 4.6108 0
81 72 33 4.7715 0
48 79 19 4.7414 0
54 46 33 4.3067 0
51 67 73 4.2813 0
52 57 73 4.0533 0
75 80 33 4.1176 0
57 75 73 4.0533 0
59 51 73 3.9766 0
76 59 73 3.9799 0
68 51 73 3.9765 0
78 46 38 3.7228 0
54 81 36 3.788 0
73 73 73 3.831 0
73 39 46 3.5736 0
72 64 16 1.7726 0
57 41 18 3.4252 0
53 70 18 3.3084 0
62 55 103 3.4118 0
75 84 18 3.341 0
73 39 54 3.3593 0
62 62 16 1.7726 0
43 66 35 3.234 0
59 57 18 3.3121 0
42 57 18 3.312 0
65 78 71 3.0342 0
63 43 36 3.1954 0
84 64 36 3.208 0
55 61 103 3.185 0
63 84 37 3.0271 0
70 57 103 2.8571 0
78 44 61 2.9032 0
76 32 49 2.9024 0
53 57 30 2.8899 0
77 37 40 2.8684 0
78 67 71 2.7048 0
73 84 42 2.7587 0
48 50 38 2.8101 0
72 70 17 2.7805 0
75 59 17 2.7805 0
84 74 41 2.6848 0
84 53 41 2.6848 0
56 42 26 2.6884 0
77 36 59 2.6996 0
55 68 102 2.6062 0
74 71 28 2.6132 0
51 60 17 2.3723 0
88 72 52 2.6428 0
73 64 103 2.5393 0
68 60 17 2.3723 0
84 75 59 2.5443 0
76 83 25 2.4734 0
82 80 37 2.4864 0
71 44 38 2.4787 0
61 73 102 2.4043 0
71 86 50 2.436 0
48 77 40 2.4606 0
88 60 17 2.2811 0
53 86 17 2.1909 0
64 67 17 2.3675 0
83 51 60 2.4307 0
73 85 57 2.3874 0
71 70 102 2.3035 0
43 61 40 2.3713 0
90 74 43 2.3557 0
79 79 61 2.1966 0
79 31 43 2.1206 0
44 71 40 2.1214 0
81 46 17 2.2738 0
79 31 56 2.2808 0
83 40 36 2.3143 0
81 48 25 2.2589 0
82 63 16 1.7726 0
85 48 37 2.2129 0
77 86 38 2.1967 0
86 55 55 2.1407 0
51 83 27 2.1248 0
50 65 32 2.0591 0
69 92 14 0.5 0
81 39 63 2.0578 0
87 56 49 2.0444 0
63 78 77 2.0689 0
78 66 17 1.9872 0
72 89 45 2.0629 0
82 33 39 1.9786 0
58 56 26 1.9297 0
89 78 38 1.9763 0
70 84 37 2.0435 0
58 66 17 1.9872 0
48 66 17 1.9855 0
90 74 57 2.0138 0
78 63 32 1.9488 0
77 69 77 2.0054 0
69 77 77 1.9994 0
79 47 31 1.9559 0
71 78 68 1.8266 0
84 80 63 1.9795 0
53 76 67 1.9946 0
69 88 17 1.9197 0
42 56 26 1.9231 0
72 90 54 1.8587 0
75 52 69 1.7154 0
74 53 76 1.9081 0
94 74 50 1.8445 0
86 71 46 1.6786 0
55 52 79 1.9278 0
58 43 40 1.7966 0
52 52 68 1.8835 0
58 79 67 1.8718 0
63 39 16 1.7726 0
84 43 64 1.8499 0
61 92 14 0.5 0
49 62 78 1.8254 0
0
