128
63 50 87 3.597 0
64 67 8 0.7587 0
64 91 53 0.5 0
64 50 45 1.2462 0
63 64 114 5.5837 0
62 72 69 0.8632 0
64 67 31 0.7587 0
57 69 97 4.0865 0
61 56 96 6.1818 0
61 87 38 0.5403 0
65 58 66 0.9163 0
72 70 100 1.8468 0
70 63 98 4.1343 0
64 72 82 0.8632 0
63 53 113 3.9293 0
66 72 98 3.5566 0
57 56 54 0.5 0
68 88 46 1.5054 0
66 61 77 0.5 0
64 68 19 0.793 0
70 55 54 0.5 0
59 88 48 1.4806 0
56 57 40 0.5 0
70 71 111 2.8356 0
56 70 111 2.7966 0
63 73 111 2.8856 0
70 57 112 2.7357 0
66 57 37 0.5 0
66 68 41 0.5 0
69 55 90 2.7959 0
56 58 112 2.6081 0
58 54 47 1.3891 0
71 57 45 0.5 0
70 55 100 2.4324 0
62 90 42 1.7788 0
62 53 39 1.1416 0
72 65 111 2.2383 0
55 62 100 2.1591 0
68 53 48 1.3815 0
54 64 111 1.8463 0
62 60 83 0.5 0
68 54 40 1.1913 0
70 86 54 0.5 0
66 73 75 0.5 0
66 47 104 0.5 0
69 69 93 1.8609 0
63 59 72 0.83 0
57 54 88 1.8296 0
69 87 38 0.5 0
56 63 93 1.7757 0
62 51 53 0.5 0
65 73 63 0.5 0
64 67 24 0.7587 0
67 57 117 1.6107 0
63 45 94 0.5592 0
59 77 103 0.5 0
67 89 42 1.6272 0
69 52 96 1.6534 0
64 48 93 1.5891 0
59 57 117 1.4437 0
67 51 101 1.5815 0
58 54 41 1.1647 0
70 60 92 1.5413 0
63 67 37 0.7102 0
60 61 67 0.5 0
64 90 46 1.3467 0
64 67 15 0.7587 0
62 72 77 0.8632 0
62 71 93 1.3339 0
56 53 111 1.3651 0
69 51 111 1.2451 0
57 86 54 0.5 0
67 74 68 0.5 0
61 48 104 0.5 0
59 73 118 0.5 0
67 73 118 0.5 0
62 49 101 1.2695 0
57 87 41 0.9378 0
55 51 104 0.5 0
68 70 116 1.2566 0
62 66 101 0.9958 0
61 75 100 1.1651 0
58 88 44 1.1431 0
57 77 108 0.5 0
63 73 67 1.3711 0
61 51 47 1.1574 0
60 71 116 1.2595 0
65 51 41 0.8947 0
71 63 115 1.2114 0
63 59 79 0.8031 0
60 51 43 0.8762 0
60 63 101 1.113 0
72 57 96 1.1166 0
53 74 103 0.5 0
67 89 52 0.9645 0
51 67 103 0.5 0
70 67 116 1.1552 0
71 65 92 1.1535 0
53 57 104 0.5 0
63 47 97 0.9356 0
64 62 101 1.152 0
62 61 63 0.5 0
66 60 85 0.5 0
63 72 73 0.8632 0
57 69 116 1.0542 0
64 72 116 1.0582 0
57 50 101 0.9082 0
58 50 110 1.0086 0
57 54 115 0.9248 0
55 65 115 0.9621 0
53 66 101 0.9958 0
67 61 69 0.5 0
69 55 45 0.9568 0
60 89 54 0.5 0
76 66 103 0.5 0
61 74 96 1.014 0
70 60 116 1.0478 0
64 56 88 0.8987 0
67 51 44 1.0317 0
65 51 48 1.0317 0
75 58 103 0.5 0
68 88 50 1.0664 0
58 53 52 0.7039 0
72 71 96 0.9094 0
56 61 116 0.8899 0
63 57 121 0.5 0
68 52 85 0.9349 0
71 57 50 0.5 0
0
