128
93 101 62 4.7913 0
34 26 62 4.7924 0
26 93 65 4.7916 0
101 34 65 4.7891 0
110 71 78 4.1979 0
17 56 78 4.196 0
65 16 77 4.4212 0
62 111 77 4.4189 0
108 62 44 1.3849 0
16 63 50 4.2802 0
53 107 44 1.3113 0
74 20 44 1.3111 0
54 17 51 4.469 0
73 110 50 4.3893 0
108 80 50 4.525 0
87 22 76 4.4706 0
22 40 51 4.4658 0
40 105 76 4.4646 0
110 52 66 4.7301 0
85 21 55 4.535 0
42 106 55 4.5343 0
18 78 73 4.5997 0
20 83 49 3.8862 0
100 92 81 2.4249 0
23 39 78 4.1589 0
105 42 46 2.9514 0
85 105 81 2.9482 0
42 22 81 2.9475 0
17 52 62 4.722 0
104 89 62 4.7602 0
61 111 58 4.5472 0
66 16 58 4.548 0
29 95 48 3.6562 0
106 45 80 3.3322 0
97 94 45 1.9736 0
39 24 47 3.3682 0
88 103 47 3.3672 0
83 107 67 4.6642 0
44 20 67 4.6643 0
110 75 61 4.7302 0
20 83 61 4.7309 0
28 92 81 2.6161 0
16 68 60 4.7258 0
23 38 62 4.7599 0
100 33 77 4.4231 0
31 29 79 3.6402 0
38 104 65 4.7605 0
89 23 65 4.76 0
33 100 56 4.6516 0
100 94 71 4.6423 0
85 106 56 4.5767 0
42 21 56 4.5746 0
109 49 51 4.4215 0
106 42 71 4.5757 0
111 67 68 4.6755 0
111 60 59 4.671 0
52 110 63 4.7283 0
75 17 63 4.7281 0
53 110 51 4.557 0
74 17 51 4.557 0
75 110 61 4.7316 0
67 111 68 4.6718 0
60 16 68 4.6703 0
52 17 61 4.7284 0
19 47 73 4.5443 0
27 33 71 4.642 0
94 31 45 1.4543 0
107 44 60 4.6629 0
52 110 75 4.5997 0
75 17 75 4.6001 0
22 87 77 4.4641 0
109 78 71 4.593 0
16 60 69 4.603 0
17 53 51 4.5388 0
90 103 74 4.4761 0
103 37 53 4.476 0
49 18 76 4.4215 0
78 109 76 4.4214 0
24 90 54 4.5167 0
37 24 74 4.476 0
32 28 51 4.4657 0
95 99 51 4.4641 0
17 73 51 4.4597 0
32 99 77 4.471 0
102 91 50 4.4006 0
105 87 77 4.402 0
111 65 50 4.417 0
110 54 76 4.4677 0
16 66 77 4.2765 0
92 26 50 4.224 0
63 16 48 3.5643 0
96 98 79 3.6406 0
64 111 48 3.5645 0
96 27 70 3.3585 0
39 103 47 3.368 0
110 62 80 3.3512 0
15 70 69 3.2055 0
46 20 47 3.1156 0
81 107 47 3.117 0
94 27 79 3.2746 0
107 79 80 3.2261 0
95 26 58 3.2124 0
81 21 47 3.0719 0
81 21 69 3.0722 0
27 34 47 3.1047 0
26 32 56 3.1325 0
110 57 47 3.1056 0
46 106 47 3.0743 0
70 110 80 3.1061 0
57 17 80 3.1045 0
46 106 70 3.0767 0
100 97 58 2.7856 0
58 113 69 2.7124 0
69 14 69 2.7099 0
47 106 81 2.6944 0
21 47 46 2.6817 0
18 59 57 2.8022 0
80 21 81 2.6831 0
19 75 65 2.7257 0
21 47 56 2.6816 0
19 75 81 2.7041 0
30 100 69 2.7862 0
23 85 69 2.7476 0
109 83 58 2.6371 0
28 92 74 2.6159 0
109 72 46 2.5908 0
21 47 81 2.6819 0
99 35 46 2.6174 0
0
