128
61 63 66 1.3921 0
113 92 64 0.5 0
15 35 65 0.6806 0
15 89 64 0.5526 0
109 41 64 0.5 0
79 91 64 0.5 0
91 62 66 1.2024 0
31 58 65 0.9784 0
43 88 66 0.5 0
41 34 65 0.5 0
78 41 64 0.5 0
114 67 64 0.5 0
47 52 66 2.0666 0
61 82 66 1.2429 0
96 82 68 0.5 0
25 75 65 1.0606 0
16 53 66 1.4017 0
77 70 66 1.43 0
44 71 64 0.4873 0
29 44 66 1.3387 0
94 45 64 0.5 0
63 43 64 0.5 0
75 55 65 0.8786 0
107 55 67 0.6192 0
108 81 65 0.9525 0
103 68 65 0.7087 0
36 81 65 1.0606 0
18 41 67 2.5531 0
89 74 65 0.6899 0
90 92 64 0.5 0
77 83 66 1.2724 0
15 79 65 0.99 0
32 92 64 0.5 0
59 52 65 0.8656 0
68 91 64 0.5 0
36 70 65 1.0606 0
101 90 64 0.5 0
37 51 65 1.06 0
87 51 68 0.5 0
51 66 65 0.567 0
55 91 64 0.5 0
33 35 65 0.8428 0
39 42 66 0.9541 0
102 48 65 0.7429 0
114 50 64 0.5 0
17 69 64 0.5 0
88 83 64 0.5 0
68 75 64 0.5 0
23 54 66 1.4817 0
22 84 68 0.5 0
77 63 66 1.5013 0
26 49 66 2.0684 0
55 74 64 0.5 0
61 75 66 1.3038 0
70 48 64 0.5 0
97 55 64 0.5 0
77 50 66 1.5381 0
113 74 68 0.5 0
55 43 64 0.5 0
29 82 65 0.9934 0
91 69 66 1.3433 0
64 56 65 0.9648 0
100 76 64 0.5 0
108 62 65 0.8757 0
21 89 65 0.8862 0
20 50 66 2.0685 0
84 57 64 0.5 0
61 69 66 1.505 0
85 44 64 0.5 0
28 67 64 0.5 0
91 56 66 1.341 0
32 75 65 1.0606 0
91 49 66 1.2358 0
77 77 66 1.2457 0
69 82 64 0.5 0
69 65 64 0.5 0
99 61 67 0.5 0
23 44 68 1.7708 0
44 64 64 0.5508 0
102 41 64 0.5 0
53 59 66 0.5 0
16 84 65 1.0592 0
37 88 66 0.8366 0
107 74 65 0.5781 0
38 59 65 0.5 0
108 49 66 0.8282 0
33 40 66 1.1174 0
91 82 66 1.3432 0
42 77 67 0.5 0
22 79 66 1.1838 0
108 88 64 0.5 0
102 84 67 0.5 0
19 35 66 1.3554 0
64 49 66 0.8594 0
113 57 67 0.5 0
49 73 67 0.5 0
38 77 66 1.3053 0
103 80 65 0.7512 0
72 42 64 0.5 0
26 79 66 1.6105 0
36 45 65 1.0596 0
84 68 64 0.5 0
20 73 65 0.8401 0
62 91 64 0.5 0
84 88 64 0.5 0
46 67 65 1.0587 0
103 55 65 0.724 0
114 78 64 0.5 0
109 68 66 0.6784 0
83 80 64 0.5 0
103 63 65 0.7104 0
39 83 66 1.5104 0
45 58 66 0.6915 0
31 51 66 1.1545 0
27 71 65 1.0383 0
19 46 68 1.4812 0
103 74 66 0.7042 0
13 47 64 0.4191 0
113 86 64 0.5 0
74 89 64 0.5 0
70 57 67 0.5 0
95 75 67 0.2207 0
15 49 66 1.2721 0
18 77 65 1.06 0
38 37 66 0.9304 0
61 50 66 1.2723 0
77 57 66 1.2691 0
30 78 66 1.2942 0
0
