128
63 68 74 21.2637 0
37 42 18 0.5 0
89 43 19 0.9503 0
76 75 28 8.712 0
51 57 29 8.3127 0
96 68 100 7.3459 0
31 68 100 7.3459 0
51 75 28 8.712 0
94 68 70 8.431 0
32 69 71 8.289 0
76 57 29 8.3127 0
52 78 46 5.969 0
75 78 49 5.969 0
52 65 43 5.969 0
80 85 59 6.0441 0
75 67 42 5.969 0
80 51 59 5.6765 0
64 68 102 5.423 0
46 53 58 5.4663 0
46 83 58 5.4662 0
74 57 49 5.2455 0
30 68 87 4.6222 0
97 68 87 4.6222 0
54 57 51 4.5018 0
54 65 99 4.396 0
61 78 99 4.3545 0
73 74 98 4.2942 0
72 61 98 4.2608 0
62 58 99 4.1819 0
81 50 81 4.1088 0
82 86 77 3.9595 0
46 87 80 3.8808 0
46 87 68 3.8799 0
87 79 74 3.652 0
68 44 20 1.4581 0
82 50 72 3.6805 0
83 74 58 3.6068 0
45 50 80 3.6805 0
45 50 68 3.6805 0
83 61 59 3.6464 0
39 58 71 3.5659 0
53 74 98 3.6165 0
87 58 75 3.4948 0
39 79 75 3.4932 0
58 44 20 1.4581 0
56 49 58 3.4245 0
91 63 18 0.5 0
56 85 56 3.3691 0
70 85 56 3.3696 0
91 83 18 0.5 0
70 51 56 3.2258 0
44 66 57 3.2732 0
38 65 19 0.9503 0
72 81 39 3.152 0
50 55 42 3.2297 0
37 85 19 0.5 0
48 44 20 1.4581 0
44 66 22 3.1687 0
83 66 22 3.1687 0
68 82 95 3.0109 0
78 69 53 3.0779 0
38 50 20 1.0773 0
81 88 69 2.9842 0
49 71 53 3.0779 0
63 88 58 2.9309 0
78 68 95 3.0092 0
79 43 19 0.9503 0
91 53 18 0.5 0
42 82 21 2.466 0
78 55 41 2.819 0
63 50 56 2.7783 0
43 74 59 2.6385 0
85 76 65 2.7639 0
61 86 18 0.5 0
84 57 66 2.7158 0
82 49 22 2.6199 0
57 49 22 2.6199 0
70 49 22 2.6199 0
45 49 22 2.6199 0
55 81 94 2.5923 0
84 86 40 0.5 0
95 79 75 2.6794 0
84 82 68 2.6385 0
83 80 83 2.6157 0
33 57 75 2.6213 0
56 82 38 2.5632 0
40 63 64 2.5018 0
51 48 64 2.5535 0
42 59 21 2.466 0
85 59 21 2.466 0
40 78 68 2.5731 0
85 68 62 2.5622 0
85 80 21 2.466 0
48 68 94 2.45 0
94 57 76 2.4853 0
74 80 93 2.5074 0
56 70 50 2.4861 0
62 84 93 2.4441 0
76 48 21 2.466 0
51 48 21 2.466 0
58 67 22 2.4806 0
69 67 22 2.4806 0
57 89 62 2.3591 0
76 87 83 2.4269 0
71 55 41 2.3792 0
84 57 82 2.3529 0
68 82 21 2.1281 0
59 82 21 2.1281 0
51 89 63 2.3591 0
86 73 21 2.2511 0
50 89 74 2.3591 0
41 72 21 2.2511 0
57 66 34 2.2531 0
72 89 62 2.3591 0
43 80 82 2.355 0
80 82 37 2.3398 0
47 82 37 2.3398 0
70 66 34 2.2531 0
76 48 67 2.2025 0
59 61 21 2.1281 0
68 61 21 2.1281 0
56 73 39 2.1648 0
48 62 53 2.1215 0
71 48 62 2.1576 0
82 66 34 2.046 0
49 62 94 2.1783 0
56 57 40 2.1169 0
77 59 92 2.1679 0
0
