128
65 69 71 8.5537 0
11 65 44 0.7462 0
113 66 45 1.8534 0
19 75 81 2.3898 0
108 78 82 1.8534 0
90 99 45 0.8847 0
36 80 51 4.5055 0
45 69 60 10.5031 0
84 104 83 0.5 0
85 77 48 4.4292 0
106 71 62 6.7502 0
80 68 59 9.4952 0
61 99 44 0.8425 0
61 98 82 0.9196 0
18 69 56 5.0433 0
63 71 52 7.4577 0
89 79 80 3.7891 0
30 64 78 4.9333 0
96 64 78 4.9474 0
74 102 63 0.6497 0
44 77 77 6.801 0
28 76 60 6.7551 0
95 97 65 0.5481 0
96 64 49 4.9474 0
80 73 77 6.1063 0
56 96 62 0.8297 0
102 87 45 1.8534 0
20 70 70 5.7599 0
30 64 49 4.9333 0
91 73 70 5.0909 0
32 79 72 5.2401 0
52 86 45 1.8534 0
99 95 85 0.5 0
47 80 48 4.877 0
75 103 48 0.8634 0
106 75 74 4.5539 0
104 80 48 4.3157 0
51 67 75 4.2823 0
95 74 57 4.1552 0
69 86 83 0.8455 0
74 77 49 4.1916 0
117 64 83 0.5 0
73 102 76 0.7373 0
87 63 71 3.8713 0
70 78 80 3.8691 0
60 78 80 3.8691 0
98 85 65 1.5258 0
85 101 57 0.6923 0
86 101 72 0.971 0
66 101 55 0.5759 0
75 88 66 0.5 0
21 80 44 0.9791 0
64 100 69 0.5052 0
102 81 80 3.6043 0
53 93 73 0.6399 0
78 63 72 3.565 0
61 62 60 3.4479 0
99 94 55 0.9918 0
96 64 66 2.8292 0
11 64 84 0.5 0
42 82 67 3.4824 0
111 68 51 3.3311 0
65 86 44 0.8455 0
51 92 85 0.5 0
95 97 76 0.974 0
42 65 74 3.3133 0
111 69 80 2.8423 0
95 80 47 3.0765 0
30 64 60 2.7653 0
28 80 47 3.1953 0
30 64 68 2.7653 0
23 78 76 2.9421 0
110 67 73 3.0276 0
73 67 47 3.0276 0
56 80 47 3.0901 0
53 75 71 3.0752 0
49 89 58 0.7606 0
56 95 52 0.7497 0
67 81 46 2.8613 0
21 76 51 3.0272 0
53 67 48 3.0276 0
57 70 81 2.8613 0
53 82 81 2.8613 0
43 83 56 2.8711 0
15 69 79 2.6334 0
35 70 71 2.7571 0
96 64 58 2.8292 0
32 81 81 2.8613 0
43 72 46 2.8613 0
109 73 46 2.8249 0
73 67 81 2.8613 0
107 88 59 0.5 0
79 71 46 2.8613 0
79 88 85 0.5 0
75 83 70 1.5625 0
75 83 58 1.5625 0
102 91 72 0.9196 0
90 99 82 0.884 0
37 62 70 2.683 0
38 82 61 2.6968 0
71 101 85 0.5 0
56 61 67 2.4401 0
77 82 81 2.4007 0
79 86 44 0.8455 0
45 67 81 2.3006 0
104 65 71 2.4968 0
15 68 48 2.5165 0
98 85 54 1.5258 0
83 102 48 0.6389 0
97 94 44 0.8455 0
69 101 45 0.9087 0
98 76 74 2.4612 0
69 61 59 2.4401 0
105 73 52 2.4449 0
83 102 65 0.5642 0
92 99 55 0.9563 0
79 82 46 2.3638 0
49 89 69 0.7606 0
23 79 69 2.1726 0
48 86 80 2.2946 0
75 76 68 2.2589 0
56 61 55 2.1396 0
78 103 55 0.8205 0
90 61 64 2.058 0
78 100 83 0.7788 0
66 101 76 0.9641 0
107 86 67 0.5 0
47 61 72 2.1396 0
0
