128
61 67 71 6.467 0
32 17 64 0.5 0
104 105 64 0.5 0
33 109 66 1.7586 0
102 36 64 0.5 0
95 71 68 4.2445 0
29 48 65 0.9952 0
71 100 68 1.8622 0
73 34 65 0.8201 0
32 81 67 0.9145 0
44 32 67 3.2367 0
56 47 69 4.86 0
92 93 72 2.5195 0
49 93 65 0.9864 0
90 50 65 1.2208 0
71 47 69 4.6102 0
37 90 69 4.5243 0
64 80 70 5.7134 0
36 63 71 0.5 0
30 34 67 2.5427 0
84 83 67 2.2567 0
44 75 66 1.6535 0
107 87 64 0.5 0
42 54 67 2.2367 0
106 54 64 0.5 0
45 109 66 1.9192 0
37 38 68 4.2445 0
72 61 71 3.968 0
72 70 68 4.2406 0
84 103 68 1.3653 0
59 97 70 1.4425 0
97 54 67 3.0079 0
55 57 71 3.8819 0
88 36 64 0.5 0
85 61 65 1.2209 0
102 95 66 1.6397 0
86 91 68 3.6414 0
44 17 64 0.5 0
96 62 68 3.4576 0
86 74 67 3.2122 0
65 35 73 1.1259 0
32 101 67 2.49 0
58 88 67 3.2156 0
96 106 73 0.5 0
71 87 67 3.2367 0
100 83 70 1.0353 0
32 70 64 0.7129 0
88 66 67 3.2366 0
45 41 67 3.2367 0
55 75 67 3.142 0
30 59 64 0.713 0
103 77 66 2.2287 0
101 44 65 1.2208 0
63 57 74 2.969 0
101 89 67 2.7788 0
54 35 66 1.3624 0
46 85 66 1.825 0
31 24 65 1.2209 0
91 83 73 1.2932 0
46 98 66 2.2288 0
62 42 73 2.7345 0
34 53 69 1.5838 0
45 91 67 2.6318 0
75 55 67 2.546 0
63 50 74 2.4254 0
56 38 70 2.3898 0
37 75 69 1.4057 0
44 48 68 2.396 0
90 102 72 1.3336 0
43 66 68 0.9084 0
71 94 69 2.163 0
84 98 66 2.2288 0
53 63 66 2.2279 0
30 41 67 2.3581 0
31 95 66 2.2288 0
103 83 66 2.2288 0
55 82 66 2.2271 0
44 25 66 2.0756 0
87 98 71 2.1898 0
69 55 74 2.3022 0
72 39 68 2.2198 0
106 67 65 0.5 0
89 59 66 2.2288 0
101 67 66 2.2287 0
72 80 66 2.2288 0
68 73 74 2.2003 0
33 44 71 2.0103 0
67 39 72 2.1003 0
100 103 69 0.9358 0
87 85 71 2.058 0
40 44 71 2.0673 0
58 103 64 0.5 0
90 42 67 0.5 0
96 89 70 1.9677 0
100 48 66 1.9639 0
96 99 72 1.1092 0
102 101 65 1.2209 0
91 54 66 1.9276 0
45 103 68 1.7888 0
43 61 65 0.8203 0
90 77 72 1.4022 0
94 49 66 1.849 0
61 36 72 1.7063 0
58 52 75 1.7307 0
53 40 66 1.7558 0
87 80 71 1.7773 0
59 100 66 1.4517 0
34 67 68 0.6321 0
102 57 66 1.7349 0
98 94 70 1.4661 0
30 28 66 1.6476 0
58 94 67 1.7604 0
32 76 65 0.8514 0
41 81 70 0.885 0
73 77 70 1.6215 0
102 72 67 1.5775 0
39 49 71 1.4931 0
32 60 68 0.7999 0
32 85 67 1.5658 0
31 53 66 1.6408 0
91 88 73 1.6233 0
70 66 75 1.5776 0
74 54 72 1.5663 0
52 68 66 1.418 0
92 98 73 1.557 0
102 62 66 1.3971 0
84 53 64 0.5955 0
31 48 69 1.3561 0
0
