128
63 62 63 3.9863 0
121 68 69 0.5 0
7 69 68 0.5 0
91 63 64 3.9863 0
37 65 63 3.9863 0
19 59 66 0.9951 0
111 59 60 0.9519 0
27 62 63 3.9863 0
47 62 63 3.9863 0
81 62 63 3.9863 0
105 68 62 1.4022 0
72 64 63 3.9863 0
100 64 63 3.9863 0
7 60 59 0.5 0
55 66 63 3.6242 0
14 68 60 0.9519 0
118 68 60 0.7922 0
118 59 67 0.7922 0
9 59 67 0.7922 0
17 69 69 0.5 0
113 68 67 0.9519 0
10 69 64 1.4869 0
109 59 69 0.5 0
121 60 59 0.5 0
13 59 62 1.0709 0
20 68 62 1.1494 0
86 67 61 1.868 0
85 67 66 1.868 0
43 67 66 1.868 0
41 60 66 1.868 0
57 60 66 1.868 0
33 60 66 1.868 0
31 67 66 1.868 0
113 59 65 1.0709 0
113 68 62 1.0709 0
105 59 64 1.6195 0
23 67 65 1.6466 0
78 68 63 1.6195 0
66 68 63 1.6195 0
53 59 64 1.6195 0
19 59 60 0.9519 0
107 67 69 0.5 0
115 59 61 1.0709 0
10 58 64 1.4869 0
117 69 63 1.4869 0
117 58 64 1.4869 0
49 68 65 1.4022 0
96 59 65 1.4022 0
95 68 62 1.4022 0
45 68 62 1.4022 0
29 68 62 1.4022 0
39 59 62 1.4022 0
62 68 65 1.4022 0
35 59 62 1.4022 0
21 59 62 1.3598 0
14 68 65 1.0709 0
76 69 69 0.5 0
17 59 63 1.0709 0
109 68 62 1.0709 0
109 59 65 1.0709 0
25 68 61 0.9951 0
18 68 65 1.0709 0
10 68 60 0.9627 0
76 59 66 0.9951 0
14 59 67 0.9519 0
107 68 65 1.1494 0
53 61 60 0.9627 0
10 59 60 0.9627 0
62 68 61 0.9951 0
96 68 66 0.9951 0
87 59 61 0.9951 0
69 59 69 0.5 0
66 67 69 0.5 0
76 67 67 0.9627 0
68 67 67 0.9627 0
104 60 60 0.9627 0
118 68 67 0.7922 0
53 62 67 0.9627 0
57 59 60 0.9519 0
81 68 66 0.9951 0
27 68 66 0.9951 0
37 59 66 0.9951 0
82 68 61 0.9951 0
76 59 61 0.9951 0
70 59 66 0.9951 0
69 59 61 0.9951 0
97 59 61 0.9951 0
90 71 63 0.5 0
50 68 61 0.9951 0
42 60 60 0.9627 0
32 67 60 0.9627 0
77 66 60 0.9627 0
67 66 60 0.9627 0
104 61 67 0.9627 0
87 59 66 0.9951 0
17 68 61 0.9951 0
104 68 66 0.9951 0
22 59 66 0.9951 0
43 66 60 0.9627 0
60 66 67 0.9627 0
33 61 60 0.9627 0
65 67 67 0.9627 0
51 66 67 0.9627 0
76 62 67 0.9627 0
68 62 67 0.9627 0
79 66 67 0.9627 0
95 61 60 0.9627 0
23 66 60 0.9627 0
112 68 65 1.0709 0
112 59 62 1.0709 0
13 68 62 1.0709 0
115 68 66 1.0709 0
109 59 61 0.9951 0
56 61 60 0.9627 0
14 59 65 1.0709 0
118 59 60 0.7922 0
70 71 65 0.5 0
74 71 65 0.5 0
35 69 69 0.5 0
9 68 67 0.7922 0
101 59 67 0.9519 0
93 69 69 0.5 0
99 71 65 0.5 0
23 64 69 0.5 0
115 61 69 0.5 0
90 69 64 0.6172 0
91 68 60 0.9519 0
96 65 69 0.5 0
0
