128
64 62 66 1.0059 0
7 71 68 0.5 0
121 69 62 0.5 0
33 57 63 0.867 0
95 57 66 0.7984 0
46 69 66 1.1383 0
81 68 66 1.1649 0
105 71 71 0.5 0
15 57 63 0.867 0
24 69 71 0.5 0
110 59 63 0.5 0
95 70 62 0.6885 0
52 57 69 0.867 0
33 70 62 0.6885 0
17 70 62 0.6885 0
120 59 69 0.5 0
84 57 63 0.867 0
41 59 71 0.5 0
26 64 63 0.8313 0
70 71 70 0.5 0
115 67 69 0.9794 0
102 64 65 0.9322 0
75 59 70 0.5 0
57 69 71 0.5 0
44 57 62 0.6885 0
21 59 71 0.5 0
91 69 71 0.5 0
56 68 62 0.6885 0
36 70 71 0.5 0
72 58 63 0.7993 0
109 70 62 0.5 0
72 69 63 0.7993 0
8 58 69 0.5 0
103 57 71 0.5 0
49 62 63 0.9268 0
28 57 69 0.867 0
15 71 70 0.5 0
98 70 69 0.867 0
117 62 62 0.6885 0
63 71 66 0.5 0
86 58 71 0.5 0
29 69 66 1.0566 0
103 57 63 0.867 0
57 59 62 0.5 0
88 70 63 0.867 0
96 64 63 0.7351 0
84 63 63 0.9716 0
78 60 63 0.8387 0
90 59 63 0.6484 0
10 70 62 0.6885 0
7 57 62 0.5 0
68 57 71 0.5 0
113 67 63 0.9067 0
102 71 63 0.5 0
20 68 67 0.5373 0
37 69 66 0.794 0
32 62 67 0.8148 0
47 63 71 0.5 0
113 59 69 0.4938 0
26 57 63 0.867 0
37 58 68 0.794 0
46 58 66 1.1383 0
81 61 69 0.8417 0
107 58 68 0.7438 0
43 63 63 0.7117 0
53 70 67 0.867 0
20 59 65 0.5373 0
14 57 69 0.867 0
61 66 63 0.7832 0
107 69 67 0.7438 0
98 62 69 0.8883 0
81 58 66 1.1649 0
58 59 68 0.4938 0
76 67 71 0.5 0
64 68 71 0.5 0
91 61 70 0.5 0
85 71 71 0.5 0
66 57 63 0.867 0
67 67 65 0.9643 0
121 66 67 0.5 0
99 67 66 0.9495 0
12 67 67 0.4621 0
99 58 66 0.9495 0
46 63 66 1.1383 0
63 57 69 0.867 0
52 57 63 0.867 0
73 68 68 0.6328 0
38 59 62 0.6885 0
61 57 64 0.867 0
27 63 69 0.643 0
32 64 62 0.6885 0
49 67 63 0.9268 0
119 65 63 0.9008 0
42 68 71 0.5 0
61 67 68 0.9464 0
113 62 64 0.9861 0
81 62 66 1.1649 0
89 57 68 0.867 0
88 70 68 0.867 0
11 59 66 0.8777 0
117 62 69 0.9135 0
29 58 66 1.0566 0
25 70 62 0.6724 0
71 57 68 0.867 0
64 58 66 1.006 0
29 62 66 1.0565 0
69 63 62 0.5 0
93 67 67 0.5 0
78 67 63 0.8387 0
15 70 66 0.867 0
43 67 63 0.7711 0
61 62 63 0.7832 0
86 65 68 0.5 0
96 60 63 0.7351 0
21 68 62 0.6885 0
107 58 63 0.7438 0
110 67 71 0.5 0
66 71 62 0.5 0
50 70 71 0.5 0
119 60 63 0.9008 0
55 58 66 0.9315 0
11 70 69 0.867 0
101 60 63 0.6546 0
66 70 68 0.867 0
102 70 68 0.867 0
90 68 66 0.6484 0
18 57 69 0.867 0
67 65 70 0.5 0
0
