128
69 65 45 3.4344 0
47 113 88 0.5 0
30 28 44 2.6678 0
49 106 48 5.748 0
88 23 45 2.9267 0
28 70 45 3.293 0
57 28 45 3.4344 0
92 49 45 3.4344 0
80 106 58 0.5 0
49 106 69 5.748 0
48 55 45 3.293 0
55 82 45 3.4344 0
25 49 45 3.2929 0
28 90 45 3.293 0
79 79 45 3.4344 0
77 42 45 3.4344 0
88 65 45 3.4344 0
72 112 42 0.9419 0
73 27 45 3.4344 0
45 70 45 3.293 0
68 99 52 1.1567 0
50 102 86 2.4778 0
43 88 45 3.156 0
41 37 44 2.3606 0
63 110 54 2.9073 0
36 51 45 3.2929 0
94 35 43 1.6618 0
63 102 45 2.8289 0
68 88 47 1.1196 0
77 101 43 0.7195 0
48 28 45 3.4344 0
73 57 45 3.4344 0
62 87 45 3.4344 0
28 57 45 3.293 0
48 103 59 3.5339 0
51 42 46 1.3903 0
37 31 45 3.2929 0
59 75 45 3.4344 0
51 89 45 3.4344 0
93 41 45 3.4344 0
91 57 45 3.4344 0
83 72 45 3.4344 0
65 28 45 3.4344 0
77 34 45 3.4344 0
36 71 45 3.293 0
28 78 45 3.293 0
72 84 45 3.1876 0
48 36 45 3.3415 0
91 30 45 3.3529 0
48 47 45 3.293 0
49 77 45 3.3448 0
29 35 45 3.2929 0
36 91 45 3.293 0
48 63 45 3.293 0
63 102 54 2.9074 0
24 41 45 3.1368 0
77 50 45 2.9094 0
74 112 51 0.7476 0
50 109 79 2.5708 0
63 109 45 2.8286 0
46 104 78 2.8965 0
77 101 52 0.7195 0
50 109 86 2.4779 0
31 45 44 2.6682 0
24 84 44 2.6682 0
24 64 44 2.6682 0
56 110 54 2.6067 0
41 46 44 2.6682 0
56 103 54 2.6065 0
42 77 44 2.6682 0
64 70 44 2.6687 0
56 101 44 2.6468 0
32 84 44 2.2259 0
78 108 46 0.7594 0
70 34 44 2.3237 0
57 111 44 2.2104 0
52 103 79 2.2528 0
62 34 45 2.1532 0
51 109 59 2.1673 0
79 24 44 2.0572 0
23 74 46 2.1119 0
35 78 44 1.7094 0
54 34 44 1.9827 0
35 37 44 1.8545 0
45 82 46 1.807 0
45 107 86 1.8986 0
73 99 58 0.5 0
42 94 45 1.8406 0
71 98 45 0.746 0
71 115 57 0.5 0
41 26 45 1.7299 0
43 32 43 1.6604 0
76 111 58 0.5 0
37 42 43 1.6604 0
78 107 53 0.9605 0
42 55 43 1.6604 0
49 83 43 1.6605 0
38 85 44 1.7379 0
45 42 43 1.6604 0
58 106 43 1.6603 0
46 109 58 1.6383 0
57 90 43 1.6618 0
44 51 43 1.6604 0
23 35 44 1.5476 0
44 59 43 1.586 0
30 64 46 1.3718 0
64 106 50 1.5005 0
25 31 43 1.5323 0
51 68 43 1.4049 0
45 108 62 1.5478 0
22 56 47 1.2706 0
22 58 43 1.2522 0
74 99 48 0.7478 0
51 71 46 1.3771 0
34 23 49 0.5 0
37 25 46 1.4611 0
68 99 44 1.1567 0
78 101 58 0.5 0
33 98 49 0.5 0
44 106 55 1.2262 0
78 103 47 0.7217 0
83 23 47 1.4186 0
90 36 44 1.387 0
70 114 47 0.5 0
68 99 48 1.1567 0
77 110 42 0.6499 0
22 69 43 1.1504 0
54 106 62 1.1246 0
0
