128
70 83 51 7.3246 0
62 58 106 13.9514 0
65 50 33 11.6758 0
44 84 29 6.9008 0
52 38 70 5.6127 0
78 88 81 6.306 0
62 77 33 11.6759 0
65 79 91 10.9243 0
66 46 84 9.2209 0
75 38 57 5.6122 0
80 80 106 8.829 0
54 93 67 3.5879 0
46 44 98 7.4692 0
57 44 51 7.3243 0
92 47 24 3.0542 0
45 83 53 3.373 0
83 43 29 6.9005 0
56 84 74 6.7153 0
79 40 43 6.5051 0
48 87 43 6.505 0
49 40 84 6.3704 0
74 43 69 6.1236 0
77 85 65 5.2643 0
52 89 57 5.6138 0
64 39 98 5.3566 0
84 84 92 5.1485 0
65 87 106 5.0249 0
72 64 25 4.0621 0
36 47 106 4.1601 0
55 35 60 4.1176 0
59 77 106 4.0924 0
57 63 25 4.0621 0
50 45 62 4.0624 0
67 91 42 4.0613 0
60 36 42 4.0581 0
72 93 60 3.8636 0
59 92 82 3.948 0
65 63 88 3.9134 0
58 85 48 3.8318 0
69 42 48 3.8255 0
70 34 74 3.6885 0
50 69 25 3.7192 0
79 54 25 3.6056 0
54 51 90 3.4843 0
49 82 64 3.5456 0
75 69 98 3.3693 0
74 92 71 3.4002 0
82 44 53 3.375 0
45 44 74 3.3751 0
59 57 88 3.1616 0
91 81 99 3.1893 0
43 52 106 3.1817 0
72 33 66 2.97 0
64 37 24 3.0542 0
63 90 24 3.0542 0
35 80 24 3.0542 0
56 40 92 2.9909 0
93 80 106 2.9968 0
56 41 106 3.0347 0
78 67 106 2.8681 0
39 82 39 2.7412 0
88 45 39 2.7391 0
71 57 90 2.8214 0
82 82 73 2.671 0
55 63 33 2.9017 0
72 64 33 2.9051 0
73 49 95 2.8269 0
39 45 89 2.8177 0
54 74 100 2.6253 0
66 85 77 2.7663 0
58 66 89 2.7615 0
69 94 52 2.7383 0
58 33 52 2.7319 0
80 45 61 2.6463 0
66 34 89 2.6908 0
56 75 80 2.6293 0
63 92 98 2.5106 0
62 35 32 2.6073 0
52 82 84 2.3613 0
65 92 32 2.6045 0
86 82 83 2.4751 0
68 33 81 2.5446 0
61 63 40 2.5626 0
72 65 93 2.4783 0
56 53 45 2.5233 0
71 74 45 2.5199 0
61 93 90 2.4454 0
77 89 91 2.4812 0
86 89 99 2.3808 0
53 54 24 2.2817 0
74 73 24 2.2793 0
53 44 41 2.419 0
74 83 41 2.4179 0
68 64 39 2.2064 0
62 36 106 2.3644 0
58 94 73 2.2673 0
79 77 94 2.2472 0
43 36 91 2.1852 0
39 40 106 2.2103 0
56 42 77 2.2384 0
49 77 23 2.0463 0
72 40 24 2.0586 0
55 87 24 2.0585 0
65 66 23 2.0463 0
80 89 98 2.1528 0
61 76 77 2.1619 0
40 44 83 2.0705 0
47 34 76 2.1614 0
76 48 23 2.0463 0
85 51 23 2.0463 0
52 82 23 2.0463 0
35 45 99 2.0656 0
66 40 73 1.9841 0
71 87 74 2.0555 0
63 52 48 2.0753 0
64 75 48 2.0743 0
52 72 106 2.0028 0
43 76 23 2.0463 0
81 88 72 2.0246 0
75 49 76 2.0345 0
64 61 23 2.0463 0
56 85 64 1.8947 0
76 79 59 1.9216 0
55 68 94 1.9498 0
79 85 57 1.9701 0
36 46 94 1.8503 0
77 43 78 1.6863 0
41 41 79 1.7827 0
0
