128
64 67 66 29.2389 0
43 23 49 5.7976 0
87 19 79 2.7469 0
17 76 74 3.9871 0
100 67 50 8.343 0
28 107 54 0.5 0
36 92 58 7.9374 0
82 99 77 7.8455 0
28 80 68 7.836 0
46 38 49 7.8169 0
48 95 46 7.4566 0
28 64 76 6.9746 0
84 37 76 6.9613 0
56 102 58 6.0654 0
36 45 59 5.8561 0
97 54 59 5.6482 0
97 80 60 5.5737 0
69 103 67 5.3342 0
30 54 67 5.5737 0
91 91 68 5.416 0
92 45 66 5.3647 0
36 67 88 5.3229 0
78 43 88 4.9162 0
78 91 88 4.9162 0
89 62 42 4.749 0
48 49 41 4.3797 0
57 44 41 4.3797 0
90 72 42 4.2391 0
59 36 52 4.1261 0
46 38 62 3.9978 0
73 34 70 3.879 0
30 66 64 3.8281 0
92 78 50 3.7953 0
24 92 63 3.6769 0
33 74 80 3.7549 0
59 90 41 3.5844 0
41 85 48 3.5698 0
46 84 41 3.6112 0
47 97 62 3.598 0
83 39 64 3.6281 0
58 34 61 3.5368 0
78 98 64 3.4488 0
60 96 49 3.552 0
71 36 78 3.5488 0
84 27 82 3.47 0
92 56 49 3.3119 0
40 50 49 3.3288 0
98 70 63 3.0051 0
88 88 77 3.0878 0
76 36 62 3.2065 0
67 100 58 3.0581 0
89 88 59 3.1399 0
71 96 81 3.1299 0
34 55 57 3.0464 0
34 80 57 3.0465 0
87 26 75 3.0732 0
67 34 62 3.1041 0
48 105 52 2.9375 0
59 100 68 2.9062 0
45 63 93 2.9487 0
89 47 76 2.8467 0
45 71 93 2.9406 0
35 55 77 2.8588 0
94 82 69 2.8054 0
82 57 40 2.9021 0
65 34 69 2.8872 0
73 50 93 2.8791 0
73 84 93 2.8524 0
89 47 57 2.7874 0
99 63 62 2.7641 0
37 48 70 2.7663 0
84 93 61 2.7977 0
82 77 40 2.8036 0
36 59 83 2.6296 0
85 46 82 2.647 0
32 73 59 2.5644 0
36 36 55 2.5311 0
41 43 67 2.5944 0
26 98 57 2.573 0
65 99 74 2.5963 0
53 36 67 2.5433 0
70 40 84 2.4965 0
70 45 90 2.5685 0
95 54 68 2.5644 0
62 40 46 2.5073 0
37 87 69 2.5428 0
44 57 42 2.5472 0
44 77 42 2.5472 0
66 35 55 2.5352 0
66 86 39 2.364 0
89 84 53 2.4993 0
70 89 90 2.4701 0
64 48 39 2.364 0
104 77 55 2.4799 0
36 80 77 2.459 0
54 83 39 2.364 0
53 98 67 2.4446 0
46 72 39 2.364 0
46 62 39 2.364 0
84 68 39 2.364 0
81 35 86 2.2954 0
79 83 91 2.3476 0
79 51 91 2.3476 0
44 100 55 2.3133 0
96 60 67 2.3233 0
26 67 86 2.2577 0
17 83 69 2.2764 0
96 68 39 2.364 0
31 60 60 2.3234 0
49 78 39 2.364 0
42 91 68 2.3254 0
77 78 94 2.2478 0
77 56 94 2.2478 0
74 97 58 2.3159 0
38 79 50 2.2649 0
84 87 84 2.3063 0
51 33 58 2.148 0
51 39 39 2.2474 0
66 50 94 2.1585 0
86 54 45 2.0277 0
37 31 52 2.2508 0
87 79 45 2.2304 0
75 107 72 2.1733 0
38 75 85 2.1901 0
66 84 94 2.06 0
58 35 70 2.1422 0
93 37 71 2.1614 0
92 52 73 2.1236 0
0
