128
75 65 41 2.1226 0
19 78 97 0.5 0
61 17 97 0.5 0
80 109 97 0.5 0
109 55 95 0.6845 0
19 60 33 1.5181 0
54 19 33 0.8971 0
39 101 57 0.8464 0
89 26 63 0.673 0
32 35 69 0.9174 0
72 107 33 1.5181 0
105 82 65 0.848 0
102 41 33 1.5181 0
44 105 95 0.9835 0
102 86 33 1.5181 0
46 81 33 1.5181 0
71 95 67 0.8734 0
91 27 95 0.5103 0
20 76 65 0.8083 0
102 86 97 0.5 0
59 18 66 0.6363 0
107 51 64 0.8083 0
46 47 33 1.5181 0
34 51 95 0.5103 0
74 37 33 1.5181 0
39 86 79 0.9098 0
37 26 95 0.9179 0
47 106 34 0.5349 0
32 54 54 0.8404 0
108 64 33 1.5181 0
23 82 33 1.5181 0
31 32 45 0.7112 0
69 85 33 1.5181 0
53 107 74 0.8708 0
18 60 81 0.6731 0
52 64 41 2.1226 0
93 51 81 0.8478 0
73 21 49 0.9963 0
56 32 82 0.8734 0
78 35 79 0.8738 0
89 83 80 0.6563 0
64 95 95 0.6557 0
82 93 49 0.9906 0
59 97 49 0.9154 0
63 50 35 2.79 0
108 66 78 0.9845 0
95 73 49 0.8404 0
56 32 52 0.8734 0
88 41 49 0.9098 0
34 76 50 0.8478 0
24 42 33 1.4585 0
84 104 79 0.582 0
88 75 33 1.5181 0
29 93 95 0.5103 0
95 67 95 0.9192 0
35 67 33 1.5181 0
82 90 95 0.5103 0
88 96 33 1.5181 0
88 56 33 1.5181 0
70 32 95 0.5103 0
90 26 34 0.9179 0
74 20 33 1.5181 0
42 30 33 1.5181 0
33 54 73 0.6831 0
99 37 72 0.8972 0
68 109 84 0.6363 0
70 111 52 0.5 0
35 97 33 1.5181 0
43 23 61 0.582 0
108 66 57 0.9845 0
29 90 66 0.9248 0
56 74 35 3.4766 0
100 41 95 0.5103 0
96 94 58 0.9606 0
49 92 67 0.8738 0
107 51 47 0.8083 0
74 20 73 0.8708 0
32 69 95 0.5103 0
25 77 81 0.7854 0
18 60 61 0.6731 0
22 45 85 0.848 0
68 33 64 0.5 0
60 98 33 1.5181 0
105 82 82 0.848 0
95 62 68 0.5498 0
71 74 35 3.4766 0
83 105 61 0.4062 0
43 23 78 0.582 0
44 89 95 0.5103 0
22 45 62 0.848 0
27 91 48 0.3335 0
111 71 96 0.5 0
38 101 74 0.673 0
49 35 95 0.5103 0
88 40 33 1.5181 0
96 94 73 0.9606 0
19 56 95 0.5103 0
53 107 59 0.8708 0
36 42 82 0.9971 0
61 33 33 1.5181 0
71 95 82 0.8734 0
47 37 66 0.5 0
93 51 59 0.8478 0
100 37 57 0.7006 0
34 76 69 0.8478 0
78 20 95 0.5103 0
58 108 95 0.5103 0
26 64 46 0.5073 0
94 98 95 0.8736 0
90 25 80 0.5 0
89 83 65 0.6563 0
88 26 49 0.8464 0
86 41 95 0.5103 0
45 96 45 0.7299 0
107 51 79 0.8083 0
25 37 97 0.5 0
68 109 69 0.6363 0
22 45 48 0.848 0
20 76 51 0.8083 0
59 18 83 0.6363 0
59 18 51 0.6363 0
35 40 56 0.6795 0
43 23 47 0.582 0
40 86 58 0.6354 0
105 82 51 0.848 0
91 85 43 0.9971 0
30 65 62 0.9749 0
32 54 39 0.8404 0
0
