128
64 69 59 4.6028 0
65 100 109 0.5 0
28 36 29 0.5 0
98 36 29 0.5 0
33 40 86 1.3954 0
95 38 88 0.5 0
95 79 92 1.4963 0
43 99 29 0.5 0
86 97 29 0.5 0
32 82 92 0.8099 0
85 39 59 0.916 0
42 40 55 1.2306 0
61 94 81 0.5 0
65 40 40 0.744 0
86 58 40 0.857 0
42 62 40 0.8588 0
64 92 41 0.5296 0
65 48 59 4.6028 0
47 89 55 1.4879 0
85 60 77 0.4481 0
42 64 78 0.2856 0
82 88 71 0.5 0
46 94 102 1.3119 0
84 80 44 0.5 0
81 94 102 1.3119 0
49 57 60 3.6503 0
45 83 76 0.5 0
75 85 59 2.3227 0
83 40 41 0.5377 0
32 67 89 1.4806 0
76 55 59 4.6028 0
94 54 87 1.4117 0
86 40 75 1.1547 0
45 79 40 0.7499 0
42 40 71 1.1623 0
64 81 59 4.6028 0
81 90 87 1.0614 0
45 73 54 0.9802 0
49 40 40 0.744 0
75 66 59 4.6028 0
46 90 87 1.0614 0
62 58 59 4.6028 0
54 65 59 4.6028 0
36 40 38 1.1454 0
74 77 59 4.6028 0
66 96 95 0.6709 0
55 76 59 4.6028 0
51 48 59 4.6028 0
46 91 42 1.4528 0
33 54 87 1.4117 0
78 92 41 0.5296 0
83 74 79 0.5 0
95 67 89 1.4806 0
79 45 60 3.6768 0
54 90 71 0.5 0
84 69 41 0.7043 0
69 91 72 0.4131 0
41 50 45 0.5 0
42 53 74 0.5 0
40 77 85 0.627 0
45 87 29 0.1289 0
87 49 48 0.5 0
55 96 105 1.432 0
72 96 105 1.432 0
91 87 96 1.4598 0
45 73 71 0.4818 0
57 39 48 0.5 0
79 88 29 0.1909 0
91 44 29 0.5 0
54 96 93 0.5 0
32 46 29 0.5 0
80 90 51 1.0143 0
39 90 98 1.3309 0
91 40 38 1.1453 0
46 85 66 0.677 0
58 91 50 0.5 0
72 40 49 0.532 0
55 85 60 2.726 0
85 52 71 0.4181 0
87 40 51 1.1575 0
70 93 85 0.3693 0
39 40 47 1.1234 0
85 81 85 0.7711 0
83 68 71 0.2623 0
85 62 50 0.5 0
74 40 41 0.5369 0
70 91 49 0.5 0
39 48 81 0.6066 0
88 48 81 0.6059 0
80 89 78 0.9145 0
82 77 70 0.5862 0
82 92 35 1.2144 0
45 70 44 0.5 0
45 93 31 1.2115 0
58 44 61 2.6689 0
38 36 29 0.5 0
75 96 94 0.5 0
83 72 50 0.5 0
55 92 41 0.5296 0
87 49 40 0.8499 0
44 64 50 0.5649 0
72 43 60 2.5332 0
94 44 86 1.1222 0
44 64 69 0.4126 0
62 90 68 0.6872 0
48 88 72 1.0732 0
47 81 49 0.5 0
31 75 91 0.8369 0
40 40 80 0.8302 0
85 60 67 0.5 0
85 40 66 1.101 0
34 40 31 1.148 0
43 56 50 0.6439 0
54 91 79 0.6874 0
57 40 40 0.744 0
61 95 89 0.7043 0
42 40 62 1.1581 0
99 44 29 0.5 0
40 56 81 0.526 0
40 85 90 0.8067 0
89 40 81 1.1593 0
87 68 83 0.3099 0
49 71 60 2.2493 0
43 73 79 0.5213 0
81 83 54 0.9769 0
42 48 68 0.5928 0
78 97 29 0.5 0
81 85 40 0.7128 0
0
