128
51 64 72 3.8784 0
110 30 63 0.5 0
115 80 64 0.5 0
19 98 63 0.5 0
85 56 69 6.2231 0
57 94 67 3.1956 0
66 33 66 2.9465 0
96 33 79 3.1956 0
35 85 66 2.9933 0
90 86 64 0.5 0
38 64 71 7.2786 0
45 94 80 2.6525 0
81 33 72 3.1956 0
43 44 65 2.1916 0
91 43 68 4.9674 0
101 77 75 0.5 0
30 94 75 3.1956 0
83 76 65 2.1916 0
47 74 68 4.6926 0
64 51 68 0.8465 0
103 68 63 0.6617 0
85 68 68 4.7335 0
80 33 84 2.81 0
41 51 67 4.2073 0
47 94 69 3.1956 0
105 34 66 2.7881 0
69 34 78 1.5695 0
36 76 69 3.6845 0
34 93 68 3.6286 0
94 33 66 3.1956 0
76 44 65 1.3099 0
75 33 66 3.1956 0
90 34 73 3.2396 0
82 46 66 3.1994 0
52 94 75 3.1956 0
24 94 70 3.1956 0
86 33 66 3.1956 0
56 43 67 0.5 0
40 94 75 3.1956 0
86 33 80 3.1956 0
70 60 63 0.6758 0
100 33 71 3.1956 0
70 33 72 3.1956 0
75 33 79 3.1956 0
110 74 70 0.8144 0
95 78 67 0.7516 0
24 70 63 0.5 0
47 59 66 2.745 0
60 59 63 0.4098 0
100 56 64 0.5 0
54 51 70 0.9176 0
74 55 65 1.9327 0
89 76 66 2.6848 0
77 65 67 2.6568 0
99 87 63 0.5 0
55 58 69 2.3236 0
100 72 69 0.8196 0
52 73 80 0.5 0
96 63 63 0.5377 0
79 40 66 2.3354 0
41 93 66 2.2636 0
31 70 65 2.1916 0
91 63 65 2.1916 0
47 85 64 0.9857 0
48 73 76 2.2452 0
50 67 65 2.1916 0
92 38 88 0.5 0
65 43 66 0.8616 0
95 53 64 1.1837 0
92 32 84 2.1877 0
36 95 80 2.1877 0
28 95 65 2.1877 0
78 51 65 2.1916 0
40 80 65 2.1916 0
86 81 65 2.1916 0
102 32 77 2.1877 0
48 53 65 2.0415 0
77 59 65 2.0428 0
109 72 63 0.557 0
41 74 73 1.9923 0
96 71 63 0.6758 0
59 47 70 0.8636 0
68 48 63 0.6758 0
80 63 72 1.8194 0
51 45 64 0.7795 0
97 83 71 0.5 0
35 55 67 1.7165 0
18 90 63 0.232 0
86 34 86 1.7102 0
66 55 63 0.5 0
109 38 73 0.5 0
58 95 73 1.583 0
54 39 63 0.5 0
62 56 67 0.9224 0
65 96 63 0.5 0
20 94 65 1.3768 0
85 80 73 0.5 0
28 61 63 0.5 0
106 34 72 1.4429 0
46 81 64 1.1837 0
52 88 63 0.6633 0
95 84 66 0.6262 0
112 76 64 0.8479 0
92 71 65 1.2179 0
30 88 66 1.4068 0
104 74 72 0.7893 0
79 49 70 1.5062 0
96 39 72 1.4851 0
91 65 71 1.4675 0
40 88 64 1.1721 0
47 59 73 1.4371 0
97 39 66 1.4794 0
92 51 65 1.446 0
106 71 68 0.6751 0
60 40 66 0.6324 0
97 78 72 0.63 0
60 53 72 0.5 0
30 79 63 0.5 0
33 49 63 0.6758 0
52 70 74 1.3778 0
95 60 64 1.1837 0
85 64 74 1.378 0
46 68 75 1.3366 0
40 71 64 1.1837 0
92 51 70 1.3725 0
99 38 85 0.5 0
40 75 64 1.1837 0
53 72 64 1.1837 0
0
