128
55 62 56 17.773 0
65 59 114 4.9828 0
106 58 84 4.2941 0
64 61 95 13.0049 0
88 69 16 2.1586 0
16 58 85 1.9646 0
83 62 68 11.0282 0
81 57 45 9.8398 0
41 60 16 2.8555 0
83 66 25 7.3205 0
35 60 73 7.2536 0
44 66 25 7.3238 0
76 74 46 6.8113 0
69 70 77 6.3681 0
51 58 80 5.7034 0
99 60 76 5.5095 0
43 56 35 5.1904 0
75 75 60 5.0584 0
67 45 44 5.0091 0
23 59 81 4.9609 0
74 54 80 4.9693 0
55 69 79 4.8674 0
74 48 56 4.8141 0
42 70 38 4.7919 0
70 51 70 4.3877 0
85 71 38 4.2684 0
65 59 77 3.9979 0
48 48 39 3.8548 0
84 70 54 3.7655 0
49 78 41 3.5186 0
81 55 30 3.4806 0
46 67 76 3.4837 0
59 79 42 3.5393 0
77 63 83 3.3793 0
69 76 68 3.4032 0
56 44 43 3.3511 0
51 56 28 2.8505 0
73 80 30 0.5 0
60 75 74 3.0514 0
56 51 75 3.1066 0
76 44 45 2.824 0
38 62 42 2.7386 0
41 70 71 2.6929 0
55 78 29 0.5509 0
66 79 45 2.6952 0
86 60 16 2.7748 0
71 46 30 0.4087 0
77 76 69 2.5916 0
63 67 111 2.7294 0
85 52 57 2.7312 0
75 58 27 2.6634 0
66 73 41 2.6604 0
77 46 38 2.6524 0
40 53 43 2.6096 0
53 75 73 2.6621 0
69 53 40 2.6133 0
87 59 33 2.5787 0
86 71 46 2.6046 0
74 73 27 2.2659 0
72 66 40 2.4278 0
45 54 74 2.5002 0
62 48 71 2.3854 0
58 56 110 2.5115 0
35 65 63 2.4688 0
57 45 31 0.5 0
57 62 110 2.4658 0
81 49 34 2.2521 0
63 74 84 2.2409 0
69 60 40 2.3294 0
53 72 27 2.2366 0
47 74 72 2.2901 0
50 44 46 2.2934 0
39 69 16 2.2218 0
53 52 87 2.2579 0
76 49 64 2.1585 0
69 48 63 2.2144 0
51 66 86 2.018 0
67 44 53 1.8979 0
89 64 37 2.0098 0
69 65 110 2.0781 0
81 78 38 1.9383 0
67 53 109 2.0359 0
38 63 36 1.9023 0
45 46 47 2.0046 0
56 50 39 2.0085 0
63 52 76 1.8628 0
48 50 31 1.718 0
97 64 68 1.9421 0
48 78 30 0.932 0
75 52 29 1.8387 0
89 67 43 1.9152 0
72 81 40 1.8526 0
38 70 66 1.8927 0
42 74 45 1.9249 0
89 66 51 1.7968 0
47 64 37 1.9295 0
61 43 50 1.8744 0
81 49 60 1.839 0
61 43 39 1.8602 0
78 68 38 1.7013 0
72 43 50 1.8261 0
54 62 28 1.4241 0
62 52 109 1.8162 0
54 50 82 1.81 0
50 51 73 1.7993 0
96 57 68 1.8823 0
78 74 74 1.866 0
86 53 34 1.8605 0
74 69 85 1.7431 0
79 45 50 1.7407 0
44 75 32 1.6442 0
83 75 32 1.6719 0
38 67 45 1.7345 0
84 74 61 1.8184 0
89 62 54 1.6687 0
48 75 28 1.7814 0
44 68 15 1.8187 0
50 56 89 1.7414 0
79 75 28 1.7616 0
78 69 79 1.7737 0
83 68 15 1.7765 0
61 48 39 1.6258 0
58 73 85 1.72 0
71 57 109 1.6369 0
67 78 61 1.7511 0
25 62 73 1.6898 0
92 55 76 1.6862 0
69 73 86 1.7108 0
0
