128
101 76 65 12.6863 0
26 51 55 12.6863 0
76 26 64 12.6863 0
51 101 55 12.6863 0
101 51 55 12.6863 0
76 101 65 12.6863 0
26 76 65 12.6863 0
51 26 55 12.6863 0
36 36 73 11.7344 0
96 37 74 10.1073 0
37 96 74 10.1073 0
94 93 51 8.7108 0
57 106 76 8.7108 0
57 21 76 8.7108 0
106 57 76 8.7108 0
21 57 76 8.7108 0
95 94 76 7.9692 0
93 31 51 7.9692 0
31 93 51 7.9692 0
32 32 49 6.6951 0
70 109 48 5.6872 0
19 69 48 5.6872 0
108 69 48 5.6872 0
68 18 48 5.6872 0
35 79 48 5.6872 0
84 105 48 5.5071 0
92 78 48 5.4008 0
78 92 48 5.4008 0
21 83 48 5.0666 0
106 83 48 5.0666 0
79 36 48 4.9603 0
87 23 79 5.0324 0
80 36 80 4.6793 0
90 81 80 4.6793 0
82 90 80 4.6793 0
83 22 47 4.6793 0
37 81 80 4.6793 0
25 87 80 4.6793 0
96 67 47 4.6793 0
71 18 80 4.6793 0
68 97 47 4.6793 0
32 67 80 4.6793 0
95 67 80 4.6793 0
67 95 80 4.6793 0
52 34 80 4.6793 0
34 52 80 4.6793 0
93 52 80 4.6793 0
52 93 80 4.6793 0
42 40 47 4.6793 0
70 30 47 4.6793 0
69 32 80 4.6793 0
32 68 47 4.6793 0
43 21 80 4.6091 0
21 43 80 4.6091 0
86 105 80 4.592 0
85 41 58 4.5301 0
42 86 61 4.5301 0
86 85 71 4.5301 0
106 85 80 4.1515 0
60 33 69 4.086 0
111 70 80 3.8457 0
16 70 80 3.8457 0
60 94 69 4.086 0
33 60 69 4.086 0
94 60 69 4.086 0
70 111 79 3.8457 0
42 42 57 3.8174 0
87 44 47 3.8174 0
44 87 47 3.8174 0
87 83 57 3.8174 0
94 101 65 3.6932 0
102 34 60 3.6932 0
34 102 60 3.6932 0
112 62 64 3.6386 0
33 26 59 3.6932 0
26 33 60 3.6932 0
108 45 70 3.7282 0
45 108 70 3.7282 0
45 19 70 3.7282 0
19 45 70 3.7282 0
18 80 80 3.7453 0
100 95 63 3.6932 0
95 27 63 3.6932 0
27 95 63 3.6932 0
15 65 57 3.6386 0
65 112 57 3.6386 0
62 112 65 3.6386 0
15 62 65 3.6386 0
62 15 65 3.6386 0
44 107 81 3.6715 0
107 44 81 3.6715 0
51 91 71 3.5876 0
91 51 71 3.5876 0
104 36 46 3.2021 0
36 104 47 3.2021 0
88 46 65 3.1965 0
52 36 69 3.1301 0
36 52 69 3.1301 0
83 41 69 3.1047 0
92 23 70 2.7446 0
103 73 82 2.6636 0
60 112 45 2.6636 0
80 17 80 2.8473 0
99 80 82 2.6636 0
63 14 56 2.8008 0
61 34 77 2.9328 0
113 63 55 2.8008 0
77 99 82 2.6636 0
26 78 82 2.6636 0
79 27 82 2.6636 0
23 92 73 2.7446 0
79 110 82 2.6636 0
112 59 45 2.6636 0
62 34 45 2.6636 0
22 37 66 2.7617 0
37 22 66 2.7617 0
90 105 57 2.7617 0
22 37 47 2.7617 0
37 22 47 2.7617 0
105 90 57 2.7617 0
24 70 82 2.6636 0
86 85 45 2.6636 0
16 60 45 2.6636 0
86 43 82 2.6636 0
101 75 45 2.6636 0
26 75 45 2.6636 0
76 101 45 2.6636 0
77 16 51 2.7421 0
0
