128
66 61 63 3.1431 0
13 57 63 3.1431 0
114 78 63 3.1431 0
40 88 63 2.5178 0
79 86 63 3.1431 0
94 59 64 3.1431 0
43 66 63 3.1431 0
25 79 63 3.1431 0
95 77 63 3.1431 0
57 88 63 3.1431 0
80 69 63 3.1431 0
109 60 63 3.1431 0
57 72 64 3.1431 0
28 63 62 1.8094 0
69 77 62 1.838 0
80 56 66 1.1274 0
50 78 63 3.1431 0
16 71 65 1.5689 0
104 86 66 1.1274 0
38 78 65 2.1353 0
32 84 63 3.1431 0
55 64 63 3.1431 0
95 67 63 3.1431 0
71 87 63 3.1431 0
94 85 63 3.1431 0
80 77 63 3.1431 0
49 88 63 3.1431 0
22 71 63 3.1431 0
80 61 63 3.1431 0
32 68 63 3.1431 0
114 66 63 3.1431 0
89 72 63 3.1431 0
15 65 64 3.1431 0
43 74 63 3.1431 0
32 76 63 3.1431 0
88 80 63 3.1431 0
88 64 63 3.1431 0
108 84 63 3.1431 0
22 63 63 3.1431 0
50 70 63 3.1431 0
73 59 64 3.1431 0
64 85 64 3.1431 0
101 82 64 3.1431 0
101 61 63 3.1431 0
43 82 63 3.1431 0
70 70 62 2.1003 0
86 57 63 2.627 0
64 71 63 2.3703 0
86 87 63 2.1634 0
57 81 62 2.1353 0
75 81 65 2.1353 0
38 70 65 2.1353 0
75 73 62 2.1353 0
115 72 65 2.1353 0
60 60 65 2.127 0
49 64 65 2.1353 0
68 55 65 1.9869 0
75 65 62 1.9789 0
9 48 66 0.5 0
63 79 62 1.5197 0
9 49 60 0.5 0
36 64 65 1.3486 0
18 78 68 0.5 0
61 64 61 1.1274 0
77 55 63 1.302 0
71 66 68 0.5 0
20 77 65 1.2715 0
65 77 68 0.5 0
44 90 65 1.3557 0
84 73 66 1.1274 0
36 80 61 1.1274 0
36 72 61 1.1274 0
99 89 68 0.5 0
96 72 65 1.3164 0
10 52 61 0.9724 0
70 74 68 0.5 0
49 83 66 1.1274 0
26 68 66 1.1274 0
83 81 66 1.1274 0
83 65 66 1.1274 0
64 92 68 0.5 0
59 83 66 1.1274 0
75 67 66 1.1274 0
68 71 66 1.1274 0
36 88 66 1.1274 0
38 64 62 1.2353 0
18 58 65 1.1921 0
27 62 66 1.1274 0
16 71 61 1.1274 0
68 82 62 1.2053 0
44 90 61 1.1274 0
105 57 65 1.1809 0
75 75 66 1.1274 0
75 71 66 1.1274 0
57 79 66 1.1274 0
99 87 63 1.174 0
27 67 61 1.1274 0
38 83 61 1.1274 0
38 75 61 1.1274 0
96 72 61 1.1274 0
55 77 61 1.1274 0
74 78 62 1.1757 0
113 73 61 1.1096 0
106 65 68 0.5 0
10 52 68 0.5 0
76 91 68 0.5 0
109 79 61 1.1008 0
67 67 61 1.1274 0
67 56 61 1.1274 0
80 56 61 1.1274 0
49 83 61 1.1274 0
78 73 66 1.1274 0
78 65 66 1.1274 0
77 81 61 1.1274 0
105 63 66 1.1274 0
48 74 66 1.1274 0
105 57 61 1.1274 0
21 76 61 1.1274 0
103 86 61 1.1274 0
74 83 61 1.1274 0
30 80 66 1.1274 0
30 72 66 1.1274 0
45 86 66 1.1274 0
30 64 66 1.1274 0
45 78 66 1.1274 0
45 70 66 1.1274 0
26 73 66 1.1274 0
71 55 61 1.1274 0
0
