128
62 65 61 3.3657 0
113 71 63 5.3815 0
7 63 67 0.5 0
29 64 63 5.3815 0
88 49 67 1.8406 0
84 74 63 5.3815 0
112 54 63 5.3815 0
72 54 65 3.7417 0
51 59 62 4.13 0
82 54 63 5.3815 0
105 80 63 4.9301 0
51 71 63 3.5523 0
102 49 63 4.5072 0
69 76 67 2.0321 0
40 69 61 3.154 0
95 79 62 3.8428 0
73 69 61 2.6884 0
92 51 62 3.6718 0
13 67 58 0.7734 0
19 64 62 3.5441 0
42 60 61 3.3657 0
80 64 62 3.4171 0
66 74 61 3.3657 0
60 55 61 2.4458 0
75 76 61 2.7225 0
60 74 67 2.0002 0
69 63 61 2.5809 0
116 62 65 2.5367 0
67 57 60 2.3579 0
59 73 61 2.3984 0
75 59 60 2.3579 0
45 71 67 2.3579 0
55 66 60 2.3579 0
47 66 60 2.3579 0
76 77 67 2.3579 0
45 59 67 2.3579 0
85 62 67 2.085 0
65 64 67 2.2807 0
111 63 60 2.1817 0
35 69 67 2.1784 0
59 59 68 0.9266 0
90 80 67 2.0731 0
14 65 67 1.8253 0
112 79 67 2.0123 0
7 63 59 0.5 0
22 67 67 1.9876 0
62 52 70 0.5 0
60 66 67 1.9345 0
61 54 67 1.5298 0
73 63 69 0.8421 0
35 59 67 1.643 0
66 56 67 1.726 0
65 73 67 1.759 0
73 69 67 1.4538 0
99 77 67 1.621 0
110 61 67 1.5766 0
109 47 67 1.4137 0
117 64 60 1.5288 0
89 62 59 0.5 0
91 75 67 1.6145 0
35 59 61 1.643 0
86 61 60 1.3712 0
40 58 67 1.6056 0
98 82 67 1.6174 0
80 68 67 1.521 0
96 52 67 1.5397 0
66 53 63 1.6092 0
116 81 59 0.5 0
21 62 68 1.35 0
53 65 70 0.5 0
96 47 67 1.3849 0
89 80 59 1.35 0
109 47 60 1.4137 0
54 54 69 0.8133 0
91 57 69 0.5 0
70 52 59 1.35 0
40 71 67 1.4571 0
45 72 61 1.4197 0
13 65 62 1.4659 0
117 59 59 1.35 0
108 75 68 1.35 0
120 52 70 0.5 0
82 82 70 0.5 0
96 47 59 1.35 0
49 56 68 1.3404 0
111 65 68 1.35 0
74 53 59 1.35 0
92 53 68 1.35 0
58 61 59 1.35 0
38 64 59 1.35 0
113 79 62 1.2996 0
105 54 59 1.35 0
117 58 68 1.35 0
117 66 68 1.35 0
91 75 59 1.35 0
53 57 68 1.35 0
53 61 68 1.35 0
79 69 59 1.35 0
81 64 68 1.35 0
87 49 59 1.35 0
81 60 68 1.35 0
106 55 68 1.35 0
95 77 68 1.35 0
53 68 68 1.2819 0
62 59 59 1.35 0
88 57 67 1.3593 0
111 78 59 1.35 0
84 68 68 1.35 0
35 67 59 1.35 0
88 57 59 1.35 0
84 67 59 1.35 0
75 64 59 1.35 0
40 64 70 0.5 0
34 70 62 1.304 0
68 69 59 1.35 0
93 49 68 1.35 0
106 74 59 1.35 0
77 63 67 1.2729 0
106 45 59 1.3102 0
106 45 68 1.3102 0
64 53 59 1.2283 0
17 62 68 1.1837 0
116 76 68 1.2996 0
49 68 68 1.1384 0
70 63 68 1.0157 0
23 68 60 1.1883 0
108 87 69 0.5 0
85 80 68 1.1207 0
0
