128
82 97 69 5.773 0
31 31 63 6.5096 0
96 31 63 6.5096 0
31 96 63 6.5096 0
101 66 82 1.8844 0
64 27 77 2.5994 0
24 63 85 0.5 0
55 101 81 1.8844 0
97 82 69 5.773 0
28 56 70 3.9002 0
96 96 63 6.5096 0
99 56 70 3.9002 0
28 72 74 3.9002 0
82 30 69 5.773 0
45 97 69 5.773 0
45 30 69 5.773 0
30 82 69 5.773 0
97 45 69 5.773 0
30 45 69 5.773 0
63 98 68 2.0907 0
70 101 82 1.8844 0
56 28 74 3.9002 0
72 99 74 3.9002 0
72 28 74 3.9002 0
99 72 74 3.9002 0
56 99 70 3.9002 0
38 89 69 3.7026 0
38 38 69 3.7026 0
89 89 69 3.7026 0
89 38 69 3.7026 0
101 53 81 1.8844 0
26 54 81 1.8844 0
64 28 70 3.147 0
64 99 75 3.147 0
28 64 71 3.147 0
99 64 71 3.147 0
47 101 80 1.8844 0
46 26 80 1.8844 0
104 86 82 0.5 0
24 83 83 0.5 0
83 24 83 0.5 0
80 101 81 1.269 0
79 26 80 1.8844 0
26 66 81 1.8844 0
26 47 80 1.8844 0
101 41 79 1.5435 0
100 61 77 2.5613 0
27 61 77 2.5613 0
51 100 76 2.4488 0
27 51 76 2.4488 0
100 51 76 2.4488 0
104 25 74 0.5 0
104 77 84 0.5 0
26 85 78 1.8844 0
26 76 81 1.8844 0
24 104 73 0.5 0
100 101 76 0.5 0
26 26 71 1.8844 0
101 77 80 1.8844 0
68 100 68 2.28 0
89 103 79 0.5 0
87 92 63 2.2209 0
87 35 63 2.2209 0
40 92 63 2.2209 0
40 35 63 2.2209 0
35 87 63 2.2183 0
35 40 63 2.2183 0
92 87 63 2.2183 0
92 40 63 2.2183 0
69 26 81 1.8844 0
89 27 80 0.5 0
104 104 55 0.5 0
54 28 85 0.5 0
101 82 78 1.8844 0
97 73 67 1.8985 0
101 26 70 1.8844 0
101 101 70 1.8844 0
26 101 70 1.8844 0
54 28 67 1.9072 0
56 26 81 1.8844 0
73 29 67 1.9072 0
29 73 67 1.8985 0
84 26 79 1.8844 0
75 101 81 1.8844 0
61 26 82 1.8844 0
60 101 80 1.8844 0
101 72 81 1.8844 0
26 80 78 1.8844 0
26 71 81 1.8844 0
74 26 81 1.8844 0
65 101 82 1.8844 0
26 43 77 1.8844 0
51 26 81 1.8844 0
49 26 76 1.8844 0
43 101 77 1.8844 0
42 26 77 1.8844 0
78 101 77 1.8844 0
26 69 68 1.8844 0
101 69 68 1.8844 0
40 26 63 1.8844 0
26 40 63 1.8844 0
101 40 63 1.8844 0
39 101 64 1.8844 0
88 101 64 1.8844 0
83 101 78 1.8844 0
73 99 67 1.9072 0
101 45 77 1.8844 0
26 88 63 1.8844 0
101 88 63 1.8844 0
88 26 63 1.8844 0
26 59 82 1.8844 0
101 59 82 1.8844 0
57 99 77 1.7924 0
103 24 55 0.5 0
101 48 81 1.4898 0
24 103 55 0.3687 0
24 24 55 0.3687 0
51 32 76 1.5207 0
58 30 68 1.5803 0
104 89 75 0.5 0
77 95 76 1.4927 0
77 32 76 1.4927 0
32 77 76 1.4927 0
95 77 76 1.4927 0
101 26 56 1.3719 0
29 56 77 1.4596 0
98 56 77 1.4596 0
100 101 56 1.3719 0
0
