128
77 69 74 1.7777 0
27 40 28 0.5 0
57 90 28 0.5 0
96 56 29 0.9618 0
29 69 64 0.5 0
102 47 101 0.6161 0
60 49 44 0.5556 0
104 45 66 0.7533 0
48 48 84 0.3577 0
104 81 96 0.5 0
28 73 29 0.1161 0
104 82 66 0.7533 0
78 75 42 1.1814 0
49 80 85 0.5 0
72 49 101 0.5 0
72 79 102 0.5 0
53 82 56 0.5 0
83 51 52 0.5467 0
67 45 70 0.7533 0
40 47 60 0.4635 0
73 57 28 0.6874 0
98 67 49 0.9557 0
28 58 45 0.577 0
31 63 85 0.5 0
96 59 83 0.5 0
58 36 28 0.5 0
42 83 39 0.6749 0
65 65 56 0.36 0
85 63 45 3.3736 0
42 44 39 0.6749 0
93 74 29 0.9426 0
87 61 63 2.02 0
63 61 86 0.5 0
67 81 85 0.7312 0
66 83 67 0.8209 0
42 80 69 0.6103 0
98 77 81 0.9704 0
65 74 28 0.0522 0
83 50 34 1.5435 0
80 54 85 0.2364 0
103 46 83 0.748 0
31 74 48 0.3856 0
61 77 43 0.5669 0
27 57 29 0.5 0
76 73 59 1.085 0
35 52 74 0.4407 0
67 46 86 0.6444 0
85 63 33 3.3676 0
35 91 28 0.5 0
97 52 55 0.7393 0
94 67 74 1.3937 0
51 47 70 0.601 0
66 62 40 0.5 0
80 55 73 1.44 0
95 73 60 0.927 0
60 51 58 0.5975 0
63 60 71 0.2379 0
74 52 61 0.7533 0
36 75 82 0.6063 0
60 73 76 0.4106 0
62 49 30 0.4653 0
95 53 72 0.9704 0
90 76 40 1.2523 0
40 81 54 0.5 0
30 57 58 0.4417 0
50 45 52 0.4392 0
85 64 69 3.8832 0
74 56 40 1.3412 0
97 57 43 1.2254 0
79 75 29 0.9256 0
72 67 33 0.9967 0
86 76 52 0.8834 0
86 74 83 0.6022 0
58 52 79 0.492 0
99 63 35 1.618 0
39 40 28 0.5 0
35 48 48 0.5 0
72 64 49 0.85 0
53 44 35 0.5922 0
54 79 68 0.3781 0
32 50 37 0.4357 0
27 68 39 0.3845 0
85 63 57 3.3797 0
53 83 36 0.5 0
31 64 74 0.5 0
62 72 64 0.3753 0
89 51 44 0.9267 0
32 77 38 0.5322 0
99 49 92 0.8826 0
89 54 80 0.5821 0
61 75 54 0.3029 0
99 62 61 0.5 0
70 78 74 0.9704 0
38 51 84 0.2745 0
43 85 29 0.5 0
52 82 46 0.4802 0
72 51 80 0.9356 0
65 84 28 0.5 0
35 77 62 0.3817 0
97 70 42 1.322 0
64 56 50 0.4105 0
34 74 72 0.3283 0
73 62 63 0.6462 0
87 73 74 1.5876 0
68 80 94 0.9449 0
91 51 34 1.5993 0
85 76 63 0.7527 0
75 62 83 0.4399 0
102 80 88 0.7533 0
95 54 63 0.8445 0
94 59 76 1.2926 0
95 73 52 1.2474 0
104 82 76 0.7843 0
74 57 54 0.7316 0
81 51 43 1.049 0
29 84 28 0.5 0
42 47 69 0.6103 0
28 66 51 0.5 0
31 58 67 0.5 0
32 48 28 0.4236 0
59 51 67 0.5731 0
51 46 61 0.573 0
85 51 61 0.8567 0
49 81 76 0.5 0
73 69 42 1.1969 0
70 49 93 0.9704 0
101 47 74 0.9704 0
96 75 69 0.8386 0
0
