128
63 63 42 19.9469 0
108 37 69 3.8636 0
23 39 67 6.5046 0
62 114 68 3.6227 0
95 75 44 13.1202 0
48 92 52 12.8658 0
77 33 49 12.785 0
47 35 52 12.7777 0
31 72 46 12.4752 0
76 92 51 12.08 0
91 52 50 9.8038 0
30 51 53 8.257 0
62 35 34 7.4795 0
44 83 33 7.2878 0
63 105 60 7.2531 0
80 83 31 6.8915 0
100 41 61 6.689 0
92 65 73 2.3569 0
95 63 63 6.672 0
62 21 42 6.6329 0
87 78 63 6.5322 0
32 63 64 6.4257 0
40 77 64 6.2225 0
39 50 40 6.3387 0
63 36 65 6.0264 0
30 92 42 5.8553 0
62 90 38 6.0089 0
106 58 55 5.8867 0
74 42 29 5.8444 0
39 67 29 5.8835 0
87 63 30 5.8845 0
94 95 44 5.5975 0
49 42 33 5.6205 0
76 39 68 5.3011 0
84 47 36 5.3788 0
79 86 69 5.1181 0
94 30 58 4.6893 0
64 105 73 4.7667 0
64 63 77 0.5 0
51 38 70 4.4685 0
48 87 70 4.4575 0
30 32 60 4.5384 0
63 63 68 4.1843 0
19 60 54 4.1924 0
102 43 73 4.3859 0
58 83 27 4.3101 0
68 83 27 4.3101 0
41 61 56 4.3566 0
84 66 56 4.3014 0
81 53 27 4.1542 0
19 50 61 4.1912 0
43 55 29 4.147 0
88 91 36 3.9423 0
76 106 61 3.8629 0
82 72 26 3.8401 0
53 26 36 3.7664 0
50 20 43 3.8892 0
73 17 42 3.7971 0
57 45 26 3.8164 0
51 108 59 3.8094 0
108 50 62 3.6856 0
65 43 57 3.696 0
62 26 55 3.6285 0
44 52 55 3.6029 0
86 68 68 3.5915 0
94 58 37 3.5182 0
84 33 65 3.5589 0
94 37 51 3.5009 0
91 87 57 3.4662 0
34 59 35 3.3411 0
33 41 61 3.2398 0
74 31 32 3.371 0
45 70 57 3.4104 0
72 91 35 3.2955 0
78 76 57 3.1524 0
62 100 46 3.2116 0
36 47 72 0.5934 0
30 56 41 3.1872 0
109 66 49 3.177 0
39 93 37 3.0433 0
41 67 68 3.1808 0
31 44 72 3.1625 0
63 83 56 3.0075 0
70 59 65 2.9337 0
78 49 55 2.9682 0
22 85 41 3.0115 0
31 88 51 2.9777 0
27 39 56 2.957 0
89 49 72 0.5 0
79 95 67 2.9081 0
54 89 32 2.9008 0
32 85 35 2.7871 0
101 59 43 2.8938 0
74 76 25 2.8351 0
50 52 25 2.8151 0
45 75 25 2.835 0
71 25 35 2.8778 0
34 84 58 2.6927 0
89 41 58 2.8858 0
69 111 68 2.8599 0
51 79 25 2.8381 0
66 46 25 2.8094 0
78 55 59 2.7373 0
64 72 64 2.8031 0
55 58 64 2.6923 0
88 102 48 2.7314 0
104 48 54 2.65 0
90 72 28 2.7327 0
86 89 63 2.7151 0
83 45 59 2.6473 0
23 58 63 2.6531 0
35 100 45 2.6291 0
90 41 42 2.6736 0
50 76 57 2.662 0
102 91 41 2.6224 0
92 93 53 2.6099 0
97 73 61 2.6286 0
48 33 35 2.6384 0
55 111 65 2.4647 0
50 55 60 2.5545 0
100 31 64 2.4956 0
103 67 58 2.5691 0
49 79 68 2.4223 0
34 77 31 2.5076 0
25 45 75 2.4525 0
54 38 26 2.3502 0
31 38 51 2.4874 0
100 52 60 2.3585 0
0
