128
87 63 71 22.462 0
13 74 42 0.5 0
30 63 76 2.2449 0
39 55 44 2.273 0
87 63 103 7.549 0
18 56 44 2.4499 0
32 74 44 2.4499 0
108 85 44 2.1976 0
66 85 44 2.165 0
112 41 41 0.5 0
104 46 51 6.6493 0
66 42 44 2.1499 0
104 80 52 6.8421 0
72 81 51 6.6479 0
72 46 51 6.6493 0
31 63 55 3.4815 0
106 63 46 4.6874 0
68 64 46 4.5504 0
105 82 84 5.5715 0
69 82 84 5.5372 0
106 45 83 5.1748 0
68 45 83 5.0987 0
92 74 97 4.8777 0
79 72 97 4.8221 0
100 62 96 4.7068 0
74 62 96 4.6555 0
106 83 65 4.6322 0
68 83 65 4.6322 0
79 53 96 4.593 0
93 83 90 4.5007 0
91 52 97 4.519 0
82 82 91 4.5236 0
106 71 90 4.4993 0
68 71 90 4.4516 0
45 71 44 1.7637 0
106 55 90 4.2453 0
68 55 90 4.1929 0
107 45 63 4.1669 0
94 44 90 4.2855 0
80 44 90 4.2677 0
89 89 41 0.5 0
92 82 51 4.0863 0
67 46 62 4.0909 0
31 63 46 3.936 0
30 48 44 2.1266 0
67 44 71 4.0905 0
89 41 45 1.4659 0
94 45 45 3.7957 0
106 43 73 3.6256 0
68 57 52 3.6199 0
104 84 74 3.6243 0
70 84 74 3.6243 0
68 70 53 3.6199 0
82 43 44 2.8271 0
84 45 51 3.409 0
23 69 44 2.4499 0
100 77 93 3.2968 0
31 63 63 3.1147 0
108 55 56 3.1591 0
93 44 53 3.1546 0
84 83 53 3.1533 0
73 78 92 3.1045 0
81 82 45 2.9908 0
27 55 44 2.4499 0
100 51 94 2.9938 0
67 76 59 2.8425 0
66 56 44 2.8271 0
98 84 44 2.8271 0
31 63 70 2.8082 0
108 71 57 2.7097 0
108 72 45 2.4258 0
76 85 61 2.6164 0
73 48 92 2.6278 0
23 62 44 2.4499 0
39 70 44 2.4499 0
87 45 94 2.672 0
108 63 92 2.5815 0
66 78 76 2.6406 0
66 63 92 2.532 0
99 85 60 2.6164 0
95 78 45 2.641 0
66 53 58 2.5563 0
100 42 60 2.4871 0
66 72 44 2.4918 0
79 85 84 2.6164 0
95 57 41 0.5 0
40 61 44 2.4499 0
108 55 48 2.5302 0
33 53 44 2.4499 0
82 57 41 0.5 0
81 68 41 0.5 0
97 85 81 2.4619 0
101 70 97 2.3994 0
102 57 50 2.3016 0
49 53 42 0.5 0
97 68 101 2.259 0
109 75 62 2.1512 0
104 70 50 2.3345 0
109 77 70 2.1512 0
17 71 44 1.9965 0
109 61 86 2.1512 0
65 49 44 2.0751 0
95 68 42 0.5 0
65 64 85 2.0751 0
96 57 101 2.168 0
109 74 83 2.1512 0
109 50 75 2.1512 0
91 84 44 2.1958 0
75 43 60 2.1697 0
109 54 81 2.1512 0
109 49 69 2.1512 0
109 75 77 2.1512 0
65 79 44 2.0751 0
66 73 82 2.1522 0
109 53 62 2.1512 0
80 43 56 2.1468 0
109 66 84 2.1512 0
109 51 44 2.1512 0
85 78 98 2.1304 0
98 42 83 2.0645 0
73 42 66 2.1036 0
65 49 76 2.0751 0
78 50 44 1.9909 0
65 77 69 2.0751 0
76 41 81 1.6099 0
65 56 82 2.0751 0
65 68 59 2.0751 0
102 46 91 2.0123 0
0
