128
83 71 72 4.1402 0
45 32 93 5.2855 0
85 51 18 2.6253 0
45 94 92 5.7819 0
85 90 34 2.6383 0
85 30 80 2.853 0
78 95 92 5.2855 0
44 63 77 4.291 0
83 36 50 2.6567 0
67 61 94 3.9511 0
68 32 94 4.5771 0
64 47 75 2.5472 0
85 88 57 2.6176 0
85 76 18 2.593 0
64 87 75 2.5472 0
86 48 96 1.8452 0
44 43 77 4.291 0
82 48 67 2.5989 0
44 59 93 4.8688 0
85 70 93 2.853 0
44 83 77 4.291 0
83 38 31 2.6469 0
44 77 93 4.8688 0
64 66 75 2.5472 0
57 31 77 3.6139 0
56 47 94 3.9511 0
70 80 94 3.9511 0
78 95 78 5.0207 0
56 95 84 5.0176 0
44 45 93 4.8688 0
45 94 78 5.2935 0
66 95 92 5.2855 0
44 32 78 4.8688 0
86 33 97 1.5535 0
66 95 78 5.0207 0
84 58 94 3.8609 0
69 49 94 3.9511 0
56 66 94 3.9511 0
56 81 94 3.9511 0
57 32 94 4.5771 0
79 32 94 4.5771 0
76 38 75 2.5472 0
76 59 75 2.5472 0
56 76 75 2.5472 0
68 31 77 3.6139 0
85 64 15 2.379 0
44 73 77 4.291 0
44 53 77 4.291 0
56 91 94 4.1926 0
44 69 86 4.1401 0
83 56 72 3.9268 0
70 70 94 3.9511 0
70 78 75 2.5472 0
79 48 94 3.9511 0
78 65 94 3.9511 0
64 41 94 3.9511 0
56 55 75 2.5472 0
85 80 95 2.853 0
56 57 94 3.9511 0
78 84 94 3.9511 0
78 74 94 3.9511 0
75 56 94 3.9511 0
73 41 94 3.9511 0
62 74 94 3.9511 0
43 85 86 3.8609 0
85 40 59 2.6305 0
81 92 44 2.1244 0
77 31 77 3.6139 0
85 80 66 2.5803 0
47 68 95 3.5693 0
84 41 95 3.5693 0
71 31 85 3.4372 0
79 31 85 3.4372 0
56 31 85 3.4372 0
85 83 23 2.6382 0
86 40 75 1.6873 0
86 86 75 1.6873 0
45 51 86 3.1323 0
45 40 85 3.1323 0
45 58 84 3.1323 0
56 90 75 2.5472 0
72 93 85 3.0018 0
84 93 85 3.0018 0
52 40 93 2.9432 0
85 42 25 2.6079 0
49 85 93 2.9432 0
64 86 93 2.9432 0
70 43 75 2.5472 0
57 39 75 2.5472 0
42 77 84 2.853 0
85 89 93 2.853 0
85 91 49 2.6368 0
56 83 75 2.5472 0
56 69 75 2.5472 0
56 62 75 2.5472 0
56 48 75 2.5472 0
76 66 75 2.5472 0
76 52 75 2.5472 0
70 71 75 2.5472 0
64 59 75 2.5472 0
83 35 43 2.4611 0
56 97 75 2.5472 0
50 52 96 2.5614 0
72 89 96 2.5614 0
89 101 99 0.5 0
85 36 37 2.56 0
63 54 96 2.5614 0
82 46 21 2.579 0
52 43 75 2.5472 0
66 38 75 2.5472 0
85 87 28 2.5844 0
76 80 75 2.5472 0
76 45 75 2.5472 0
70 85 75 2.5472 0
70 64 75 2.5472 0
70 57 75 2.5472 0
70 50 75 2.5472 0
62 53 75 2.5472 0
64 80 75 2.5472 0
64 73 75 2.5472 0
50 78 75 2.5472 0
50 58 75 2.5472 0
76 87 75 2.5472 0
76 73 75 2.5472 0
51 36 75 2.5472 0
85 70 16 2.5424 0
42 86 96 2.5614 0
54 74 96 2.5614 0
0
