128
67 66 62 1.23 0
16 36 65 1.6746 0
70 9 62 1.6767 0
20 97 64 1.6666 0
117 41 67 0.5 0
72 121 67 0.5 0
111 91 62 1.6746 0
50 36 62 1.6308 0
33 67 62 1.6145 0
82 39 63 1.6748 0
54 99 63 1.668 0
94 67 62 1.6145 0
84 94 62 1.6762 0
8 61 66 0.9337 0
42 13 65 1.6492 0
102 24 63 1.4587 0
118 67 65 1.4153 0
36 111 62 1.6588 0
11 80 63 1.5547 0
50 76 63 1.5099 0
88 113 65 1.3093 0
101 43 62 1.6424 0
33 43 63 1.6679 0
47 55 62 1.6457 0
38 90 63 1.6644 0
68 27 63 1.6765 0
57 118 62 1.6767 0
67 88 63 1.5729 0
88 14 65 1.3093 0
69 106 63 1.6718 0
28 22 65 1.4225 0
80 55 62 1.6457 0
106 58 63 1.6398 0
22 53 64 1.6588 0
80 72 62 1.6457 0
102 103 63 1.4587 0
68 45 62 1.2332 0
53 22 63 1.659 0
94 84 63 1.6679 0
26 84 62 1.6424 0
105 74 64 1.6588 0
57 9 62 1.6767 0
41 27 63 1.6197 0
86 27 63 1.6197 0
117 51 63 1.6444 0
21 69 63 1.6398 0
60 55 62 1.2307 0
93 55 62 1.6749 0
34 55 62 1.675 0
116 80 64 1.5547 0
11 47 64 1.5547 0
31 100 63 1.6691 0
56 87 62 1.6638 0
37 79 62 1.6771 0
111 36 62 1.6746 0
77 84 63 1.5727 0
46 109 65 1.6273 0
60 39 63 1.5729 0
94 34 65 1.3744 0
56 67 62 1.23 0
45 67 62 1.4501 0
80 103 64 1.6759 0
91 104 63 1.6095 0
41 100 63 1.6197 0
9 70 65 1.6606 0
67 76 62 1.2361 0
79 17 61 1.1258 0
55 47 62 1.6419 0
27 33 61 0.9502 0
80 116 62 1.5413 0
109 46 65 1.5958 0
46 46 62 1.569 0
94 93 65 1.3744 0
69 56 62 1.23 0
15 59 61 1.1258 0
102 94 61 1.1258 0
102 33 61 1.1258 0
15 88 61 1.1258 0
48 90 66 1.027 0
19 44 61 1.1258 0
58 106 63 1.6718 0
72 34 63 1.6715 0
73 99 63 1.668 0
33 34 65 1.3744 0
28 73 62 1.6754 0
70 118 62 1.6767 0
59 27 63 1.6765 0
74 22 63 1.659 0
90 48 62 1.6771 0
27 59 64 1.5646 0
64 16 66 0.9162 0
108 83 61 1.1258 0
75 111 64 1.6721 0
20 30 63 1.6666 0
79 30 63 1.5261 0
92 76 64 1.2023 0
36 16 62 1.6588 0
94 18 65 1.5518 0
18 81 65 1.5958 0
48 116 61 1.1258 0
86 85 61 1.1258 0
30 107 62 1.6568 0
112 71 61 1.1258 0
77 91 62 1.6308 0
87 71 62 1.6445 0
26 43 62 1.6424 0
101 84 62 1.6424 0
81 11 66 1.1258 0
81 46 62 1.5689 0
96 27 63 1.6691 0
82 64 65 0.726 0
74 64 62 1.23 0
59 94 64 1.5105 0
86 20 63 1.5841 0
58 15 65 1.6772 0
41 36 61 0.5015 0
118 60 65 1.4153 0
114 42 63 1.6561 0
97 111 68 0.5 0
16 75 63 1.6712 0
107 30 63 1.6666 0
107 97 63 1.6666 0
92 40 61 1.1258 0
42 114 62 1.6492 0
97 107 62 1.6568 0
23 91 63 1.5888 0
50 84 63 1.5727 0
40 71 62 1.6445 0
0
