128
67 66 62 1.23 0
16 36 65 1.6746 0
70 9 62 1.6767 0
20 97 64 1.6666 0
114 42 63 1.6561 0
70 118 62 1.6767 0
111 91 62 1.6746 0
50 36 62 1.6308 0
33 67 62 1.6145 0
82 39 63 1.6748 0
50 91 62 1.6308 0
94 67 62 1.6145 0
84 94 62 1.6762 0
9 60 62 1.4153 0
41 117 66 0.5 0
36 16 62 1.6588 0
97 20 62 1.6568 0
118 67 65 1.4153 0
98 111 66 0.5 0
11 80 64 1.5547 0
33 43 63 1.6679 0
47 55 62 1.6457 0
68 27 63 1.6765 0
97 48 63 1.5378 0
67 88 63 1.5729 0
33 84 63 1.6679 0
58 106 63 1.6718 0
51 10 63 1.6675 0
80 55 62 1.6457 0
36 104 63 1.6095 0
85 114 62 1.6492 0
22 53 64 1.6588 0
47 72 62 1.6457 0
80 72 62 1.6457 0
64 47 60 0.5 0
81 18 65 1.6273 0
94 84 63 1.6679 0
107 30 63 1.6666 0
29 29 67 1.1196 0
74 105 63 1.659 0
98 98 67 1.1196 0
106 58 63 1.6398 0
105 74 64 1.6588 0
94 33 63 1.369 0
22 74 64 1.6588 0
47 24 64 1.6759 0
55 121 67 0.5 0
34 55 62 1.675 0
116 80 64 1.5547 0
11 47 64 1.5547 0
58 21 63 1.6718 0
55 80 62 1.6419 0
47 103 64 1.6759 0
71 40 62 1.6638 0
55 47 62 1.6419 0
20 86 63 1.5706 0
118 57 62 1.6606 0
77 84 63 1.5727 0
91 104 63 1.6095 0
9 70 62 1.6606 0
86 27 63 1.6197 0
57 63 62 1.2795 0
69 56 62 1.23 0
38 29 61 1.1258 0
67 76 62 1.2361 0
59 94 64 1.5105 0
59 33 64 1.5104 0
33 94 65 1.2609 0
48 116 61 1.1258 0
105 100 61 1.1258 0
46 46 62 1.569 0
46 81 62 1.5689 0
28 22 61 1.1258 0
60 9 66 1.1258 0
93 55 62 1.6749 0
19 44 61 1.1258 0
60 55 62 1.2307 0
28 105 65 1.4225 0
20 64 60 0.6179 0
57 118 62 1.6767 0
111 52 63 1.6711 0
68 100 63 1.6765 0
38 37 63 1.6644 0
74 22 63 1.659 0
57 71 62 1.3477 0
25 33 61 1.1258 0
43 94 62 1.6762 0
52 111 64 1.6721 0
27 59 64 1.5646 0
16 64 69 0.5 0
43 13 66 1.1258 0
108 83 61 1.1258 0
80 11 62 1.5413 0
38 112 61 1.1258 0
99 39 67 0.8313 0
22 27 65 1.3177 0
88 14 65 1.3093 0
79 30 63 1.5261 0
35 76 64 1.2023 0
92 76 64 1.2023 0
99 105 65 1.4224 0
54 28 63 1.668 0
54 99 63 1.668 0
26 43 65 1.6733 0
15 58 65 1.6756 0
86 85 61 1.1258 0
90 48 62 1.6771 0
72 93 63 1.6715 0
112 71 61 1.1258 0
56 87 62 1.6638 0
56 40 62 1.6638 0
64 113 66 0.8255 0
40 71 62 1.6445 0
87 71 62 1.6445 0
83 102 61 1.1258 0
72 47 62 1.6419 0
101 84 62 1.6424 0
81 109 65 1.6273 0
36 23 63 1.6095 0
81 46 62 1.5689 0
82 64 65 0.726 0
45 64 65 0.726 0
104 91 63 1.5888 0
107 41 63 1.5706 0
94 94 63 1.369 0
74 64 62 1.23 0
27 96 64 1.6765 0
16 91 65 1.6746 0
0
