128
67 66 62 1.23 0
16 36 65 1.6746 0
70 9 62 1.6767 0
20 97 64 1.6666 0
114 42 63 1.6561 0
71 121 68 0.5 0
111 91 62 1.6746 0
50 36 62 1.6308 0
33 67 62 1.6145 0
82 39 63 1.6748 0
55 93 63 1.6715 0
94 67 62 1.6145 0
84 94 62 1.6762 0
42 114 65 1.6492 0
9 60 62 1.4153 0
33 18 65 1.5518 0
97 20 62 1.6568 0
118 67 65 1.4153 0
52 16 64 1.6721 0
92 115 64 0.5 0
11 80 64 1.5547 0
33 43 63 1.6679 0
47 55 62 1.6457 0
68 27 63 1.6765 0
36 87 61 1.1258 0
69 106 63 1.6718 0
50 76 63 1.5099 0
97 48 63 1.5378 0
80 55 62 1.6457 0
57 118 62 1.6767 0
68 82 62 1.2332 0
22 53 64 1.6588 0
80 72 62 1.6457 0
64 47 64 0.5 0
102 103 63 1.4587 0
81 18 65 1.6273 0
94 84 63 1.6679 0
41 100 63 1.6197 0
107 30 63 1.6666 0
106 58 63 1.6398 0
80 116 62 1.5413 0
105 74 64 1.6588 0
30 107 65 1.6568 0
24 80 63 1.6676 0
37 30 62 1.5837 0
94 33 63 1.369 0
53 105 63 1.659 0
34 55 62 1.675 0
72 93 63 1.6715 0
116 80 64 1.5547 0
11 47 64 1.5547 0
24 26 61 1.1258 0
15 69 65 1.6756 0
91 104 63 1.6095 0
71 40 62 1.6638 0
55 47 62 1.6419 0
118 57 62 1.6606 0
42 13 62 1.6492 0
55 63 62 1.23 0
86 27 63 1.6197 0
45 67 62 1.4501 0
80 103 64 1.6759 0
45 88 63 1.6748 0
56 27 66 0.7629 0
60 9 66 1.1258 0
67 55 62 1.23 0
77 84 63 1.5727 0
47 24 64 1.6759 0
94 94 63 1.369 0
60 76 62 1.2361 0
60 39 63 1.5729 0
46 46 62 1.569 0
37 79 62 1.6771 0
70 118 62 1.6767 0
93 55 62 1.6749 0
15 88 62 1.1298 0
71 74 62 1.2676 0
21 62 61 0.9731 0
30 93 68 0.5 0
29 97 61 0.9876 0
19 44 61 1.1258 0
29 89 63 1.6212 0
103 93 66 1.0477 0
28 73 62 1.6754 0
58 21 63 1.6718 0
111 52 63 1.6711 0
59 100 63 1.6765 0
74 22 63 1.659 0
27 59 64 1.5646 0
108 83 61 1.1258 0
75 111 64 1.6721 0
88 14 65 1.3093 0
48 97 63 1.5261 0
79 30 63 1.5261 0
92 76 64 1.2023 0
36 111 62 1.6588 0
104 40 60 0.5 0
15 58 65 1.6756 0
27 33 66 0.9698 0
86 85 61 1.1258 0
90 48 62 1.6771 0
38 37 63 1.6644 0
53 85 61 1.0096 0
112 71 61 1.1258 0
87 71 62 1.6445 0
72 47 62 1.6419 0
107 97 63 1.6666 0
26 43 62 1.6424 0
101 84 62 1.6424 0
41 20 63 1.5841 0
81 46 62 1.5689 0
82 64 65 0.726 0
60 88 63 1.5729 0
23 36 63 1.5888 0
31 27 63 1.6691 0
80 11 65 1.5413 0
74 64 62 1.23 0
111 36 62 1.6746 0
69 15 65 1.6772 0
58 112 65 1.6772 0
92 40 61 1.1258 0
9 70 62 1.6606 0
100 31 64 1.6765 0
97 107 62 1.6568 0
104 49 67 0.8672 0
60 68 62 1.2366 0
60 58 62 1.2315 0
98 38 63 1.6212 0
0
