128
66 65 61 0.832 0
14 40 64 1.8332 0
67 9 62 1.9241 0
22 99 62 1.9095 0
113 40 63 1.8332 0
75 117 63 1.8926 0
113 87 63 1.8332 0
46 34 64 1.9329 0
36 69 63 1.4556 0
81 34 64 1.933 0
53 95 60 0.8657 0
85 90 64 1.7393 0
9 69 63 1.8409 0
98 64 66 0.9916 0
47 119 67 0.5 0
45 12 64 1.8696 0
99 22 62 1.9324 0
100 109 68 0.5 0
82 54 62 1.9349 0
28 22 62 1.9324 0
32 50 64 1.9093 0
120 63 60 0.4731 0
82 73 62 1.9349 0
52 55 62 1.517 0
50 79 63 1.7161 0
35 110 62 1.8648 0
68 91 63 1.6296 0
19 81 65 1.8933 0
57 23 62 1.8647 0
84 14 66 0.9145 0
57 111 63 1.9264 0
64 41 60 0.602 0
36 84 64 1.9204 0
98 41 63 1.8726 0
89 104 62 1.9328 0
105 99 62 1.9095 0
75 103 63 1.9249 0
101 80 62 1.8219 0
41 98 63 1.904 0
16 55 66 0.8854 0
32 37 63 1.9106 0
70 23 62 1.8647 0
111 69 62 1.9008 0
117 52 63 1.8685 0
68 77 62 1.509 0
103 52 63 1.9328 0
23 70 62 1.8609 0
73 45 62 1.9337 0
46 108 62 1.9039 0
55 66 62 1.4999 0
56 9 65 1.5759 0
54 45 62 1.9337 0
21 30 66 1.3735 0
91 33 62 1.9173 0
95 90 63 1.9106 0
39 22 67 0.9694 0
44 44 63 1.9229 0
83 44 63 1.9229 0
89 23 62 1.9328 0
69 55 62 1.4999 0
43 59 62 1.7389 0
29 60 64 1.5729 0
88 116 68 0.5 0
108 32 65 1.8208 0
65 118 66 1.3735 0
59 99 69 0.5 0
97 71 62 1.9242 0
16 91 61 1.3735 0
91 58 63 1.4556 0
59 36 63 1.6296 0
78 63 62 1.4537 0
58 84 62 1.5003 0
9 58 64 1.8409 0
111 58 62 1.9008 0
118 77 67 0.8033 0
99 105 62 1.9324 0
28 105 62 1.9324 0
35 17 62 1.8648 0
18 48 61 1.3735 0
23 39 61 1.3735 0
66 105 61 1.3735 0
68 36 63 1.6296 0
95 50 64 1.9093 0
104 89 61 1.3735 0
77 95 62 1.8568 0
118 64 68 0.8771 0
45 73 62 1.9349 0
11 79 61 1.3735 0
75 10 63 1.8926 0
24 52 63 1.9328 0
47 26 62 1.8 0
80 26 62 1.8 0
32 77 64 1.9093 0
108 46 65 1.8933 0
52 17 63 1.9314 0
100 32 61 1.3735 0
25 92 64 1.932 0
52 103 63 1.9249 0
70 111 63 1.9264 0
81 108 62 1.9039 0
42 90 64 1.7393 0
11 49 66 1.3735 0
52 117 63 1.8926 0
108 81 65 1.8933 0
59 59 62 1.4999 0
53 89 63 1.9299 0
87 113 63 1.7914 0
34 101 65 1.7912 0
83 83 63 1.9229 0
73 82 62 1.9337 0
44 83 63 1.9229 0
34 26 65 1.7912 0
91 43 64 1.9204 0
36 43 64 1.9204 0
91 84 64 1.9204 0
32 90 63 1.9106 0
63 16 68 0.525 0
59 98 61 1.3735 0
16 64 68 0.525 0
91 16 66 1.3735 0
81 19 62 1.9039 0
70 16 63 1.9264 0
89 74 63 1.9184 0
71 30 64 1.9321 0
56 30 64 1.9321 0
16 69 62 1.9008 0
45 115 63 1.8696 0
97 98 63 1.7673 0
0
