128
60 62 61 1.3036 0
112 87 62 2.685 0
104 28 62 2.6463 0
57 117 62 2.6795 0
51 11 63 2.658 0
11 76 63 2.626 0
19 33 63 2.6506 0
79 86 63 2.6368 0
28 104 62 2.6906 0
90 57 63 2.6686 0
87 112 63 2.6887 0
77 30 64 2.6934 0
41 79 63 2.6335 0
117 57 62 2.3834 0
48 41 63 2.6368 0
28 56 63 2.5663 0
50 97 64 2.6934 0
33 19 63 2.6628 0
70 10 62 2.6795 0
97 77 64 2.6911 0
87 15 64 2.6887 0
11 51 64 2.626 0
74 48 62 2.3098 0
95 96 63 2.496 0
91 40 63 2.6935 0
77 68 61 2.1003 0
57 28 64 2.676 0
70 99 64 2.676 0
57 81 62 2.3052 0
105 46 63 2.6865 0
24 87 66 1.4603 0
28 71 63 2.5663 0
40 112 64 2.6887 0
44 61 62 1.4119 0
108 70 62 2.6767 0
70 117 62 2.6795 0
46 22 64 2.6935 0
36 40 63 2.6935 0
58 51 62 2.2918 0
22 46 63 2.6865 0
52 69 62 2.2918 0
15 87 62 2.685 0
52 107 62 2.6883 0
75 20 62 2.6883 0
69 81 61 2.1003 0
10 63 69 1.2262 0
91 87 63 2.6935 0
92 28 66 1.4603 0
116 76 63 2.626 0
40 102 63 2.621 0
90 70 63 2.6686 0
69 60 62 2.2918 0
87 102 63 2.621 0
48 86 63 2.6368 0
75 107 62 2.6882 0
17 62 60 1.0588 0
104 99 62 2.6463 0
36 87 63 2.6935 0
48 53 62 2.3108 0
32 31 63 2.496 0
100 37 63 2.664 0
86 79 63 2.6335 0
86 48 63 2.6335 0
108 57 62 2.6767 0
20 75 65 2.6831 0
112 40 62 2.685 0
37 57 63 2.6686 0
37 70 63 2.6686 0
73 38 62 2.6524 0
97 50 64 2.6911 0
105 81 63 2.6865 0
83 94 63 2.6616 0
44 33 63 2.6616 0
41 48 63 2.6335 0
81 60 62 2.2918 0
32 96 63 2.496 0
99 64 68 0.8603 0
15 40 62 2.685 0
40 15 63 2.6887 0
94 19 63 2.6628 0
19 94 63 2.6506 0
94 108 63 2.6628 0
100 90 63 2.664 0
27 37 63 2.664 0
64 72 68 0.5 0
87 25 63 2.621 0
60 100 60 1.0924 0
61 17 67 0.9524 0
67 29 60 1.0924 0
58 91 60 1.0924 0
71 72 62 2.4324 0
60 39 59 0.5846 0
50 30 64 2.6934 0
77 97 64 2.6934 0
54 62 62 2.351 0
54 38 62 2.6524 0
73 89 62 2.6524 0
28 23 65 2.6906 0
83 33 63 2.6616 0
44 94 63 2.6616 0
120 64 71 0.5 0
79 41 63 2.6368 0
79 53 62 2.3108 0
57 99 64 2.676 0
70 28 64 2.676 0
81 105 64 2.6935 0
46 105 64 2.6935 0
81 22 64 2.6935 0
40 25 63 2.621 0
115 46 66 2.1003 0
22 81 63 2.6865 0
52 20 62 2.6882 0
20 52 65 2.6832 0
8 66 60 0.525 0
30 50 64 2.6911 0
30 77 64 2.6911 0
61 11 61 1.389 0
99 23 62 2.6906 0
99 104 62 2.6906 0
19 69 62 2.5415 0
69 108 67 1.9811 0
69 19 67 1.9811 0
108 94 63 2.6506 0
108 33 63 2.6506 0
23 99 62 2.6463 0
23 28 62 2.6463 0
33 108 63 2.6628 0
54 89 62 2.6524 0
0
