128
66 64 61 0.832 0
9 58 64 1.8409 0
45 12 63 1.8696 0
35 114 68 0.5 0
99 22 62 1.9324 0
91 115 64 0.5 0
117 72 66 1.3735 0
34 81 61 1.3735 0
36 43 64 1.9204 0
63 99 60 0.6338 0
91 84 64 1.9204 0
71 30 64 1.9321 0
95 50 64 1.9093 0
12 82 64 1.8901 0
60 118 65 1.9241 0
67 9 62 1.9241 0
25 25 65 1.7622 0
111 98 61 0.5 0
119 46 67 0.5 0
54 82 62 1.9337 0
22 99 62 1.9095 0
41 98 63 1.904 0
14 40 64 1.8332 0
73 82 62 1.9337 0
54 45 62 1.9337 0
82 100 65 1.8103 0
42 63 66 0.9312 0
77 48 63 1.7161 0
84 68 62 1.7389 0
110 35 62 1.8374 0
111 58 62 1.9008 0
23 70 62 1.8609 0
57 23 62 1.8647 0
84 14 66 0.9145 0
107 84 61 1.3735 0
75 117 63 1.8926 0
24 52 63 1.9328 0
97 98 63 1.7673 0
41 29 63 1.904 0
86 29 63 1.904 0
104 70 62 1.8609 0
45 115 63 1.8696 0
45 73 62 1.9349 0
55 59 62 1.4999 0
52 103 63 1.9249 0
95 37 63 1.9106 0
45 54 62 1.9349 0
108 46 65 1.8933 0
35 17 62 1.8648 0
22 87 65 1.794 0
75 17 63 1.9314 0
71 97 64 1.9321 0
9 69 63 1.8409 0
31 108 61 1.3735 0
56 71 62 1.5603 0
77 59 62 1.5099 0
25 35 64 1.932 0
44 83 63 1.9229 0
32 90 63 1.9106 0
66 53 61 0.832 0
98 60 64 1.5729 0
59 91 63 1.6296 0
59 36 63 1.6296 0
55 9 61 1.351 0
50 32 62 1.8568 0
96 108 61 1.3735 0
75 72 62 1.517 0
115 82 63 1.8901 0
36 69 63 1.4556 0
111 91 66 1.3735 0
36 58 63 1.4556 0
69 43 62 1.5003 0
86 48 62 1.6963 0
89 104 62 1.9328 0
81 108 62 1.9039 0
92 17 62 1.8648 0
117 52 63 1.8685 0
105 28 62 1.9095 0
66 22 65 1.4051 0
96 75 67 0.7701 0
11 49 66 1.3735 0
61 104 65 1.4567 0
50 95 62 1.8568 0
44 44 63 1.9229 0
83 83 63 1.9229 0
103 52 63 1.9328 0
26 80 65 1.8656 0
105 99 62 1.9095 0
89 74 63 1.9184 0
32 50 64 1.9093 0
17 75 63 1.9306 0
110 75 63 1.9306 0
52 17 63 1.9314 0
42 106 65 1.7327 0
42 21 65 1.7326 0
102 92 64 1.932 0
19 46 65 1.8933 0
57 111 63 1.9264 0
70 111 63 1.9264 0
30 98 63 1.7673 0
85 37 64 1.7393 0
85 21 65 1.7327 0
34 26 65 1.7912 0
101 80 62 1.8219 0
67 118 62 1.9241 0
29 64 66 0.9916 0
74 38 63 1.9299 0
93 26 65 1.7912 0
82 54 62 1.9349 0
91 94 62 1.9173 0
102 35 64 1.932 0
111 66 65 1.3273 0
66 73 61 0.832 0
16 58 62 1.9008 0
91 43 64 1.9204 0
16 91 61 1.3735 0
75 103 63 1.9249 0
81 93 64 1.9329 0
52 117 63 1.8926 0
115 45 63 1.8901 0
32 37 63 1.9106 0
74 89 63 1.9298 0
97 71 62 1.9242 0
120 64 60 0.4731 0
82 115 63 1.8696 0
75 24 63 1.9249 0
42 90 64 1.7393 0
42 37 64 1.7393 0
0
