128
60 79 61 0.5 0
87 20 91 0.5 0
28 21 56 0.8506 0
52 59 115 0.6236 0
82 22 35 0.5 0
105 98 82 0.5 0
52 59 12 0.6244 0
95 93 30 0.5 0
32 97 95 0.5769 0
105 56 57 0.6875 0
33 99 31 0.5 0
32 30 95 0.6292 0
80 84 108 0.6524 0
62 31 66 0.5457 0
35 56 48 0.5 0
44 58 82 0.4021 0
35 33 27 0.5 0
68 78 31 0.4234 0
27 80 71 0.5 0
61 92 87 0.4856 0
89 76 72 0.5206 0
106 38 80 0.3782 0
60 27 94 0.3184 0
106 99 55 0.7424 0
88 35 58 0.356 0
57 35 40 0.6068 0
40 83 48 0.8194 0
82 87 50 0.5 0
58 99 35 0.5 0
48 68 33 0.8063 0
54 73 96 0.7605 0
103 29 43 0.5 0
41 29 72 0.5769 0
43 47 100 0.4729 0
80 30 76 0.915 0
87 87 89 0.3796 0
46 81 78 0.3512 0
66 73 12 0.2007 0
45 49 30 0.4248 0
66 73 114 0.5 0
73 80 80 0.6337 0
82 86 19 0.5 0
47 31 55 0.6656 0
72 29 50 0.1865 0
50 39 85 0.5145 0
97 83 58 0.688 0
57 85 45 0.6417 0
35 70 59 0.4272 0
96 47 69 0.3094 0
49 99 96 0.632 0
69 79 95 0.936 0
29 23 81 0.7352 0
32 27 41 0.8694 0
83 85 35 0.8423 0
33 87 83 0.7682 0
32 63 73 0.3716 0
67 24 33 0.6641 0
77 80 63 0.5 0
45 89 34 0.3668 0
98 62 70 0.5 0
46 69 49 0.6706 0
95 90 44 0.8934 0
104 42 51 0.5 0
98 88 73 0.5143 0
66 30 81 0.7559 0
70 92 41 0.296 0
43 47 16 0.6722 0
28 90 43 0.5954 0
45 84 92 0.5 0
49 60 101 0.5349 0
42 38 39 0.3344 0
93 30 81 0.8414 0
73 23 91 0.6371 0
49 55 42 0.5 0
92 92 101 0.5 0
60 83 76 0.6199 0
95 69 58 0.5 0
58 69 22 0.6077 0
28 81 54 0.823 0
71 80 46 0.7862 0
46 77 65 0.5 0
86 28 46 0.6539 0
75 32 63 0.4529 0
48 70 84 0.6586 0
59 32 52 0.8324 0
107 98 68 0.5 0
108 49 74 0.5 0
31 23 68 0.7604 0
41 47 85 0.7502 0
45 49 112 0.5091 0
38 31 84 0.4713 0
36 38 104 0.5 0
40 38 93 0.8562 0
90 37 69 0.7321 0
55 33 77 0.8657 0
72 91 84 0.6958 0
72 79 20 0.5 0
49 59 25 0.5131 0
87 77 54 0.4634 0
57 77 35 0.4857 0
56 79 86 0.7069 0
84 85 78 0.5 0
93 23 38 0.6215 0
42 68 74 0.5925 0
97 95 91 0.4589 0
46 100 30 0.2465 0
58 69 107 0.487 0
95 46 58 0.5 0
95 35 49 0.3062 0
47 54 92 0.5538 0
50 80 52 0.6016 0
104 98 44 0.5 0
38 26 59 0.5 0
71 78 106 0.6007 0
68 79 69 0.5 0
40 48 43 0.5372 0
48 76 41 0.5 0
81 84 97 0.5 0
38 29 49 0.8369 0
95 90 83 0.8975 0
51 31 68 0.8235 0
38 79 71 0.56 0
51 45 41 0.5 0
101 91 63 0.5 0
38 40 21 0.6803 0
96 74 66 0.8146 0
67 31 58 0.824 0
59 35 87 0.5 0
0
