128
60 73 64 0.9958 0
17 31 62 0.5 0
111 97 62 0.5 0
14 78 64 1.1223 0
71 118 63 0.5 0
38 105 63 1.1223 0
89 76 64 1.1223 0
29 56 64 1.1223 0
72 95 64 1.1223 0
92 109 63 1.1223 0
39 82 63 1.1223 0
12 48 63 1.1223 0
57 106 64 1.1223 0
24 95 64 1.1223 0
95 92 63 1.1223 0
56 90 63 1.1223 0
74 77 63 1.1223 0
43 66 64 0.7778 0
11 64 63 1.1223 0
27 70 63 1.1223 0
107 83 63 0.5 0
76 107 64 1.1223 0
27 82 63 1.1223 0
46 96 63 1.1223 0
83 98 63 1.1223 0
49 77 64 1.1223 0
84 86 64 1.1223 0
101 103 63 1.1223 0
48 112 64 1.1223 0
34 92 63 1.1223 0
65 85 64 1.1223 0
19 41 63 1.1223 0
36 73 64 1.1223 0
60 115 63 1.1223 0
99 81 64 1.1223 0
20 58 63 1.1223 0
83 113 64 1.1223 0
57 81 64 1.1223 0
67 102 63 1.1223 0
30 101 63 1.1223 0
18 88 64 0.6825 0
46 88 64 1.1223 0
74 85 64 1.1223 0
57 98 63 1.1223 0
20 66 63 1.1223 0
92 101 63 1.1223 0
48 104 64 1.1223 0
34 62 64 1.1223 0
67 112 63 1.1223 0
24 48 64 0.976 0
67 75 64 1.1223 0
20 74 63 1.1223 0
101 88 63 1.1223 0
79 92 63 1.1223 0
13 71 63 1.1223 0
48 70 63 1.1223 0
11 55 63 1.1223 0
91 86 63 1.1223 0
83 105 64 1.1223 0
20 82 63 1.1223 0
83 79 63 1.1223 0
30 76 63 1.1223 0
89 95 63 1.1223 0
42 76 63 1.1223 0
63 93 63 0.5889 0
40 98 64 1.1223 0
74 101 64 1.1223 0
40 90 63 1.1223 0
109 90 65 0.5 0
77 114 63 1.1223 0
105 97 64 0.9515 0
27 90 63 1.1223 0
98 98 63 1.1223 0
25 63 63 1.1223 0
62 109 63 1.1223 0
52 94 63 1.1223 0
52 86 63 1.1223 0
42 109 63 1.1223 0
34 84 64 1.1223 0
17 36 64 1.1223 0
55 111 64 1.1223 0
35 100 64 1.1223 0
13 42 64 0.5788 0
30 96 63 1.1223 0
16 55 63 1.1223 0
39 66 63 1.1223 0
54 73 62 0.6145 0
80 74 64 0.9581 0
30 64 63 1.1223 0
16 64 63 1.1223 0
52 102 64 1.1223 0
93 82 63 1.1223 0
87 81 63 1.1223 0
72 105 64 1.1223 0
71 114 63 1.1223 0
63 100 63 1.1223 0
68 90 63 0.8814 0
18 49 65 0.6145 0
51 109 63 1.1223 0
98 106 64 1.1223 0
89 106 64 1.1223 0
86 92 64 1.1223 0
46 80 63 1.1223 0
45 73 64 1.1223 0
77 98 63 1.1223 0
77 82 63 1.1223 0
74 111 64 1.1223 0
70 99 64 1.1223 0
24 87 64 1.1223 0
69 108 63 1.1223 0
24 79 64 1.1223 0
68 82 63 1.1223 0
64 78 63 1.1223 0
62 88 63 1.1223 0
33 79 64 1.1223 0
71 88 63 1.1223 0
104 85 63 1.1223 0
20 45 64 1.1223 0
80 108 63 1.1223 0
43 83 64 1.1223 0
24 67 64 1.1223 0
65 106 63 1.1223 0
60 103 63 1.1223 0
66 118 65 0.5 0
52 90 64 1.1223 0
94 96 63 1.1223 0
16 47 63 1.1223 0
93 78 64 1.1223 0
0
