128
65 70 63 1.9829 0
12 39 66 0.5 0
116 89 66 0.5 0
21 85 64 1.4077 0
56 109 67 0.5 0
86 96 64 1.9829 0
96 70 64 1.9829 0
27 60 64 1.9829 0
46 88 64 1.9829 0
65 94 64 1.9829 0
44 69 64 1.9829 0
81 78 64 1.9829 0
102 90 63 1.9829 0
32 95 63 1.9829 0
11 54 62 0.9512 0
15 72 63 1.9829 0
109 76 64 1.9829 0
46 103 63 1.9829 0
29 75 63 1.9829 0
74 108 61 0.5 0
83 64 64 0.9955 0
54 75 63 1.9829 0
75 89 63 1.9829 0
58 85 63 1.9829 0
36 83 63 1.9829 0
89 86 64 1.9829 0
98 80 63 1.9829 0
66 104 63 1.9829 0
55 95 63 1.9829 0
15 62 64 1.9829 0
75 99 64 1.9829 0
13 46 63 1.9829 0
95 98 64 1.9829 0
86 71 63 1.9829 0
46 78 64 1.9829 0
41 96 63 1.9829 0
69 79 62 0.975 0
20 56 63 1.9829 0
112 86 63 1.9829 0
76 72 64 1.9829 0
29 85 63 1.9829 0
60 100 64 1.9829 0
35 68 65 0.975 0
23 68 62 0.975 0
83 106 62 0.5 0
65 84 63 1.6752 0
56 105 64 1.9829 0
107 98 67 0.5 0
37 77 64 1.9829 0
103 76 63 1.9829 0
19 80 64 1.9829 0
80 86 64 1.9829 0
80 96 64 1.9829 0
61 74 63 1.9829 0
39 71 63 1.9829 0
97 92 64 1.9829 0
88 76 64 1.9829 0
81 68 64 1.9829 0
29 65 64 1.9829 0
41 90 64 1.9829 0
94 84 64 1.9829 0
53 90 63 1.9829 0
52 70 63 1.9829 0
71 105 64 1.9829 0
70 100 63 1.9829 0
24 81 63 1.9829 0
101 71 63 1.9829 0
34 72 64 1.9829 0
88 91 63 1.9829 0
87 66 64 1.9829 0
85 101 63 1.9829 0
20 66 64 1.9829 0
72 84 63 1.632 0
13 51 64 1.9829 0
20 71 63 1.9829 0
81 73 63 1.9829 0
46 98 64 1.9829 0
46 93 63 1.9829 0
28 92 64 1.9829 0
76 104 64 1.9829 0
41 85 63 1.9829 0
70 90 63 1.9829 0
38 66 63 1.9829 0
61 105 63 1.9829 0
36 88 64 1.9829 0
109 90 64 1.9829 0
58 90 64 1.9829 0
57 71 64 1.9829 0
54 82 64 1.9829 0
93 79 63 1.9829 0
90 99 63 1.9829 0
51 104 64 1.9829 0
47 73 64 1.9829 0
29 80 63 1.9829 0
80 101 64 1.9829 0
80 91 64 1.9829 0
29 70 64 1.9829 0
46 83 64 1.9829 0
20 61 64 1.9829 0
15 67 63 1.9829 0
77 82 64 1.9829 0
76 77 64 1.9829 0
75 94 64 1.9829 0
15 56 63 1.9829 0
72 69 64 1.9829 0
42 75 64 1.9829 0
41 101 63 1.9829 0
70 95 63 1.9829 0
41 80 63 1.9829 0
69 73 63 1.9829 0
25 88 63 1.9829 0
65 99 64 1.9829 0
37 93 64 1.9829 0
24 76 63 1.9829 0
36 98 63 1.9829 0
60 95 63 1.9829 0
58 78 63 1.9829 0
106 72 64 1.9829 0
105 94 63 1.9829 0
100 96 64 1.9829 0
55 100 64 1.9829 0
98 87 64 1.9829 0
98 75 63 1.9829 0
93 89 64 1.9829 0
93 74 64 1.9829 0
92 94 63 1.9829 0
91 69 64 1.9829 0
88 81 64 1.9829 0
0
