128
87 53 66 17.1748 0
16 72 70 7.0868 0
60 97 96 7.7995 0
43 35 36 8.9366 0
40 61 74 17.1748 0
70 75 87 16.6011 0
58 39 56 15.1692 0
81 37 41 11.2932 0
31 46 50 11.12 0
44 86 90 10.7873 0
98 77 80 10.5059 0
18 59 59 8.1422 0
110 66 66 8.0442 0
100 44 45 8.0766 0
24 81 81 7.9841 0
89 92 91 7.7995 0
110 55 53 7.0868 0
76 99 96 6.308 0
64 30 21 2.0981 0
56 30 27 5.9192 0
71 30 27 5.9203 0
50 66 96 5.6734 0
90 62 88 5.7316 0
39 38 67 5.7165 0
78 31 59 5.4713 0
72 52 84 5.2199 0
73 52 47 4.9488 0
47 57 52 4.9488 0
59 54 86 4.8135 0
69 41 74 4.6699 0
96 38 33 4.7338 0
29 93 88 4.5077 0
29 39 34 4.5118 0
55 44 76 4.405 0
32 75 90 4.4343 0
112 78 72 4.2361 0
16 53 47 4.2361 0
56 41 35 4.2361 0
53 80 74 4.2361 0
46 48 42 4.2361 0
47 101 95 4.2361 0
85 77 71 4.2361 0
66 20 40 1.2643 0
40 71 94 4.0077 0
81 56 90 3.9572 0
101 92 86 3.9348 0
92 35 54 4.0142 0
104 62 77 3.8327 0
66 43 37 3.6197 0
55 28 38 3.7221 0
57 59 52 3.5234 0
74 72 66 3.6324 0
39 33 55 3.6975 0
56 85 100 3.6286 0
66 57 52 3.5365 0
26 46 66 3.5703 0
98 72 65 3.5234 0
38 83 76 3.5234 0
88 51 44 3.5234 0
90 80 94 3.5329 0
86 87 80 3.5234 0
57 75 68 3.5234 0
69 27 44 3.4705 0
81 32 25 3.4579 0
90 72 93 3.4036 0
53 75 100 3.3141 0
48 38 73 3.2446 0
20 46 39 3.2945 0
77 34 69 3.2446 0
73 27 51 3.1932 0
57 59 94 3.2446 0
30 62 54 2.8108 0
70 91 101 2.9061 0
21 69 80 3.0839 0
35 98 92 3.0742 0
29 84 92 2.9716 0
91 52 87 3.0673 0
80 89 99 2.971 0
99 63 84 3.0651 0
106 45 56 3.0384 0
110 85 78 2.9423 0
90 33 29 2.9184 0
19 58 72 2.8288 0
111 71 77 2.8497 0
70 96 88 2.8108 0
85 32 66 2.8946 0
78 94 86 2.8108 0
99 57 49 2.8108 0
28 78 70 2.8108 0
42 30 48 2.7502 0
56 91 83 2.8108 0
110 50 42 2.8108 0
102 63 55 2.8108 0
83 62 96 2.8395 0
106 84 97 0.5 0
42 60 95 2.7894 0
52 64 57 2.8168 0
65 51 43 2.8108 0
39 61 53 2.8108 0
71 26 36 2.7608 0
26 68 60 2.8108 0
73 60 52 2.8108 0
45 82 74 2.8108 0
91 74 66 2.8108 0
108 53 65 2.7972 0
30 28 42 1.1889 0
21 51 68 2.7612 0
23 68 90 1.1407 0
30 40 65 2.7094 0
32 33 42 2.6788 0
57 57 62 2.6147 0
99 86 91 2.6564 0
96 28 46 1.0699 0
47 27 45 2.6372 0
103 52 86 0.7747 0
103 34 60 0.8001 0
67 55 91 2.5319 0
62 26 42 2.5236 0
52 55 91 2.5319 0
59 65 101 2.5319 0
62 25 33 2.4759 0
10 68 60 2.4502 0
25 70 86 2.5404 0
53 48 84 2.5319 0
37 40 76 2.5319 0
100 40 56 2.5692 0
74 44 80 2.5319 0
54 21 45 1.2374 0
0
