128
96 87 59 12.7577 0
31 40 68 12.5927 0
31 87 59 12.7628 0
76 25 68 12.6654 0
51 25 59 12.6781 0
96 40 59 12.5881 0
64 110 77 4.0669 0
51 102 67 12.413 0
104 64 69 12.1299 0
77 102 69 11.8555 0
22 63 58 11.4494 0
30 72 74 7.0906 0
66 107 53 7.0906 0
108 55 52 6.0827 0
20 55 75 6.0827 0
108 72 52 6.0039 0
86 103 52 5.704 0
76 94 52 5.6035 0
34 98 75 5.6287 0
94 29 75 5.2757 0
33 29 52 5.265 0
87 24 52 5.3395 0
40 24 75 5.3406 0
96 68 52 5.3367 0
17 68 75 5.3354 0
93 49 76 5.0748 0
48 34 76 5.0748 0
106 46 74 5.2133 0
21 46 53 5.2051 0
104 83 76 5.0748 0
68 31 52 5.177 0
32 50 51 5.0748 0
59 31 75 5.169 0
80 34 51 5.0748 0
93 79 76 5.0748 0
40 103 52 5.1007 0
39 41 51 5.0748 0
60 19 76 5.0748 0
48 93 51 5.0748 0
72 18 51 5.0748 0
98 95 76 5.0748 0
39 85 76 5.0748 0
23 85 76 5.0748 0
88 89 76 5.0748 0
88 39 76 5.0748 0
59 96 51 5.0748 0
32 57 76 4.648 0
49 17 76 4.6211 0
95 57 51 4.631 0
19 77 69 4.499 0
50 110 51 4.35 0
103 36 77 4.0669 0
28 39 50 4.0669 0
78 110 50 4.0669 0
18 77 51 3.487 0
110 49 64 3.324 0
67 94 57 3.3385 0
65 94 77 3.1751 0
34 72 51 3.2287 0
91 102 78 3.0591 0
93 101 70 3.1833 0
25 94 78 3.0591 0
47 90 78 3.0591 0
78 25 49 3.0591 0
81 17 49 3.0591 0
52 25 78 3.0591 0
63 18 49 3.0591 0
52 102 49 3.0591 0
19 77 78 3.0591 0
31 89 78 3.0591 0
114 63 49 2.8464 0
64 15 56 2.9444 0
114 63 56 2.8464 0
34 56 65 2.9007 0
63 15 65 2.8603 0
110 76 78 2.8428 0
109 79 66 2.8687 0
91 103 61 2.7392 0
64 112 63 2.6663 0
22 35 55 2.7437 0
93 25 66 2.6043 0
34 25 61 2.5979 0
36 103 61 2.7333 0
112 47 56 2.694 0
17 50 67 2.6139 0
93 57 60 2.6498 0
111 53 78 2.601 0
38 22 49 2.5247 0
82 87 68 2.5008 0
89 22 78 2.5242 0
45 87 69 2.4997 0
23 33 49 2.5954 0
82 87 50 2.5008 0
17 77 61 2.5299 0
96 27 49 2.4604 0
31 27 78 2.4491 0
110 77 60 2.5319 0
92 54 66 2.4823 0
35 54 59 2.4894 0
79 89 77 2.4457 0
79 89 61 2.4457 0
48 38 49 2.2049 0
39 106 78 2.0614 0
22 93 72 2.3278 0
67 93 49 2.3383 0
91 75 49 2.34 0
92 24 60 2.3803 0
35 24 67 2.3759 0
57 112 56 2.3297 0
82 110 57 2.3708 0
34 59 50 2.3113 0
109 46 49 2.3337 0
16 52 49 2.277 0
76 112 57 2.3158 0
27 75 48 2.0512 0
105 93 71 2.3507 0
35 72 64 2.2694 0
96 100 49 2.2195 0
31 100 49 2.2216 0
45 40 60 2.2815 0
82 40 68 2.2695 0
18 46 77 2.3289 0
93 70 79 2.0512 0
18 46 61 2.3289 0
63 112 69 2.3232 0
102 31 71 2.1726 0
42 95 79 2.0512 0
19 84 48 2.0512 0
0
