128
66 69 43 34.0729 0
62 57 121 0.5 0
53 49 85 13.183 0
80 56 86 11.9426 0
68 32 72 11.9198 0
51 75 87 11.685 0
31 51 68 11.3527 0
46 32 62 10.8973 0
75 79 87 10.4493 0
32 73 73 10.1882 0
90 40 68 9.9256 0
100 59 70 9.2936 0
62 94 80 9.1787 0
78 27 52 8.9387 0
93 76 77 8.8429 0
43 91 74 8.501 0
58 26 44 8.5504 0
32 42 47 8.4866 0
26 80 55 7.9188 0
80 94 75 7.7199 0
93 36 47 7.5574 0
25 58 46 7.1616 0
102 48 53 7.0855 0
43 34 37 7.2129 0
35 94 57 7.116 0
36 62 87 6.9144 0
49 102 63 6.8326 0
103 74 62 6.5347 0
70 103 67 6.5316 0
75 29 36 6.4041 0
96 87 65 6.252 0
30 51 34 5.8671 0
25 72 41 5.7225 0
60 31 29 5.6137 0
100 47 39 5.5228 0
81 103 60 5.4208 0
70 39 89 5.3499 0
39 37 77 5.3937 0
83 38 83 5.1016 0
26 66 57 5.2154 0
56 62 107 1.9991 0
71 59 112 1.8242 0
103 82 52 5.1191 0
72 34 24 5.0314 0
31 89 45 4.9313 0
86 36 32 5.0276 0
48 38 25 4.964 0
93 96 55 4.8897 0
38 46 26 4.8851 0
52 30 80 4.8144 0
72 67 98 4.7941 0
46 103 50 4.8223 0
67 53 98 4.7722 0
27 64 33 4.7117 0
105 60 42 4.5189 0
96 63 85 4.4879 0
89 97 65 4.287 0
29 87 66 4.4262 0
29 82 37 4.2789 0
94 47 81 4.353 0
105 75 44 4.3316 0
38 97 45 4.2162 0
55 61 99 4.2838 0
59 105 71 4.2747 0
63 73 99 4.1557 0
38 29 48 4.0419 0
45 62 96 4.1592 0
33 57 25 4.0864 0
83 26 66 4.1082 0
63 87 93 4.1067 0
30 36 61 4.0648 0
64 38 19 4.0697 0
62 25 57 4.0488 0
60 32 87 4.0336 0
92 29 58 4.032 0
29 74 31 3.9949 0
89 70 90 3.9677 0
22 48 54 3.9387 0
103 60 52 3.909 0
44 48 18 3.74 0
26 61 80 3.8944 0
35 47 84 3.8874 0
94 44 31 3.8921 0
35 80 86 3.8536 0
78 106 50 3.508 0
104 46 65 3.592 0
104 69 51 3.7137 0
92 90 76 3.5196 0
56 21 67 3.5111 0
48 93 86 3.5646 0
86 29 40 3.5521 0
81 38 24 3.5037 0
33 41 33 3.4939 0
103 64 33 3.4954 0
55 106 44 3.508 0
60 105 62 3.4671 0
34 90 36 3.4574 0
33 69 23 3.4531 0
52 43 18 3.4258 0
48 21 51 3.3589 0
101 38 59 3.3785 0
98 90 47 3.369 0
55 105 53 3.1289 0
98 52 30 3.336 0
81 69 97 3.3037 0
70 21 42 3.2081 0
83 30 78 3.3323 0
45 25 44 3.2948 0
87 43 24 3.3043 0
51 101 76 3.1945 0
85 102 51 3.1841 0
21 63 72 3.0604 0
21 70 64 3.2615 0
89 87 83 3.1667 0
61 44 14 3.1033 0
44 100 39 3.1243 0
39 56 19 3.0348 0
76 41 19 3.0692 0
32 35 69 2.9865 0
102 82 40 2.9523 0
104 72 36 2.9209 0
29 54 84 2.9864 0
38 64 17 2.7969 0
33 81 28 2.9471 0
56 36 21 2.8894 0
51 27 33 2.9161 0
33 31 54 2.9432 0
59 57 116 2.0264 0
0
