128
62 63 51 24.2615 0
64 71 93 17.527 0
74 93 37 9.6058 0
94 65 37 9.7023 0
73 33 37 9.3667 0
68 46 81 9.1873 0
37 82 37 8.9349 0
48 52 81 8.7096 0
37 44 38 8.6985 0
68 45 101 8.2288 0
47 52 102 8.3981 0
86 47 35 7.5225 0
83 64 76 7.1659 0
53 90 35 6.9719 0
52 37 35 6.6604 0
45 76 77 6.6551 0
84 79 34 6.6755 0
35 60 34 6.5331 0
92 53 49 6.1382 0
90 77 49 6.0382 0
83 61 105 5.9358 0
70 84 73 5.9177 0
83 40 49 5.8218 0
61 94 49 5.6293 0
45 89 49 5.4388 0
44 77 105 5.5467 0
82 87 50 5.2166 0
64 32 50 5.1398 0
44 38 50 5.0545 0
33 53 50 4.9034 0
80 55 86 4.8728 0
33 76 50 4.9034 0
57 45 92 4.8028 0
86 64 89 4.7198 0
43 66 84 4.6394 0
43 66 103 4.6394 0
79 53 97 4.5033 0
56 82 74 4.4914 0
54 34 47 4.4077 0
78 76 73 4.1339 0
74 98 51 4.1907 0
74 29 51 4.1907 0
99 64 51 4.1838 0
79 52 73 3.9109 0
70 40 68 4.0589 0
35 86 51 4.0758 0
33 41 51 3.9647 0
32 67 43 3.8955 0
32 63 51 3.8889 0
41 70 31 3.8558 0
42 65 73 3.6315 0
56 44 73 3.5328 0
42 78 66 3.6315 0
42 74 95 3.6315 0
42 52 69 3.6315 0
42 64 94 3.6315 0
56 44 107 3.5328 0
43 79 88 3.3181 0
81 73 107 3.465 0
71 87 107 3.3251 0
79 51 106 3.3185 0
32 71 31 3.3435 0
87 65 65 3.312 0
72 56 108 2.9121 0
47 76 30 3.1506 0
82 63 30 3.2258 0
69 81 30 3.2547 0
69 45 30 3.212 0
87 86 42 3.1526 0
62 97 31 3.0651 0
47 51 30 3.1506 0
70 88 62 3.1004 0
50 63 108 2.9121 0
90 67 53 3.0924 0
61 82 30 3.073 0
53 80 30 3.0409 0
61 44 30 3.0195 0
48 46 69 2.9583 0
59 56 108 2.9121 0
74 37 53 2.9988 0
71 90 54 2.7792 0
53 82 108 2.9121 0
76 81 108 2.8026 0
61 97 39 2.7537 0
76 46 69 2.8026 0
63 89 30 2.7333 0
52 94 45 2.8262 0
61 30 32 2.7537 0
84 70 101 2.7961 0
76 46 92 2.8026 0
62 37 30 2.6625 0
71 88 82 2.7327 0
60 30 40 2.4422 0
50 82 68 2.6227 0
52 94 52 2.6607 0
85 58 67 2.5731 0
41 57 92 2.6236 0
41 71 68 2.6236 0
82 73 82 2.6496 0
41 48 63 2.6236 0
41 49 92 2.6236 0
62 41 70 2.5259 0
83 72 68 2.4266 0
98 72 52 2.4772 0
62 86 68 2.5259 0
62 86 78 2.5259 0
59 85 108 2.5501 0
85 89 30 2.2812 0
88 65 97 2.4966 0
85 37 40 2.4138 0
86 59 96 2.3501 0
93 79 39 2.4072 0
94 53 30 2.3659 0
41 81 54 2.3996 0
96 52 39 2.3307 0
43 37 30 2.3322 0
83 37 30 2.338 0
55 43 100 2.2628 0
46 81 97 2.3354 0
31 51 30 2.2803 0
93 76 30 2.3457 0
44 92 40 2.2517 0
39 48 54 2.3286 0
44 91 30 2.2961 0
74 75 29 2.2198 0
76 82 66 2.2102 0
89 63 58 2.2736 0
44 35 42 2.2517 0
0
