128
66 88 94 6.2552 0
41 22 62 1.838 0
107 37 62 2.12 0
10 76 62 0.7417 0
72 40 94 6.3555 0
34 60 93 7.0071 0
111 89 60 0.6043 0
39 105 62 1.2548 0
81 106 62 2.12 0
96 67 86 3.3631 0
77 21 62 2.12 0
17 45 62 2.12 0
118 65 62 2.0761 0
33 80 67 1.5346 0
42 84 86 3.2946 0
48 40 87 3.7027 0
92 85 62 2.12 0
62 96 62 2.12 0
94 49 98 2.324 0
59 60 98 2.2249 0
89 83 98 2.324 0
38 42 67 1.6459 0
60 33 66 1.4337 0
86 40 72 1.0619 0
27 61 63 2.5086 0
37 75 93 6.7362 0
99 56 64 1.5469 0
93 58 93 6.655 0
41 47 93 6.5824 0
85 46 93 6.3949 0
91 74 93 6.4099 0
58 39 94 6.3555 0
80 84 94 6.3555 0
49 85 94 6.3555 0
23 93 62 2.12 0
94 27 62 2.12 0
44 91 62 2.12 0
11 62 62 2.12 0
105 77 62 2.12 0
115 50 62 2.12 0
77 92 73 0.8844 0
100 102 63 0.5 0
59 18 61 1.1121 0
25 31 63 1.1509 0
53 109 62 1.2629 0
76 67 97 2.4586 0
23 74 62 2.12 0
81 93 62 2.12 0
77 34 62 2.12 0
93 44 63 1.94 0
55 92 76 0.9078 0
49 35 63 2.2511 0
73 35 76 1.1035 0
58 72 98 2.324 0
95 50 76 1.0179 0
89 84 77 0.8486 0
29 70 74 1.365 0
66 110 63 1.0963 0
31 53 77 1.5594 0
105 65 62 2.12 0
52 50 96 4.0698 0
29 45 62 2.12 0
84 65 96 4.0458 0
69 54 97 2.469 0
102 89 62 2.12 0
46 57 96 3.9164 0
36 31 62 2.12 0
57 35 78 1.3368 0
71 102 62 2.12 0
98 72 73 0.9255 0
66 93 78 1.0017 0
45 67 96 3.7705 0
49 100 62 2.12 0
116 77 62 1.7262 0
81 56 96 3.7704 0
67 23 62 2.12 0
80 73 96 3.742 0
17 85 62 2.12 0
57 90 88 3.6336 0
90 97 62 2.12 0
58 79 96 3.5154 0
50 74 96 3.3925 0
64 48 96 3.4575 0
37 45 79 1.7064 0
50 23 62 2.12 0
43 88 74 1.0182 0
72 77 97 3.3319 0
105 46 62 2.12 0
99 60 74 1.0036 0
33 96 63 1.4161 0
31 68 85 3.245 0
75 50 97 3.3319 0
28 84 62 2.12 0
88 82 86 3.0956 0
33 53 84 3.1304 0
76 90 82 1.52 0
23 51 62 2.12 0
80 38 80 1.5179 0
89 37 62 2.12 0
107 57 62 2.12 0
45 38 72 1.2533 0
67 35 81 1.815 0
98 96 62 2.12 0
64 36 86 3.0453 0
48 38 97 3.0041 0
99 37 62 2.12 0
33 79 77 0.7383 0
17 69 62 2.12 0
17 57 62 2.12 0
74 89 87 2.9262 0
81 40 85 2.9007 0
98 67 97 2.6971 0
65 69 98 2.1785 0
92 49 86 2.8407 0
69 33 68 0.9132 0
53 93 67 1.1207 0
95 76 79 1.3368 0
74 37 84 2.5786 0
41 43 83 2.6214 0
97 76 66 1.2728 0
35 86 62 2.12 0
112 69 62 2.12 0
56 27 62 2.12 0
88 23 62 2.12 0
50 89 84 2.4308 0
33 75 83 2.6382 0
55 37 84 2.5159 0
117 58 62 2.12 0
0
