128
62 59 60 9.3921 0
61 72 4 14.6286 0
96 52 111 0.5 0
21 71 95 0.5 0
81 47 33 8.694 0
60 78 47 11.6647 0
81 70 34 9.5396 0
92 61 80 3.1643 0
28 75 69 2.7408 0
78 53 6 9.7475 0
40 71 34 7.2797 0
88 70 63 4.8431 0
78 41 51 6.8552 0
39 70 9 6.8714 0
86 54 99 2.958 0
67 60 30 6.7011 0
85 77 50 6.245 0
63 75 28 6.18 0
58 57 44 5.8996 0
83 69 10 5.674 0
48 67 56 5.8084 0
62 51 10 5.674 0
46 58 10 5.674 0
33 77 55 2.7943 0
67 44 59 5.4161 0
73 68 54 4.8253 0
23 70 85 2.5667 0
76 83 42 4.6459 0
69 47 25 4.2283 0
75 79 56 4.2648 0
50 56 52 4.2207 0
36 76 45 4.0855 0
46 82 37 3.9864 0
47 57 61 4.1218 0
46 80 27 3.9642 0
81 65 79 2.4535 0
90 65 72 3.893 0
41 61 24 3.2374 0
75 78 23 4.0198 0
54 56 25 2.7663 0
68 53 48 3.9854 0
90 57 20 1.9662 0
45 81 12 3.6583 0
45 71 46 3.8063 0
70 42 12 3.6583 0
87 59 27 3.5415 0
80 57 20 3.4263 0
87 63 90 1.7779 0
44 83 46 3.2454 0
31 75 80 1.7378 0
67 72 61 3.4921 0
74 82 31 3.2643 0
85 57 92 3.2147 0
87 51 22 3.3318 0
39 72 52 3.2122 0
41 71 20 3.2867 0
83 61 85 2.8634 0
55 72 22 3.1627 0
82 77 62 3.0599 0
45 77 53 2.9972 0
92 56 87 2.5173 0
38 74 65 1.1681 0
78 41 22 3.0846 0
25 73 78 2.7045 0
54 85 34 2.9837 0
69 85 36 2.9727 0
82 69 56 2.9633 0
95 53 104 1.4839 0
86 67 21 2.6932 0
66 53 39 2.8541 0
56 84 24 1.9992 0
84 38 42 2.7384 0
48 65 28 2.7313 0
32 71 20 1.9657 0
84 44 20 2.8056 0
79 41 13 2.6504 0
78 70 47 2.791 0
79 69 70 1.3871 0
77 85 51 2.7846 0
87 53 109 1.1029 0
95 55 96 1.2989 0
55 57 13 2.6504 0
88 59 13 2.6504 0
86 73 71 2.6075 0
79 77 13 2.6504 0
30 72 95 0.5 0
76 58 37 2.5754 0
57 58 34 2.3345 0
31 76 61 2.5917 0
53 64 48 2.5528 0
39 73 59 2.3397 0
73 64 15 2.5089 0
40 79 22 2.2836 0
82 74 21 2.1471 0
91 53 93 2.1605 0
89 57 106 2.0472 0
39 82 41 2.2846 0
72 69 44 2.3154 0
50 71 38 2.3764 0
86 44 44 2.2202 0
57 71 60 2.3908 0
88 70 77 2.3547 0
54 78 25 2.2706 0
69 69 39 2.354 0
54 76 31 2.3533 0
71 50 54 2.3191 0
84 64 68 2.2443 0
78 68 61 2.1725 0
29 73 90 1.3224 0
63 87 29 0.9752 0
88 78 59 2.2547 0
72 87 48 2.2053 0
35 78 69 1.4436 0
82 71 75 2.1767 0
84 82 42 2.2414 0
62 84 24 1.9992 0
63 49 52 2.1258 0
67 79 20 2.0402 0
87 51 105 2.158 0
80 65 73 2.0261 0
90 61 96 1.6708 0
85 67 83 2.0452 0
63 86 34 2.0618 0
84 68 47 2.1168 0
89 59 101 2.1569 0
69 59 14 1.8883 0
63 53 71 2.1066 0
79 59 28 2.0963 0
0
