128
59 74 72 2.7137 0
118 44 64 0.5 0
10 65 66 2.9966 0
111 89 61 0.5 0
44 35 60 0.5 0
81 45 62 1.1557 0
53 45 86 2.0674 0
86 74 63 2.6023 0
38 96 60 0.5 0
40 93 87 0.5 0
109 64 62 1.6905 0
44 77 79 5.5426 0
61 49 70 3.9048 0
58 90 65 3.7488 0
44 44 70 4.04 0
44 90 65 4.5453 0
56 80 79 5.7643 0
44 77 66 5.1359 0
105 49 63 1.7067 0
56 80 66 4.9793 0
23 65 67 2.8622 0
47 88 80 4.8578 0
111 76 63 2.5253 0
84 58 62 1.6272 0
61 47 80 3.5408 0
58 91 77 3.5538 0
88 89 64 0.5 0
91 50 64 1.4808 0
44 44 79 3.5801 0
59 37 60 0.057 0
116 54 67 0.5 0
68 41 61 0.7793 0
112 53 63 1.9933 0
62 44 64 2.8639 0
50 51 60 0.5 0
82 84 62 0.7075 0
45 40 63 2.6724 0
111 69 63 2.5253 0
44 92 73 2.5459 0
93 83 60 0.5 0
41 48 62 1.6896 0
108 85 69 0.5 0
92 65 61 0.5 0
82 51 64 1.5118 0
116 85 67 0.5 0
64 54 61 0.6815 0
90 83 69 0.5 0
87 68 63 2.2884 0
106 84 61 0.9183 0
17 71 61 0.7033 0
46 47 63 2.1724 0
16 60 61 0.6823 0
17 73 70 0.5 0
61 43 74 2.1069 0
16 60 70 0.779 0
63 50 63 2.0047 0
115 83 61 0.6828 0
62 95 86 0.5 0
58 88 83 1.9149 0
62 71 61 0.5 0
90 42 60 0.1748 0
88 55 62 1.6906 0
22 70 64 1.8448 0
55 92 83 1.8236 0
112 60 62 1.6902 0
48 84 67 1.8624 0
56 52 61 0.5561 0
60 73 83 1.7058 0
52 92 62 1.6902 0
52 92 67 1.8485 0
85 63 62 1.6905 0
52 73 67 1.7058 0
41 84 83 1.7993 0
51 74 83 1.7659 0
22 61 63 1.812 0
108 42 66 0.5 0
14 72 66 0.6958 0
83 79 62 1.5711 0
16 67 73 0.5 0
8 72 72 0.5 0
91 43 66 0.8188 0
52 87 67 1.6278 0
64 43 70 1.7873 0
83 84 69 0.5 0
60 92 71 1.733 0
50 43 82 1.5541 0
25 73 71 0.5 0
60 74 63 1.7327 0
55 92 71 1.5575 0
20 66 62 1.5848 0
12 70 64 1.7367 0
13 62 62 1.6902 0
50 83 62 1.6902 0
53 87 62 1.6902 0
41 84 62 1.6902 0
54 73 63 1.7058 0
51 73 77 1.7058 0
13 68 70 1.6686 0
90 81 64 0.8928 0
60 93 83 1.5381 0
41 93 79 1.5381 0
40 84 67 1.5113 0
21 70 69 1.538 0
119 49 61 0.5 0
115 50 65 1.6066 0
52 93 77 1.5384 0
40 89 83 1.5111 0
106 43 61 0.5562 0
40 88 77 1.5117 0
40 81 73 1.5112 0
40 74 72 1.5111 0
49 47 82 1.5543 0
42 93 83 1.5381 0
107 80 62 1.203 0
47 48 75 1.3984 0
40 84 78 1.5112 0
40 93 70 1.5111 0
13 61 69 1.5002 0
83 43 68 0.5 0
56 44 82 1.4093 0
21 61 70 1.4555 0
115 44 62 0.9022 0
89 79 62 1.3953 0
113 81 69 0.5 0
89 86 62 0.7998 0
39 38 61 0.6822 0
40 41 62 1.3566 0
86 53 65 1.3744 0
0
