128
65 64 46 22.9447 0
51 71 86 17.9474 0
80 62 92 11.5158 0
94 51 33 9.8236 0
90 43 53 8.8328 0
40 74 28 8.2845 0
39 76 61 8.2706 0
76 73 75 7.7264 0
64 50 96 7.318 0
74 80 97 6.8608 0
40 58 27 6.5632 0
72 57 75 6.5685 0
52 85 64 6.4721 0
41 61 65 6.1002 0
38 51 42 6.084 0
38 77 45 5.8952 0
88 65 26 5.7829 0
52 83 27 5.5112 0
66 82 70 5.5651 0
80 50 25 5.282 0
59 52 72 5.2134 0
45 85 51 5.0339 0
46 84 37 4.8063 0
51 51 99 4.8451 0
36 66 41 4.7022 0
37 64 52 4.6723 0
86 77 98 4.5473 0
49 53 68 4.4791 0
33 78 99 4.2897 0
46 96 105 0.5 0
32 68 99 4.2414 0
81 43 36 4.1927 0
51 53 24 4.1494 0
80 74 24 3.9991 0
72 81 85 3.9278 0
63 85 100 3.8372 0
45 89 99 3.9056 0
54 89 100 3.8372 0
66 51 84 3.8815 0
76 48 100 3.7658 0
72 37 51 3.51 0
80 78 86 3.6359 0
62 81 24 3.417 0
69 48 24 3.5397 0
37 60 100 3.4625 0
80 62 69 3.4335 0
91 66 36 3.3436 0
75 81 65 3.4237 0
40 54 52 3.2876 0
51 69 23 3.2662 0
79 60 23 3.2662 0
45 50 34 3.1986 0
52 88 45 3.1154 0
74 44 30 3.134 0
71 77 23 3.146 0
93 50 105 0.5 0
35 67 71 3.0367 0
61 50 23 3.0323 0
43 85 70 2.9976 0
53 89 54 2.9787 0
97 66 105 0.5 0
45 52 60 2.9476 0
67 60 101 2.8293 0
40 83 101 2.8293 0
33 65 23 2.8242 0
90 70 101 2.8293 0
92 58 101 2.8293 0
84 50 101 2.8293 0
34 74 72 2.8305 0
43 54 101 2.8293 0
68 72 101 2.8293 0
86 73 31 2.8433 0
100 46 45 2.6098 0
82 63 76 2.7997 0
55 87 36 2.7184 0
83 85 101 2.6497 0
92 54 47 2.8026 0
77 41 55 2.7044 0
62 86 61 2.7949 0
96 41 42 2.7521 0
76 40 42 2.6228 0
66 86 93 2.5599 0
37 85 95 2.5807 0
58 51 81 2.5682 0
44 48 50 2.5932 0
67 49 68 2.5665 0
82 69 66 2.5426 0
68 84 79 2.4767 0
37 81 73 2.5759 0
34 65 33 2.5592 0
74 48 92 2.4962 0
85 73 83 2.5268 0
53 62 22 2.2584 0
57 76 22 2.2584 0
46 46 40 2.4374 0
78 41 48 2.3651 0
43 87 59 2.3929 0
90 40 41 2.3827 0
72 55 22 2.2584 0
94 59 22 2.2584 0
91 63 42 2.3374 0
59 88 56 2.3336 0
34 59 45 2.3286 0
87 75 90 2.2648 0
58 47 65 2.229 0
45 65 22 2.2584 0
74 70 22 2.2584 0
57 87 73 2.1831 0
79 67 22 2.2584 0
50 76 22 2.2584 0
87 54 22 2.2584 0
57 57 22 2.2584 0
60 85 31 2.2372 0
68 86 60 2.244 0
34 59 37 2.0849 0
80 76 64 2.1925 0
98 52 46 2.0721 0
66 39 54 2.2007 0
43 53 94 2.1963 0
31 76 91 2.2177 0
37 83 52 2.1769 0
83 81 92 2.1766 0
42 56 73 2.0896 0
33 72 52 2.1333 0
93 64 101 2.136 0
73 41 36 2.0704 0
56 48 27 1.9719 0
33 81 92 2.0212 0
0
