128
63 68 47 3.3223 0
38 37 107 0.5 0
40 88 96 1.9446 0
110 37 48 0.5 0
18 37 44 0.5056 0
110 91 46 0.5 0
18 90 44 0.5056 0
40 50 72 1.9446 0
30 63 47 3.3223 0
84 44 47 3.3223 0
52 41 47 3.3223 0
40 88 64 1.9446 0
84 84 47 3.3223 0
107 64 44 0.7987 0
40 59 98 1.9446 0
53 86 47 3.3223 0
40 70 73 1.9446 0
40 41 89 1.9446 0
88 64 45 1.3065 0
48 62 47 3.3223 0
63 52 47 3.3223 0
34 88 45 1.3065 0
69 86 47 3.3223 0
40 74 57 1.9446 0
40 84 81 1.9446 0
40 75 104 1.9446 0
33 41 46 0.6682 0
40 71 89 1.9446 0
40 39 62 1.8892 0
40 56 59 1.9446 0
107 78 45 1.3065 0
78 72 48 2.635 0
78 56 48 2.635 0
97 53 45 1.3065 0
41 45 47 3.3223 0
66 41 47 3.3223 0
51 73 47 3.3223 0
22 76 45 1.3065 0
20 52 45 1.3065 0
98 39 45 1.3065 0
40 57 86 1.9446 0
40 46 103 1.9446 0
42 86 47 3.3223 0
39 63 48 4.0399 0
95 74 45 1.3065 0
99 89 45 1.0135 0
39 39 77 1.3576 0
107 46 45 1.3065 0
53 50 47 3.3223 0
33 76 45 1.2871 0
65 78 47 3.3223 0
40 78 67 1.9446 0
40 66 63 1.9446 0
76 41 47 3.3223 0
70 64 47 3.3223 0
70 48 47 3.3223 0
55 58 47 3.3223 0
43 72 47 3.3223 0
77 80 47 3.3223 0
70 56 47 3.3223 0
41 53 47 3.3223 0
63 60 47 3.3223 0
61 86 47 3.3223 0
55 66 47 3.3223 0
84 76 47 3.3223 0
84 60 47 3.3223 0
84 68 47 3.3223 0
84 52 47 3.3223 0
40 59 70 1.9446 0
40 48 81 1.9446 0
70 72 47 3.3223 0
59 45 47 3.3223 0
57 78 47 3.3223 0
47 80 47 3.3223 0
40 80 90 1.9446 0
40 49 93 1.9446 0
19 66 45 1.113 0
106 56 45 1.3065 0
39 65 56 2.9525 0
40 47 62 1.9446 0
40 88 104 1.9446 0
40 88 72 1.9446 0
40 88 56 1.9446 0
40 76 81 1.9446 0
40 67 104 1.9446 0
103 70 45 1.3065 0
96 61 45 1.3065 0
20 44 45 1.3065 0
78 64 48 2.635 0
78 48 48 2.635 0
31 53 45 1.1469 0
48 55 48 2.635 0
77 87 48 2.635 0
40 77 74 1.9446 0
40 74 97 1.9446 0
25 85 44 0.7987 0
93 82 45 1.3065 0
39 38 100 1.0135 0
95 46 45 1.3065 0
40 39 83 1.9446 0
27 38 45 1.0135 0
40 78 47 2.37 0
38 55 107 0.5 0
40 39 95 1.9446 0
22 60 45 1.3065 0
40 39 68 1.9446 0
40 88 90 1.9446 0
40 81 104 1.9446 0
40 67 98 1.9446 0
40 59 104 1.9446 0
39 39 55 1.3576 0
40 54 81 1.9446 0
107 87 45 1.3065 0
40 70 67 1.9446 0
40 61 90 1.9446 0
40 40 104 1.9446 0
40 79 55 1.9446 0
40 61 61 1.9446 0
40 55 74 1.9446 0
40 54 54 1.9446 0
40 47 88 1.9446 0
40 45 70 1.9446 0
27 73 45 1.3065 0
40 39 49 2.0214 0
46 39 46 2.0214 0
40 43 79 1.9446 0
105 39 46 0.6682 0
40 49 52 1.9446 0
0
