128
70 70 65 1.3144 0
42 13 61 1.0361 0
13 85 61 1.0372 0
117 41 60 0.5 0
86 117 68 0.5 0
112 83 62 2.0154 0
81 21 64 3.0944 0
44 111 64 2.4344 0
21 46 64 3.0944 0
92 53 64 3.0944 0
41 77 62 2.0667 0
50 41 65 2.0678 0
69 98 64 1.6285 0
93 74 64 3.0944 0
53 92 64 3.0944 0
70 38 62 2.0236 0
38 57 64 2.0232 0
25 80 64 3.0944 0
59 53 63 2.475 0
81 104 64 3.0944 0
53 68 63 2.4686 0
105 46 64 3.0944 0
47 24 64 3.0944 0
77 83 62 1.5862 0
74 59 63 2.474 0
35 45 63 1.9913 0
82 35 62 1.9917 0
57 30 62 1.9354 0
81 92 62 2.0629 0
47 103 64 3.0944 0
80 47 66 0.8925 0
30 70 62 1.9345 0
68 87 62 1.9131 0
59 79 66 0.8456 0
35 74 64 3.0944 0
53 35 64 3.0944 0
106 81 64 3.0944 0
53 59 64 2.3665 0
68 53 63 2.3672 0
43 50 65 2.0386 0
28 49 64 3.0944 0
78 28 64 3.0944 0
72 92 63 3.0531 0
94 87 60 0.5 0
86 64 61 0.9592 0
76 35 64 3.0944 0
36 51 64 3.0944 0
99 78 64 3.0944 0
98 49 64 3.0944 0
78 97 64 3.0944 0
82 77 65 1.7196 0
50 82 61 1.0746 0
42 92 63 0.9742 0
35 85 64 0.9754 0
42 35 64 0.9742 0
59 74 64 2.3656 0
17 83 64 2.7067 0
61 41 61 1.0746 0
41 66 61 1.0746 0
44 17 63 2.7078 0
101 60 60 0.5 0
61 86 65 1.4795 0
82 115 60 0.5 0
68 78 61 0.7478 0
29 59 61 0.6218 0
68 74 63 2.4733 0
80 67 66 0.8115 0
68 29 61 0.6206 0
83 111 63 2.1174 0
87 77 63 2.3952 0
77 71 61 0.7914 0
74 68 63 2.3679 0
60 100 60 0.5 0
117 43 68 0.5 0
77 88 64 2.3863 0
86 11 65 0.5 0
92 42 63 0.9744 0
12 42 61 0.9288 0
86 50 62 2.0674 0
31 56 63 2.2557 0
85 60 66 0.9667 0
71 31 63 2.2599 0
51 98 63 2.2592 0
50 86 63 2.1523 0
88 69 64 1.7962 0
83 15 62 2.0145 0
97 57 62 1.9346 0
49 30 65 2.0865 0
36 80 62 2.0825 0
47 36 62 2.0825 0
92 80 62 2.0825 0
77 41 62 2.0825 0
58 39 64 2.0811 0
39 69 64 2.0804 0
111 44 64 2.1185 0
47 92 62 2.0825 0
92 47 62 2.0825 0
101 68 67 0.5 0
15 44 62 2.0153 0
88 58 64 2.0818 0
98 69 63 1.6287 0
57 97 63 1.935 0
45 60 61 0.5198 0
31 79 63 1.9967 0
67 44 66 0.5429 0
58 88 62 1.7957 0
48 75 67 0.5003 0
45 62 68 0.5 0
79 53 61 0.5279 0
52 48 60 0.5009 0
92 87 67 0.5 0
41 61 62 1.4874 0
59 64 68 0.5 0
48 54 61 0.9943 0
73 48 66 0.9938 0
53 49 68 0.5 0
77 45 65 1.7207 0
48 74 62 0.5295 0
45 78 65 1.496 0
67 40 65 1.6468 0
53 79 67 0.5707 0
60 81 60 0.5667 0
73 79 67 0.5707 0
46 68 67 0.5708 0
59 46 67 0.5708 0
79 54 67 0.5708 0
67 81 67 0.4991 0
67 46 61 0.8649 0
0
