128
63 76 47 2.7639 0
66 29 109 0.5 0
57 14 47 2.7004 0
70 113 47 2.7639 0
63 34 81 5.383 0
83 39 47 2.7639 0
46 44 47 2.7639 0
43 99 48 1.6129 0
84 91 47 2.7639 0
63 34 50 5.383 0
63 34 97 5.383 0
63 34 65 5.383 0
69 53 47 2.7639 0
76 19 47 2.7639 0
44 25 47 2.3438 0
56 105 47 2.7639 0
45 81 46 0.8358 0
78 78 47 2.7639 0
81 105 47 2.7639 0
56 87 47 2.7639 0
57 53 47 2.7639 0
69 100 48 1.833 0
69 86 48 2.1228 0
74 41 47 2.7639 0
75 28 47 2.7639 0
64 23 47 2.7639 0
50 37 47 2.7639 0
55 97 47 2.7639 0
71 74 47 2.7639 0
76 88 47 2.7639 0
50 21 47 2.7639 0
44 32 47 2.7639 0
44 93 47 2.7639 0
70 14 47 2.506 0
49 107 47 2.7639 0
55 74 47 2.2477 0
50 83 47 2.7639 0
82 84 47 2.7639 0
78 95 47 2.7639 0
63 106 47 2.7639 0
81 24 47 2.7639 0
51 49 47 2.7639 0
81 51 50 0.5 0
57 21 47 2.7639 0
56 112 47 2.7639 0
63 113 47 2.7639 0
63 83 47 2.7639 0
50 28 47 2.7639 0
83 32 47 2.7639 0
70 106 47 2.7639 0
69 46 47 2.7639 0
50 90 47 2.7639 0
57 46 47 2.7639 0
63 50 47 2.7639 0
84 98 47 2.7639 0
49 100 47 2.7639 0
80 45 47 2.7639 0
77 35 47 2.7639 0
76 110 47 2.7639 0
75 101 47 2.7639 0
75 50 47 2.7639 0
56 80 47 2.7639 0
64 16 47 2.7639 0
72 81 47 2.7639 0
63 43 47 2.4248 0
44 86 47 2.1533 0
70 36 109 0.5 0
66 32 105 2.2952 0
66 32 89 2.2952 0
66 32 73 2.2952 0
56 39 47 2.1452 0
69 27 47 2.2212 0
57 27 48 2.1228 0
71 22 48 2.1228 0
43 39 48 2.1228 0
52 43 48 2.1228 0
60 32 105 1.982 0
60 32 89 1.982 0
60 32 73 1.982 0
50 77 47 2.0172 0
72 96 47 1.8366 0
61 37 105 1.7575 0
61 37 89 1.7575 0
61 37 73 1.7575 0
60 101 46 1.756 0
55 31 46 1.756 0
67 33 57 1.7395 0
62 30 58 1.6441 0
63 58 51 0.5 0
63 56 48 1.2555 0
71 36 48 1.3325 0
68 40 46 1.1105 0
66 37 106 1.3787 0
63 38 57 1.4408 0
66 37 90 1.3787 0
66 37 74 1.3787 0
59 34 58 1.439 0
65 101 46 1.2794 0
71 32 48 1.2523 0
77 83 49 1.115 0
60 71 46 0.8936 0
50 16 48 1.2892 0
64 71 47 1.266 0
56 92 49 1.115 0
49 95 49 1.115 0
44 103 48 1.1254 0
55 35 49 1.115 0
63 101 49 1.115 0
45 79 51 0.5 0
50 113 51 0.5 0
45 50 51 0.5 0
65 10 51 0.5 0
45 21 49 1.115 0
68 19 49 1.115 0
76 13 51 0.5 0
51 55 51 0.5 0
69 41 49 1.115 0
46 81 49 1.115 0
79 30 49 1.115 0
62 12 49 1.115 0
61 72 49 1.115 0
74 93 49 1.115 0
72 90 49 1.115 0
68 79 49 1.115 0
59 42 49 1.115 0
67 72 49 1.115 0
52 33 49 1.115 0
51 111 49 1.115 0
0
