128
90 66 66 1.3892 0
41 22 40 2.4451 0
41 105 40 2.4473 0
37 57 87 1.3892 0
78 18 91 0.5 0
66 107 89 1.2683 0
88 28 39 2.3541 0
86 105 40 2.4473 0
38 66 39 2.3851 0
43 20 82 1.0046 0
37 89 73 1.3607 0
67 20 64 1.3123 0
90 96 74 1.2549 0
89 71 39 2.3851 0
90 37 70 1.3529 0
37 44 62 1.3849 0
63 107 58 1.3157 0
63 88 38 1.3772 0
63 40 38 1.3772 0
89 55 91 0.5 0
40 108 91 0.5 0
90 50 50 1.3892 0
37 66 64 1.3892 0
91 78 90 0.7604 0
37 86 52 1.3766 0
38 42 39 2.3851 0
67 21 41 1.9449 0
47 107 71 1.1969 0
90 86 54 1.3765 0
46 20 62 1.1702 0
90 32 89 1.2683 0
37 38 82 1.3607 0
63 105 39 2.3851 0
88 22 59 1.3729 0
37 79 88 1.3889 0
63 20 84 1.3157 0
74 107 73 1.28 0
86 107 89 0.6695 0
86 106 59 1.0242 0
79 47 38 1.3772 0
47 84 38 1.3772 0
80 20 76 1.1969 0
85 88 38 1.3772 0
90 51 77 1.3892 0
90 66 82 1.3892 0
90 81 72 1.3877 0
39 105 56 1.3734 0
37 32 52 1.2807 0
37 95 89 1.2683 0
37 30 68 1.2229 0
37 55 50 1.3892 0
37 54 72 1.3892 0
74 107 49 1.28 0
55 28 38 1.3772 0
55 20 72 1.2929 0
55 20 52 1.2929 0
90 90 86 1.3529 0
38 91 39 2.3505 0
90 37 53 1.3529 0
50 107 84 1.2498 0
89 42 39 2.3851 0
45 54 38 1.3772 0
37 67 79 1.3892 0
90 70 54 1.3892 0
90 54 62 1.3892 0
37 70 52 1.3892 0
51 96 38 1.3772 0
75 34 39 0.9201 0
59 107 74 1.3096 0
74 20 52 1.28 0
50 107 50 1.2498 0
78 21 40 2.2435 0
86 57 38 1.3772 0
37 78 68 1.3892 0
74 93 38 1.3772 0
51 42 38 1.3772 0
74 105 39 2.3851 0
39 105 80 1.3744 0
52 20 89 1.2683 0
37 100 68 1.0576 0
37 78 44 1.3892 0
74 107 61 1.28 0
37 28 88 1.1303 0
90 94 62 1.3014 0
88 105 79 1.3729 0
89 24 72 1.271 0
90 42 86 1.38 0
88 22 87 1.373 0
90 78 62 1.3892 0
78 107 83 1.2358 0
39 22 52 1.3726 0
52 107 62 1.2711 0
90 96 46 1.2549 0
37 94 60 1.3015 0
76 81 39 0.705 0
37 54 60 1.3892 0
77 20 66 1.2498 0
50 105 39 2.3851 0
37 97 50 1.2229 0
37 47 86 1.3883 0
88 22 48 1.3758 0
90 81 43 1.3877 0
37 28 78 1.1305 0
38 57 39 2.3851 0
88 105 68 1.373 0
74 20 84 1.28 0
90 42 62 1.38 0
37 43 74 1.3829 0
90 60 46 1.3892 0
42 20 72 0.8784 0
90 32 61 1.2807 0
71 20 74 1.2985 0
52 20 42 1.2711 0
45 75 38 1.3772 0
90 78 82 1.3892 0
37 43 49 1.3829 0
90 62 58 1.3892 0
37 74 60 1.3892 0
47 32 38 1.3772 0
37 86 64 1.3766 0
90 31 80 1.2549 0
37 32 43 1.2806 0
63 20 56 1.3157 0
59 107 50 1.3096 0
36 68 90 0.7604 0
67 32 38 1.3772 0
90 47 69 1.3883 0
90 99 87 1.1303 0
0
