128
52 57 63 4.7128 0
88 112 63 2.1614 0
61 19 63 4.7128 0
56 93 63 4.7128 0
57 38 63 4.7128 0
73 108 63 4.7128 0
39 15 64 2.1614 0
52 73 63 4.7128 0
55 110 65 3.0538 0
47 44 63 4.7128 0
60 103 63 4.7128 0
47 26 64 1.8678 0
55 83 63 4.2394 0
85 101 64 1.8066 0
60 29 62 3.705 0
53 24 62 3.5522 0
56 47 65 3.4494 0
38 26 65 1.8066 0
48 65 62 3.0425 0
52 17 65 3.0539 0
65 110 66 2.589 0
52 100 66 2.1706 0
68 102 66 2.2029 0
79 101 63 1.8844 0
45 52 61 1.8548 0
53 65 66 2.0468 0
61 111 62 2.0928 0
92 104 69 0.5 0
91 104 58 0.5 0
45 51 66 1.9937 0
50 88 66 1.8421 0
49 80 66 1.9558 0
52 102 61 1.8927 0
82 110 70 0.5 0
50 88 61 1.8421 0
39 26 60 1.6892 0
45 17 59 0.8525 0
88 101 60 1.6892 0
66 110 60 1.6892 0
50 38 67 1.6892 0
80 111 66 1.4692 0
68 103 60 1.6892 0
67 25 70 0.5 0
52 50 60 1.6892 0
56 31 67 1.6201 0
54 107 60 1.6892 0
77 103 67 1.6892 0
44 18 70 0.5 0
48 68 67 1.6892 0
48 62 67 1.6892 0
61 33 67 1.6892 0
59 25 67 1.6892 0
49 81 60 1.6892 0
80 111 61 1.4692 0
51 50 67 1.6892 0
53 105 67 1.6892 0
89 101 66 1.6275 0
57 51 60 1.4398 0
46 16 66 1.3603 0
64 25 67 1.3528 0
45 56 67 1.2988 0
47 16 62 1.4692 0
63 96 70 0.5 0
73 101 66 1.3224 0
91 111 70 0.5 0
54 66 61 1.2966 0
72 101 61 1.3243 0
60 87 70 0.5 0
68 18 70 0.5 0
43 26 66 1.2988 0
59 87 67 1.2383 0
43 16 62 1.3603 0
84 111 65 1.3603 0
84 111 61 1.3603 0
83 104 70 0.5 0
61 96 67 1.3535 0
43 26 61 1.2988 0
45 58 60 1.0208 0
55 16 60 1.1828 0
50 24 70 0.5 0
45 56 63 1.2988 0
50 37 60 0.9752 0
37 18 58 0.5 0
59 45 60 1.0451 0
50 93 67 1.1471 0
60 111 67 1.1828 0
53 111 60 1.1828 0
57 111 60 1.1828 0
66 16 67 1.1828 0
57 78 67 1.1231 0
57 53 67 0.922 0
50 23 67 1.1109 0
42 16 67 1.1828 0
46 74 70 0.5 0
66 25 58 0.5 0
50 19 60 0.9322 0
59 76 58 0.5 0
83 101 60 0.839 0
37 16 60 0.9463 0
90 111 67 0.9463 0
43 40 70 0.5 0
53 42 70 0.5 0
55 21 68 0.6813 0
63 95 58 0.5 0
62 40 70 0.5 0
68 17 58 0.5 0
82 101 67 0.8389 0
50 94 60 1.0081 0
47 25 60 0.9124 0
45 59 65 0.8818 0
57 69 69 0.5 0
78 103 59 0.6813 0
45 70 58 0.5 0
55 47 59 0.6813 0
75 100 63 0.8759 0
76 101 60 0.8333 0
62 34 60 0.9708 0
50 37 63 0.9752 0
68 14 62 0.5 0
38 15 70 0.5 0
50 98 59 0.9522 0
53 44 59 0.6813 0
60 83 70 0.5 0
40 15 60 0.9343 0
87 112 67 0.9343 0
60 87 59 0.7572 0
50 84 70 0.5 0
53 79 70 0.5 0
0
