128
58 56 49 5.9346 0
87 51 114 0.5 0
92 109 46 0.5 0
36 109 42 0.5 0
79 81 84 0.5 0
52 12 55 1.2706 0
81 46 78 1.8468 0
88 76 44 1.8056 0
62 93 44 1.6179 0
88 46 44 1.8056 0
81 92 62 2.7033 0
60 31 58 4.2343 0
37 80 44 0.6845 0
82 61 60 1.7428 0
77 61 97 1.0517 0
57 42 53 6.5475 0
69 76 44 1.6243 0
75 106 44 1.5644 0
88 94 44 1.8056 0
82 63 80 1.7318 0
38 64 44 1.6065 0
42 95 44 1.6053 0
54 73 46 3.2665 0
77 62 44 1.6309 0
85 44 98 0.5 0
65 16 42 0.5 0
79 79 70 2.4215 0
81 46 58 1.8361 0
53 106 44 1.5644 0
40 48 44 1.6097 0
51 24 42 0.5 0
72 46 44 1.8056 0
82 52 88 2.5712 0
82 52 102 2.5795 0
83 53 67 2.7029 0
82 85 50 1.7663 0
60 67 47 4.2659 0
51 86 44 1.6119 0
73 90 44 1.6251 0
88 63 44 1.8056 0
63 16 60 0.8706 0
83 53 46 2.8361 0
81 73 57 1.0102 0
63 26 44 1.0905 0
77 72 89 1.0388 0
71 45 66 0.9692 0
82 69 45 2.4699 0
55 16 44 1.0531 0
81 46 111 1.4432 0
85 103 44 1.5644 0
61 81 44 1.6187 0
64 104 45 0.5566 0
46 60 44 1.612 0
71 55 44 1.6281 0
63 11 52 0.9354 0
54 21 61 1.305 0
43 75 44 1.6083 0
81 67 68 0.999 0
56 29 47 1.5423 0
70 99 44 1.5644 0
83 53 81 2.7012 0
77 82 44 1.6285 0
82 93 51 1.7715 0
71 45 56 0.8614 0
83 53 60 2.7038 0
83 53 74 2.702 0
73 69 44 1.6276 0
61 75 45 2.8134 0
79 86 66 2.4424 0
82 61 50 1.749 0
41 103 44 1.5644 0
83 53 53 2.7047 0
82 52 95 2.5753 0
82 52 109 2.5471 0
54 48 45 2.8134 0
54 32 51 2.7725 0
54 93 44 1.6129 0
62 47 45 2.539 0
82 93 45 2.4813 0
61 31 50 2.6175 0
44 84 44 1.6078 0
82 61 70 1.7366 0
82 81 45 2.4756 0
53 64 49 2.4976 0
78 45 70 0.8614 0
82 87 45 2.4784 0
82 75 45 2.4728 0
82 63 45 2.4671 0
80 71 76 0.9971 0
53 28 59 2.4381 0
81 80 59 1.014 0
53 34 60 2.3106 0
80 45 49 0.8926 0
69 61 44 1.6261 0
77 80 78 1.0262 0
47 101 44 1.5644 0
92 85 46 0.5 0
47 50 44 1.6138 0
77 66 92 1.045 0
45 66 44 1.6106 0
39 54 44 1.6084 0
48 95 44 1.609 0
76 99 44 1.5644 0
36 88 42 0.5 0
81 75 63 1.0079 0
88 82 44 1.8056 0
69 86 44 1.6231 0
58 99 43 0.7977 0
88 69 44 1.8056 0
59 12 48 1.1353 0
82 47 46 1.9244 0
76 45 63 0.8614 0
62 21 61 1.3099 0
82 46 87 1.7152 0
87 58 44 1.8056 0
81 46 63 1.8388 0
81 46 73 1.8441 0
82 46 102 1.7059 0
78 88 75 0.5 0
81 46 53 1.8335 0
77 46 44 1.8056 0
88 89 44 1.8056 0
82 93 56 1.7684 0
80 67 101 0.5 0
53 67 44 1.8056 0
81 66 54 1.007 0
82 61 55 1.7459 0
82 61 65 1.7397 0
0
