128
74 63 57 5.0457 0
19 63 61 9.206 0
58 68 108 0.5 0
121 67 69 0.5 0
80 64 88 3.7076 0
100 64 55 3.7095 0
55 64 74 3.7076 0
88 82 57 3.0321 0
101 64 75 3.7076 0
87 43 64 1.5138 0
46 62 53 1.8393 0
63 64 96 3.7076 0
72 81 59 3.1916 0
72 46 59 3.1916 0
87 64 58 5.2585 0
58 64 55 3.7076 0
74 64 72 3.7076 0
87 64 73 3.7076 0
111 64 62 3.7076 0
47 64 65 2.8205 0
63 64 80 3.7076 0
88 46 53 1.8393 0
41 63 59 3.7076 0
102 64 64 3.7076 0
72 64 92 3.7076 0
55 64 65 3.7076 0
87 64 83 3.7076 0
33 64 56 3.7076 0
73 64 83 3.7076 0
63 64 71 3.7076 0
63 64 62 3.7076 0
60 64 88 3.7076 0
50 64 58 3.7076 0
81 64 67 3.7076 0
80 64 78 3.7076 0
108 64 70 3.7076 0
95 64 69 3.7076 0
87 52 64 1.7469 0
88 47 59 3.0321 0
108 64 54 2.8472 0
102 77 51 0.5 0
95 64 80 2.8752 0
55 64 82 2.8673 0
87 76 64 1.7469 0
58 64 102 2.7816 0
73 54 58 2.7133 0
73 74 59 2.7133 0
88 54 58 2.5881 0
88 75 58 2.5881 0
71 65 65 2.6998 0
66 65 54 2.6998 0
115 65 68 2.5265 0
85 87 67 0.5 0
56 65 94 2.1631 0
88 81 64 2.2671 0
87 57 63 2.1497 0
77 41 67 0.5 0
87 71 63 2.04 0
76 51 67 0.5 0
77 85 51 0.5 0
74 59 64 1.9931 0
95 61 60 1.6919 0
77 77 67 0.5 0
74 70 63 1.8353 0
93 61 75 1.6919 0
73 82 53 1.8393 0
74 71 54 1.723 0
74 77 54 1.7054 0
73 51 63 1.7478 0
74 51 53 1.7051 0
76 85 67 0.5 0
76 42 51 0.5 0
100 71 53 1.5175 0
39 65 53 1.8393 0
94 62 53 1.8393 0
73 46 53 1.8393 0
81 61 53 1.6919 0
87 61 66 1.8171 0
88 66 66 1.6978 0
70 66 77 1.6919 0
68 66 87 1.6919 0
74 84 64 1.7054 0
74 78 64 1.7054 0
74 43 64 1.7054 0
50 66 70 1.682 0
57 61 97 1.6919 0
93 66 75 1.6919 0
92 61 64 1.6919 0
69 61 97 1.6919 0
105 61 59 1.6919 0
71 61 77 1.6919 0
69 61 69 1.6919 0
66 61 91 1.6919 0
81 66 53 1.6919 0
74 56 53 1.7051 0
44 66 54 1.6919 0
69 61 87 1.6919 0
94 66 63 1.6919 0
67 61 75 1.6919 0
51 61 69 1.6919 0
55 61 91 1.5907 0
115 69 55 0.5 0
72 69 100 0.5 0
87 78 53 1.4652 0
16 72 54 1.528 0
86 58 53 1.4721 0
11 68 54 1.4816 0
24 70 53 1.4793 0
87 70 53 1.4652 0
69 66 98 1.273 0
87 74 53 1.4652 0
65 68 104 0.5 0
87 54 53 1.4652 0
119 60 63 0.5 0
88 47 65 1.2592 0
11 60 53 1.3262 0
65 59 103 0.5 0
113 61 57 1.3289 0
20 73 55 1.3042 0
37 69 64 0.5 0
10 64 53 1.15 0
94 69 86 0.5 0
79 59 95 0.5 0
74 74 65 1.2592 0
74 47 65 1.2592 0
54 66 87 1.1603 0
54 62 87 1.1603 0
118 69 62 0.5 0
0
