128
64 59 50 3.5513 0
64 112 46 3.5513 0
60 11 86 0.5 0
64 16 45 2.8448 0
39 32 47 2.1388 0
64 36 59 3.5513 0
64 89 46 3.5513 0
64 19 69 3.5513 0
52 26 46 3.8527 0
64 43 45 2.8448 0
69 26 89 0.5 0
65 74 51 2.5435 0
64 24 81 3.5513 0
63 25 47 4.5592 0
64 101 46 3.5513 0
43 26 46 3.8527 0
64 29 65 3.5513 0
64 51 46 3.5513 0
63 34 50 3.6159 0
64 42 53 3.5513 0
64 28 56 3.5513 0
64 18 53 3.5513 0
64 27 73 3.5513 0
64 21 61 3.5513 0
64 79 46 3.5513 0
64 69 46 3.5513 0
63 17 77 3.5513 0
57 32 45 2.8448 0
65 52 53 2.5435 0
65 17 84 2.3269 0
48 32 48 2.2421 0
62 94 50 2.0825 0
62 83 51 2.0719 0
44 33 44 1.837 0
65 37 44 1.837 0
65 32 44 1.837 0
65 65 53 1.6895 0
51 33 44 1.837 0
65 63 44 1.837 0
65 57 44 1.837 0
63 95 44 1.837 0
59 26 89 0.5 0
61 66 51 1.5356 0
61 47 50 1.5356 0
69 85 54 0.5 0
61 14 84 1.5356 0
61 63 46 1.5356 0
61 59 44 1.5356 0
61 24 67 1.5356 0
61 22 86 1.5356 0
61 16 58 1.5356 0
66 107 49 1.5356 0
66 86 51 1.5356 0
61 107 48 1.5356 0
61 84 44 1.5356 0
61 74 44 1.5356 0
61 106 44 1.5356 0
61 55 54 1.5356 0
61 49 54 1.5356 0
61 77 52 1.5356 0
61 71 52 1.5356 0
66 69 52 1.5356 0
61 39 47 1.5356 0
61 14 49 1.5356 0
66 39 48 1.5356 0
69 98 53 0.5 0
65 25 87 1.409 0
65 79 52 1.4292 0
53 33 49 1.2342 0
69 14 60 0.5 0
59 37 66 0.5 0
69 36 66 0.5 0
66 92 51 1.2592 0
37 22 51 0.5 0
43 33 49 1.2342 0
57 28 49 1.2342 0
69 12 81 0.5 0
65 13 49 1.2448 0
61 35 64 1.1811 0
61 26 86 1.1266 0
60 89 52 0.5263 0
57 23 44 1.1911 0
61 41 59 1.1972 0
69 21 89 0.5 0
38 23 44 1.1309 0
38 28 49 1.1309 0
38 24 49 1.1309 0
68 117 51 0.5 0
69 41 63 0.5 0
60 100 53 0.5 0
69 106 42 0.5 0
69 94 42 0.5 0
65 15 58 1.0888 0
69 61 56 0.5 0
69 12 55 0.5 0
38 29 44 1.1309 0
60 63 56 0.5 0
69 95 47 0.5 0
69 43 59 0.5 0
66 96 51 0.898 0
66 84 43 0.8291 0
68 11 85 0.5 0
69 20 42 0.5 0
59 12 54 0.5 0
61 62 54 0.9566 0
61 13 53 0.9526 0
69 74 43 0.5 0
61 117 51 0.5 0
69 102 52 0.5 0
60 29 78 0.9802 0
40 34 43 0.8291 0
65 74 43 0.8291 0
69 57 56 0.5 0
69 33 69 0.5 0
69 46 49 0.5 0
69 28 85 0.5 0
61 37 43 0.8291 0
61 55 43 0.8291 0
61 47 43 0.8291 0
69 15 73 0.5 0
60 23 56 0.5277 0
61 31 70 0.8013 0
65 13 82 0.8612 0
69 49 57 0.5 0
61 20 43 0.8291 0
59 14 71 0.5 0
69 21 76 0.5 0
61 65 43 0.8291 0
0
