128
76 69 63 4.7128 0
39 112 63 2.1614 0
64 17 64 3.3111 0
68 108 63 4.7128 0
76 41 63 4.7128 0
92 16 59 0.5 0
71 88 66 2.6971 0
54 104 63 4.7128 0
77 25 65 2.3732 0
76 58 63 4.7128 0
73 96 63 4.7128 0
75 81 63 4.7128 0
69 25 63 4.7128 0
92 24 70 0.5 0
88 26 60 1.6892 0
40 101 65 1.8066 0
86 16 67 1.2088 0
69 35 65 3.705 0
75 17 63 3.3111 0
81 49 62 3.27 0
71 49 65 2.9316 0
60 110 66 2.589 0
62 102 65 2.6319 0
46 111 66 1.3603 0
85 16 60 1.1828 0
50 111 63 2.314 0
66 100 61 2.1759 0
68 41 61 2.0807 0
86 43 70 0.5 0
85 26 67 0.834 0
88 15 63 2.1614 0
83 43 66 2.1075 0
69 86 61 1.9886 0
89 26 65 1.8066 0
77 89 61 1.7031 0
84 26 63 1.8066 0
77 110 70 0.5 0
77 88 66 1.8421 0
66 98 66 1.8151 0
39 101 60 1.6892 0
47 101 63 1.8819 0
68 42 66 1.8218 0
82 53 67 1.6892 0
70 18 67 1.6892 0
75 103 60 1.6892 0
69 46 60 1.6892 0
67 93 67 1.6421 0
83 64 70 0.5 0
68 91 60 1.6892 0
75 51 60 1.6892 0
83 42 60 1.6892 0
75 103 65 1.7537 0
69 18 60 1.6892 0
58 111 61 1.6947 0
65 31 61 1.7475 0
65 30 67 1.6892 0
80 64 67 1.6892 0
76 51 67 1.6892 0
71 53 60 1.6892 0
63 23 67 1.6892 0
74 110 67 1.6892 0
73 75 67 1.6892 0
71 102 67 1.6892 0
78 75 67 1.6892 0
78 47 67 1.6892 0
62 104 60 1.6892 0
77 24 60 1.6892 0
46 104 70 0.5 0
81 63 60 1.324 0
77 112 60 0.5 0
80 16 66 1.4692 0
62 21 60 1.4144 0
82 55 60 1.4378 0
45 111 62 1.3603 0
69 83 67 1.2961 0
71 75 63 1.4118 0
55 112 64 1.3061 0
81 16 60 1.1828 0
83 16 63 1.3603 0
73 35 60 1.2452 0
92 16 69 0.5 0
74 112 63 1.3061 0
43 101 61 1.302 0
52 112 70 0.5 0
38 113 70 0.5 0
70 55 70 0.5 0
44 101 66 1.3038 0
73 63 67 1.2551 0
79 93 70 0.5 0
48 102 67 1.2517 0
41 111 67 1.2088 0
75 109 60 0.9197 0
53 111 67 1.1828 0
66 37 60 1.1682 0
62 111 60 1.1828 0
54 111 60 1.1828 0
82 76 59 0.5 0
75 107 63 1.1977 0
83 71 69 0.5 0
82 57 67 1.1598 0
70 78 67 1.1231 0
66 95 63 1.1227 0
42 111 60 1.1828 0
81 80 70 0.5 0
83 48 68 0.6813 0
76 20 70 0.5 0
38 104 70 0.5 0
90 16 67 0.9463 0
37 111 67 0.9463 0
72 31 59 0.6123 0
69 82 60 1.0653 0
78 102 70 0.5 0
70 77 60 0.8923 0
81 26 60 0.834 0
67 90 64 0.9497 0
71 73 60 0.9501 0
50 108 67 0.9322 0
79 98 69 0.5 0
77 106 70 0.5 0
80 85 70 0.5 0
62 23 63 0.8966 0
74 20 68 0.6813 0
71 59 70 0.5 0
75 36 70 0.5 0
74 30 68 0.5 0
83 68 58 0.5 0
80 74 60 0.7933 0
81 39 70 0.5 0
0
