128
123 70 63 5.6272 0
4 70 63 5.6272 0
66 6 72 1.0348 0
25 22 54 0.825 0
104 24 54 0.7158 0
73 35 55 0.9211 0
46 36 73 0.684 0
102 45 73 0.684 0
19 43 72 0.9211 0
50 17 55 0.9211 0
87 22 72 0.9211 0
117 44 55 0.7681 0
35 14 72 0.7731 0
80 9 55 0.5372 0
66 26 72 0.9211 0
23 54 54 0.5 0
39 34 55 0.9211 0
13 37 55 0.7063 0
107 27 73 0.8608 0
91 34 55 0.9211 0
52 16 72 0.9211 0
67 19 55 0.9211 0
118 48 72 0.5878 0
56 32 55 0.9211 0
27 29 72 0.9211 0
106 57 55 0.826 0
21 60 73 0.5 0
79 35 72 0.9211 0
61 6 55 1.0348 0
108 58 72 0.9211 0
81 23 55 0.9211 0
9 52 54 0.5878 0
81 9 72 0.8544 0
27 41 55 0.9211 0
9 54 73 0.5878 0
104 41 55 0.9211 0
93 15 54 0.918 0
35 14 55 0.7731 0
16 81 74 0.5 0
94 33 72 0.9211 0
42 25 72 0.9211 0
113 78 71 1.633 0
114 37 72 0.7063 0
56 32 72 0.9211 0
73 17 72 0.9211 0
14 78 56 1.633 0
113 78 56 1.633 0
16 32 72 0.7765 0
111 32 55 0.7765 0
15 62 55 0.9211 0
99 19 72 0.9889 0
118 55 54 0.5878 0
21 31 55 1.0154 0
113 63 55 1.1919 0
36 34 72 0.9211 0
14 65 72 1.1919 0
62 16 72 0.9211 0
7 79 69 2.6036 0
91 24 55 0.9211 0
85 15 63 0.5 0
12 48 64 0.5039 0
31 21 64 0.5 0
43 14 64 0.5 0
69 10 62 0.675 0
42 25 55 0.9211 0
76 26 72 0.9211 0
103 36 72 0.9211 0
118 58 73 0.5878 0
120 79 58 2.6036 0
33 27 55 0.9211 0
100 32 55 0.9211 0
113 65 72 1.1919 0
44 10 72 0.5321 0
82 32 55 0.9211 0
66 28 55 0.9211 0
19 47 55 0.9211 0
22 52 72 0.9211 0
7 77 56 2.6036 0
27 38 72 0.9211 0
55 7 72 0.6769 0
46 9 55 0.8544 0
10 44 72 0.7681 0
92 14 72 0.7731 0
111 50 55 0.9211 0
103 26 64 0.5 0
120 73 72 2.6036 0
59 23 55 0.9211 0
7 65 71 2.6036 0
7 65 55 2.6036 0
48 35 55 0.9211 0
115 54 64 0.3496 0
53 11 63 0.5 0
76 16 55 0.9211 0
7 73 72 2.6036 0
110 44 72 0.9211 0
112 39 62 0.5 0
31 21 72 0.9365 0
17 75 65 0.8906 0
72 7 55 0.6769 0
59 14 55 0.9211 0
96 20 63 0.5 0
120 66 71 2.6036 0
120 66 55 2.6036 0
120 78 68 2.6036 0
56 23 72 0.9211 0
50 26 55 0.9211 0
13 58 64 0.5 0
7 79 62 2.6036 0
17 66 63 0.8906 0
110 66 63 0.8906 0
85 14 55 1.0276 0
97 26 72 0.9211 0
16 38 64 0.3518 0
10 44 55 0.7681 0
85 31 72 0.9211 0
80 20 72 0.9211 0
61 9 64 0.5 0
77 11 64 0.4946 0
24 26 63 0.2177 0
71 34 72 0.949 0
14 78 71 1.633 0
99 19 55 0.9889 0
110 74 64 0.8906 0
15 56 72 0.9211 0
53 11 55 0.9324 0
97 38 55 0.9211 0
45 19 72 0.9211 0
76 29 55 0.9211 0
0
