128
98 60 59 5.0817 0
26 35 89 1.7919 0
45 107 89 1.6241 0
30 60 42 5.1613 0
63 104 42 5.2686 0
67 35 38 1.8665 0
102 34 90 0.8586 0
70 69 38 1.8665 0
74 101 78 1.8283 0
29 55 70 5.0817 0
94 37 40 3.7967 0
54 104 70 4.9583 0
102 66 92 0.5 0
98 53 80 5.0817 0
29 40 50 5.0817 0
50 81 38 1.8665 0
97 36 60 3.223 0
97 60 42 5.1632 0
49 44 38 1.8665 0
29 37 69 4.2309 0
70 104 66 4.9583 0
47 106 52 3.2528 0
52 62 38 1.8665 0
34 66 92 0.5 0
80 49 39 2.2636 0
46 96 39 2.3097 0
73 88 38 1.8665 0
63 104 79 4.9583 0
49 104 42 5.2686 0
97 48 42 5.1658 0
98 45 64 5.0817 0
26 57 88 2.0687 0
62 49 39 2.2636 0
30 48 42 5.1658 0
29 48 79 5.0817 0
29 46 63 5.0817 0
98 39 49 5.0817 0
29 60 60 5.0817 0
29 51 53 5.0817 0
98 55 69 5.0817 0
98 50 54 5.0817 0
54 104 58 4.9583 0
70 104 51 4.9583 0
101 35 77 2.1216 0
76 110 92 0.5 0
36 36 39 2.7647 0
60 87 39 2.0889 0
60 75 39 2.0889 0
99 44 75 4.1373 0
28 38 40 3.8822 0
78 36 38 1.8665 0
79 63 38 1.8665 0
64 60 38 1.8665 0
95 41 89 1.7639 0
72 100 40 3.7068 0
97 36 70 3.223 0
54 105 83 3.4789 0
46 54 38 1.8665 0
74 101 88 1.8283 0
46 72 38 1.8665 0
95 63 88 1.8199 0
73 78 38 1.8665 0
28 36 59 3.223 0
54 34 37 0.8586 0
47 106 64 3.2528 0
64 106 58 3.2528 0
33 66 81 0.5 0
72 44 38 1.8665 0
60 106 51 3.2528 0
73 55 38 1.8665 0
26 63 81 1.7719 0
27 62 51 3.1295 0
96 44 83 3.066 0
32 35 83 1.8395 0
61 102 64 2.9426 0
56 98 39 2.8744 0
40 49 39 2.2657 0
54 49 39 2.2636 0
87 58 38 1.8665 0
36 54 39 2.7664 0
91 54 39 2.7645 0
46 101 80 1.6886 0
68 108 90 0.8586 0
31 56 85 2.7366 0
95 63 78 1.8199 0
44 35 38 1.8665 0
26 35 78 1.7919 0
41 63 37 0.8586 0
95 35 84 1.4369 0
33 42 89 0.7904 0
32 63 77 1.8199 0
104 65 83 0.5 0
37 43 39 2.3537 0
101 35 85 2.1216 0
46 102 72 2.5123 0
74 107 81 1.8283 0
103 57 92 0.5 0
73 107 43 2.2449 0
32 63 89 1.8199 0
95 57 88 2.0581 0
68 49 39 2.2636 0
30 42 85 2.3777 0
90 43 39 2.3561 0
52 87 38 1.8665 0
72 63 38 1.8665 0
66 96 39 2.3068 0
100 63 72 2.2451 0
87 49 39 2.2657 0
74 49 39 2.2636 0
60 81 39 2.0889 0
60 69 39 2.0889 0
68 101 88 1.9347 0
57 40 40 0.7312 0
96 63 50 2.2451 0
67 106 86 2.2798 0
64 107 71 2.2449 0
96 63 67 2.2451 0
27 63 68 2.2451 0
61 35 38 1.8665 0
48 49 39 2.2636 0
32 35 89 1.8395 0
45 111 77 0.5 0
53 107 49 2.2449 0
101 63 87 1.772 0
101 35 41 2.1216 0
31 63 72 2.2451 0
101 57 87 2.1216 0
101 41 57 2.1216 0
0
