128
63 64 111 1.8451 0
68 63 7 0.5 0
63 68 58 0.5 0
60 65 32 0.5 0
63 60 83 0.5 0
67 62 45 0.5 0
65 67 95 0.5 0
67 66 71 0.5 0
60 64 18 0.5 0
67 61 25 0.5 0
63 60 64 0.5 0
69 62 121 0.5 0
60 61 121 0.5 0
68 64 36 0.5 0
64 60 54 0.5 0
65 68 86 0.5 0
61 61 100 0.5 0
60 65 76 0.5 0
61 66 41 0.5 0
60 65 49 0.5 0
68 63 17 0.5 0
64 60 91 0.5 0
60 63 7 0.5 0
63 68 24 0.5 0
68 64 103 0.5 0
64 68 11 0.5 0
68 64 79 0.5 0
62 67 66 0.5 0
68 64 61 0.5 0
63 60 72 0.5 0
63 60 13 0.5 0
67 66 52 0.5 0
62 67 103 0.5 0
62 61 37 0.5 0
60 64 88 0.5 0
65 59 117 0.5 0
61 62 26 0.5 0
66 67 31 0.5 0
65 61 32 0.5 0
68 64 89 0.5 0
66 61 97 0.5 0
60 64 95 0.5 0
62 67 81 0.5 0
69 66 115 0.5 0
64 68 36 0.5 0
65 67 47 0.5 0
61 62 58 0.5 0
60 64 70 0.5 0
63 61 21 0.5 0
62 61 46 0.5 0
63 61 78 0.5 0
67 61 69 0.5 0
65 67 16 0.5 0
66 66 42 0.5 0
67 63 84 0.5 0
62 65 54 0.5 0
68 63 12 0.5 0
60 64 13 0.5 0
64 61 104 0.5 0
67 65 66 0.5 0
67 66 22 0.5 0
67 62 74 0.5 0
60 65 62 0.5 0
60 61 116 0.5912 0
65 69 115 0.5 0
69 66 109 0.5 0
63 68 74 0.5 0
67 63 56 0.5 0
62 67 91 0.5 0
68 60 112 0.5 0
67 62 40 0.5 0
66 61 50 0.5 0
67 63 112 1.0537 0
64 61 7 0.5 0
66 65 99 0.5 0
66 67 7 0.5 0
67 65 27 0.5 0
66 67 106 0.5 0
68 64 94 0.5 0
65 61 60 0.5 0
60 63 83 0.5 0
62 67 98 0.5 0
65 67 78 0.5 0
64 67 62 0.5 0
63 67 28 0.5 0
64 61 17 0.5 0
65 60 121 0.5 0
64 68 20 0.5 0
61 62 42 0.5 0
60 64 105 0.5 0
66 67 82 0.5 0
62 62 51 0.5 0
63 61 87 0.5 0
60 65 22 0.5 0
63 62 68 0.5 0
64 60 28 0.5 0
65 59 108 0.3373 0
59 65 115 0.5 0
64 59 113 0.5735 0
66 61 81 0.5 0
67 68 112 0.5 0
67 66 75 0.5 0
60 64 38 0.5 0
62 66 8 0.5 0
62 61 96 0.5 0
68 64 32 0.5 0
62 62 10 0.5 0
64 68 51 0.5 0
61 62 30 0.5 0
65 68 101 0.5 0
64 68 70 0.5 0
61 66 85 0.5 0
63 62 118 0.5 0
61 60 113 0.7797 0
68 61 117 0.5 0
67 66 58 0.5 0
67 62 64 0.5 0
63 67 44 0.5 0
67 64 48 0.5 0
66 61 36 0.5 0
61 67 107 0.5 0
61 68 114 0.5 0
60 62 112 0.7925 0
63 69 109 0.5 0
61 62 74 0.5 0
65 67 112 0.7771 0
61 62 34 0.5 0
67 67 37 0.5 0
0
