128
64 63 64 0.5 0
23 104 64 0.5 0
102 105 64 0.5 0
105 24 64 0.5 0
25 23 64 0.5 0
104 64 65 0.5 0
24 64 64 0.5 0
63 103 64 0.5 0
66 23 64 0.5 0
83 83 65 0.5 0
45 43 65 0.5 0
44 83 65 0.5 0
85 43 64 0.2311 0
105 84 64 0.5 0
24 44 65 0.5 0
65 43 64 0.5 0
84 63 64 0.2311 0
24 84 64 0.2311 0
44 63 64 0.2311 0
43 103 64 0.2311 0
104 44 64 0.5 0
82 102 65 0.5 0
63 82 64 0.5 0
47 24 64 0.5 0
85 24 64 0.2311 0
94 93 64 0.5 0
35 53 65 0.5 0
94 74 64 0.2311 0
72 92 65 0.5 0
34 35 64 0.5 0
34 73 64 0.5 0
54 72 64 0.5 0
95 54 65 0.5 0
34 93 64 0.2308 0
76 53 64 0.5 0
76 34 65 0.5 0
54 53 64 0.2311 0
53 93 64 0.2311 0
74 73 64 0.2311 0
95 33 64 0.2311 0
56 33 65 0.5 0
36 24 64 0.5 0
23 33 64 0.5 0
24 94 64 0.5 0
65 53 65 0.5 0
23 54 64 0.5 0
105 54 64 0.5 0
104 74 64 0.5 0
66 33 64 0.5 0
84 73 64 0.2311 0
33 103 64 0.2311 0
52 105 64 0.5 0
24 74 64 0.2311 0
74 63 64 0.2311 0
34 83 64 0.2311 0
53 62 65 0.5 0
104 34 65 0.5 0
73 82 65 0.5 0
35 63 65 0.5 0
86 33 65 0.5 0
93 65 64 0.5 0
62 92 64 0.5 0
93 83 64 0.5 0
76 24 65 0.5 0
92 103 64 0.0978 0
45 33 65 0.5 0
43 94 64 0.5 0
44 72 64 0.5 0
84 93 65 0.5 0
54 84 64 0.5 0
55 43 64 0.0935 0
74 44 65 0.5 0
86 53 64 0.5 0
73 101 64 0.5 0
104 93 65 0.5 0
57 24 64 0.5 0
95 45 64 0.5 0
36 44 65 0.5 0
45 54 64 0.2311 0
94 24 64 0.2311 0
65 73 64 0.2311 0
29 58 64 0.5 0
29 49 64 0.5 0
39 88 64 0.5 0
99 69 64 0.5 0
60 48 64 0.5 0
99 98 64 0.5 0
67 97 64 0.5 0
39 78 64 0.5 0
79 68 64 0.2311 0
28 38 65 0.5 0
99 80 65 0.5 0
81 48 65 0.5 0
38 99 65 0.5 0
30 88 65 0.5 0
90 39 65 0.5 0
31 29 64 0.5 0
49 99 64 0.5 0
50 78 64 0.2311 0
57 99 64 0.2311 0
50 48 64 0.5 0
89 59 64 0.5 0
88 78 64 0.5 0
59 57 64 0.5 0
50 38 64 0.2311 0
70 57 64 0.5 0
89 88 65 0.5 0
58 78 65 0.5 0
62 28 65 0.5 0
49 67 64 0.5 0
69 67 65 0.5 0
58 67 65 0.5 0
29 98 65 0.5 0
70 28 65 0.5 0
29 68 64 0.5 0
98 61 64 0.5 0
69 48 65 0.5 0
30 78 64 0.5 0
71 38 65 0.5 0
40 29 64 0.5 0
97 39 65 0.5 0
100 28 64 0.5 0
80 58 64 0.5 0
78 89 64 0.2311 0
78 96 64 0.2311 0
82 38 65 0.5 0
40 57 65 0.5 0
99 87 64 0.2311 0
0
