128
64 68 63 7.5356 0
30 29 63 7.5356 0
97 29 63 7.5356 0
40 105 63 6.7016 0
89 102 63 7.5356 0
64 33 63 7.5356 0
32 70 63 7.5356 0
95 70 63 7.5356 0
31 52 63 7.5356 0
32 90 63 7.5356 0
65 96 68 3.5041 0
64 51 63 7.5356 0
64 85 63 7.5356 0
55 102 63 7.5356 0
73 104 63 7.5356 0
97 54 63 7.5356 0
97 86 63 7.5356 0
93 42 67 4.512 0
36 40 66 3.9269 0
29 102 60 3.9184 0
101 42 60 3.626 0
26 41 67 3.626 0
26 80 67 3.626 0
100 99 68 3.5041 0
28 41 59 3.5041 0
100 99 59 3.5041 0
30 104 68 3.3757 0
58 42 68 3.2726 0
37 80 68 2.919 0
90 38 59 2.9191 0
90 45 59 2.9191 0
37 80 60 2.919 0
46 97 68 2.8137 0
102 38 69 2.4962 0
64 109 68 2.7235 0
63 109 59 2.7235 0
25 82 59 2.6182 0
25 62 59 2.6182 0
82 109 69 2.4962 0
48 109 69 2.4962 0
90 79 69 2.4962 0
102 44 67 2.6182 0
69 42 58 2.4962 0
37 61 58 2.4962 0
62 23 68 2.5374 0
26 98 69 2.4962 0
25 60 68 2.6182 0
62 23 58 2.4962 0
58 93 69 2.4962 0
59 76 69 2.4962 0
81 97 69 2.4962 0
59 60 69 2.4962 0
69 77 69 2.4962 0
69 60 69 2.4962 0
69 43 69 2.4962 0
37 44 58 2.4962 0
63 96 58 2.4962 0
37 62 69 2.4962 0
102 78 69 2.4962 0
102 62 69 2.4962 0
58 77 58 2.4962 0
58 60 58 2.4962 0
90 62 69 2.4962 0
82 109 58 2.4962 0
80 97 58 2.4962 0
102 77 58 2.4962 0
37 36 58 2.4962 0
102 63 58 2.4962 0
90 79 58 2.4962 0
90 61 58 2.4962 0
48 109 58 2.4962 0
46 98 58 2.4962 0
69 95 58 2.4962 0
60 42 58 2.4962 0
70 77 58 2.2647 0
70 60 58 2.2647 0
57 92 58 2.2647 0
39 96 69 2.1992 0
68 24 58 2.0023 0
89 93 69 1.9112 0
68 24 67 2.0023 0
89 92 59 1.9112 0
89 50 69 1.9112 0
99 109 71 0.5 0
97 106 69 1.8546 0
92 112 73 0.5 0
38 34 69 1.9112 0
40 96 59 1.8395 0
57 27 68 1.9279 0
57 27 58 1.9279 0
38 60 64 1.9112 0
89 36 69 1.9112 0
38 47 69 1.9112 0
41 55 73 0.5 0
40 25 72 0.5 0
73 29 73 0.5 0
103 93 69 1.6103 0
60 23 63 1.7946 0
99 108 55 0.5 0
58 110 69 1.7157 0
64 102 57 1.4883 0
103 68 70 1.4883 0
73 36 73 0.5 0
106 51 73 0.5 0
73 88 73 0.5 0
35 100 70 1.4883 0
23 96 56 0.9181 0
24 47 69 1.6103 0
103 93 58 1.6103 0
24 46 58 1.6103 0
103 36 58 1.6103 0
24 36 58 1.6103 0
89 31 70 1.4883 0
36 112 73 0.5 0
24 87 69 1.6103 0
24 93 69 1.6103 0
24 77 61 1.6103 0
24 35 69 1.6103 0
89 110 70 1.4883 0
89 86 70 1.4883 0
73 96 70 1.4883 0
23 68 73 0.5 0
95 42 57 1.4883 0
32 79 57 1.4883 0
57 55 70 1.4883 0
31 20 73 0.5 0
106 30 73 0.5 0
73 52 73 0.5 0
0
