128
90 85 65 1.9124 0
31 23 63 2.7879 0
21 95 65 1.3902 0
97 21 61 1.3427 0
50 61 78 0.5 0
55 109 61 0.5 0
85 51 78 0.5 0
25 51 64 3.1759 0
109 51 60 0.5 0
59 41 60 0.8348 0
59 86 75 0.6937 0
77 105 63 2.4418 0
75 24 65 2.168 0
40 77 60 0.5 0
68 67 60 0.4992 0
93 43 63 3.3585 0
40 94 63 3.3585 0
23 77 63 3.3585 0
50 23 63 3.3585 0
104 95 63 3.3585 0
106 75 65 1.382 0
77 70 77 0.5 0
68 41 76 0.9362 0
50 59 60 0.8348 0
49 41 76 0.5 0
41 35 63 3.3585 0
41 78 78 0.5 0
68 86 60 0.8348 0
86 68 61 0.642 0
68 59 74 0.8525 0
76 86 76 0.6299 0
76 51 60 0.5 0
109 37 68 0.5 0
59 77 63 0.8143 0
42 52 70 0.5 0
84 35 64 2.6618 0
59 50 70 0.7633 0
77 77 64 0.7137 0
59 68 75 0.926 0
41 68 71 0.6937 0
30 84 63 3.3585 0
100 50 63 3.3585 0
68 77 75 0.7957 0
44 109 68 0.5 0
88 99 61 1.3427 0
23 41 64 2.8477 0
52 101 66 1.3427 0
50 77 72 0.753 0
86 77 76 0.9362 0
96 81 63 3.3377 0
84 92 63 2.6251 0
77 50 71 0.6796 0
85 59 69 0.7944 0
101 41 63 3.3585 0
30 44 63 3.3585 0
41 103 63 2.8664 0
47 98 63 3.3585 0
87 21 66 0.7912 0
70 42 64 0.5 0
91 33 63 3.3585 0
25 91 63 3.3585 0
80 98 63 3.3585 0
59 59 64 0.8818 0
81 26 63 3.3585 0
99 89 63 3.3585 0
91 91 63 3.3585 0
50 68 64 0.8143 0
37 27 63 3.3585 0
95 26 63 3.3585 0
104 80 63 3.3585 0
37 87 64 3.301 0
68 86 70 0.6826 0
50 86 67 0.6546 0
42 50 60 0.7183 0
50 50 75 0.7137 0
86 68 72 0.642 0
41 59 63 0.6826 0
77 59 64 0.7489 0
68 68 71 0.8818 0
59 68 61 0.926 0
79 60 78 0.5 0
41 59 76 0.9362 0
89 108 68 0.5 0
59 41 74 0.642 0
68 77 61 0.7957 0
50 77 61 0.753 0
77 68 61 0.7633 0
68 59 63 0.8525 0
68 50 72 0.7489 0
59 59 75 0.8818 0
41 77 69 0.6546 0
77 41 75 0.5833 0
86 103 64 2.8664 0
59 50 61 0.7633 0
59 77 74 0.8143 0
50 50 63 0.7137 0
59 86 66 0.6937 0
41 68 62 0.6937 0
68 50 61 0.7489 0
49 87 77 0.5 0
52 41 67 0.5 0
50 59 68 0.7957 0
50 68 75 0.8143 0
48 30 63 2.6251 0
37 41 63 2.6251 0
86 59 60 0.8348 0
77 77 74 0.7137 0
85 77 60 0.7816 0
77 68 69 0.7633 0
77 86 67 0.6262 0
51 105 63 2.4418 0
77 42 60 0.768 0
85 50 67 0.768 0
88 59 77 0.5 0
85 77 68 0.7816 0
33 92 62 2.3506 0
97 96 62 2.0868 0
50 41 60 0.8348 0
77 59 72 0.7489 0
88 27 62 2.2339 0
42 51 78 0.5 0
31 30 65 2.0868 0
68 77 68 0.7957 0
77 41 68 0.5833 0
30 96 65 2.0362 0
86 50 60 0.8348 0
109 47 68 0.5 0
58 50 78 0.5 0
0
