128
92 89 68 1.2188 0
35 38 26 1.7936 0
56 26 103 0.8161 0
34 90 103 0.8263 0
97 45 26 1.7936 0
48 100 25 0.9806 0
100 51 103 0.9043 0
27 50 73 1.3958 0
73 26 61 1.5229 0
94 87 26 1.7936 0
50 100 66 1.3958 0
75 101 103 0.8894 0
61 66 26 1.177 0
27 77 43 1.3958 0
100 50 66 1.3958 0
68 24 25 0.8203 0
25 60 103 0.8161 0
98 81 102 1.3615 0
74 102 45 0.7903 0
46 29 74 1.3615 0
27 77 80 1.3958 0
86 31 87 0.9229 0
50 27 46 1.3958 0
102 67 41 1.4734 0
27 50 47 1.3958 0
36 37 95 1.2188 0
53 100 91 0.7244 0
69 90 26 1.177 0
38 62 26 1.177 0
101 73 81 1.5229 0
73 101 68 1.5229 0
92 38 48 1.2188 0
41 95 45 1.3173 0
72 45 26 1.177 0
86 64 26 1.177 0
25 67 61 1.4734 0
85 96 86 1.3273 0
64 25 84 1.1386 0
33 87 63 1.2188 0
38 82 26 1.177 0
96 85 46 1.3273 0
76 27 103 0.9043 0
52 49 26 1.177 0
77 27 43 1.3958 0
52 27 26 1.6731 0
100 50 84 1.2793 0
36 37 55 1.2188 0
82 30 26 1.7936 0
27 77 97 1.3958 0
42 96 80 1.3273 0
57 102 49 0.5815 0
88 32 70 0.9409 0
60 102 34 1.4734 0
101 70 26 1.7936 0
102 75 62 0.7121 0
26 52 30 1.2076 0
55 82 26 1.177 0
100 50 41 1.3958 0
90 37 103 0.8789 0
85 96 36 1.3273 0
102 67 95 1.4734 0
26 50 90 0.9977 0
50 27 90 1.3958 0
86 95 51 1.3173 0
60 25 68 1.4734 0
78 78 26 1.177 0
63 103 80 0.8808 0
25 72 27 0.8345 0
33 39 81 1.1536 0
60 102 102 1.4734 0
76 26 76 0.9553 0
102 60 75 1.4734 0
89 94 103 0.8263 0
96 85 86 1.3273 0
39 34 41 1.2188 0
64 25 38 1.1386 0
29 46 102 1.3615 0
25 64 37 1.1386 0
33 87 90 1.2188 0
25 64 84 1.1386 0
60 25 54 1.4734 0
103 62 56 0.6397 0
46 29 61 1.3615 0
86 32 58 1.3173 0
78 103 24 0.5 0
36 37 68 1.2188 0
94 40 77 1.2188 0
29 46 61 1.3615 0
96 42 93 1.3273 0
42 96 97 1.3273 0
47 71 26 1.177 0
61 39 26 1.177 0
83 51 26 1.177 0
32 86 50 1.3173 0
67 102 54 1.4734 0
101 57 26 1.3424 0
33 87 36 1.2188 0
91 37 34 1.2188 0
41 95 57 1.3173 0
72 61 26 1.177 0
39 50 26 1.177 0
98 46 54 1.3615 0
27 77 55 1.3958 0
25 67 48 1.4734 0
43 30 103 0.6816 0
74 27 91 0.7244 0
100 77 36 1.3958 0
50 100 39 1.3958 0
41 95 31 1.3173 0
35 89 74 1.2188 0
85 96 73 1.3273 0
64 102 91 1.1386 0
73 101 81 1.5229 0
27 77 66 1.3958 0
50 60 26 1.177 0
31 42 36 1.3273 0
25 63 26 1.7936 0
98 81 74 1.3615 0
81 98 61 1.3615 0
81 93 26 1.177 0
100 76 51 1.2318 0
63 53 25 0.7857 0
85 31 97 1.3273 0
70 101 26 1.7936 0
96 85 59 1.3273 0
65 78 26 1.177 0
94 40 62 1.2188 0
58 92 26 1.177 0
0
