128
65 63 79 25.7647 0
41 93 35 5.0711 0
51 45 43 12.9394 0
79 45 44 13.2128 0
87 93 36 5.0819 0
82 78 40 10.1104 0
45 78 40 10.0288 0
43 82 59 8.4505 0
84 88 63 8.3701 0
64 76 47 7.7731 0
42 43 63 7.4814 0
43 89 74 6.5816 0
45 84 96 6.6459 0
44 45 98 6.523 0
64 96 33 2.2007 0
86 42 64 6.3763 0
83 44 100 5.864 0
65 58 36 5.8706 0
83 84 97 5.8421 0
41 58 57 5.8622 0
64 48 108 5.8875 0
86 71 55 5.7762 0
85 89 78 5.6926 0
64 81 106 5.1413 0
86 61 35 5.0711 0
49 63 35 5.0711 0
59 71 35 5.0711 0
87 58 56 5.0178 0
65 39 56 4.9248 0
41 42 77 4.7829 0
73 83 55 4.8073 0
65 35 35 4.796 0
88 92 50 4.738 0
39 57 35 4.572 0
68 83 35 4.4966 0
42 57 100 4.3427 0
39 68 62 4.4547 0
74 65 36 4.4135 0
39 91 46 4.4298 0
42 70 99 4.3676 0
57 42 101 4.2485 0
86 42 89 4.3007 0
72 42 101 4.3206 0
46 69 55 4.2602 0
55 39 60 4.1307 0
58 84 34 4.0632 0
87 41 76 4.0366 0
41 42 87 4.1331 0
51 91 34 4.0632 0
77 94 34 4.0632 0
39 35 34 4.0632 0
75 39 61 3.9721 0
85 55 101 4.0239 0
72 86 99 3.6816 0
57 85 99 3.8993 0
74 92 71 3.8834 0
57 84 58 3.9013 0
39 78 72 3.8068 0
49 90 84 3.7301 0
49 93 65 3.8091 0
40 81 82 3.6916 0
79 89 88 3.6748 0
54 92 73 3.705 0
85 73 100 3.6622 0
89 76 65 3.7246 0
89 81 53 3.7041 0
39 94 55 3.6936 0
75 71 51 3.6152 0
54 84 50 3.631 0
38 54 67 3.4764 0
92 29 30 0.5317 0
38 71 51 3.4707 0
89 34 34 3.496 0
62 59 109 3.4983 0
38 66 34 3.5384 0
40 89 85 3.3763 0
64 67 109 3.4526 0
38 93 64 3.3608 0
64 90 93 3.3026 0
86 64 101 3.2924 0
38 37 52 3.2127 0
87 83 86 3.3073 0
53 71 50 3.2647 0
54 89 91 3.0944 0
77 39 93 3.2273 0
70 73 33 3.0553 0
65 46 33 3.0553 0
63 56 50 3.1146 0
69 92 33 3.0393 0
40 76 89 3.0725 0
40 52 91 3.0358 0
65 35 45 3.0161 0
65 85 59 2.9278 0
59 92 33 2.8723 0
38 50 74 2.753 0
38 56 44 2.822 0
51 40 92 2.8985 0
39 49 82 2.8544 0
89 79 72 2.8042 0
60 73 107 2.8111 0
37 43 33 2.6071 0
37 35 42 2.6053 0
71 89 92 2.7272 0
90 68 64 2.6881 0
90 51 61 2.6246 0
57 91 84 2.6886 0
87 90 88 2.5863 0
90 56 65 2.6528 0
40 63 95 2.6508 0
90 69 33 2.597 0
37 50 51 2.53 0
49 75 101 2.5054 0
90 38 55 2.5648 0
70 92 79 2.6511 0
64 37 93 2.5688 0
37 49 35 2.5818 0
52 39 68 2.5766 0
46 95 57 2.5771 0
90 53 34 2.5489 0
76 32 33 2.3314 0
90 50 69 2.4218 0
71 85 47 2.5223 0
37 44 52 2.5461 0
54 49 103 2.4694 0
37 61 66 2.4492 0
57 32 33 2.2765 0
75 49 103 2.4694 0
68 73 108 2.3065 0
0
