128
62 79 66 4.8419 0
61 13 66 4.8393 0
63 115 66 4.6936 0
61 46 66 4.7017 0
74 30 80 3.6683 0
74 97 67 5.4638 0
52 97 76 3.5439 0
52 28 81 2.5683 0
74 30 67 5.4612 0
54 25 66 5.3552 0
73 86 82 2.2574 0
53 94 66 5.3552 0
54 37 66 5.3552 0
73 113 85 0.5 0
55 106 66 5.0296 0
72 85 66 4.9859 0
71 18 66 4.9317 0
71 41 66 4.8803 0
71 108 66 4.8787 0
55 81 84 0.7301 0
56 45 85 0.5 0
56 113 84 0.5985 0
71 13 85 0.5 0
71 47 85 0.5 0
63 31 65 4.3474 0
64 93 65 4.3474 0
74 102 83 1.1846 0
74 94 80 3.6486 0
56 14 84 0.7352 0
74 37 75 3.722 0
52 31 74 3.7537 0
74 102 77 3.7148 0
73 19 81 2.3302 0
54 84 65 3.6405 0
74 23 75 3.3708 0
53 89 75 3.4283 0
64 102 64 3.3395 0
54 17 77 1.6825 0
53 23 76 3.2164 0
53 105 76 3.1886 0
53 35 81 3.1658 0
74 87 75 2.8349 0
53 40 75 2.9549 0
63 22 68 2.7896 0
70 118 78 0.5 0
54 17 71 2.4656 0
71 48 77 0.9865 0
68 50 64 2.5925 0
54 86 82 2.2232 0
73 109 75 2.4737 0
54 92 82 2.1982 0
73 41 81 2.303 0
66 24 63 2.3316 0
54 20 82 2.2223 0
54 16 63 2.3316 0
73 108 81 2.2105 0
54 42 81 2.2443 0
54 83 72 2.2309 0
54 100 82 2.1648 0
56 115 76 0.7223 0
54 45 70 2.1146 0
55 114 63 1.9976 0
68 10 63 2.0725 0
54 107 82 2.1356 0
53 45 63 2.0831 0
73 44 74 1.9799 0
54 111 73 1.8534 0
77 23 63 2.0452 0
70 77 63 1.7136 0
71 79 77 0.9856 0
50 101 70 1.8873 0
71 12 76 0.6663 0
49 31 63 1.8785 0
56 50 77 0.5 0
68 11 69 1.8366 0
60 98 69 1.7355 0
59 86 69 1.7837 0
64 86 69 1.7927 0
56 114 69 1.7876 0
70 116 63 1.7739 0
69 78 69 1.8351 0
49 101 63 1.6073 0
64 106 69 1.7094 0
67 26 69 1.7723 0
65 37 69 1.7228 0
76 105 71 1.7737 0
72 36 82 1.7098 0
66 99 69 1.7421 0
66 51 69 1.6662 0
70 48 69 1.7036 0
70 115 69 1.7013 0
60 87 62 1.3237 0
72 17 76 1.5293 0
72 24 82 1.6025 0
72 93 74 1.6134 0
77 94 74 1.6185 0
54 83 77 1.5782 0
72 82 74 1.515 0
55 112 80 1.1472 0
77 90 70 1.4545 0
78 91 63 1.4233 0
71 79 85 0.5 0
72 83 78 1.531 0
80 39 61 0.5 0
78 36 63 1.3668 0
49 31 68 1.3928 0
55 100 71 1.3893 0
63 52 62 1.3237 0
66 37 62 1.3237 0
60 98 62 1.3237 0
78 102 62 1.3237 0
77 106 62 1.3237 0
73 47 62 1.3237 0
58 77 75 0.5 0
66 87 62 1.3237 0
60 40 62 1.3237 0
60 22 62 1.3237 0
50 88 62 1.3237 0
70 92 62 1.3237 0
76 36 81 1.3246 0
68 98 62 1.3237 0
72 113 72 1.3139 0
70 102 62 1.3237 0
65 109 62 1.3237 0
77 38 69 1.2899 0
70 35 62 1.3237 0
77 40 62 1.3237 0
77 23 69 1.3113 0
0
