128
76 64 53 11.415 0
12 82 77 0.5 0
30 52 66 6.8761 0
44 57 14 1.732 0
42 98 56 2.1484 0
117 64 81 0.5 0
49 68 53 10.9816 0
67 87 14 0.5 0
77 51 14 1.6605 0
101 32 67 0.5 0
100 96 66 0.5 0
67 35 50 5.5792 0
68 94 50 4.5859 0
97 64 69 6.8116 0
59 49 50 8.7737 0
30 75 66 6.8618 0
87 43 61 6.3725 0
65 78 31 4.708 0
87 84 61 6.36 0
65 81 51 7.7075 0
66 42 26 3.3359 0
49 58 29 4.334 0
40 25 59 0.5 0
81 64 23 3.2273 0
82 47 37 4.1299 0
47 37 55 5.9434 0
48 88 43 4.5928 0
46 51 60 6.2839 0
37 54 40 4.222 0
84 82 38 3.2799 0
47 90 55 5.9552 0
52 76 12 0.7853 0
73 54 29 4.4803 0
39 72 29 2.9238 0
36 54 51 5.7754 0
83 46 48 5.6456 0
50 42 31 3.1598 0
83 81 48 5.6302 0
73 46 57 5.3051 0
54 78 39 5.3922 0
94 64 56 5.4759 0
48 56 40 5.278 0
73 52 40 5.3753 0
72 72 14 2.4303 0
40 61 66 5.0743 0
39 72 39 4.8749 0
72 76 40 5.0859 0
33 74 50 5.0237 0
49 41 42 5.0134 0
48 69 32 4.6418 0
66 87 38 4.6552 0
53 48 15 2.4545 0
92 64 35 1.4554 0
51 83 25 2.8625 0
65 48 33 4.7624 0
85 71 66 4.6475 0
80 78 24 2.154 0
86 58 67 4.6282 0
66 39 39 4.5093 0
54 50 33 4.6565 0
47 69 15 3.0978 0
77 64 31 4.5764 0
87 64 40 4.5469 0
55 76 28 4.4423 0
12 46 76 0.4757 0
65 47 16 3.1218 0
76 81 58 4.2621 0
79 78 32 4.1599 0
73 73 27 4.0911 0
65 79 15 2.8748 0
108 64 75 3.7077 0
43 78 64 3.8715 0
20 49 72 3.6683 0
20 79 71 3.6753 0
52 46 24 3.5795 0
44 70 23 3.5794 0
79 52 64 3.4291 0
50 85 33 3.617 0
41 55 32 3.5211 0
64 50 23 3.4436 0
73 60 14 1.5892 0
99 85 74 0.5 0
94 64 46 3.383 0
45 57 21 3.2888 0
76 52 20 3.3419 0
53 82 58 3.3773 0
65 81 22 3.3229 0
27 51 55 3.2649 0
53 79 19 3.1977 0
76 75 19 3.1723 0
86 64 31 3.2804 0
46 51 49 3.261 0
100 41 73 0.5 0
56 52 20 3.1037 0
66 87 29 3.1079 0
62 64 45 2.8997 0
80 49 28 3.0485 0
79 64 14 2.2975 0
42 70 67 2.983 0
95 89 66 2.8982 0
95 38 66 2.9025 0
53 84 49 2.9045 0
62 71 45 2.8997 0
52 71 21 2.5854 0
79 59 38 2.8409 0
75 63 19 2.8355 0
71 45 48 2.8706 0
26 77 56 2.7752 0
50 59 16 2.7848 0
78 70 37 2.8145 0
49 64 23 2.667 0
90 87 51 2.7093 0
90 40 51 2.6927 0
78 76 64 2.7786 0
37 76 58 2.7064 0
45 34 46 2.6107 0
103 64 60 2.4709 0
44 65 39 2.5414 0
38 94 66 0.5 0
63 76 40 2.4588 0
60 76 21 2.4885 0
35 66 71 2.563 0
72 55 15 2.5378 0
23 73 74 2.4992 0
69 74 20 2.327 0
24 55 74 2.3587 0
68 95 42 2.3779 0
83 51 56 2.2858 0
0
