128
64 68 95 8.7658 0
57 60 9 0.6605 0
71 70 46 0.9268 0
57 59 63 0.8468 0
68 75 23 0.5 0
59 59 32 0.9205 0
64 52 120 0.5 0
71 71 69 1.2237 0
75 65 10 0.5 0
55 66 47 0.7633 0
55 69 74 1.2772 0
71 61 58 1.2913 0
62 75 10 0.9253 0
58 60 113 2.0671 0
61 74 57 0.9225 0
72 65 32 0.8949 0
61 74 35 0.8466 0
70 57 76 0.785 0
66 58 43 0.896 0
68 58 20 0.5 0
55 68 21 0.5 0
74 61 114 0.5 0
56 60 80 1.6244 0
58 62 106 3.7993 0
68 62 107 3.7405 0
73 65 80 1.5835 0
64 75 76 1.1053 0
56 64 85 3.4099 0
60 58 51 1.1185 0
71 62 85 3.1822 0
66 57 10 0.9904 0
62 74 45 0.7965 0
72 62 67 1.3507 0
70 72 59 0.9777 0
56 68 30 0.6939 0
55 65 57 1.1902 0
60 74 66 1.0305 0
55 69 10 0.9087 0
72 67 19 0.6004 0
64 57 59 1.4071 0
56 63 39 0.8796 0
59 59 22 0.6004 0
55 68 66 1.2787 0
72 74 9 0.5 0
67 59 117 1.1853 0
67 59 28 0.9838 0
71 69 84 2.5887 0
60 73 84 2.5517 0
70 60 50 1.0809 0
63 62 84 2.5265 0
63 58 70 0.6687 0
70 72 37 0.6726 0
72 68 53 1.0696 0
60 75 20 0.5 0
67 73 30 0.5348 0
63 54 101 0.9284 0
63 53 113 0.8915 0
71 62 39 0.8269 0
55 63 70 1.4851 0
66 74 52 0.8727 0
72 61 101 2.1551 0
60 73 27 0.6683 0
66 74 84 2.0742 0
65 58 36 0.7488 0
56 60 91 2.2116 0
66 55 88 0.8058 0
73 66 72 1.2406 0
57 72 51 0.9246 0
71 69 26 0.9884 0
55 61 99 2.0135 0
57 70 41 0.935 0
65 60 113 2.036 0
67 74 64 1.0706 0
62 54 107 1.07 0
68 73 16 0.4898 0
56 63 16 0.5 0
59 59 45 0.9806 0
56 62 52 1.1522 0
65 74 39 0.8014 0
71 61 13 0.8935 0
57 62 27 0.546 0
57 72 61 0.7941 0
72 69 13 0.8788 0
58 55 120 0.5 0
64 75 70 0.9092 0
61 58 16 0.61 0
55 64 62 1.2981 0
71 63 26 0.9744 0
70 71 76 0.838 0
73 66 61 0.7454 0
57 72 70 1.1266 0
58 73 78 1.2872 0
71 59 93 1.7282 0
70 60 114 1.5913 0
61 58 40 0.8694 0
71 60 75 1.5995 0
71 62 45 0.9065 0
59 55 96 0.993 0
65 54 95 0.9424 0
56 71 87 1.646 0
67 54 110 0.9527 0
56 70 55 0.9707 0
60 55 87 0.9076 0
56 69 36 0.6593 0
58 71 16 0.5 0
58 56 73 0.5 0
68 57 65 0.811 0
62 58 26 0.9731 0
72 66 104 1.6371 0
55 62 76 1.4656 0
66 58 53 0.7855 0
58 58 57 0.9144 0
72 69 65 1.2174 0
56 61 66 1.4231 0
72 62 71 1.5382 0
57 68 104 1.5584 0
72 61 79 1.5347 0
62 67 83 1.5182 0
72 68 39 0.9781 0
66 68 83 1.519 0
69 55 99 0.8797 0
70 61 32 0.7575 0
72 64 50 1.0979 0
55 69 78 1.4261 0
57 71 47 0.9253 0
60 74 74 1.1253 0
64 57 48 0.7749 0
72 66 43 0.9255 0
0
