128
58 73 28 2.7935 0
64 55 121 0.5 0
69 54 74 2.3025 0
73 51 16 4.177 0
55 71 98 2.1383 0
61 74 57 2.2824 0
65 53 44 2.2709 0
46 55 13 1.3932 0
71 75 17 5.5011 0
72 56 98 2.1693 0
67 74 82 2.2737 0
53 60 83 2.2888 0
67 75 117 0.5 0
55 55 24 3.7862 0
73 69 41 1.9999 0
53 61 65 2.2399 0
74 61 56 2.2958 0
77 62 17 5.538 0
58 76 17 5.5528 0
50 62 17 5.5579 0
71 72 104 2.238 0
55 56 104 2.1923 0
62 50 17 5.5663 0
53 62 39 2.3116 0
61 53 57 2.3177 0
58 73 72 2.2998 0
53 67 118 0.5 0
73 69 66 2.2623 0
68 54 31 2.31 0
53 61 53 2.2864 0
62 74 45 2.2249 0
74 60 83 2.2667 0
73 60 113 0.8732 0
74 67 94 2.1481 0
74 64 31 2.2815 0
55 71 86 2.0445 0
58 54 75 2.3 0
71 71 51 2.1445 0
69 53 24 3.7402 0
53 69 24 3.747 0
53 60 95 2.1548 0
67 74 94 2.1409 0
74 69 25 3.5142 0
73 58 66 2.2359 0
52 52 16 3.6111 0
59 72 111 0.9949 0
65 75 25 3.4381 0
56 71 37 2.3256 0
73 68 77 1.7542 0
70 55 51 2.2839 0
74 59 26 3.263 0
59 54 33 2.3018 0
65 54 86 0.8104 0
49 72 16 3.112 0
66 54 110 0.6178 0
60 53 98 2.1375 0
75 64 105 1.8092 0
56 57 117 0.5779 0
65 74 34 2.3346 0
71 56 38 2.3139 0
63 53 68 1.9023 0
52 64 105 1.8092 0
69 73 71 2.3064 0
55 57 47 2.341 0
80 71 14 2.7301 0
63 74 65 1.9079 0
67 53 104 2.069 0
62 52 27 2.8579 0
73 66 121 0.5 0
52 62 27 2.8426 0
59 74 105 1.8092 0
53 70 48 0.6638 0
74 62 40 2.2992 0
60 74 82 2.2723 0
60 74 94 2.1495 0
54 69 68 2.2466 0
54 58 71 2.2466 0
64 52 79 1.8016 0
60 72 121 0.5 0
56 71 54 2.1442 0
72 68 113 0.9629 0
53 65 78 1.8692 0
55 70 43 2.3185 0
70 72 45 2.3102 0
56 56 41 2.2831 0
71 71 36 2.3106 0
53 61 59 2.3052 0
54 58 77 2.302 0
73 58 72 2.3012 0
54 69 74 2.2985 0
74 67 88 2.221 0
70 72 30 2.3485 0
62 53 39 2.3289 0
69 54 68 2.2553 0
53 66 56 2.3385 0
64 82 14 2.3753 0
58 54 81 2.2451 0
72 56 104 2.2141 0
74 61 50 2.2388 0
66 74 54 2.3065 0
60 74 88 2.2159 0
53 60 89 2.2217 0
69 54 80 2.2366 0
67 74 88 2.2073 0
71 72 98 2.1887 0
74 60 89 2.2009 0
53 66 50 2.2897 0
74 66 53 2.2845 0
72 57 46 2.3196 0
62 74 39 2.2915 0
53 66 62 2.2763 0
66 53 60 2.2796 0
55 71 92 2.0914 0
72 57 60 2.1631 0
66 74 60 2.2404 0
74 66 59 2.2431 0
74 65 45 2.2445 0
74 67 82 2.289 0
56 71 60 2.0803 0
71 71 57 2.078 0
54 68 31 2.308 0
69 73 65 2.2619 0
57 72 48 2.2824 0
61 53 63 2.2521 0
57 55 52 2.2778 0
73 69 72 2.3033 0
67 53 98 2.1347 0
54 59 32 2.3028 0
0
