128
63 63 69 13.2422 0
37 108 72 3.712 0
119 79 58 0.5 0
37 19 72 3.712 0
109 53 77 4.0333 0
101 78 70 3.6307 0
47 90 60 4.0152 0
47 37 60 4.0152 0
47 90 80 4.0152 0
47 37 80 4.0152 0
90 53 66 4.0333 0
43 30 70 7.2094 0
43 97 70 7.2094 0
85 74 80 4.0333 0
85 74 60 4.0333 0
109 53 61 4.0333 0
86 52 81 3.0254 0
115 73 70 2.5525 0
108 72 58 2.1756 0
51 83 72 3.979 0
101 74 80 4.0333 0
51 44 73 3.979 0
101 49 70 3.6307 0
55 77 79 4.4044 0
55 50 80 4.4044 0
36 110 58 1.793 0
99 53 61 4.0333 0
85 74 70 4.0333 0
54 49 60 4.173 0
75 54 80 4.2487 0
34 20 57 1.1677 0
75 73 79 4.2487 0
83 53 73 4.0333 0
55 77 60 4.1914 0
100 53 80 4.0333 0
93 74 75 4.0333 0
93 74 65 4.0333 0
101 74 60 4.0333 0
39 104 80 3.9691 0
39 23 80 3.9691 0
109 74 75 4.0333 0
39 23 60 3.982 0
92 53 75 4.0333 0
83 53 60 4.0333 0
109 74 65 4.0333 0
76 74 62 4.0333 0
39 104 60 3.982 0
113 54 69 3.6331 0
75 55 59 3.1835 0
77 52 67 3.0254 0
50 83 63 3.1062 0
51 42 65 3.0827 0
67 75 81 3.0254 0
77 75 71 3.0254 0
43 97 82 2.8674 0
67 52 82 2.8674 0
53 69 82 2.8674 0
42 30 82 2.8674 0
53 58 82 2.8674 0
74 65 82 2.8462 0
52 84 82 2.7138 0
42 96 59 2.6746 0
42 31 59 2.6746 0
114 72 59 2.6252 0
91 52 58 2.1756 0
37 110 65 2.297 0
37 17 65 2.297 0
49 44 82 2.2333 0
52 57 58 2.1756 0
69 52 58 2.1756 0
52 42 58 2.1756 0
92 72 58 2.1756 0
56 48 69 2.1542 0
70 75 58 2.1756 0
52 70 59 2.1828 0
50 89 67 1.9398 0
119 56 56 0.5 0
111 71 86 0.5 0
56 79 67 2.1542 0
93 56 83 1.6173 0
52 75 71 2.1016 0
52 51 71 2.0971 0
93 51 82 2.0175 0
93 76 82 2.0175 0
109 76 82 2.0175 0
76 51 73 2.0175 0
63 51 58 2.0175 0
65 76 59 2.0175 0
51 48 67 1.9633 0
75 68 58 1.8384 0
71 60 83 1.8595 0
61 71 83 1.8595 0
61 55 83 1.8595 0
75 63 58 1.8384 0
106 55 83 1.8595 0
70 69 83 1.8595 0
116 51 59 1.5446 0
61 76 83 1.8595 0
116 76 63 1.5446 0
36 17 59 1.793 0
81 71 75 1.6173 0
118 58 77 0.5 0
57 79 72 1.6542 0
107 50 68 1.7395 0
95 71 82 1.6173 0
115 56 75 1.6173 0
104 54 66 1.457 0
116 53 63 1.5446 0
116 70 81 0.5 0
50 90 73 1.4358 0
46 87 74 1.6306 0
46 40 71 1.6306 0
115 56 60 1.6173 0
77 56 73 1.6417 0
93 56 60 1.6173 0
82 56 80 1.6173 0
109 71 81 1.6173 0
84 56 66 1.6173 0
115 71 75 1.6173 0
115 71 65 1.6173 0
46 87 68 1.6306 0
117 79 78 0.5 0
53 85 58 1.337 0
51 78 66 1.4593 0
36 104 67 1.469 0
36 23 67 1.469 0
118 49 75 0.5 0
50 37 74 1.4358 0
0
