128
59 63 37 5.6471 0
37 90 89 6.0466 0
93 93 34 3.0225 0
88 37 37 6.0461 0
37 90 53 6.0466 0
34 34 35 3.023 0
67 90 37 6.0461 0
87 63 37 6.0464 0
58 37 38 5.2481 0
37 50 37 6.0461 0
36 76 37 5.0387 0
38 89 38 7.0542 0
37 90 73 6.0466 0
90 77 37 6.0461 0
81 90 37 6.0463 0
53 90 37 6.0461 0
71 37 37 6.0461 0
44 37 37 6.0465 0
90 50 37 6.0462 0
72 63 37 5.6471 0
48 65 35 3.8311 0
34 40 40 3.023 0
34 93 62 2.8381 0
90 87 34 2.6856 0
35 86 62 2.224 0
93 86 40 2.2402 0
97 96 44 0.5 0
80 40 41 2.2245 0
80 34 41 2.2245 0
80 41 34 2.224 0
41 93 81 2.224 0
41 87 81 2.224 0
34 86 81 2.224 0
79 67 41 2.2247 0
51 62 41 2.2245 0
93 69 41 2.2245 0
33 94 81 2.0151 0
41 94 61 2.0151 0
36 34 41 2.2247 0
52 41 33 2.0146 0
41 86 61 1.8433 0
80 33 34 2.0151 0
33 42 34 2.0151 0
79 67 33 2.0146 0
94 94 40 2.0151 0
94 69 35 2.0151 0
52 34 33 2.0146 0
94 58 40 2.0151 0
94 58 34 2.0151 0
52 68 41 1.6156 0
44 71 44 0.5 0
41 86 66 1.8428 0
46 61 41 1.8153 0
88 94 41 1.7478 0
66 68 41 1.6156 0
97 31 43 0.5 0
52 59 34 1.6156 0
80 59 41 1.6156 0
80 59 33 1.6156 0
47 68 41 1.6156 0
46 59 33 1.6156 0
66 68 34 1.6156 0
44 95 97 0.5 0
88 86 40 1.552 0
96 31 31 0.5 0
60 97 31 0.5 0
51 31 44 0.5 0
51 44 43 0.5 0
31 97 96 0.5 0
97 41 43 0.5 0
46 95 33 1.0072 0
60 84 43 0.7083 0
74 84 43 0.7083 0
41 72 41 1.4159 0
41 72 33 1.4159 0
43 97 46 0.5 0
42 77 42 1.2162 0
63 43 31 0.4989 0
63 31 31 0.4989 0
60 85 39 1.2162 0
41 44 42 1.2171 0
65 41 42 1.2166 0
61 94 42 1.2166 0
94 44 42 1.2166 0
75 94 42 1.2166 0
50 41 42 1.2166 0
50 33 42 1.2166 0
61 85 33 1.2162 0
47 85 33 1.2162 0
75 85 33 1.2162 0
33 85 67 1.2162 0
33 85 47 1.2162 0
64 31 44 0.5 0
96 42 31 0.4989 0
97 36 44 0.5 0
95 65 32 1.0068 0
95 84 34 1.0072 0
31 96 31 0.4993 0
31 96 45 0.4993 0
86 56 42 1.2171 0
42 55 42 1.2162 0
42 85 94 1.2162 0
41 93 66 1.2447 0
54 68 32 1.0068 0
43 80 31 0.4993 0
85 84 42 1.2172 0
64 42 38 1.2162 0
74 90 42 1.2166 0
94 63 42 1.2166 0
51 37 42 1.2166 0
85 44 33 1.2162 0
74 85 37 1.2162 0
31 57 43 0.5 0
31 84 96 0.4993 0
74 96 31 0.4989 0
32 95 67 1.0072 0
31 71 44 0.5 0
67 59 42 1.2166 0
63 32 34 1.0072 0
42 78 33 1.2162 0
45 94 42 1.2173 0
33 82 42 1.2172 0
61 42 33 1.2162 0
42 94 45 1.2162 0
42 82 33 1.2162 0
41 81 42 1.2172 0
46 86 42 1.2171 0
31 82 31 0.4989 0
0
