128
66 90 51 3.5949 0
42 27 93 1.4835 0
109 42 83 1.5279 0
11 60 49 1.8383 0
29 84 87 3.3795 0
103 94 92 0.5 0
112 73 51 2.9411 0
73 24 53 0.6396 0
37 29 49 1.4219 0
28 91 50 2.6295 0
67 93 94 0.6137 0
104 37 49 1.487 0
76 25 87 1.4761 0
14 48 80 1.5919 0
112 73 78 2.9509 0
86 86 73 1.3638 0
94 87 52 4.4632 0
21 82 65 5.3099 0
54 25 71 1.0395 0
92 30 68 1.2843 0
52 92 75 0.9032 0
115 54 64 1.7551 0
31 33 72 0.8945 0
45 89 52 4.299 0
18 42 58 1.5242 0
106 82 68 5.3116 0
88 85 92 1.6702 0
95 31 90 1.4074 0
48 92 94 0.9032 0
13 68 80 1.108 0
105 83 53 5.668 0
27 34 89 1.4659 0
22 83 53 5.6698 0
11 61 65 1.9269 0
69 93 77 0.6137 0
90 29 52 1.4201 0
76 25 71 1.4859 0
21 82 81 5.3105 0
106 82 80 5.3119 0
51 25 55 1.4752 0
57 24 86 1.3911 0
105 38 68 1.5069 0
115 54 49 1.7672 0
36 93 73 0.6137 0
115 57 78 1.3978 0
115 66 66 2.4361 0
79 93 62 0.6137 0
35 87 52 4.4632 0
84 89 52 4.3888 0
21 39 71 1.4485 0
42 27 70 1.4752 0
44 86 81 1.3638 0
27 34 55 1.4467 0
62 87 67 0.8559 0
56 90 51 3.6374 0
58 87 86 0.8559 0
15 73 58 2.9497 0
79 93 85 0.6137 0
44 86 69 1.3638 0
14 48 49 1.5928 0
67 24 78 1.5068 0
90 29 80 1.424 0
14 48 69 1.5855 0
85 27 93 1.4853 0
38 29 81 1.0441 0
100 34 77 1.465 0
36 85 75 2.3716 0
94 93 82 0.6137 0
59 24 62 1.5336 0
99 84 88 3.3795 0
109 42 57 1.5244 0
36 29 60 1.295 0
81 26 57 1.515 0
11 59 78 1.8554 0
75 90 51 3.6374 0
27 83 73 3.4933 0
98 84 74 3.3795 0
48 26 80 1.063 0
113 48 75 1.5965 0
115 66 57 2.4369 0
17 76 72 3.274 0
98 32 59 0.8226 0
76 86 94 0.86 0
99 84 61 3.3795 0
30 84 59 3.3795 0
89 85 65 1.937 0
112 73 70 2.9509 0
38 93 90 0.6137 0
73 87 69 0.8559 0
12 54 59 1.7604 0
69 24 60 1.4717 0
110 76 58 3.2783 0
111 45 66 1.3806 0
53 92 64 0.9032 0
27 34 79 1.4642 0
70 87 86 0.8559 0
20 41 86 0.7429 0
22 38 49 1.5157 0
86 86 83 1.3638 0
15 73 79 2.9469 0
40 84 93 0.9396 0
15 73 51 2.9522 0
15 73 65 2.9471 0
51 93 84 0.6137 0
77 86 78 0.9955 0
68 24 69 1.5361 0
61 87 77 0.8559 0
12 66 56 2.4017 0
58 93 93 0.6137 0
70 93 62 0.6137 0
29 93 67 0.6137 0
32 84 80 2.7101 0
94 94 95 0.5 0
27 34 63 1.4651 0
51 25 63 1.4752 0
76 25 79 1.4783 0
115 66 78 2.3999 0
115 66 50 2.4374 0
50 25 92 1.2864 0
113 71 62 2.7693 0
32 84 66 2.7089 0
111 44 49 1.1739 0
88 28 60 1.4682 0
95 84 82 2.7119 0
95 84 67 2.7097 0
100 34 85 1.4662 0
79 95 75 0.5 0
76 25 63 1.4857 0
0
