128
63 45 63 23.1391 0
65 90 62 20.8927 0
64 71 112 0.5 0
17 72 64 0.5 0
64 69 17 0.5 0
64 70 86 8.9596 0
41 70 64 8.9596 0
111 74 64 0.5 0
87 69 64 8.38 0
64 69 40 8.38 0
112 44 64 0.5 0
64 35 110 0.5 0
20 97 64 0.5 0
64 42 16 0.5 0
65 98 106 0.5 0
17 38 64 0.5 0
108 99 64 0.5 0
64 94 19 0.5 0
102 22 64 0.5 0
37 86 64 6.3576 0
64 86 90 6.3576 0
64 25 25 0.5 0
64 20 98 0.5 0
92 54 63 5.5788 0
64 51 104 0.6414 0
64 55 92 5.5788 0
64 27 87 5.6555 0
87 27 63 5.6555 0
28 22 64 0.2049 0
64 84 35 5.5216 0
92 84 63 5.5216 0
35 55 64 5.5788 0
77 69 76 5.3223 0
39 99 64 5.468 0
64 25 41 5.5094 0
41 25 63 5.5094 0
64 99 88 5.468 0
64 50 27 2.14 0
51 69 50 5.3223 0
78 68 52 5.3223 0
51 68 77 5.3223 0
64 40 92 5.2716 0
92 40 64 5.2716 0
64 55 34 5.1489 0
64 42 34 5.0099 0
34 42 63 5.0099 0
91 97 64 4.7734 0
64 97 36 4.7734 0
111 58 64 0.5 0
78 21 65 4.1316 0
65 21 78 4.1316 0
16 56 64 0.5 0
33 32 64 3.7482 0
64 32 33 3.7482 0
111 87 64 0.5 0
109 32 64 0.5 0
18 85 64 0.5 0
64 83 110 0.5 0
63 105 41 3.6877 0
86 105 63 3.6877 0
43 81 72 3.5226 0
59 21 49 3.5441 0
49 21 68 3.5441 0
55 82 84 3.5226 0
69 21 50 3.3791 0
50 21 58 3.3791 0
73 21 73 3.2203 0
56 23 78 3.3695 0
78 23 56 3.3695 0
64 83 18 0.5 0
56 59 86 3.1879 0
63 77 98 2.9997 0
54 76 44 3.2777 0
83 61 73 3.2777 0
86 59 56 3.1879 0
64 60 111 0.5 0
74 62 82 3.1842 0
24 78 64 0.9109 0
105 66 63 0.872 0
49 79 78 3.1842 0
63 65 103 0.9109 0
46 77 52 3.1842 0
75 77 81 3.1842 0
81 26 71 3.155 0
63 76 29 2.9997 0
29 76 63 2.9997 0
24 64 63 0.9109 0
45 106 61 3.093 0
61 106 82 3.093 0
98 63 63 2.9997 0
29 63 63 2.9997 0
63 64 98 2.9997 0
64 63 29 2.9997 0
98 75 64 2.9997 0
63 29 102 0.7929 0
42 83 55 2.943 0
63 47 98 2.9997 0
85 79 72 2.943 0
63 31 96 2.8081 0
96 31 63 2.8081 0
57 58 39 2.8532 0
64 59 17 0.5 0
42 93 71 2.7882 0
56 93 85 2.7882 0
21 48 64 0.6026 0
99 47 64 2.5699 0
47 106 68 2.7629 0
25 105 64 0.5 0
73 61 43 2.6981 0
84 76 54 2.6981 0
43 62 54 2.6981 0
64 107 26 0.5 0
68 105 82 2.7263 0
30 94 64 2.5464 0
64 94 97 2.5464 0
39 34 69 2.6989 0
69 34 39 2.6989 0
43 61 73 2.6981 0
72 27 81 2.7257 0
64 19 70 2.7126 0
70 19 64 2.7126 0
58 47 90 2.5185 0
71 80 40 2.6083 0
39 34 58 2.6989 0
58 34 39 2.6989 0
64 19 56 2.6554 0
56 19 64 2.6554 0
56 83 40 2.6083 0
0
