128
62 68 69 33.0409 0
99 64 45 10.1616 0
28 64 43 8.9055 0
92 83 43 8.2359 0
96 64 94 8.0708 0
34 83 42 7.4604 0
30 64 95 6.9496 0
87 49 42 6.8898 0
79 93 41 6.8897 0
38 50 41 6.614 0
46 93 41 6.5071 0
102 64 63 6.2899 0
87 51 96 5.7077 0
101 64 77 5.7706 0
73 43 40 5.7821 0
91 78 95 5.7 0
24 65 58 5.5255 0
99 77 56 5.4044 0
60 95 40 5.456 0
52 43 40 5.3465 0
36 78 97 5.3296 0
40 51 97 5.3397 0
27 76 53 5.2071 0
96 53 57 4.9465 0
77 45 97 4.9374 0
81 87 97 4.6807 0
26 62 82 4.4711 0
96 55 82 4.51 0
98 73 84 4.5283 0
44 86 98 4.3319 0
100 74 70 4.3656 0
30 53 52 4.351 0
24 63 72 4.3633 0
66 43 98 4.3319 0
54 44 98 4.3319 0
86 93 51 4.2882 0
93 87 56 4.2398 0
86 71 38 3.8661 0
98 55 70 4.1647 0
62 40 42 4.0407 0
72 91 98 3.9459 0
83 60 38 3.8661 0
31 55 87 3.849 0
41 61 38 3.8661 0
80 81 38 3.8661 0
40 73 38 3.8661 0
89 46 54 3.8043 0
30 75 88 3.7906 0
90 49 86 3.7548 0
40 93 51 3.7351 0
54 91 98 3.7226 0
33 87 54 3.6802 0
81 42 49 3.6211 0
97 82 65 3.4595 0
26 57 64 3.4797 0
25 74 63 3.3644 0
68 97 46 3.4402 0
97 79 77 3.4104 0
84 62 99 3.324 0
26 71 79 3.4147 0
94 81 84 3.4027 0
86 70 99 3.324 0
43 43 48 3.343 0
102 77 38 3.3155 0
62 91 99 3.324 0
37 46 52 3.2381 0
47 82 37 2.8582 0
88 86 89 3.1424 0
25 72 71 3.2121 0
46 44 93 3.0746 0
94 49 65 3.0335 0
24 76 40 3.0146 0
97 52 37 2.8582 0
48 52 37 2.8582 0
83 44 88 2.9477 0
69 97 37 2.8582 0
28 81 61 2.8601 0
64 49 37 2.8582 0
93 49 76 2.9724 0
70 88 37 2.8582 0
28 55 76 2.8922 0
36 49 88 2.8629 0
75 52 37 2.8582 0
58 86 37 2.8582 0
96 50 48 2.8168 0
47 98 52 2.4729 0
74 39 49 2.7377 0
81 97 56 2.7749 0
30 51 60 2.7 0
67 38 48 2.6658 0
60 40 93 2.6575 0
35 83 89 2.7239 0
41 65 100 2.3161 0
55 98 48 2.4323 0
91 90 63 2.6318 0
94 86 70 2.5751 0
28 53 37 2.5411 0
75 98 52 2.4323 0
79 79 100 2.3161 0
52 39 49 2.5108 0
44 59 100 2.3161 0
103 77 47 2.4473 0
80 56 100 2.3161 0
70 40 92 2.4614 0
33 50 82 2.4537 0
41 71 100 2.3161 0
87 94 59 2.2327 0
77 41 89 2.2719 0
27 79 68 2.2894 0
41 45 88 2.3969 0
29 52 68 2.3143 0
32 55 100 2.3161 0
73 52 100 2.3161 0
45 77 100 2.3161 0
48 49 100 2.3161 0
38 59 100 2.3161 0
88 45 80 2.347 0
27 77 75 2.2836 0
73 84 100 2.3161 0
90 45 62 2.3247 0
60 49 100 2.3161 0
48 55 100 2.3161 0
47 91 93 2.311 0
32 53 94 2.2555 0
25 69 86 2.1456 0
91 46 70 2.268 0
37 92 58 2.268 0
82 91 89 2.1604 0
0
