128
64 65 62 30.8104 0
97 31 97 0.5 0
40 87 87 8.8519 0
30 33 97 0.5 0
40 44 87 8.6232 0
88 87 86 8.283 0
87 43 87 8.2633 0
39 42 40 8.1657 0
40 88 39 8.0625 0
87 41 39 7.9709 0
87 88 39 7.844 0
37 38 56 6.286 0
37 38 72 6.286 0
89 37 69 6.286 0
37 60 89 6.0806 0
71 37 37 6.0467 0
90 72 89 6.1273 0
89 58 90 6.0467 0
73 89 90 6.0467 0
55 38 37 6.0467 0
59 90 90 6.0467 0
37 90 71 5.8004 0
64 33 94 2.0152 0
90 39 54 5.819 0
37 90 54 5.8004 0
91 90 69 5.2875 0
37 70 36 5.0388 0
61 40 90 5.2057 0
73 40 90 5.2957 0
65 62 99 5.2897 0
91 90 57 5.2875 0
91 74 38 5.1381 0
36 56 37 5.1101 0
54 91 37 5.1288 0
90 59 36 5.0388 0
73 90 36 5.0388 0
38 72 91 5.0388 0
51 37 92 4.031 0
52 81 92 4.031 0
80 78 92 4.031 0
54 48 92 4.031 0
47 55 92 4.031 0
35 76 44 3.9154 0
35 74 81 3.9341 0
92 47 75 3.8781 0
46 93 76 3.1878 0
93 82 75 3.1972 0
44 36 64 3.3473 0
92 34 79 3.2906 0
34 45 64 3.1972 0
93 84 49 3.2158 0
46 93 50 3.1878 0
34 48 76 3.1691 0
63 88 34 3.0231 0
50 48 34 3.0231 0
34 53 46 3.1224 0
34 47 51 3.1785 0
81 65 93 3.0231 0
34 54 81 3.1131 0
51 93 83 3.1411 0
93 76 80 3.1411 0
80 34 93 3.0231 0
45 66 93 3.0231 0
34 62 44 3.0384 0
49 80 34 3.0231 0
66 82 93 3.0231 0
77 46 34 3.0231 0
67 34 46 3.0571 0
93 65 82 3.0384 0
43 63 34 3.0231 0
74 49 93 3.0231 0
85 68 34 3.0231 0
63 93 41 3.029 0
66 93 83 3.001 0
64 44 34 3.0231 0
46 54 34 3.0231 0
34 64 80 3.0197 0
50 73 93 3.0231 0
45 74 34 3.0231 0
77 82 34 3.0231 0
81 93 49 2.8609 0
81 52 93 3.0231 0
65 49 93 3.0231 0
81 53 34 3.0231 0
80 93 76 2.8703 0
83 78 34 3.0231 0
54 39 83 2.9865 0
60 34 45 2.9917 0
93 58 80 2.973 0
93 56 45 2.9543 0
46 39 77 2.9118 0
76 93 44 2.9076 0
74 93 80 2.9263 0
34 78 74 2.8889 0
93 50 50 2.8983 0
46 34 34 2.8609 0
93 50 34 2.8983 0
93 46 66 2.8609 0
34 80 53 2.8703 0
34 82 66 2.8516 0
93 34 93 2.7488 0
35 34 93 2.7582 0
93 93 48 2.7488 0
35 34 81 2.7582 0
78 38 80 2.2028 0
50 34 69 2.2705 0
94 93 77 2.2921 0
93 33 45 2.2921 0
34 94 63 2.2921 0
33 34 87 2.2921 0
98 94 97 0.5 0
30 31 32 0.5 0
94 84 63 2.208 0
83 38 77 2.2495 0
40 94 63 2.236 0
93 33 61 2.2921 0
33 34 64 2.2921 0
82 38 49 2.2402 0
33 34 46 2.2921 0
33 34 34 2.2921 0
82 34 63 2.3216 0
79 35 69 2.2705 0
94 81 68 2.18 0
34 94 79 2.2921 0
93 33 87 2.2921 0
49 94 44 2.152 0
79 33 41 2.1613 0
87 33 47 2.236 0
0
