128
54 60 77 16.1878 0
88 104 66 5.8149 0
87 24 67 6.3862 0
39 106 66 4.6875 0
82 69 72 11.8621 0
40 24 67 6.3862 0
83 42 71 10.8542 0
47 92 71 10.8542 0
76 92 71 10.8542 0
61 34 71 10.3464 0
41 39 70 7.9425 0
69 78 85 7.2352 0
76 54 86 6.996 0
62 103 67 6.3879 0
39 76 68 5.8976 0
60 81 66 5.8149 0
74 23 67 5.606 0
57 83 82 4.9049 0
73 55 65 4.807 0
52 22 65 4.7049 0
67 43 83 4.3932 0
51 107 65 4.1913 0
77 107 65 4.1913 0
71 66 89 4.0933 0
89 84 78 3.8718 0
80 68 89 4.0933 0
37 51 66 3.9387 0
90 84 69 3.9529 0
37 64 65 3.925 0
90 55 77 3.8818 0
38 81 78 3.8718 0
90 56 65 3.8818 0
69 46 64 3.7991 0
90 98 75 3.8818 0
62 94 78 3.8144 0
90 93 64 3.7991 0
70 78 64 3.7991 0
50 78 64 3.7991 0
51 77 89 3.7302 0
64 21 64 3.5238 0
48 27 74 3.4946 0
78 28 75 3.4225 0
47 79 81 3.3065 0
37 29 76 3.2639 0
90 29 76 3.2639 0
59 75 90 3.0854 0
36 48 77 2.9394 0
61 46 90 3.0854 0
47 33 79 2.8639 0
67 68 63 2.7912 0
50 40 79 2.8639 0
60 93 63 2.7912 0
36 73 77 2.9484 0
74 33 79 2.8639 0
47 31 63 2.7912 0
54 44 63 2.7912 0
75 32 63 2.7912 0
47 47 63 2.7912 0
36 85 64 2.874 0
84 82 63 2.7912 0
36 102 73 2.8653 0
36 98 63 2.7912 0
82 56 63 2.7912 0
91 79 63 2.7912 0
60 47 63 2.7912 0
71 45 90 2.7059 0
79 76 90 2.5081 0
60 83 90 2.5476 0
59 41 83 2.4047 0
80 79 84 2.2926 0
86 59 83 2.4008 0
32 96 82 0.5 0
83 61 91 2.0775 0
45 72 90 2.1019 0
71 106 70 2.1329 0
68 59 91 2.0775 0
69 109 64 2.1929 0
59 20 69 1.9894 0
92 91 77 1.9445 0
65 70 91 2.0775 0
76 44 83 2.165 0
67 53 91 2.0775 0
35 32 63 1.9192 0
35 68 73 1.9691 0
35 53 73 1.9213 0
36 96 79 2.0109 0
50 47 91 1.994 0
57 101 75 2.0631 0
35 55 79 1.8661 0
65 88 62 1.7834 0
55 45 91 2.0775 0
96 36 82 0.5 0
65 100 76 1.9975 0
41 75 80 2.0091 0
35 91 63 1.9192 0
94 33 61 0.8053 0
87 91 80 1.8561 0
35 64 78 1.9174 0
34 36 83 0.5 0
35 88 77 1.9442 0
35 36 79 1.8671 0
35 42 79 1.8661 0
71 37 62 1.7834 0
51 37 62 1.7834 0
40 58 62 1.7834 0
35 58 75 1.9818 0
35 85 70 1.9508 0
82 31 62 1.7834 0
44 71 62 1.7834 0
92 32 66 1.9207 0
35 57 69 1.9319 0
92 49 63 1.9191 0
43 52 62 1.7834 0
35 57 63 1.9192 0
35 45 63 1.9192 0
64 87 83 1.823 0
35 63 72 1.8661 0
92 49 80 1.8561 0
92 61 80 1.8561 0
82 82 80 1.8575 0
92 35 79 1.8663 0
70 101 62 1.7834 0
92 90 72 1.8661 0
45 43 80 1.8561 0
43 82 62 1.7834 0
64 53 62 1.7834 0
77 79 62 1.7834 0
60 73 62 1.7834 0
0
