128
60 41 62 14.9573 0
76 119 77 0.5 0
46 100 55 9.1429 0
34 68 44 7.6282 0
67 64 31 5.9282 0
53 60 42 11.1492 0
41 86 41 9.3609 0
74 54 44 9.078 0
39 54 57 9.1771 0
58 17 59 7.834 0
59 105 66 7.5055 0
51 75 32 5.8295 0
80 43 54 5.5239 0
70 109 74 5.4827 0
42 47 71 4.8354 0
32 93 51 4.768 0
80 39 65 4.3516 0
41 70 33 4.1752 0
75 37 75 3.9972 0
64 59 54 3.8758 0
29 80 46 3.9136 0
56 37 81 3.7175 0
52 59 59 3.689 0
47 41 77 3.6094 0
40 41 63 3.4794 0
66 36 80 3.6389 0
58 68 27 3.3343 0
63 46 43 3.3769 0
38 56 43 3.3856 0
77 52 57 3.3796 0
37 99 45 3.3104 0
47 47 48 3.2693 0
65 54 34 3.2198 0
72 40 47 3.2424 0
43 38 71 3.1922 0
77 61 33 2.9805 0
49 75 42 2.9546 0
61 71 35 3.0053 0
29 62 53 2.9349 0
75 35 52 3.0244 0
47 54 68 2.8282 0
78 47 64 2.8957 0
51 66 28 2.7417 0
71 56 57 2.7186 0
67 65 43 2.7388 0
40 62 35 2.708 0
32 77 37 2.4817 0
42 66 52 2.4961 0
78 34 59 2.5243 0
58 61 28 2.3461 0
43 42 55 2.4527 0
35 46 66 2.2401 0
43 79 30 2.3265 0
49 34 75 2.2601 0
47 64 55 2.1446 0
54 45 45 2.178 0
32 57 46 2.2125 0
29 89 44 2.2263 0
77 43 71 2.1735 0
43 35 65 2.2197 0
44 72 46 2.2084 0
73 65 38 2.1913 0
38 77 32 2.1334 0
48 107 65 2.2111 0
84 50 50 2.1889 0
55 26 53 2.1757 0
47 97 43 2.1564 0
71 55 32 2.1777 0
68 112 66 2.1165 0
76 33 68 2.0311 0
50 90 49 2.1571 0
52 110 59 2.1063 0
54 44 79 2.0194 0
77 114 75 2.0791 0
61 42 80 2.0932 0
33 99 56 2.0839 0
70 42 77 2.0858 0
32 95 43 1.9261 0
42 51 44 2.0653 0
67 63 49 1.9861 0
39 89 53 1.9451 0
59 59 60 1.9371 0
66 28 51 1.9563 0
55 74 40 1.8743 0
70 31 51 1.9258 0
34 102 52 1.8942 0
58 102 56 1.8882 0
48 102 67 1.7785 0
49 50 74 1.6777 0
33 85 51 1.6939 0
44 63 31 1.7962 0
58 62 56 1.7092 0
60 26 52 1.7979 0
82 45 46 1.7648 0
43 100 43 1.8058 0
55 96 62 1.7539 0
28 86 50 1.4975 0
46 69 28 1.6972 0
57 107 56 1.7236 0
43 36 60 1.6873 0
74 52 63 1.6103 0
78 41 46 1.5789 0
77 111 79 1.5765 0
64 25 55 1.5634 0
52 80 39 1.6081 0
35 50 69 1.6404 0
66 40 45 1.4724 0
83 45 62 1.5778 0
29 83 40 1.5955 0
39 54 69 1.5727 0
66 49 37 1.6413 0
75 47 69 1.5973 0
52 25 62 1.6056 0
51 47 77 1.5711 0
29 57 50 1.511 0
35 65 55 1.5533 0
46 83 30 1.5646 0
34 73 34 1.4483 0
38 41 69 1.5752 0
73 116 71 1.5313 0
73 44 74 1.5707 0
71 29 55 1.5362 0
68 32 75 1.4815 0
37 77 48 1.5258 0
65 114 70 1.5387 0
52 56 67 1.5152 0
58 98 58 1.5476 0
69 35 48 1.4918 0
0
