128
63 82 58 21.5034 0
99 63 59 17.0876 0
28 63 59 17.0876 0
63 58 83 11.509 0
94 90 65 9.9059 0
32 90 65 9.8585 0
78 57 42 9.3197 0
49 57 42 9.3196 0
74 53 65 9.0984 0
52 51 63 9.0114 0
67 78 89 8.6242 0
64 78 27 8.1832 0
84 61 81 7.9725 0
42 61 81 7.8193 0
91 85 47 7.5419 0
35 85 47 7.2914 0
53 87 86 6.9583 0
41 73 40 6.6912 0
51 72 89 6.6231 0
76 91 83 6.513 0
83 73 39 6.4776 0
44 93 77 5.7812 0
64 55 34 5.7729 0
98 66 83 5.6358 0
104 80 75 5.7235 0
23 80 75 5.7234 0
28 66 83 5.5448 0
63 43 71 5.1091 0
81 71 91 5.2164 0
109 84 62 5.1597 0
17 83 64 4.8808 0
23 85 53 4.9196 0
53 71 35 4.8498 0
63 95 83 4.6614 0
104 84 51 4.7101 0
65 42 60 4.6334 0
67 66 36 4.6774 0
81 96 73 4.6231 0
83 48 53 4.4461 0
88 92 79 4.0883 0
95 75 40 4.0904 0
43 48 52 3.9091 0
29 76 41 3.9445 0
86 95 53 3.7409 0
40 95 53 3.539 0
32 91 80 3.6382 0
90 64 39 3.6794 0
74 45 53 3.5812 0
80 81 91 3.6688 0
55 97 78 3.6716 0
108 69 78 3.602 0
19 69 78 3.602 0
40 69 91 3.505 0
74 69 78 3.5649 0
22 79 45 3.6161 0
103 78 43 3.4436 0
98 90 79 3.5695 0
52 68 77 3.5148 0
75 80 35 3.5075 0
82 99 64 3.4044 0
36 63 39 3.3647 0
72 67 94 3.326 0
45 99 66 3.2907 0
60 68 95 3.3441 0
87 52 73 3.3026 0
40 52 73 3.3026 0
86 46 62 3.2192 0
46 67 71 3.1998 0
90 68 90 3.2679 0
62 61 42 3.2721 0
52 46 50 3.105 0
15 75 71 3.2602 0
112 75 71 3.2602 0
92 56 40 3.2085 0
74 71 33 3.1462 0
48 81 37 3.1993 0
77 62 91 3.2214 0
81 86 40 3.2134 0
35 54 41 3.1606 0
81 68 71 2.8845 0
50 52 76 2.9717 0
44 92 44 2.9932 0
105 59 79 2.8673 0
22 59 79 2.8673 0
69 99 76 2.8935 0
107 89 70 2.8303 0
50 99 72 2.8064 0
96 57 80 2.8031 0
99 92 52 2.7144 0
83 93 45 2.8224 0
50 61 91 2.7629 0
31 57 80 2.8031 0
89 50 45 2.7348 0
57 63 33 2.6557 0
40 46 63 2.6894 0
44 86 40 2.7365 0
66 91 90 2.6684 0
19 91 61 2.7186 0
54 81 33 2.6686 0
45 80 92 2.6876 0
39 91 85 2.6627 0
28 92 52 2.717 0
105 91 57 2.7043 0
109 77 47 2.5551 0
25 89 77 2.581 0
62 100 76 2.4468 0
55 80 94 2.6173 0
115 76 64 2.352 0
44 99 59 2.4811 0
31 68 39 2.505 0
57 42 55 2.2979 0
16 80 56 2.3893 0
104 73 83 2.4357 0
12 76 64 2.352 0
85 89 87 2.426 0
18 73 44 2.4185 0
108 93 64 2.0751 0
37 49 47 2.4149 0
74 100 72 2.3769 0
78 52 77 2.3471 0
102 71 40 2.23 0
20 89 71 2.3028 0
98 73 77 2.3285 0
29 73 77 2.3285 0
58 48 40 2.2338 0
54 78 81 2.3184 0
22 74 82 2.2648 0
111 63 76 2.273 0
0
