128
57 63 66 17.6203 0
102 103 46 0.5 0
101 26 47 0.851 0
57 64 105 10.1642 0
27 100 47 1.055 0
26 26 47 0.851 0
29 101 83 0.5 0
103 63 46 0.5 0
77 92 52 6.0943 0
85 26 83 0.1821 0
29 26 83 0.1821 0
37 34 66 6.42 0
67 90 66 9.3273 0
77 38 52 6.0943 0
47 90 66 9.2506 0
68 37 66 9.1612 0
52 38 55 9.118 0
51 38 73 7.8102 0
27 77 47 1.055 0
27 50 47 1.055 0
101 83 47 0.851 0
38 92 52 6.0943 0
55 87 52 6.0943 0
87 72 47 1.055 0
101 45 48 0.851 0
87 98 83 0.5 0
83 57 48 1.5397 0
37 33 52 5.1545 0
86 81 82 0.5 0
66 44 52 5.1344 0
29 81 83 0.1821 0
67 85 51 5.0865 0
85 46 82 0.569 0
34 61 48 2.0628 0
59 68 89 4.8295 0
78 93 76 4.7865 0
29 46 83 0.1821 0
36 88 76 4.5419 0
78 33 76 4.5321 0
94 93 48 1.4459 0
67 32 51 4.2725 0
78 66 49 2.5515 0
64 95 51 4.2219 0
57 102 83 0.5 0
57 58 89 4.1675 0
37 40 76 4.2142 0
72 56 50 4.0786 0
72 71 50 4.0786 0
43 71 50 4.0786 0
90 29 48 1.4459 0
55 95 77 3.7787 0
95 55 47 1.055 0
55 86 77 3.7787 0
42 58 50 3.8016 0
80 65 85 0.5 0
80 95 64 3.6997 0
48 96 50 3.6069 0
80 32 61 3.5456 0
43 102 84 0.5 0
94 39 48 1.4459 0
80 87 61 3.5457 0
34 95 66 3.4697 0
45 84 50 3.4954 0
35 65 85 0.5 0
64 44 77 3.4527 0
100 72 48 0.8018 0
47 51 50 3.2451 0
63 26 83 0.1821 0
80 87 69 3.342 0
51 64 91 3.3316 0
86 46 65 0.5 0
34 42 49 3.0707 0
81 41 66 3.2197 0
34 86 67 3.201 0
40 26 83 0.1821 0
83 29 49 2.7439 0
58 49 49 3.0707 0
62 31 77 2.9108 0
93 84 48 1.4459 0
92 64 47 1.055 0
65 76 49 3.0707 0
55 77 49 3.0707 0
73 81 84 0.5 0
64 60 93 3.1347 0
56 97 49 3.0707 0
67 81 76 3.1219 0
42 31 77 3.0457 0
42 96 77 3.0457 0
68 101 84 0.5 0
76 52 83 0.5 0
34 32 77 2.8425 0
48 82 77 2.8808 0
27 68 47 1.055 0
41 43 49 2.9896 0
32 84 49 2.7723 0
69 96 78 2.7708 0
83 84 49 2.7126 0
37 41 58 2.7657 0
47 30 65 2.768 0
86 47 47 1.055 0
73 86 78 2.7708 0
81 73 74 0.5 0
43 43 66 2.8201 0
34 96 78 2.7708 0
48 81 56 2.7739 0
71 41 78 2.7708 0
62 92 78 2.7708 0
79 41 78 2.7708 0
70 32 78 2.7708 0
57 30 65 2.6954 0
88 101 47 0.851 0
45 29 49 2.7439 0
59 29 49 2.7439 0
81 58 77 0.5 0
40 64 79 2.65 0
34 88 60 2.5993 0
37 66 49 2.5515 0
57 96 60 2.5422 0
39 76 81 0.6057 0
76 73 81 0.5816 0
64 61 86 2.5172 0
41 51 83 0.5 0
35 75 72 0.687 0
81 52 71 0.5 0
75 64 77 2.493 0
98 31 48 1.4459 0
79 51 59 0.5 0
76 72 68 2.4133 0
0
