128
52 73 74 21.4547 0
103 24 55 0.5 0
80 46 73 16.0331 0
99 99 56 3.313 0
26 26 55 1.6324 0
84 83 83 11.9539 0
44 41 65 11.7341 0
86 71 63 10.3087 0
56 42 85 9.9381 0
76 88 61 8.3432 0
76 74 110 3.4581 0
29 99 56 3.313 0
38 47 84 7.6548 0
89 63 88 6.9145 0
64 34 60 6.4362 0
61 50 59 6.3366 0
35 91 59 6.0496 0
91 91 59 6.0496 0
75 65 89 5.9066 0
66 74 105 5.5938 0
34 57 59 5.6962 0
47 74 102 5.5938 0
78 74 100 5.5938 0
92 34 58 5.3287 0
32 32 91 3.573 0
72 62 58 5.3287 0
31 95 92 1.5457 0
95 30 93 1.3852 0
57 104 53 0.5 0
36 90 89 5.0432 0
68 90 89 4.9596 0
100 52 55 2.3051 0
42 35 90 4.8988 0
68 55 90 4.8988 0
91 35 89 4.915 0
71 35 90 4.8988 0
35 34 81 4.9201 0
79 45 101 1.7977 0
61 34 72 4.6898 0
35 59 90 4.6295 0
63 93 58 4.4292 0
81 31 57 4.3208 0
32 31 57 4.3208 0
94 57 57 4.3208 0
93 92 71 4.421 0
47 94 57 4.1629 0
47 46 99 3.5617 0
33 92 74 4.4087 0
32 80 57 4.3208 0
34 53 72 4.3799 0
95 46 57 4.0453 0
63 46 99 3.752 0
31 69 57 3.9057 0
92 64 76 3.8374 0
85 74 108 3.955 0
90 51 91 3.8909 0
81 35 91 3.8909 0
79 46 94 3.9002 0
48 53 91 3.8909 0
71 92 73 3.6666 0
45 33 80 3.697 0
94 32 80 3.7705 0
69 76 95 3.7735 0
57 76 100 3.7584 0
30 47 56 3.313 0
32 32 72 3.573 0
99 66 56 3.313 0
33 81 91 3.5527 0
94 31 69 3.4112 0
101 79 54 1.2972 0
71 72 56 3.313 0
46 92 91 3.3068 0
28 39 56 3.313 0
84 57 56 3.313 0
96 82 57 3.3857 0
48 28 56 3.313 0
57 92 91 3.2786 0
99 74 56 3.313 0
69 43 56 3.313 0
56 98 56 3.313 0
85 99 56 3.313 0
72 99 56 3.313 0
74 36 56 3.313 0
56 28 56 3.313 0
72 28 56 3.313 0
48 55 56 3.313 0
94 94 91 2.9245 0
78 55 92 2.883 0
68 32 82 3.0796 0
33 70 91 3.0087 0
87 43 92 2.883 0
93 83 68 2.8469 0
68 46 92 2.883 0
59 56 92 2.883 0
94 74 92 2.883 0
53 32 75 2.9386 0
87 76 97 2.9686 0
94 43 92 2.883 0
33 40 92 2.883 0
63 31 91 2.8705 0
68 92 80 2.9442 0
40 28 57 2.7868 0
100 39 56 2.6403 0
55 73 107 2.8057 0
33 57 81 2.7612 0
94 72 75 2.6427 0
51 31 92 2.6991 0
99 28 57 2.6647 0
31 93 82 2.5652 0
82 94 72 2.6162 0
37 100 56 2.6403 0
100 88 57 2.6403 0
40 76 96 2.532 0
62 71 97 2.5702 0
95 94 81 2.5505 0
31 43 73 2.5652 0
72 53 55 2.3051 0
77 94 92 2.4338 0
95 72 83 2.5359 0
55 30 63 2.4033 0
31 31 65 2.5337 0
74 30 63 2.4033 0
58 41 55 2.3051 0
31 49 63 2.4121 0
88 43 55 2.3051 0
92 100 55 2.3051 0
31 52 92 2.3686 0
32 87 82 2.4298 0
0
