128
65 70 70 23.7798 0
82 24 54 6.3951 0
24 100 46 0.5 0
39 89 57 9.6984 0
79 41 56 9.3839 0
90 72 114 0.5 0
81 73 99 8.2356 0
82 90 88 7.0128 0
89 100 46 0.5 0
82 43 73 6.7381 0
82 92 55 6.6748 0
43 92 74 6.2126 0
63 44 52 6.2709 0
56 93 52 5.6669 0
84 56 51 5.2119 0
83 51 85 5.2691 0
84 93 75 5.2119 0
69 93 51 5.274 0
69 41 77 5.0986 0
42 74 51 4.966 0
83 61 92 4.7161 0
70 94 87 4.6591 0
53 94 82 4.1346 0
73 47 86 4.236 0
83 81 50 4.2661 0
54 52 50 3.8645 0
72 29 52 3.8998 0
64 45 85 3.7863 0
52 95 63 3.6512 0
38 82 70 3.6537 0
33 95 69 3.6512 0
66 35 58 3.6034 0
80 95 66 3.6512 0
70 41 67 3.6493 0
66 53 93 3.6155 0
85 72 49 3.2582 0
73 52 49 3.2582 0
74 54 92 3.4811 0
61 93 86 3.4452 0
46 64 50 3.4123 0
51 83 49 3.2582 0
29 95 49 3.2338 0
85 65 108 3.2175 0
86 79 89 3.1962 0
39 74 60 3.1604 0
86 52 60 3.1962 0
86 90 65 3.1962 0
73 28 60 3.1173 0
66 34 50 3.0391 0
53 96 72 2.6433 0
86 84 97 2.8873 0
64 96 59 2.6433 0
28 96 63 2.6433 0
76 96 79 2.6433 0
75 96 72 2.6433 0
27 96 56 2.6433 0
74 96 61 2.6433 0
74 83 93 2.5759 0
59 44 77 2.712 0
58 96 76 2.6433 0
86 74 110 2.5761 0
64 96 79 2.6433 0
58 49 87 2.6151 0
87 65 53 2.1883 0
87 52 69 2.1883 0
90 54 101 0.5 0
65 43 62 2.4182 0
59 55 92 2.4271 0
76 87 48 2.2504 0
63 42 71 2.4129 0
63 87 48 2.2504 0
87 84 79 2.1883 0
84 32 48 2.2504 0
84 65 48 2.2504 0
80 69 110 2.3076 0
90 29 65 0.5 0
76 58 48 2.2504 0
53 59 48 2.2504 0
87 63 85 2.1883 0
78 31 48 2.2504 0
64 54 48 2.2504 0
85 30 61 2.2999 0
38 75 67 2.0268 0
87 51 77 2.1883 0
76 41 82 2.1775 0
86 48 48 2.2504 0
69 59 95 2.2249 0
48 94 48 2.2504 0
87 69 86 2.1883 0
50 75 48 2.2504 0
70 85 48 2.2504 0
87 86 71 2.1883 0
34 88 70 2.1248 0
87 54 92 2.1883 0
87 48 65 2.1883 0
87 77 55 2.1883 0
48 57 53 2.0403 0
87 87 48 2.1883 0
87 96 63 2.1883 0
87 82 60 2.1883 0
87 58 80 2.1883 0
87 60 58 2.1883 0
42 83 78 1.855 0
79 64 106 2.097 0
41 68 58 2.1176 0
63 60 95 2.0614 0
55 48 82 2.0455 0
36 80 48 1.8909 0
56 48 57 1.9599 0
68 97 65 1.6354 0
48 87 82 1.9494 0
76 64 94 1.8691 0
79 28 62 1.8915 0
59 97 70 1.6354 0
89 17 46 0.6593 0
68 97 70 1.6354 0
63 97 67 1.6354 0
87 97 48 1.6354 0
70 97 75 1.6354 0
59 97 62 1.6354 0
79 85 96 1.8223 0
74 37 72 1.7416 0
48 58 48 1.8215 0
87 25 62 1.6795 0
68 47 91 1.8047 0
89 60 101 0.6726 0
62 48 91 1.6649 0
90 100 92 0.5 0
0
