128
66 66 67 10.0224 0
31 22 59 1.9401 0
34 95 65 8.3124 0
117 86 57 0.5 0
41 73 71 14.3596 0
93 30 88 0.5 0
63 89 69 11.4258 0
89 79 66 9.3202 0
59 18 57 0.5 0
28 42 63 3.5566 0
101 51 80 0.5 0
36 51 65 7.3704 0
51 54 64 6.4589 0
46 94 76 6.4824 0
76 39 85 0.5419 0
115 69 68 0.9195 0
98 104 57 0.5 0
75 76 77 5.6486 0
105 77 62 5.2887 0
26 92 93 0.1945 0
43 32 59 1.8842 0
82 65 63 5.4249 0
49 98 62 5.2887 0
84 51 80 0.9868 0
36 36 62 5.2887 0
80 91 62 4.9519 0
100 94 59 2.2651 0
30 57 77 4.4174 0
48 19 59 1.6759 0
64 75 80 4.3864 0
75 79 61 4.2809 0
29 61 61 4.2809 0
95 41 84 0.8412 0
30 88 78 3.9651 0
100 59 57 0.1466 0
53 58 75 4.0321 0
92 58 75 1.1427 0
46 44 62 3.8604 0
93 92 61 3.7203 0
73 47 57 0.5 0
37 26 61 3.7032 0
62 53 61 3.6733 0
52 85 81 3.6905 0
29 81 84 3.4085 0
29 29 60 3.273 0
29 84 60 3.273 0
98 70 60 3.273 0
45 88 60 3.273 0
39 55 77 3.1649 0
71 100 61 3.3287 0
58 77 60 3.273 0
79 87 71 3.1489 0
73 49 84 0.5 0
56 78 81 3.0936 0
91 66 60 3.0452 0
37 100 76 2.9933 0
119 73 57 0.5 0
80 69 72 2.8532 0
84 43 84 0.9428 0
56 65 78 2.8687 0
45 54 73 2.7997 0
33 63 84 2.8633 0
105 66 72 0.506 0
92 48 80 0.9708 0
27 100 83 0.6222 0
61 82 84 2.6945 0
27 69 60 2.6399 0
60 41 57 0.5 0
43 21 60 2.6032 0
87 53 57 0.5 0
58 101 61 2.5224 0
109 89 58 0.9098 0
54 100 75 2.5532 0
44 101 69 2.5224 0
84 61 72 2.012 0
87 102 57 0.5 0
64 101 60 2.5224 0
54 101 69 2.5224 0
27 76 60 2.4286 0
27 58 68 2.479 0
87 96 60 2.4895 0
51 84 59 2.2651 0
76 59 60 2.4292 0
70 55 60 2.3249 0
76 71 59 2.2651 0
27 48 59 2.2651 0
27 36 59 2.2651 0
70 69 80 2.3909 0
28 64 80 2.3858 0
112 73 66 2.2583 0
50 63 59 2.2651 0
28 95 87 0.8971 0
65 78 59 2.2651 0
93 99 59 2.2651 0
37 60 59 2.2651 0
107 85 59 2.2651 0
103 71 68 2.2922 0
52 90 59 2.2651 0
59 55 71 2.1892 0
43 60 59 2.2651 0
28 85 69 2.2479 0
56 70 59 2.2651 0
58 88 83 2.3006 0
36 85 59 2.2651 0
58 59 59 2.2651 0
27 54 59 2.2651 0
101 86 62 1.6202 0
39 59 82 2.2035 0
37 19 59 1.9826 0
111 85 70 0.5 0
37 90 76 2.0422 0
29 96 80 1.422 0
28 86 88 2.0213 0
99 83 59 2.0187 0
100 58 77 0.5 0
45 86 82 1.8706 0
93 35 86 0.7393 0
101 80 69 1.8776 0
26 105 57 0.5 0
55 71 81 1.9064 0
55 96 79 1.7723 0
105 90 59 1.7964 0
27 81 78 1.8538 0
26 49 64 1.8549 0
45 48 69 1.8125 0
90 53 78 0.8707 0
78 49 82 0.5592 0
44 58 80 1.5524 0
0
