128
70 55 71 8.5859 0
23 104 64 0.5 0
105 104 64 0.5 0
24 24 63 0.904 0
64 103 63 0.904 0
24 65 63 0.904 0
105 23 64 0.5 0
101 72 96 0.5 0
69 89 96 0.5 0
96 34 96 0.5 0
42 71 95 0.5 0
39 49 67 4.5544 0
103 74 63 0.904 0
59 26 95 0.5 0
46 82 64 0.5229 0
57 23 63 0.5 0
103 48 63 0.904 0
82 87 64 1.0318 0
81 24 63 0.904 0
42 43 96 0.5 0
95 56 84 2.0114 0
80 33 85 2.0378 0
86 75 85 1.9949 0
60 75 83 2.4328 0
43 103 63 0.904 0
62 36 83 2.4327 0
45 57 86 1.5965 0
24 85 63 0.904 0
64 81 64 1.0318 0
91 40 69 1.5908 0
37 64 66 3.5465 0
86 105 65 0.5 0
41 25 63 0.5229 0
54 48 81 2.6859 0
97 91 64 1.0318 0
30 35 68 2.202 0
87 70 63 0.9767 0
89 43 83 2.3875 0
73 78 83 2.3555 0
56 63 80 2.8114 0
48 36 68 2.0734 0
31 56 67 4.5544 0
54 69 63 0.5229 0
55 92 64 1.0318 0
68 33 63 0.5039 0
85 65 80 2.7865 0
104 49 96 0.5 0
73 23 96 0.5 0
55 84 96 0.5 0
91 56 63 0.5039 0
34 95 64 1.0726 0
103 61 64 0.904 0
74 97 64 1.0318 0
49 37 90 1.0953 0
103 35 63 0.904 0
82 86 95 0.3151 0
93 26 64 0.5316 0
34 80 64 1.0216 0
73 42 79 2.8631 0
76 75 63 0.5229 0
80 36 63 0.5229 0
50 72 87 1.7607 0
30 46 68 3.5949 0
95 49 68 1.9113 0
94 67 86 1.9118 0
52 58 64 0.5229 0
67 28 89 1.3738 0
94 81 64 1.0318 0
45 56 66 3.3051 0
88 96 64 1.0318 0
85 49 64 1.2171 0
98 43 91 0.8142 0
102 61 94 0.687 0
39 36 68 2.1545 0
75 66 78 2.8789 0
59 40 62 0.5 0
86 27 95 0.5 0
65 92 64 1.0318 0
92 82 96 0.5 0
57 55 79 2.8624 0
87 50 80 2.6793 0
46 45 88 1.5524 0
90 34 90 1.1175 0
63 83 89 1.2974 0
61 46 79 2.8558 0
85 30 70 0.9473 0
24 75 64 0.904 0
54 103 64 0.904 0
39 54 96 0.5 0
80 50 78 2.8909 0
67 71 63 0.5229 0
71 24 64 0.904 0
97 31 74 0.5 0
29 65 66 2.8987 0
88 58 80 2.6481 0
64 64 78 2.897 0
45 93 64 0.5229 0
96 103 63 0.904 0
24 95 63 0.904 0
69 34 83 2.4428 0
81 60 78 2.9012 0
83 44 80 2.7941 0
56 32 89 1.3338 0
66 40 80 2.8198 0
54 81 64 1.0318 0
105 84 64 0.5 0
64 71 80 2.8114 0
80 83 89 1.2031 0
45 73 64 0.5229 0
80 70 80 2.7975 0
51 45 63 0.8154 0
51 42 85 2.106 0
71 73 80 2.6982 0
59 31 64 0.9266 0
41 63 93 0.8824 0
79 67 63 0.5229 0
51 59 82 2.5607 0
76 36 82 2.605 0
95 30 68 1.7585 0
56 42 82 2.6224 0
32 26 63 0.5229 0
96 67 63 0.5039 0
80 76 83 2.4746 0
93 75 90 1.1203 0
84 38 83 2.3875 0
58 69 81 2.5711 0
93 48 84 2.3137 0
50 26 63 0.5229 0
0
