128
56 51 62 9.5881 0
83 97 35 4.742 0
71 72 119 0.5 0
54 79 40 9.4713 0
86 26 31 0.8586 0
71 54 97 6.0687 0
69 48 43 12.3623 0
83 86 74 0.5 0
53 74 89 5.5386 0
71 81 52 10.2616 0
74 74 82 5.6497 0
41 27 32 1.7498 0
53 78 61 8.2163 0
69 52 76 7.983 0
42 55 33 2.6839 0
49 48 37 6.8846 0
76 49 62 6.8971 0
84 69 33 2.9875 0
69 78 70 6.6514 0
53 64 114 0.8859 0
56 54 98 5.6826 0
54 53 79 6.304 0
75 72 37 6.135 0
76 87 36 6.0111 0
39 103 34 0.5 0
51 62 36 5.9936 0
57 77 77 5.9544 0
61 95 35 5.0032 0
47 95 35 5.0032 0
73 74 95 5.6162 0
62 31 35 5.0032 0
52 42 49 5.3218 0
53 60 49 5.3408 0
74 61 56 5.1607 0
81 36 35 5.0032 0
59 74 107 1.6844 0
80 61 35 5.0032 0
45 33 35 5.0032 0
75 68 65 4.8922 0
67 40 60 4.86 0
52 63 71 4.8171 0
67 58 117 0.7449 0
74 65 46 4.234 0
57 75 99 3.9995 0
71 97 34 3.9954 0
74 64 75 4.0437 0
73 30 34 3.9954 0
54 37 37 3.9834 0
80 80 66 3.8528 0
76 54 87 3.837 0
51 88 51 3.8363 0
51 65 61 3.8024 0
84 80 34 3.7805 0
84 52 35 3.6857 0
47 51 50 3.5728 0
43 69 34 3.6444 0
43 86 34 3.5868 0
54 70 51 3.615 0
71 61 110 1.7504 0
61 88 62 3.4169 0
70 72 108 1.7916 0
59 72 120 0.5 0
65 76 86 3.3168 0
50 39 58 3.3121 0
51 55 89 3.3068 0
59 58 110 1.7555 0
77 39 57 3.2078 0
69 58 64 3.0231 0
53 64 80 3.1659 0
72 61 84 3.049 0
66 87 33 2.9875 0
69 80 33 2.9875 0
53 29 33 2.9875 0
66 89 40 2.8909 0
58 55 33 2.9875 0
65 76 101 2.8437 0
63 75 114 1.7408 0
71 61 33 2.7489 0
81 80 42 2.8449 0
77 60 68 2.8494 0
54 66 96 2.2035 0
58 38 59 2.821 0
61 38 53 2.8287 0
46 76 51 2.685 0
50 70 77 2.7776 0
57 89 56 2.8128 0
58 89 48 2.8102 0
46 45 69 2.7234 0
59 45 75 2.7572 0
77 89 62 2.761 0
62 77 93 2.6211 0
42 41 33 2.7313 0
55 61 86 2.6844 0
50 72 101 2.659 0
81 75 60 2.5946 0
88 26 42 0.5 0
72 62 91 2.5204 0
85 45 33 2.6541 0
46 82 70 2.5394 0
85 28 35 2.5965 0
42 77 35 2.6094 0
81 52 53 2.4646 0
46 75 70 2.5038 0
55 62 106 1.6981 0
68 89 63 2.409 0
59 60 120 0.5 0
42 59 38 2.339 0
65 56 86 2.4169 0
65 57 108 1.8289 0
54 99 38 2.339 0
66 79 80 2.3963 0
55 69 114 1.6053 0
85 74 38 2.339 0
85 54 73 0.5 0
79 28 38 2.339 0
81 69 105 0.5 0
85 89 38 2.339 0
66 74 33 2.1846 0
72 62 102 2.3288 0
81 48 105 0.5 0
47 93 63 0.5 0
73 67 88 2.2855 0
73 65 96 2.2787 0
49 89 63 2.1349 0
54 63 101 2.2137 0
54 61 92 2.2205 0
73 68 102 2.0855 0
78 73 71 2.1142 0
0
