128
63 57 64 0.8051 0
34 112 56 0.5 0
91 107 74 0.5 0
118 63 53 0.5 0
9 66 72 0.5 0
94 16 73 0.5 0
35 17 53 0.5422 0
65 93 53 0.5422 0
40 84 76 0.8985 0
92 73 76 0.9741 0
34 43 73 0.7311 0
92 42 53 0.5422 0
70 30 69 1.7935 0
32 66 53 0.5422 0
90 87 54 0.8602 0
68 80 74 0.8861 0
89 48 76 0.9912 0
49 38 53 0.5422 0
46 23 73 0.7311 0
111 58 75 0.5 0
84 64 53 0.5422 0
33 89 54 0.7203 0
50 102 67 0.9159 0
44 62 73 0.7311 0
85 20 53 0.3682 0
52 75 53 0.5422 0
86 108 54 0.8582 0
72 100 70 0.6518 0
55 44 78 0.8843 0
102 72 59 0.7551 0
25 75 68 0.9695 0
12 62 53 0.5271 0
73 43 53 0.5422 0
33 108 73 0.7311 0
89 90 73 0.7311 0
24 58 73 0.7311 0
72 47 74 1.2489 0
93 32 68 0.6883 0
104 54 59 0.6991 0
34 48 54 0.538 0
78 64 73 0.7311 0
70 75 53 0.5422 0
48 58 53 0.5422 0
62 29 54 0.72 0
34 32 60 0.6312 0
53 75 73 0.7311 0
49 92 53 0.5422 0
58 48 55 1.3744 0
59 94 76 0.9539 0
33 94 68 0.9736 0
47 23 58 0.8209 0
58 35 69 1.7798 0
98 61 73 0.7311 0
83 22 67 0.556 0
23 56 58 0.8333 0
34 18 67 0.6406 0
45 105 54 0.8171 0
35 30 73 0.7311 0
21 73 55 0.7864 0
79 96 53 0.5422 0
81 79 73 0.7311 0
112 66 65 0.8505 0
82 33 53 0.5422 0
72 57 53 0.5422 0
64 66 73 0.7311 0
81 37 73 0.7311 0
63 82 56 1.4966 0
45 49 73 0.7311 0
96 19 60 0.5 0
39 77 53 0.5422 0
91 78 64 0.742 0
61 65 53 0.5422 0
91 99 63 0.5 0
32 68 74 0.8495 0
58 50 69 1.7746 0
94 49 64 0.8226 0
83 51 53 0.5422 0
77 90 73 0.7311 0
82 106 66 0.8522 0
46 35 73 0.7311 0
47 93 73 0.7311 0
94 29 53 0.4197 0
96 62 53 0.5422 0
82 77 53 0.5422 0
62 95 64 0.8247 0
104 73 71 0.5 0
33 83 64 0.7855 0
33 101 53 0.5422 0
14 69 63 0.8961 0
19 68 73 0.7311 0
74 27 57 0.8685 0
32 51 65 0.7988 0
40 108 64 0.7182 0
93 76 53 0.5422 0
107 63 53 0.5422 0
42 102 73 0.7311 0
34 54 76 0.7487 0
54 64 73 0.7311 0
43 73 73 0.7311 0
63 72 56 1.4966 0
75 86 53 0.5422 0
88 60 73 0.7311 0
71 100 59 0.6554 0
55 99 57 0.7886 0
71 49 62 0.4081 0
45 48 53 0.5422 0
61 38 54 1.0501 0
92 41 70 0.9187 0
70 41 69 1.7925 0
81 99 73 0.7311 0
44 68 53 0.5422 0
94 52 53 0.5422 0
67 57 73 0.7311 0
89 98 53 0.5422 0
59 83 73 0.7311 0
32 78 73 0.7311 0
39 39 53 0.5422 0
16 60 67 0.7971 0
38 58 53 0.5422 0
81 51 73 0.7311 0
97 51 73 0.7311 0
71 36 59 0.8462 0
30 78 56 0.7571 0
64 44 77 1.0769 0
72 71 73 0.7311 0
67 51 54 1.0501 0
39 27 53 0.5422 0
54 27 63 0.8668 0
0
