128
63 57 65 1.1151 0
34 112 72 0.5 0
88 110 53 0.5 0
118 64 75 0.5 0
9 65 53 0.3186 0
94 17 53 0.4193 0
35 17 53 0.5422 0
66 94 76 0.5083 0
34 76 74 0.8712 0
93 75 53 0.5422 0
34 42 73 0.7304 0
92 44 73 0.7311 0
67 29 54 1.0501 0
47 94 53 0.5422 0
84 71 78 0.7007 0
67 81 56 1.4966 0
39 60 53 0.5422 0
89 93 70 0.874 0
106 54 54 0.5 0
57 34 76 0.9609 0
81 23 73 0.971 0
18 59 73 0.9322 0
83 52 53 0.5422 0
45 38 53 0.5422 0
39 21 73 0.7311 0
56 74 78 0.7374 0
45 94 73 0.7311 0
26 76 54 0.5678 0
45 59 73 0.7311 0
93 36 55 0.8601 0
33 108 53 0.5422 0
100 64 73 0.7311 0
73 42 73 0.7311 0
73 101 59 0.7709 0
48 76 53 0.5422 0
23 56 56 0.8333 0
58 44 55 1.3744 0
33 90 61 0.7094 0
85 90 53 0.5422 0
51 25 61 0.707 0
80 57 73 0.7311 0
71 78 74 0.7665 0
108 71 59 0.5 0
77 67 53 0.5422 0
58 45 69 1.7764 0
90 109 75 0.5 0
70 30 69 1.7935 0
57 98 64 0.8797 0
91 78 67 0.5613 0
34 31 61 0.637 0
81 23 58 0.8323 0
78 102 73 0.7311 0
96 19 72 0.5 0
54 62 53 0.5422 0
43 106 63 0.8512 0
21 73 67 0.7464 0
34 46 58 0.5496 0
70 53 55 1.3541 0
32 62 74 0.8023 0
93 31 69 0.7096 0
94 61 53 0.5422 0
79 38 53 0.5422 0
94 49 60 0.8226 0
115 60 62 0.7919 0
33 99 70 0.6835 0
55 86 73 0.7311 0
46 38 74 0.9601 0
58 71 56 1.4966 0
78 90 76 0.7727 0
69 65 73 0.7311 0
47 73 74 1.739 0
49 49 77 1.0437 0
63 95 53 0.5422 0
10 66 66 0.6406 0
104 54 66 0.6991 0
92 56 74 0.9331 0
70 50 69 1.7916 0
30 52 67 0.8695 0
89 105 64 0.708 0
37 81 53 0.5422 0
46 50 53 0.5422 0
80 79 53 0.5422 0
70 39 55 1.3541 0
49 26 73 0.7311 0
82 80 73 0.7311 0
36 88 73 0.7311 0
42 27 53 0.5422 0
55 85 53 0.5422 0
32 79 63 0.8472 0
57 63 74 0.5422 0
57 33 65 0.8651 0
83 35 74 0.5422 0
55 32 53 0.5422 0
44 105 73 0.7311 0
90 18 63 0.6611 0
37 32 73 0.7311 0
74 91 53 0.5422 0
40 19 62 0.7749 0
29 65 53 0.5422 0
36 97 53 0.5422 0
17 71 57 0.5849 0
110 56 75 0.5 0
100 73 65 0.8889 0
111 66 70 0.9038 0
82 101 53 0.5422 0
90 87 61 0.8602 0
90 66 73 0.7311 0
78 73 75 1.8156 0
64 44 77 1.0769 0
68 98 67 0.9207 0
94 26 58 0.6264 0
67 64 53 0.5422 0
39 71 53 0.5422 0
37 51 73 0.7311 0
54 100 74 0.5422 0
50 102 57 0.8874 0
114 65 53 0.5422 0
33 109 63 0.7836 0
104 64 53 0.5422 0
35 37 53 0.5422 0
63 72 73 0.7311 0
83 46 73 0.7311 0
90 77 76 0.8004 0
27 70 73 0.7311 0
15 69 74 0.5422 0
15 61 59 0.6373 0
64 85 73 0.7311 0
90 97 58 0.4684 0
0
