128
50 30 65 3.1686 0
97 111 64 0.5 0
24 102 64 0.7351 0
107 53 64 0.5 0
65 77 64 1.1529 0
23 63 64 1.1529 0
82 30 65 3.1686 0
62 112 66 0.5 0
104 82 63 1.1529 0
22 36 64 0.8093 0
83 57 64 1.1529 0
47 57 63 1.1529 0
40 84 64 1.1529 0
83 93 63 1.1529 0
107 26 63 0.5 0
43 109 63 1.1529 0
65 49 64 1.1529 0
56 95 64 1.1529 0
86 75 64 1.1529 0
23 81 63 1.1529 0
78 109 63 1.1529 0
33 48 63 1.1529 0
98 39 63 1.1529 0
104 98 63 1.1529 0
50 72 64 1.1529 0
98 63 63 1.1529 0
62 63 64 1.1529 0
33 28 63 1.1529 0
33 72 64 1.1529 0
37 97 63 1.1529 0
65 33 64 1.1529 0
53 45 63 1.1529 0
68 99 64 1.1529 0
79 44 63 1.1529 0
74 85 64 1.1529 0
74 69 64 1.1529 0
91 102 64 1.1529 0
92 49 63 1.1529 0
95 91 64 1.1529 0
40 39 64 1.1529 0
97 28 64 1.1529 0
38 32 75 0.5 0
56 83 64 1.1529 0
37 61 63 1.1529 0
29 90 64 1.1529 0
53 105 63 1.1529 0
32 108 64 1.1529 0
22 48 64 0.8093 0
42 30 65 3.1686 0
65 89 64 1.1529 0
74 53 64 1.1529 0
101 72 64 1.1529 0
73 33 75 0.5 0
70 41 64 1.1529 0
92 82 63 1.1529 0
56 55 64 1.1529 0
47 97 63 1.1529 0
89 64 64 1.1529 0
89 40 64 1.1529 0
101 48 64 1.1529 0
43 49 63 1.1529 0
30 38 63 1.1529 0
104 33 63 1.1529 0
24 27 64 0.8228 0
69 110 63 0.7958 0
88 112 66 0.5 0
33 80 63 1.1529 0
27 56 64 1.1529 0
23 71 63 1.1529 0
47 89 64 1.1529 0
104 90 63 1.1529 0
40 76 64 1.1529 0
83 101 63 1.1529 0
83 85 63 1.1529 0
74 93 64 1.1529 0
74 77 64 1.1529 0
74 61 64 1.1529 0
75 29 65 2.5327 0
55 29 76 0.5 0
87 31 76 0.5 0
43 69 63 1.1529 0
101 56 64 1.1529 0
92 57 63 1.1529 0
53 65 63 1.1529 0
47 81 63 1.1529 0
23 95 63 1.1529 0
59 41 64 1.1529 0
62 103 64 1.1529 0
59 73 64 1.1529 0
30 63 64 1.1529 0
85 108 63 1.1529 0
107 63 65 0.5 0
83 69 63 1.1529 0
24 42 63 1.1529 0
65 69 64 1.1529 0
65 57 64 1.1529 0
101 104 63 1.1529 0
89 88 63 1.1529 0
86 46 63 1.1529 0
29 98 63 1.1529 0
46 30 74 0.5572 0
92 109 64 1.1529 0
61 28 63 1.1529 0
97 99 64 1.1529 0
78 28 73 0.8099 0
92 73 63 1.1529 0
37 53 63 1.1529 0
104 41 63 1.1529 0
98 84 63 1.1529 0
91 34 64 1.1529 0
89 96 64 1.1529 0
80 79 64 1.1529 0
80 63 64 1.1529 0
80 51 64 1.1529 0
77 38 63 1.1529 0
74 101 64 1.1529 0
72 47 64 1.1529 0
68 83 64 1.1529 0
52 38 64 1.1529 0
27 32 63 1.1529 0
62 95 64 1.1529 0
62 83 64 1.1529 0
59 89 64 1.1529 0
59 49 64 1.1529 0
23 89 63 1.1529 0
53 89 64 1.1529 0
68 63 64 1.1529 0
40 104 64 1.1529 0
0
