128
67 63 64 3.0155 0
14 62 66 5.0401 0
116 77 64 2.0871 0
94 63 66 4.6511 0
42 80 64 3.0243 0
42 47 64 3.0243 0
120 49 64 0.5 0
60 79 65 3.1934 0
60 48 65 3.1934 0
47 64 64 3.0159 0
110 56 65 3.5513 0
25 80 67 2.3893 0
23 52 67 5.1295 0
78 73 71 1.9488 0
78 54 71 1.9491 0
27 65 75 2.6561 0
60 59 81 0.5 0
43 57 81 0.5 0
43 71 78 1.0183 0
25 63 67 4.6143 0
21 73 66 4.1668 0
109 65 65 4.0322 0
62 72 80 0.5 0
81 63 65 2.1336 0
58 68 63 2.0164 0
78 72 64 3.0243 0
78 55 64 3.0243 0
40 57 63 2.0164 0
111 73 65 3.1692 0
13 71 64 3.0243 0
102 60 64 3.0243 0
40 63 64 3.0157 0
54 63 64 3.0155 0
75 64 64 3.0159 0
42 49 76 0.9257 0
42 79 74 1.3628 0
26 58 74 2.8274 0
62 52 75 0.7762 0
114 50 64 2.5514 0
59 76 75 0.8143 0
93 71 64 2.4026 0
102 68 64 2.302 0
29 76 76 0.5 0
59 55 64 2.0164 0
63 73 63 2.0164 0
45 74 63 2.0164 0
45 53 63 2.0164 0
20 62 73 2.2201 0
60 49 72 1.8778 0
80 61 77 0.5 0
43 69 64 2.0164 0
27 75 71 1.6783 0
27 70 63 2.0164 0
42 81 70 2.0578 0
42 46 70 2.0561 0
63 68 64 2.0164 0
63 58 63 2.0164 0
58 73 64 2.0164 0
45 58 64 2.0164 0
40 74 64 2.0164 0
93 56 63 2.0164 0
60 78 72 1.8776 0
33 66 62 0.7891 0
42 53 77 1.2703 0
27 75 63 1.677 0
27 70 69 1.5849 0
86 66 62 0.7891 0
28 57 63 1.4721 0
25 45 63 1.3707 0
9 67 63 1.6227 0
118 61 64 0.5 0
15 79 61 0.5 0
20 82 61 0.5 0
115 68 64 1.4579 0
39 52 64 1.3977 0
60 73 77 1.331 0
58 56 77 0.6306 0
28 70 74 1.4724 0
78 57 75 1.1959 0
21 80 64 1.4156 0
105 72 64 1.349 0
60 54 77 1.331 0
114 61 66 1.4335 0
31 62 62 1.0086 0
40 60 78 0.5 0
27 52 74 1.1269 0
15 50 61 0.5007 0
78 80 63 0.5 0
15 76 64 1.3361 0
103 64 68 1.1432 0
116 55 64 1.1773 0
14 70 72 0.5 0
28 83 61 0.5 0
59 60 63 1.2428 0
92 70 69 1.0262 0
42 74 77 1.2704 0
26 81 62 1.0086 0
61 58 78 0.9511 0
30 66 63 1.1686 0
106 60 68 1.0703 0
43 87 61 0.5 0
78 77 66 1.1249 0
78 50 66 1.1249 0
64 54 64 1.1675 0
115 59 63 1.1232 0
42 48 74 1.3628 0
38 68 64 1.0777 0
16 67 75 0.5 0
116 72 63 1.0859 0
22 59 62 1.0086 0
79 71 77 0.5 0
10 68 67 1.1405 0
97 58 62 1.0086 0
14 76 70 0.5 0
24 78 71 1.1055 0
92 57 69 1.0259 0
42 59 79 0.9735 0
79 67 62 1.0086 0
17 68 62 1.0086 0
42 85 62 1.0086 0
42 42 62 1.0086 0
81 59 62 1.0086 0
78 77 62 1.0086 0
78 50 62 1.0086 0
21 57 72 1.0706 0
56 58 63 1.0086 0
86 60 63 0.6642 0
22 68 62 1.0086 0
0
