128
73 77 72 0.898 0
99 19 62 0.5 0
28 109 66 0.5 0
97 54 62 0.5 0
56 100 62 0.7512 0
87 70 63 1.0104 0
74 92 62 0.5 0
100 37 63 0.5 0
32 94 62 0.6949 0
62 88 71 0.5 0
42 106 62 0.5 0
86 57 69 0.5 0
80 81 62 0.75 0
80 67 73 0.5 0
72 74 62 0.5 0
65 95 62 0.75 0
95 45 63 0.5857 0
91 61 62 0.75 0
99 28 62 0.5 0
34 106 62 0.7512 0
48 101 62 0.7512 0
58 93 67 0.8331 0
91 51 67 0.5 0
72 82 63 0.5 0
68 84 73 0.5 0
38 100 62 0.7041 0
79 69 62 0.5 0
76 84 63 1.2006 0
83 62 70 0.8068 0
86 78 62 0.5 0
78 73 73 0.5 0
84 70 70 0.5 0
69 91 62 0.75 0
52 99 63 0.7953 0
100 43 62 0.5 0
77 76 62 0.5 0
60 97 62 0.75 0
92 66 64 0.5 0
75 82 69 0.5 0
99 48 62 0.5 0
95 58 64 0.5 0
73 88 63 0.9938 0
55 96 65 0.8874 0
84 75 63 0.9481 0
43 102 62 0.7512 0
98 33 62 0.5 0
88 65 62 0.6741 0
72 78 62 0.75 0
70 80 72 0.8003 0
95 49 65 0.5 0
38 104 62 0.7512 0
35 97 62 0.6194 0
90 55 68 0.5 0
97 40 62 0.5 0
100 23 63 0.5 0
62 91 68 0.5 0
82 78 63 0.5418 0
66 87 71 0.5 0
51 104 63 0.5 0
46 106 62 0.5 0
30 107 63 0.5 0
81 85 63 0.5 0
75 74 72 0.8435 0
69 95 63 0.5 0
64 99 62 0.5 0
96 50 62 0.75 0
77 89 62 0.5 0
77 69 72 0.5 0
82 70 64 0.5 0
93 56 62 0.5992 0
95 61 62 0.5 0
88 75 62 0.5 0
101 31 62 0.5 0
86 72 67 0.5 0
30 95 65 0.5 0
81 65 71 0.7534 0
86 60 71 0.5 0
97 43 62 0.75 0
37 108 62 0.5 0
59 100 64 0.5 0
89 67 63 0.5351 0
75 74 62 0.75 0
80 70 71 0.5 0
54 103 62 0.5 0
91 64 62 0.75 0
66 84 71 0.7086 0
46 103 64 0.5 0
84 81 62 0.5 0
86 73 63 0.9739 0
67 93 63 0.6656 0
93 59 62 0.75 0
40 102 62 0.7385 0
75 80 62 0.5 0
71 90 63 0.9166 0
92 49 65 0.5 0
83 68 62 0.5 0
100 40 63 0.5 0
32 109 62 0.5 0
101 34 62 0.5 0
64 89 69 0.5 0
63 97 64 0.5 0
79 82 65 0.5 0
74 80 71 0.5 0
97 47 64 0.5 0
83 72 62 0.5 0
61 100 62 0.5 0
101 26 62 0.5 0
79 87 63 0.5 0
82 68 70 0.5 0
92 68 62 0.5 0
85 59 69 0.7684 0
60 91 68 0.8863 0
93 63 64 0.5 0
82 82 64 0.5 0
94 53 62 0.343 0
48 104 62 0.5 0
71 93 64 0.5 0
51 102 62 0.7512 0
97 46 62 0.75 0
64 87 70 0.728 0
58 96 67 0.5 0
84 70 62 0.75 0
62 89 69 0.8114 0
77 81 62 0.75 0
55 99 65 0.5 0
75 87 63 0.9317 0
72 79 74 0.5 0
96 52 64 0.5 0
0
