128
68 78 67 8.8497 0
51 9 59 0.8922 0
10 49 59 0.5487 0
107 26 59 0.5 0
36 35 97 0.5 0
17 97 63 0.5 0
119 70 59 0.901 0
89 39 96 0.3529 0
55 64 108 2.1657 0
74 37 62 3.7612 0
42 48 63 4.1442 0
47 117 59 0.8018 0
103 103 59 0.9602 0
104 69 91 0.5 0
33 89 92 0.4055 0
65 53 86 4.1154 0
77 118 67 0.4048 0
64 103 97 0.5 0
33 77 61 2.2927 0
24 61 93 0.4106 0
48 61 67 8.8497 0
91 58 63 3.2558 0
69 49 67 8.8497 0
26 21 68 0.5 0
90 93 94 0.3001 0
64 24 96 0.3046 0
80 64 67 8.2694 0
76 9 59 0.9001 0
117 47 70 0.2895 0
7 73 61 0.5 0
55 70 89 3.7878 0
48 97 60 1.7946 0
47 25 76 0.4836 0
105 83 73 0.4275 0
51 78 66 6.9916 0
93 26 76 0.3424 0
50 107 81 0.5 0
53 29 60 1.7946 0
86 96 60 1.7946 0
72 66 103 2.5179 0
20 47 77 0.5398 0
103 50 85 0.3766 0
19 69 76 0.5324 0
53 45 65 6.0502 0
70 104 60 1.5078 0
57 74 78 6.007 0
57 53 78 5.8915 0
32 101 75 0.1489 0
25 57 60 1.7946 0
74 103 81 0.5 0
75 25 81 0.5586 0
90 20 59 0.7026 0
22 36 59 0.7867 0
30 108 59 0.9858 0
99 75 60 1.7946 0
96 41 60 1.7946 0
74 64 89 3.8289 0
115 88 58 0.5 0
62 16 72 0.5393 0
109 62 72 0.4974 0
74 69 80 5.3688 0
73 56 80 5.3162 0
36 50 87 0.5 0
34 73 85 0.3596 0
110 54 59 0.7867 0
38 21 59 0.7867 0
93 79 84 0.4906 0
61 117 69 0.5 0
91 115 60 0.5 0
64 87 97 0.5 0
23 84 80 0.5 0
85 77 63 4.8182 0
30 35 74 0.4769 0
57 57 98 2.719 0
85 51 63 4.8182 0
18 83 59 0.7867 0
80 81 97 0.5 0
52 63 83 4.7137 0
66 19 59 0.7867 0
99 90 60 1.2535 0
59 89 63 4.5145 0
50 92 86 0.5097 0
47 36 86 0.5 0
39 72 63 4.5412 0
32 93 60 0.983 0
20 70 60 1.2262 0
66 74 86 4.3695 0
114 39 59 0.6725 0
91 64 96 0.4582 0
39 64 97 0.5 0
65 55 109 1.6516 0
60 72 101 2.4675 0
80 90 84 0.3262 0
103 97 74 0.5 0
38 114 70 0.5 0
87 31 60 1.7235 0
9 61 68 0.5 0
68 35 88 0.4181 0
46 45 97 0.5 0
44 83 97 0.5 0
89 47 85 0.3836 0
61 29 74 0.5842 0
63 37 63 4.0764 0
84 36 77 0.4476 0
68 119 59 0.5442 0
37 33 60 0.9649 0
67 55 99 2.8288 0
103 50 72 0.4606 0
91 91 73 0.5 0
41 92 76 0.5026 0
56 56 89 3.7366 0
47 13 71 0.4452 0
81 86 62 3.8103 0
35 61 62 3.8103 0
73 90 62 3.8103 0
57 109 60 0.5942 0
12 80 71 0.2994 0
42 88 61 2.5894 0
92 66 62 3.8103 0
87 16 72 0.5 0
81 42 62 3.8103 0
80 48 95 0.4688 0
15 38 70 0.5 0
96 59 79 0.5 0
80 111 59 0.7391 0
111 78 59 0.7867 0
87 100 85 0.5 0
79 22 59 0.7867 0
0
