128
79 74 58 6.0321 0
57 15 65 5.0242 0
52 119 75 0.5 0
30 59 74 0.6208 0
45 81 58 6.0321 0
79 37 58 6.0321 0
49 52 58 6.0321 0
74 112 53 0.9927 0
58 100 68 5.7239 0
95 56 73 1.9731 0
92 52 58 5.6601 0
59 35 58 5.1003 0
69 111 66 6.0321 0
37 68 58 6.0321 0
43 37 71 3.1233 0
95 86 76 0.5 0
67 82 58 6.0321 0
91 66 58 6.0321 0
78 94 71 3.0156 0
68 45 58 6.0321 0
70 28 67 5.0242 0
79 88 58 6.0321 0
79 53 58 6.0321 0
46 39 58 6.0321 0
57 92 58 6.0321 0
36 50 58 6.0321 0
69 16 66 6.0321 0
58 27 67 5.7239 0
90 80 59 5.5263 0
56 114 57 3.6126 0
90 43 71 3.1205 0
30 79 76 0.5 0
43 90 71 3.1233 0
70 99 65 5.0242 0
57 112 67 5.0242 0
94 77 72 2.9788 0
33 77 69 2.9788 0
47 63 60 4.0772 0
69 93 56 4.0164 0
33 50 71 2.9788 0
56 81 56 4.0164 0
49 71 56 3.8902 0
69 33 56 3.8822 0
35 80 62 3.6655 0
47 92 62 3.6796 0
89 43 62 3.5287 0
64 12 54 2.0006 0
37 84 71 3.1205 0
87 89 73 2.0006 0
84 37 68 3.1233 0
96 66 73 1.6286 0
37 43 71 3.1205 0
81 64 61 3.3614 0
57 13 55 3.0085 0
57 46 61 3.3614 0
73 19 54 1.9565 0
70 13 56 3.2219 0
70 114 56 3.2219 0
78 33 71 3.0156 0
49 33 68 3.0156 0
84 90 67 3.1233 0
54 24 54 1.5006 0
90 84 68 3.1205 0
94 50 71 2.9788 0
33 77 55 3.0085 0
49 94 71 3.0156 0
42 59 55 3.0085 0
86 45 55 3.0085 0
40 87 65 2.8502 0
31 66 73 1.6286 0
39 40 65 2.8247 0
32 60 62 2.6365 0
54 104 53 0.9927 0
62 12 72 2.6047 0
32 60 55 2.6365 0
95 74 64 2.6365 0
42 90 56 2.6492 0
61 19 72 2.3908 0
48 94 55 2.5301 0
73 101 56 2.0006 0
36 84 56 2.4678 0
54 75 60 2.4585 0
42 57 62 2.3535 0
86 59 62 2.3535 0
82 45 62 2.3535 0
45 72 62 2.3535 0
52 31 61 2.2714 0
52 31 55 2.2714 0
66 96 72 2.1844 0
58 50 55 2.1399 0
32 55 67 2.2125 0
32 72 65 2.2125 0
63 119 76 0.5 0
67 103 72 2.1364 0
95 55 66 2.2125 0
63 115 60 2.2023 0
55 12 73 2.0006 0
63 12 60 2.2023 0
78 65 55 2.1287 0
73 27 54 2.0006 0
73 100 73 2.0006 0
54 101 59 2.0006 0
32 72 73 2.0006 0
88 39 55 2.09 0
73 108 57 1.9565 0
73 106 73 2.0006 0
84 61 54 2.0006 0
78 95 64 2.0954 0
88 88 62 2.09 0
75 119 75 0.5 0
54 108 60 2.0006 0
94 47 65 2.0986 0
88 88 56 2.09 0
73 23 73 2.0006 0
62 115 73 2.0006 0
62 109 73 2.0006 0
65 31 73 2.0006 0
76 96 54 1.9004 0
64 115 54 2.0006 0
54 18 57 2.0006 0
92 44 54 2.0006 0
95 75 54 2.0006 0
77 45 54 2.0006 0
38 42 54 2.0006 0
95 71 73 1.9731 0
54 27 58 2.0006 0
73 28 59 2.0006 0
54 100 54 2.0006 0
0
