128
63 60 58 4.4266 0
119 64 77 0.5 0
9 63 80 0.5 0
24 59 52 3.2817 0
103 59 53 3.5047 0
38 59 78 3.5047 0
88 60 78 3.0276 0
78 59 40 2.4696 0
49 59 40 2.4696 0
14 60 67 3.5599 0
104 59 77 3.5047 0
85 60 63 3.8469 0
42 60 63 3.8469 0
24 59 77 3.5047 0
113 60 67 3.5599 0
60 59 43 3.5047 0
34 60 57 3.8573 0
93 60 57 3.8573 0
119 64 50 0.5 0
102 60 68 3.8343 0
25 60 68 3.8343 0
91 60 70 3.7648 0
9 64 49 0.5 0
19 60 60 3.8371 0
108 60 60 3.8371 0
36 60 70 3.7648 0
67 59 48 3.5047 0
55 59 53 3.5047 0
82 57 51 1.4889 0
69 59 65 3.5047 0
57 59 65 3.5047 0
72 59 56 3.5047 0
47 60 56 3.5115 0
112 59 52 3.2817 0
80 60 56 3.5115 0
112 59 75 3.5047 0
67 59 39 3.5047 0
16 59 76 3.5047 0
96 59 78 3.5047 0
16 59 52 3.2817 0
77 60 65 3.0276 0
27 59 60 2.7402 0
49 64 74 0.5 0
41 58 52 2.4968 0
87 58 52 2.4968 0
32 58 64 2.4968 0
95 58 64 2.4968 0
31 58 76 2.4968 0
50 58 64 2.4968 0
101 58 61 2.4968 0
49 59 82 0.5 0
46 56 72 0.9811 0
115 61 58 2.0197 0
12 61 58 2.0197 0
76 61 50 1.8146 0
79 56 75 0.5 0
53 61 60 2.0197 0
61 61 50 2.0197 0
97 61 51 2.0197 0
30 61 51 2.0197 0
79 58 82 0.5 0
79 64 76 0.5 0
46 60 69 1.8069 0
98 63 63 1.712 0
63 58 67 1.8508 0
81 58 69 1.8 0
21 63 73 1.712 0
58 60 37 1.6428 0
46 57 80 1.0041 0
108 57 70 1.4889 0
114 57 61 1.4889 0
94 57 51 1.4889 0
56 57 59 1.4889 0
107 63 73 1.4813 0
86 57 73 1.4889 0
51 59 47 0.9963 0
36 57 51 1.4889 0
30 57 71 1.4889 0
99 57 73 1.4889 0
50 61 50 1.4875 0
49 57 51 1.4889 0
29 63 64 1.5302 0
92 61 50 1.2659 0
87 57 57 1.4889 0
41 57 57 1.4889 0
21 57 72 1.4889 0
13 57 60 1.4889 0
52 57 58 1.4889 0
43 57 70 1.4889 0
76 56 46 0.9811 0
78 57 51 1.4889 0
59 57 49 1.4889 0
76 57 60 1.4889 0
109 61 80 1.3504 0
32 61 80 1.3616 0
37 61 50 1.2659 0
83 61 50 1.2659 0
80 61 80 0.7577 0
74 57 50 1.2659 0
82 56 79 0.9534 0
45 64 79 0.5 0
33 66 76 0.5 0
115 63 82 0.5 0
32 57 50 1.2659 0
46 61 50 1.2659 0
83 64 73 0.5 0
85 61 71 1.2672 0
42 61 71 1.2672 0
51 62 44 0.9963 0
9 63 73 0.5 0
81 62 71 1.0118 0
23 63 56 1.1148 0
11 62 78 1.0118 0
79 64 45 0.5 0
11 61 50 1.079 0
70 66 61 0.5 0
36 62 64 1.0118 0
101 62 58 1.0118 0
11 61 72 1.079 0
76 59 46 0.9963 0
40 62 57 1.0118 0
87 62 57 1.0118 0
69 62 60 1.1357 0
76 62 60 1.0118 0
31 62 73 1.0323 0
62 57 37 1.1098 0
44 61 81 0.9715 0
29 62 78 1.0118 0
0
