128
62 75 62 8.7648 0
94 33 63 8.8673 0
26 37 62 7.3394 0
93 103 62 6.6267 0
93 78 63 9.0229 0
67 33 64 8.8673 0
40 53 62 8.7648 0
80 47 63 9.0229 0
79 92 63 8.7648 0
48 34 63 9.0229 0
79 65 65 8.0151 0
95 60 62 7.8595 0
52 63 69 7.3394 0
62 49 67 5.9993 0
97 47 68 4.9914 0
73 80 72 4.4887 0
35 42 71 4.4887 0
56 63 56 4.4887 0
74 81 55 4.4887 0
90 96 72 3.776 0
80 33 58 3.9836 0
71 57 58 3.9836 0
59 43 58 3.9836 0
98 48 58 3.9836 0
80 34 69 3.9836 0
99 89 69 3.828 0
36 42 55 3.776 0
99 90 57 2.9757 0
37 28 70 2.9757 0
37 28 57 2.9757 0
90 95 55 3.0634 0
23 26 71 1.638 0
26 31 72 3.0634 0
72 56 70 2.9757 0
51 56 55 3.0634 0
68 44 57 2.9757 0
62 51 57 2.9757 0
99 68 70 2.9757 0
87 56 70 2.9757 0
58 40 70 2.9757 0
57 27 70 2.8201 0
80 27 65 2.8201 0
58 27 57 2.8201 0
85 27 70 2.8201 0
104 101 73 0.5 0
23 27 57 2.3507 0
62 66 73 2.3507 0
49 53 73 2.3507 0
76 80 64 2.3507 0
37 41 63 2.3507 0
69 73 73 2.3507 0
42 46 72 2.3507 0
23 27 66 2.3507 0
97 101 71 2.3507 0
103 24 74 0.5 0
75 27 56 1.9678 0
91 45 56 1.9678 0
86 68 56 1.9678 0
100 70 56 1.9678 0
84 74 71 1.9678 0
54 45 71 1.9678 0
86 38 71 1.9678 0
79 58 56 1.9678 0
104 100 54 0.5 0
75 38 56 1.9678 0
31 23 63 0.7114 0
58 36 56 1.9678 0
75 39 71 1.9678 0
100 41 56 1.9678 0
86 27 56 1.9678 0
104 58 74 0.5 0
79 27 71 1.9678 0
100 40 71 1.9678 0
90 50 71 1.9678 0
93 67 71 1.9678 0
88 62 71 1.9678 0
66 57 71 1.9678 0
100 56 71 1.9678 0
82 85 73 1.638 0
68 50 56 1.9678 0
89 51 56 1.9678 0
84 74 56 1.9678 0
52 43 56 1.9678 0
93 54 71 1.9678 0
90 41 71 1.9678 0
88 41 56 1.9678 0
57 34 71 1.9678 0
86 59 56 1.9678 0
69 45 71 1.9678 0
70 50 71 1.9678 0
81 56 71 1.9678 0
89 70 71 1.9678 0
101 26 56 1.8122 0
104 96 63 0.7114 0
104 81 74 0.5 0
101 84 56 1.8122 0
101 62 71 1.8122 0
74 26 71 1.8122 0
80 26 59 1.8122 0
101 43 62 1.8122 0
101 104 56 1.638 0
39 26 64 1.8122 0
57 26 64 1.8122 0
101 87 62 1.8122 0
101 69 63 1.8122 0
44 26 71 1.8122 0
101 82 71 1.8122 0
101 74 71 1.8122 0
101 28 71 1.8122 0
33 36 54 1.638 0
87 90 73 1.638 0
101 104 67 1.638 0
32 35 70 1.638 0
54 57 61 1.638 0
28 31 54 1.638 0
95 98 54 1.638 0
87 90 54 1.638 0
91 94 64 1.638 0
62 65 68 1.638 0
46 49 71 1.638 0
50 53 68 1.638 0
70 73 54 1.638 0
81 84 55 1.638 0
48 51 54 1.638 0
42 45 54 1.638 0
64 67 54 1.638 0
73 76 66 1.638 0
60 63 62 1.638 0
0
