128
80 65 32 13.6701 0
33 50 110 0.5 0
60 20 75 0.6981 0
46 65 76 1.8213 0
62 39 30 11.8123 0
51 78 108 0.5 0
46 39 89 0.5324 0
55 25 57 3.7763 0
36 58 93 2.3349 0
40 47 61 0.5887 0
64 41 50 7.2337 0
61 27 48 6.2164 0
78 64 53 5.9021 0
37 69 108 1.0948 0
69 53 45 5.6351 0
46 36 72 0.5614 0
37 51 76 1.0662 0
47 72 93 0.9781 0
75 21 64 0.5 0
59 33 84 0.5 0
38 42 100 0.9611 0
69 53 22 4.2463 0
47 73 102 2.2741 0
53 35 48 4.0054 0
49 43 59 1.6593 0
59 66 70 0.5 0
50 35 80 1.7019 0
65 62 22 3.6001 0
65 55 35 3.5949 0
77 49 22 3.4141 0
53 45 54 3.1703 0
48 66 86 1.4155 0
94 79 17 0.5 0
39 47 93 1.4823 0
45 45 79 0.8753 0
68 27 70 0.5 0
38 58 109 0.7516 0
63 22 58 3.0116 0
74 27 56 0.8752 0
56 46 43 3.0533 0
51 26 71 0.1369 0
75 48 32 2.9226 0
71 28 52 2.7955 0
36 52 101 0.9413 0
42 51 71 1.7474 0
82 72 48 2.7792 0
87 67 48 2.7786 0
50 31 55 2.4517 0
69 33 44 2.5799 0
84 52 21 2.6065 0
67 69 21 2.6215 0
37 52 93 2.6047 0
60 51 40 2.4943 0
41 66 97 0.9912 0
52 65 69 0.876 0
44 35 63 0.7788 0
40 49 84 0.7448 0
57 28 78 0.8013 0
65 57 28 2.465 0
68 18 68 0.5 0
73 47 39 2.3779 0
70 62 47 2.4024 0
90 73 20 2.2306 0
54 32 41 2.3582 0
41 58 81 0.5 0
57 23 68 0.8156 0
85 77 21 2.3377 0
46 40 98 0.5 0
80 57 47 2.3227 0
36 61 102 0.9168 0
72 74 20 2.2306 0
73 44 20 2.2306 0
40 67 89 0.7739 0
73 69 47 2.1394 0
62 26 72 0.6502 0
38 50 107 0.9521 0
43 42 67 0.3942 0
59 22 63 2.0765 0
79 77 20 2.1015 0
35 55 71 0.875 0
53 39 42 2.089 0
55 66 77 0.5 0
46 30 68 0.8096 0
51 28 50 1.8822 0
64 67 27 1.9888 0
85 61 48 1.9677 0
41 38 95 0.9823 0
42 73 76 0.5 0
74 46 59 0.5 0
36 55 98 1.9018 0
38 55 88 1.8422 0
37 50 67 1.1162 0
60 50 20 1.8875 0
73 53 57 0.5 0
58 28 39 1.9097 0
70 23 75 0.5 0
42 52 77 1.2573 0
44 68 100 1.3763 0
70 24 65 0.8491 0
45 71 107 1.5469 0
52 35 88 0.5 0
76 73 46 1.7933 0
50 27 77 0.5 0
39 50 88 1.6827 0
60 50 46 1.5747 0
54 23 75 0.7436 0
71 39 42 1.6303 0
69 50 53 1.7667 0
87 73 45 1.6591 0
68 22 55 1.8062 0
36 51 71 1.6511 0
51 27 66 0.9821 0
35 63 108 0.618 0
54 42 48 1.6789 0
75 22 59 0.659 0
89 58 20 1.7287 0
72 57 52 1.6603 0
43 70 81 0.7054 0
59 20 54 1.6293 0
75 45 27 1.7056 0
80 49 28 1.6706 0
41 64 109 0.8726 0
66 59 40 1.6786 0
45 40 76 0.5634 0
50 31 73 0.7075 0
91 63 20 1.6688 0
35 45 104 0.8492 0
44 40 83 0.7232 0
0
