128
64 65 64 0.5 0
113 33 63 0.5 0
16 33 65 0.5 0
112 96 64 0.5 0
16 95 65 0.5 0
77 32 65 0.5 0
98 65 64 0.5 0
30 65 63 0.5 0
50 95 65 0.5 0
81 94 63 0.5 0
47 37 63 0.5 0
81 53 64 0.5 0
47 75 64 0.5 0
81 74 65 0.5 0
15 53 64 0.5 0
113 52 64 0.5 0
95 39 63 0.5 0
113 76 65 0.5 0
65 84 65 0.5 0
33 87 65 0.5 0
64 46 63 0.5 0
32 47 64 0.5 0
16 77 65 0.5 0
48 56 63 0.2779 0
97 85 63 0.2915 0
32 32 64 0.5 0
61 32 63 0.2915 0
94 52 63 0.5 0
69 96 64 0.5 0
17 65 64 0.5 0
93 96 64 0.5 0
110 65 63 0.5 0
84 42 65 0.5 0
75 63 63 0.5 0
87 63 65 0.5 0
29 76 65 0.5 0
92 75 63 0.5 0
41 65 65 0.5 0
106 43 63 0.2915 0
58 75 64 0.5 0
86 84 65 0.5 0
39 96 63 0.5 0
53 46 65 0.5 0
27 96 63 0.5 0
21 43 63 0.2915 0
108 86 63 0.5 0
70 74 64 0.5 0
53 65 65 0.5 0
22 86 63 0.2915 0
44 86 63 0.2915 0
25 56 63 0.5 0
59 55 63 0.5 0
103 75 63 0.5 0
103 32 63 0.5 0
70 54 63 0.5 0
38 55 64 0.5 0
55 86 63 0.2915 0
73 42 63 0.5 0
76 85 63 0.2915 0
87 32 63 0.2915 0
104 57 64 0.2915 0
43 46 64 0.2915 0
38 79 65 0.5 0
102 93 63 0.5 0
60 94 64 0.5 0
38 39 65 0.5 0
66 38 65 0.5 0
55 37 65 0.5 0
24 35 63 0.2915 0
23 70 63 0.5 0
35 71 63 0.5 0
102 49 65 0.5 0
113 42 65 0.5 0
29 40 65 0.5 0
15 85 65 0.5 0
40 32 63 0.5 0
91 89 63 0.5 0
25 49 65 0.5 0
91 45 63 0.5 0
93 59 65 0.5 0
70 32 64 0.5 0
70 89 65 0.5 0
81 67 63 0.2915 0
87 56 63 0.5 0
94 32 64 0.2915 0
76 48 63 0.5 0
104 68 63 0.5 0
32 59 65 0.5 0
49 82 63 0.5 0
75 79 65 0.5 0
23 79 63 0.2915 0
87 70 63 0.2915 0
41 73 65 0.5 0
104 81 65 0.5 0
66 59 65 0.5 0
59 42 63 0.5 0
64 77 63 0.5 0
24 63 64 0.5 0
110 58 63 0.5 0
81 60 64 0.2915 0
81 88 65 0.5 0
103 38 65 0.5 0
44 92 64 0.5 0
98 79 63 0.5 0
44 52 65 0.5 0
22 92 63 0.5 0
82 36 63 0.2915 0
28 83 63 0.2915 0
54 58 65 0.5 0
86 48 65 0.5 0
113 90 65 0.5 0
81 81 63 0.5 0
16 47 65 0.5 0
75 92 63 0.5 0
59 69 63 0.5 0
59 81 63 0.5 0
52 71 64 0.5 0
97 46 63 0.5 0
28 90 63 0.5 0
47 66 65 0.5 0
15 71 65 0.5 0
74 69 63 0.5 0
32 53 63 0.5 0
51 32 64 0.2915 0
59 61 63 0.5 0
113 82 65 0.5 0
17 59 64 0.5 0
33 94 64 0.2915 0
0
