128
73 63 62 2.1835 0
31 81 104 1.2677 0
23 46 28 0.5 0
96 83 108 0.5 0
101 87 29 0.5 0
29 74 61 1.7456 0
56 86 29 0.5 0
102 45 29 0.1535 0
57 50 31 1.8625 0
98 79 77 0.8468 0
100 50 55 2.8953 0
53 79 82 0.8232 0
44 51 62 2.6141 0
26 83 29 0.5 0
54 77 52 1.3519 0
74 80 95 1.0319 0
98 77 50 1.1386 0
26 49 48 2.1239 0
76 80 39 0.5 0
52 81 104 1.2677 0
70 49 49 2.1471 0
30 79 83 0.7808 0
76 81 75 0.5 0
28 58 61 2.3039 0
83 76 61 1.9937 0
45 78 67 1.0296 0
81 51 62 2.6141 0
56 50 55 2.8953 0
30 79 44 0.9183 0
98 69 61 2.14 0
89 80 90 0.8454 0
54 62 62 2.234 0
40 80 93 1.2454 0
74 49 30 0.5 0
81 82 109 0.5 0
100 50 39 1.412 0
73 77 50 1.1395 0
98 80 38 1.1244 0
54 80 38 1.0854 0
41 66 64 0.7742 0
70 85 29 0.5 0
57 50 43 1.6379 0
86 64 64 0.7742 0
40 79 79 1.0797 0
100 83 96 0.5 0
97 58 63 1.5798 0
86 79 76 0.8162 0
27 51 35 1.0758 0
54 74 61 1.7418 0
73 74 61 1.7066 0
41 81 104 1.2677 0
29 79 72 0.9648 0
88 81 100 0.9163 0
95 51 62 2.6141 0
70 49 60 1.0672 0
27 50 55 2.8953 0
74 79 85 0.8552 0
98 78 67 1.0236 0
36 51 62 2.6141 0
54 79 93 0.7414 0
37 76 61 1.9937 0
75 81 104 1.2677 0
71 50 40 1.6224 0
94 77 60 1.67 0
54 79 72 0.9648 0
30 80 92 0.9401 0
97 79 86 0.854 0
71 50 55 2.8953 0
88 51 62 2.6141 0
51 51 62 2.6141 0
29 77 53 1.3909 0
101 50 31 1.8467 0
46 76 61 1.9937 0
89 78 67 1.0296 0
29 52 62 2.425 0
84 79 83 1.1198 0
74 51 62 2.4265 0
30 81 36 0.9183 0
72 57 61 2.3039 0
73 78 70 0.9523 0
82 80 96 0.9819 0
56 54 60 2.342 0
100 54 60 2.3417 0
101 49 48 1.9575 0
34 68 64 0.7742 0
98 63 62 2.2136 0
44 79 85 0.9441 0
83 81 104 1.2677 0
73 82 33 1.0797 0
70 50 31 1.8476 0
36 61 64 0.7742 0
92 81 105 1.1954 0
83 78 69 1.2053 0
39 78 69 1.2053 0
73 69 61 2.1878 0
33 86 29 0.5 0
54 69 61 2.1739 0
29 69 61 2.1539 0
57 49 48 1.9954 0
80 60 64 0.7742 0
97 81 100 0.9163 0
27 50 40 1.5835 0
97 80 92 0.9607 0
96 81 29 0.1535 0
88 76 61 1.9937 0
83 80 89 0.9541 0
26 50 31 1.8795 0
53 79 45 0.9576 0
47 79 97 0.5 0
47 60 64 0.7742 0
29 78 67 1.0296 0
53 80 88 0.8662 0
28 64 61 1.8565 0
81 67 64 0.7742 0
46 69 64 0.7742 0
91 67 64 0.7742 0
54 78 67 0.9843 0
73 79 42 1.0929 0
78 77 60 1.67 0
86 58 64 0.7742 0
54 82 33 1.0797 0
98 74 61 1.7808 0
98 82 33 1.0797 0
29 79 77 0.8674 0
73 78 79 0.9671 0
41 59 64 0.7742 0
29 80 98 0.9979 0
38 79 87 0.9644 0
0
