128
66 62 105 0.8497 0
63 68 7 0.5 0
63 67 56 0.5 0
65 61 31 0.5 0
63 61 80 0.5 0
65 66 122 0.5 0
66 67 92 0.5 0
61 65 43 0.5 0
63 60 18 0.5 0
67 65 68 0.5 0
61 62 114 0.6242 0
61 67 24 0.5 0
68 61 10 0.5 0
60 64 98 0.5 0
66 68 17 0.5 0
66 62 50 0.5 0
62 61 88 0.5 0
61 61 8 0.8198 0
61 64 73 0.5 0
62 66 109 0.7361 0
64 61 62 0.5 0
67 66 84 0.5 0
67 63 38 0.5 0
68 64 25 0.5 0
62 67 34 0.5 0
66 60 97 0.5 0
68 64 115 0.5 0
66 68 99 0.5 0
66 67 77 0.5 0
60 66 17 0.5 0
62 61 25 0.5 0
63 67 63 0.5 0
61 66 83 0.5 0
67 65 44 0.5 0
62 61 106 1.0611 0
61 63 67 0.5 0
61 65 49 0.5 0
67 62 74 0.5 0
63 61 55 0.5 0
66 62 111 0.9913 0
65 67 29 0.5 0
63 61 120 0.5 0
67 68 105 0.5 0
66 66 11 0.6718 0
61 66 118 0.5 0
62 61 39 0.5 0
67 62 90 0.5 0
67 65 59 0.5 0
60 66 11 0.5 0
62 63 93 0.5 0
68 62 20 0.5 0
66 65 107 0.9808 0
62 67 88 0.5 0
60 66 103 0.5 0
68 63 15 0.5 0
61 64 30 0.5 0
64 60 13 0.5 0
64 67 39 0.5 0
63 61 46 0.5 0
64 66 114 0.755 0
67 66 34 0.5 0
66 61 84 0.5 0
62 60 100 0.5 0
67 65 54 0.5 0
61 64 60 0.5 0
64 67 71 0.5 0
68 65 96 0.5 0
65 66 22 0.5 0
65 67 48 0.5 0
61 63 21 0.5 0
62 67 95 0.5 0
60 62 13 0.492 0
68 65 7 0.5 0
62 66 106 1.0611 0
65 61 116 0.5 0
62 62 34 0.5 0
67 64 80 0.5 0
66 63 100 0.5 0
65 61 42 0.5 0
63 64 77 0.5 0
63 67 14 0.5221 0
63 61 110 0.691 0
65 64 87 0.5 0
61 64 53 0.5 0
65 61 66 0.5 0
62 68 100 0.5 0
64 64 7 0.5 0
65 67 118 0.5 0
60 65 7 0.4713 0
65 60 7 0.4713 0
65 66 111 0.9913 0
64 61 72 0.5099 0
66 63 28 0.5 0
66 65 64 0.5 0
63 63 15 0.5 0
60 64 86 0.5 0
65 67 81 0.5 0
66 62 57 0.5 0
64 60 91 0.5 0
67 63 121 0.5 0
63 67 52 0.5 0
60 64 90 0.5 0
66 62 94 0.5307 0
64 61 22 0.5 0
63 63 83 0.5 0
63 67 75 0.5 0
66 61 78 0.5 0
65 63 18 0.5 0
63 66 19 0.5 0
67 65 72 0.5 0
66 60 16 0.5 0
61 64 80 0.5 0
66 66 102 0.5 0
63 60 95 0.4999 0
61 65 113 0.7466 0
65 60 102 0.5669 0
63 65 46 0.5 0
63 65 26 0.5 0
62 65 37 0.5 0
62 64 101 0.5 0
60 63 16 0.5922 0
62 61 50 0.1046 0
63 64 40 0.5 0
62 64 121 0.5 0
66 62 35 0.5 0
67 64 31 0.5 0
67 62 63 0.5 0
67 63 8 0.924 0
0
