128
76 80 64 3.6704 0
15 49 65 3.2557 0
114 37 58 0.5 0
67 37 67 2.3589 0
24 94 68 0.5 0
48 84 69 6.8365 0
105 64 64 3.4779 0
45 53 65 3.2541 0
105 96 65 0.5 0
22 76 65 2.9904 0
77 55 63 2.3321 0
93 38 58 0.5 0
99 84 62 2.0653 0
24 49 68 5.1708 0
44 35 71 0.5 0
68 47 59 2.2646 0
104 48 57 0.5 0
47 45 67 4.0011 0
80 36 57 0.5202 0
86 93 61 0.5 0
44 73 67 3.6709 0
114 86 64 0.0291 0
63 39 59 2.6032 0
15 88 67 0.8972 0
101 55 61 2.351 0
22 84 65 3.236 0
72 39 59 2.5081 0
72 44 66 2.532 0
63 44 66 2.6017 0
79 89 61 2.2567 0
84 66 62 0.5 0
86 46 59 0.5 0
107 86 63 2.1826 0
103 36 57 0.5822 0
98 61 63 3.0821 0
52 74 66 2.8803 0
18 56 66 2.8351 0
95 73 67 0.4097 0
18 42 66 2.6302 0
76 63 61 1.7614 0
107 75 70 0.5 0
86 73 68 0.5 0
88 81 63 0.8251 0
113 46 57 0.419 0
16 67 70 0.5 0
107 57 61 2.4119 0
39 79 67 2.5678 0
44 77 58 1.2928 0
82 84 62 2.5367 0
51 50 63 2.5483 0
87 58 66 0.5 0
75 70 68 0.6653 0
73 86 61 2.3796 0
102 89 63 2.3879 0
48 75 61 2.3887 0
94 47 57 0.5 0
11 77 64 0.5 0
21 53 57 0.5874 0
20 45 61 2.2121 0
17 80 63 2.1895 0
21 54 61 2.2489 0
99 67 66 2.1243 0
114 70 67 0.5 0
27 67 69 0.3397 0
42 80 61 2.1399 0
82 58 63 2.0328 0
67 58 64 0.1698 0
52 79 61 2.1037 0
27 61 64 0.5 0
83 79 65 2.0053 0
28 38 64 0.5423 0
79 46 57 0.5 0
25 57 66 2.05 0
25 80 57 0.9966 0
104 81 61 1.65 0
46 46 57 0.9777 0
26 50 60 1.9508 0
27 80 64 1.8817 0
36 90 66 0.5 0
25 41 66 1.8286 0
108 42 59 0.5 0
115 61 63 0.5 0
34 54 64 0.5 0
100 42 58 0.5 0
86 39 57 0.5005 0
65 80 64 0.1606 0
79 75 67 1.8571 0
56 79 66 1.7663 0
31 73 66 0.5 0
41 48 65 1.7075 0
30 89 68 0.5 0
33 45 62 0.5 0
20 77 57 0.5884 0
47 84 59 1.5366 0
81 48 66 0.5 0
74 59 62 1.7433 0
20 91 70 0.931 0
22 67 70 0.9781 0
14 72 67 0.5239 0
49 97 69 0.5 0
18 72 68 1.3737 0
43 49 61 1.698 0
102 63 58 1.3965 0
94 91 65 0.5 0
49 74 71 1.642 0
101 76 70 0.5 0
105 70 67 1.4121 0
54 57 67 0.5 0
81 68 70 0.5 0
17 49 59 1.4343 0
39 87 68 1.6133 0
70 83 64 1.5489 0
68 76 66 0.7093 0
50 36 69 0.571 0
72 75 67 1.2054 0
109 93 65 0.875 0
49 46 60 1.444 0
25 72 68 1.4224 0
18 85 57 0.5 0
83 52 65 0.6497 0
22 83 58 0.9068 0
52 54 66 1.5317 0
47 52 57 0.9457 0
49 69 67 1.4307 0
25 81 60 1.4343 0
55 94 67 0.5 0
41 94 71 0.5 0
17 50 71 1.5054 0
0
