128
63 61 61 2.0248 0
87 117 62 0.5 0
25 106 64 0.5 0
121 63 67 0.5 0
10 57 66 1.588 0
86 11 68 0.5 0
39 21 62 3.4748 0
59 97 61 2.0248 0
94 43 61 2.0248 0
96 84 61 2.0248 0
33 76 61 2.0248 0
69 30 61 2.0248 0
40 49 61 2.0248 0
23 37 62 3.2202 0
60 10 66 1.5911 0
62 121 69 0.5 0
92 25 62 3.4207 0
11 83 68 0.8818 0
72 111 62 3.4903 0
92 102 62 3.4316 0
99 63 61 2.0248 0
74 78 61 2.0248 0
23 90 62 3.2918 0
39 106 62 3.4749 0
110 75 62 3.3528 0
111 52 62 3.3259 0
54 79 61 2.0248 0
72 16 62 3.4903 0
54 39 61 2.0248 0
82 63 61 2.0248 0
15 69 64 3.4085 0
70 46 61 2.0248 0
28 58 61 2.0248 0
74 95 61 2.0248 0
43 63 61 2.0248 0
45 92 61 2.0248 0
57 110 66 1.617 0
101 32 63 3.5026 0
101 95 63 3.5027 0
30 28 62 3.4903 0
30 99 62 3.4903 0
50 17 62 3.2829 0
18 80 62 3.3108 0
18 47 62 3.2681 0
107 42 62 3.3465 0
83 19 62 3.3597 0
83 108 62 3.3597 0
112 63 62 3.1671 0
107 85 62 3.3465 0
86 74 61 2.0248 0
82 39 60 1.4745 0
35 87 61 2.0248 0
50 110 62 3.2384 0
55 28 61 2.0248 0
88 54 61 2.0248 0
86 87 61 2.0248 0
64 88 61 2.0248 0
35 40 61 2.0248 0
54 66 61 2.0248 0
64 76 61 2.0248 0
80 48 61 2.0248 0
99 74 61 2.0248 0
49 55 61 1.8703 0
15 58 62 3.4085 0
54 89 61 2.0248 0
60 118 60 1.1902 0
45 80 61 2.0248 0
45 40 61 2.0248 0
98 54 61 2.0248 0
61 112 62 3.3215 0
61 20 60 1.4745 0
61 15 63 3.3215 0
49 100 61 2.0248 0
28 46 61 2.0248 0
45 29 61 2.0248 0
74 66 61 2.0248 0
62 51 60 1.4745 0
80 28 61 2.0248 0
61 43 61 2.0248 0
28 70 61 2.0248 0
82 99 61 2.0248 0
64 36 61 2.0248 0
28 83 61 2.0248 0
80 83 61 2.0248 0
69 71 61 2.0248 0
33 63 61 2.0248 0
76 55 60 1.4745 0
91 37 61 2.0248 0
51 45 61 2.0248 0
39 98 61 2.0248 0
69 99 61 2.0248 0
38 67 61 2.0248 0
60 83 61 2.0248 0
23 62 61 2.0248 0
120 76 68 0.5 0
80 72 61 2.0248 0
65 24 61 2.0248 0
98 108 70 0.5 0
93 67 60 1.4599 0
69 52 61 2.0248 0
93 73 61 2.0248 0
45 86 61 2.0248 0
28 52 61 2.0248 0
40 55 61 2.0248 0
59 103 61 2.0248 0
86 93 61 2.0248 0
105 63 61 2.0248 0
104 53 61 2.0248 0
45 46 61 2.0248 0
74 27 61 2.0248 0
69 92 61 2.0248 0
38 73 61 2.0248 0
102 68 61 2.0248 0
35 52 61 2.0248 0
35 46 61 2.0248 0
49 63 61 2.0248 0
30 90 61 2.0248 0
94 32 61 2.0248 0
97 19 70 0.5 0
92 95 61 2.0248 0
74 42 61 2.0248 0
59 32 61 2.0248 0
100 80 61 2.0248 0
35 94 61 2.0248 0
53 59 61 2.0248 0
90 78 61 2.0248 0
90 47 61 2.0248 0
50 75 61 2.0248 0
0
