128
25 80 65 0.5 0
117 41 65 0.5 0
94 113 64 0.5 0
49 9 65 0.5 0
48 119 64 0.5 0
15 37 63 0.7285 0
115 80 63 0.9901 0
87 16 63 0.9901 0
25 106 64 0.5 0
8 62 63 0.9204 0
70 108 63 0.9901 0
38 30 63 0.5 0
109 60 64 0.9901 0
98 93 63 0.9787 0
98 34 63 0.9787 0
66 19 63 0.9901 0
43 102 63 0.5869 0
14 92 65 0.5 0
26 20 65 0.5 0
20 53 64 0.9901 0
10 78 63 0.8677 0
85 101 64 0.4749 0
29 93 63 0.9901 0
56 108 64 0.9901 0
65 122 63 0.5 0
50 23 65 0.5 0
81 118 63 0.5 0
113 94 65 0.5 0
38 16 63 0.9901 0
75 8 64 0.5 0
106 47 63 0.9901 0
103 21 65 0.5 0
21 67 64 0.5 0
121 67 64 0.5 0
28 38 64 0.7127 0
36 114 65 0.5 0
61 8 64 0.9901 0
104 104 65 0.5 0
120 54 64 0.5 0
110 31 64 0.5 0
107 72 64 0.9901 0
9 48 65 0.5 0
89 27 64 0.8457 0
77 23 65 0.5 0
104 84 64 0.9805 0
22 29 63 0.9901 0
94 103 63 0.9901 0
34 104 64 0.9901 0
80 109 64 0.9901 0
56 16 63 0.9901 0
21 98 64 0.9901 0
47 110 63 0.9901 0
17 84 63 0.9901 0
58 117 64 0.9901 0
21 44 63 0.9901 0
72 117 64 0.8422 0
95 20 63 0.9901 0
13 69 64 0.9901 0
106 38 63 0.9901 0
31 26 63 0.9901 0
19 75 63 0.9901 0
74 16 63 0.9901 0
114 49 64 0.9901 0
16 61 64 0.9901 0
42 23 64 0.9901 0
46 16 64 0.9901 0
106 97 63 0.9901 0
115 72 64 0.9901 0
88 108 64 0.9901 0
117 61 63 0.9901 0
103 28 63 0.9901 0
11 55 64 0.9901 0
111 87 63 0.9901 0
65 114 63 0.9901 0
22 90 64 0.9901 0
68 11 63 0.9901 0
40 108 64 0.9901 0
28 100 64 0.9901 0
96 27 64 0.9901 0
81 12 64 0.8851 0
14 44 63 0.9901 0
83 22 63 0.9901 0
112 66 63 0.9901 0
22 36 63 0.9901 0
36 96 63 0.5 0
108 79 63 0.9901 0
100 100 63 0.9901 0
111 43 64 0.9901 0
109 53 63 0.9901 0
52 114 64 0.9901 0
104 91 64 0.9901 0
42 114 63 0.9901 0
33 20 64 0.9901 0
29 32 64 0.9901 0
62 14 63 0.9901 0
55 10 64 0.9901 0
63 108 64 0.8543 0
91 97 65 0.5 0
100 41 65 0.5 0
87 114 63 0.907 0
30 110 63 0.5 0
114 56 64 0.9901 0
14 50 63 0.9901 0
77 114 63 0.9901 0
7 72 65 0.5 0
60 22 63 0.5 0
11 86 65 0.5 0
98 107 64 0.932 0
27 86 65 0.5 0
89 21 64 0.9901 0
37 25 63 0.9901 0
79 18 64 0.9901 0
113 36 63 0.5 0
42 11 63 0.5 0
23 84 63 0.9901 0
51 18 64 0.9901 0
15 79 64 0.9901 0
60 112 63 0.9901 0
26 25 64 0.9901 0
109 92 63 0.9901 0
105 33 64 0.9901 0
35 109 63 0.9901 0
120 77 65 0.5 0
14 74 64 0.9901 0
51 13 63 0.9901 0
93 108 63 0.9901 0
16 56 63 0.9901 0
20 80 64 0.9901 0
0
