128
63 63 96 8.5626 0
82 83 13 0.5 0
45 45 22 0.5685 0
68 68 46 2.9099 0
82 45 14 0.5685 0
45 82 16 0.5685 0
65 57 23 2.5767 0
59 59 65 2.9099 0
64 82 22 0.5685 0
63 64 116 4.0528 0
45 63 14 0.5685 0
83 64 13 0.5 0
59 68 34 2.9099 0
62 70 16 2.4137 0
68 59 77 2.9099 0
59 59 49 2.9099 0
68 68 62 2.9099 0
68 59 37 2.9099 0
59 68 74 2.9099 0
57 45 14 0.5685 0
76 76 22 0.739 0
82 55 22 0.5685 0
68 68 30 2.9099 0
68 59 53 2.9099 0
59 68 58 2.9099 0
70 45 16 0.5685 0
45 72 23 0.5 0
59 59 33 2.9099 0
68 68 78 2.9099 0
59 59 77 2.9099 0
56 63 22 1.709 0
71 64 15 1.4058 0
56 82 14 0.5685 0
46 52 13 0.5 0
59 59 57 2.9099 0
59 59 41 2.9099 0
68 68 70 2.9099 0
68 68 38 2.9099 0
68 68 54 2.9099 0
68 59 61 2.9099 0
68 59 69 2.9099 0
68 59 45 2.9099 0
59 68 82 2.9099 0
59 68 66 2.9099 0
59 68 50 2.9099 0
59 68 42 2.9099 0
71 82 14 0.5685 0
69 66 107 3.1835 0
59 59 18 2.9228 0
68 59 17 2.9228 0
68 59 29 2.9099 0
45 57 22 0.5685 0
83 65 23 0.5 0
68 59 85 2.9099 0
59 68 107 2.9099 0
59 68 22 2.9228 0
59 59 84 2.9099 0
68 68 85 2.9099 0
59 59 25 2.9099 0
70 64 24 2.7082 0
78 46 23 0.5 0
68 68 17 2.9228 0
61 45 23 0.5 0
67 58 107 2.7239 0
53 82 23 0.5 0
82 73 15 0.5685 0
58 60 107 2.7239 0
57 64 29 2.7082 0
57 63 70 2.7082 0
45 73 14 0.5685 0
51 51 20 0.739 0
83 82 23 0.5 0
83 55 13 0.5 0
76 51 16 0.739 0
62 70 28 2.5767 0
62 57 71 2.5767 0
57 65 16 2.4137 0
52 75 17 0.739 0
66 70 23 2.2524 0
49 45 15 0.5685 0
72 83 22 0.5 0
75 75 14 0.739 0
68 59 114 2.1181 0
45 65 21 0.5685 0
46 80 23 0.5 0
63 82 15 0.5685 0
82 72 22 0.5685 0
68 46 23 0.5 0
64 56 81 1.709 0
71 64 74 1.709 0
71 64 66 1.709 0
71 64 58 1.709 0
71 64 50 1.709 0
71 64 42 1.709 0
54 45 22 0.5685 0
74 53 22 0.739 0
53 53 14 0.739 0
69 67 114 1.946 0
60 58 114 1.946 0
80 80 18 0.739 0
82 60 18 0.5685 0
82 49 19 0.5685 0
63 45 17 0.5685 0
65 71 108 1.5774 0
64 56 65 1.709 0
64 56 57 1.709 0
64 56 49 1.709 0
64 56 41 1.709 0
64 56 33 1.709 0
63 71 85 1.709 0
63 71 77 1.709 0
63 71 69 1.709 0
63 71 62 1.709 0
63 71 54 1.709 0
63 71 46 1.709 0
63 71 38 1.709 0
71 64 82 1.709 0
71 64 33 1.709 0
56 64 79 1.709 0
56 64 63 1.709 0
56 64 55 1.709 0
56 64 47 1.709 0
56 64 39 1.709 0
56 62 113 1.2684 0
63 56 28 1.709 0
64 71 33 1.709 0
56 64 87 1.709 0
63 56 87 1.709 0
0
