128
81 63 80 14.0038 0
9 63 61 1.4806 0
40 63 69 4.0883 0
118 44 64 0.5 0
115 82 60 0.8254 0
52 63 87 7.2868 0
62 75 66 6.5199 0
62 52 66 6.5199 0
104 64 80 7.798 0
97 75 67 7.063 0
97 52 67 7.063 0
54 90 94 0.5 0
54 39 95 0.5 0
50 64 73 5.1945 0
98 51 81 5.1122 0
26 76 61 0.5 0
97 76 81 5.1056 0
27 53 60 0.9727 0
117 60 61 0.5 0
110 75 64 4.5042 0
110 52 64 4.5042 0
69 64 64 4.5042 0
44 77 61 1.2604 0
66 76 79 4.2698 0
50 52 64 4.3625 0
50 75 64 4.3625 0
97 62 91 4.3276 0
51 43 81 0.5 0
66 51 78 4.0951 0
50 84 81 0.1423 0
23 64 64 0.6974 0
74 72 65 3.5048 0
51 79 97 0.6082 0
89 64 63 3.4488 0
35 70 63 2.5445 0
97 71 90 3.3579 0
56 64 64 2.8839 0
72 77 72 3.3167 0
73 56 65 3.3308 0
62 64 81 3.2825 0
35 57 63 2.5445 0
49 56 78 3.1237 0
51 50 99 0.5 0
83 69 63 3.1248 0
72 50 71 3.0022 0
48 71 80 3.0594 0
67 72 87 3.0415 0
101 55 89 2.9426 0
94 54 89 2.8307 0
80 57 63 2.7631 0
59 71 83 2.7063 0
83 75 67 2.7862 0
67 53 86 2.5346 0
90 78 76 2.7261 0
65 62 71 2.6276 0
78 64 62 2.4884 0
40 64 79 1.4208 0
60 57 82 2.3903 0
51 46 89 0.5 0
107 64 66 0.9952 0
91 48 77 2.4505 0
106 53 77 2.3066 0
53 81 89 0.5 0
43 67 82 2.3484 0
59 78 76 2.2815 0
43 60 82 2.3484 0
67 60 90 2.3317 0
105 76 78 2.3408 0
85 50 69 2.2663 0
59 49 76 2.2815 0
102 63 61 0.9026 0
103 67 91 2.2282 0
103 74 87 2.1615 0
79 78 71 2.1439 0
118 80 72 0.5 0
67 66 90 2.142 0
78 50 69 2.2269 0
119 54 72 0.5 0
96 64 71 2.0743 0
43 69 72 2.1772 0
86 58 62 2.1334 0
51 88 87 0.5 0
89 78 83 2.1397 0
92 75 88 2.0741 0
66 69 74 2.0852 0
84 79 74 2.023 0
52 39 88 0.57 0
106 54 84 2.0178 0
118 47 71 0.5 0
16 68 61 0.5 0
119 73 71 0.5 0
109 64 70 1.8319 0
54 54 82 1.9036 0
73 48 77 1.8741 0
62 66 87 1.9789 0
76 79 77 1.9738 0
18 61 60 0.5 0
54 73 86 1.9171 0
39 67 75 1.7834 0
71 76 85 1.8989 0
90 49 84 1.7755 0
27 61 60 0.704 0
46 57 72 1.8007 0
62 60 87 1.6854 0
104 63 69 1.6338 0
108 74 71 1.7858 0
108 53 71 1.7858 0
61 60 76 1.5715 0
105 60 90 1.6586 0
107 58 67 1.737 0
107 69 67 1.737 0
107 46 67 1.7242 0
107 81 67 1.7242 0
116 60 69 0.5 0
62 51 84 1.5783 0
66 57 74 1.576 0
92 67 93 1.6153 0
51 51 93 0.5729 0
116 67 65 0.8402 0
54 57 74 1.6205 0
52 45 95 0.5 0
27 71 60 0.9727 0
58 64 73 1.6643 0
29 63 66 0.4534 0
72 49 82 1.669 0
116 84 66 0.5 0
39 61 76 1.5585 0
117 69 59 0.5 0
0
