128
63 64 63 1.0075 0
119 65 79 0.5 0
14 66 92 0.5 0
19 63 28 0.5 0
91 64 28 0.5 0
54 63 29 1.0075 0
86 63 91 0.9278 0
29 64 60 1.0075 0
84 41 49 1.4991 0
47 65 93 0.5 0
91 66 61 0.5 0
47 54 49 1.4991 0
72 64 42 1.0075 0
66 64 86 1.0075 0
46 64 74 1.0075 0
32 64 41 1.0075 0
25 63 78 1.0075 0
102 64 82 1.0075 0
65 47 48 0.9912 0
79 63 72 1.0075 0
87 58 49 1.4991 0
59 63 49 2.0038 0
22 63 49 2.0038 0
31 65 93 0.5 0
40 64 29 1.0075 0
43 64 60 1.0075 0
75 64 57 1.0075 0
77 64 30 1.0075 0
40 63 49 2.0038 0
37 64 83 1.0075 0
16 66 67 0.5 0
73 54 49 1.4991 0
54 63 83 1.0075 0
88 64 79 1.0075 0
66 64 74 1.0075 0
51 64 40 1.0075 0
66 64 29 1.0075 0
29 63 29 1.0075 0
77 64 85 1.0075 0
98 63 94 0.5 0
88 64 37 1.0075 0
53 63 58 1.0075 0
35 62 70 0.4996 0
63 64 38 1.0075 0
17 63 83 1.0075 0
58 63 94 0.5 0
21 64 36 1.0075 0
81 63 49 2.0038 0
72 64 66 1.0075 0
53 63 68 1.0075 0
58 50 49 1.4991 0
72 63 49 2.0038 0
111 64 81 1.0075 0
81 49 49 1.4991 0
32 63 49 2.0038 0
93 64 87 1.0075 0
84 64 65 1.0075 0
65 55 49 1.4991 0
73 46 49 1.4991 0
23 63 91 0.9278 0
46 64 86 1.0075 0
21 64 58 1.0075 0
88 64 55 1.0075 0
22 64 70 1.0075 0
43 64 40 1.0075 0
79 64 39 1.0075 0
106 62 91 0.5 0
36 63 58 1.0075 0
29 64 84 1.0075 0
29 64 72 1.0075 0
39 63 91 0.9753 0
72 64 78 1.0075 0
46 64 33 1.0075 0
88 64 71 1.0075 0
60 64 78 1.0075 0
60 64 70 1.0075 0
73 66 93 0.5 0
84 64 29 1.0075 0
17 63 76 1.0075 0
46 63 49 2.0038 0
66 63 49 2.0038 0
53 63 49 2.0038 0
79 56 49 1.4991 0
37 64 75 1.0075 0
54 64 90 1.0075 0
46 64 66 1.0075 0
69 64 60 1.0075 0
43 64 80 1.0075 0
37 64 35 1.0075 0
56 57 49 1.4991 0
25 64 42 1.0075 0
87 63 49 2.0038 0
72 64 34 1.0075 0
60 64 31 1.0075 0
55 64 35 1.0075 0
81 63 58 1.0075 0
54 64 74 1.0075 0
78 63 66 1.0075 0
39 57 49 1.4991 0
40 64 66 1.0075 0
60 64 86 1.0075 0
82 64 79 1.0075 0
49 64 80 1.0075 0
32 64 65 1.0075 0
96 64 82 1.0075 0
29 64 36 1.0075 0
60 64 58 1.0075 0
57 64 64 1.0075 0
17 63 90 1.0075 0
81 64 89 1.0075 0
102 64 90 1.0075 0
81 63 34 1.0075 0
68 62 93 0.5 0
32 64 77 1.0075 0
84 64 41 1.0075 0
57 64 40 1.0075 0
37 64 43 1.0075 0
27 62 49 1.5606 0
19 64 65 1.0075 0
21 64 86 1.0075 0
72 64 86 1.0075 0
25 63 66 1.0075 0
87 64 84 1.0075 0
49 64 61 1.0075 0
69 57 49 1.4991 0
63 59 49 1.4991 0
77 60 49 1.4991 0
63 63 91 0.9913 0
0
