128
66 66 80 3.8215 0
56 68 17 5.343 0
17 68 56 5.3456 0
107 69 45 4.9647 0
26 65 107 0.5 0
111 63 96 0.5 0
56 68 110 5.3438 0
66 66 47 3.8216 0
110 68 71 5.3464 0
37 65 84 3.0168 0
89 64 19 2.2132 0
89 75 106 2.0136 0
27 64 27 2.2106 0
43 64 60 2.2132 0
20 69 82 4.9647 0
90 65 83 2.8983 0
87 64 58 2.2132 0
84 65 37 3.0168 0
101 68 92 5.344 0
35 68 101 5.3438 0
76 65 101 3.2211 0
41 65 37 3.2211 0
71 68 17 5.3436 0
50 66 74 3.4955 0
71 68 110 5.3438 0
78 66 72 3.7257 0
92 68 101 5.3437 0
26 68 35 5.3451 0
35 68 26 5.3443 0
50 65 94 2.9872 0
26 68 92 5.345 0
101 68 35 5.3445 0
17 68 71 5.3464 0
110 68 56 5.346 0
92 68 26 5.3443 0
53 72 52 2.7732 0
77 73 56 2.6506 0
56 65 35 2.2226 0
45 69 20 4.9652 0
82 69 20 4.9652 0
82 69 107 4.9652 0
45 69 107 4.9652 0
20 69 45 4.9647 0
107 69 82 4.9648 0
96 65 67 2.8567 0
30 65 74 3.2211 0
30 65 54 3.2211 0
94 65 50 2.9883 0
78 64 88 2.2132 0
64 65 93 2.2295 0
69 65 29 3.2211 0
80 66 61 3.8199 0
75 66 51 3.5868 0
47 66 66 3.8199 0
57 66 48 3.7252 0
57 66 79 3.7252 0
49 66 55 3.7257 0
41 65 91 3.2211 0
52 65 26 3.2211 0
59 65 98 3.2211 0
29 65 66 3.2211 0
92 65 38 3.2211 0
101 65 53 3.2211 0
76 65 26 3.2211 0
69 65 98 3.2211 0
59 65 29 3.2211 0
98 66 83 3.235 0
83 66 98 3.2348 0
44 66 29 3.2348 0
83 66 29 3.2348 0
29 66 83 3.2351 0
29 66 44 3.235 0
64 65 23 3.2211 0
64 65 104 3.2211 0
92 65 90 3.2211 0
104 65 64 3.2211 0
101 65 73 3.2211 0
44 66 98 3.2348 0
98 66 44 3.2351 0
52 65 101 3.2211 0
75 64 39 2.2132 0
37 65 44 2.8983 0
74 65 79 3.1029 0
97 65 60 3.0522 0
84 65 90 3.0168 0
38 64 70 2.2132 0
87 64 74 2.2132 0
64 74 15 3.0215 0
64 74 112 3.0215 0
112 74 63 3.0215 0
15 74 64 3.0215 0
50 65 33 2.9872 0
94 65 77 2.9872 0
48 64 42 2.2132 0
71 73 50 2.6447 0
74 72 75 2.7738 0
75 65 94 2.8382 0
75 65 33 2.8382 0
50 73 71 2.6497 0
48 64 82 2.2132 0
79 72 66 2.647 0
48 72 61 2.6465 0
89 65 45 2.6231 0
88 64 65 2.2132 0
63 73 79 2.6336 0
63 73 48 2.6326 0
63 64 122 0.5 0
82 64 48 2.2132 0
54 73 76 2.4441 0
23 67 63 2.4239 0
121 63 64 0.5 0
54 64 86 2.2132 0
63 64 40 2.2132 0
33 65 60 2.465 0
36 65 77 2.4521 0
9 63 63 0.9609 0
64 65 34 2.2295 0
36 65 51 2.3679 0
72 64 88 2.2132 0
69 64 40 2.2132 0
82 64 78 2.2132 0
35 67 35 2.3796 0
82 64 54 2.2132 0
34 64 93 2.2132 0
100 64 100 2.2106 0
100 64 27 2.2106 0
27 64 100 2.2106 0
119 64 83 0.5 0
0
