128
65 65 84 1.8938 0
17 64 33 0.9494 0
113 62 34 0.5 0
16 88 80 0.0723 0
113 87 79 0.5 0
61 66 38 3.3374 0
92 87 48 0.8994 0
46 89 64 0.8885 0
98 66 89 3.0711 0
32 64 94 0.9494 0
21 88 49 1.0143 0
81 87 79 0.8994 0
79 77 40 4.0593 0
109 76 48 2.2476 0
37 70 46 0.8674 0
35 79 80 1.3576 0
98 66 38 3.0711 0
59 88 49 1.0133 0
58 86 80 0.799 0
79 77 87 4.0593 0
17 67 80 0.6722 0
45 64 83 1.0812 0
39 88 49 1.0143 0
28 89 66 0.8885 0
97 83 81 0.8674 0
21 72 46 0.8674 0
113 70 77 0.5 0
63 89 65 0.8885 0
43 64 33 0.9494 0
49 79 47 1.3576 0
16 64 95 0.5 0
54 63 96 0.5 0
30 63 33 0.608 0
79 68 43 4.1131 0
79 68 84 4.1131 0
30 67 81 0.9798 0
54 74 81 0.8674 0
46 88 78 1.0131 0
21 79 80 1.3576 0
113 62 94 0.5 0
31 79 47 1.3576 0
49 67 46 0.978 0
17 89 61 0.8885 0
64 77 46 0.8674 0
70 86 80 0.799 0
92 76 46 0.8674 0
105 75 81 0.8674 0
71 87 48 0.8994 0
27 64 44 1.0812 0
27 89 77 0.8328 0
66 76 81 0.8674 0
61 66 89 3.3374 0
111 64 45 0.9681 0
103 87 48 0.8994 0
36 88 72 0.669 0
43 64 94 0.9494 0
18 88 71 0.669 0
45 79 80 1.3576 0
91 73 81 0.8674 0
31 88 56 0.669 0
49 89 54 0.8885 0
110 64 85 0.9709 0
54 88 71 0.669 0
73 62 96 0.5 0
87 62 96 0.5 0
23 64 88 0.9494 0
87 64 33 0.9494 0
17 63 43 0.5231 0
86 79 78 1.2247 0
82 87 48 0.8994 0
73 63 33 0.608 0
18 79 49 1.2247 0
90 65 45 1.1057 0
36 63 40 0.608 0
90 65 82 1.1057 0
39 79 47 1.3576 0
55 89 61 0.8885 0
37 89 63 0.8885 0
57 79 47 1.3576 0
101 79 47 1.3576 0
53 64 83 1.0812 0
63 88 57 0.669 0
86 79 49 1.2247 0
106 83 81 0.8674 0
68 70 46 0.8674 0
50 63 37 0.608 0
37 64 87 0.9494 0
72 79 47 1.3576 0
112 87 49 0.5 0
72 79 80 1.3576 0
39 72 81 0.8674 0
62 89 73 0.8885 0
90 89 80 0.5 0
36 89 81 0.5 0
31 88 49 1.0143 0
58 71 46 0.8674 0
105 67 46 0.9785 0
42 65 45 0.9943 0
109 76 79 2.2476 0
23 63 37 0.608 0
42 89 57 0.8885 0
99 71 46 0.8674 0
70 64 44 1.0812 0
106 67 81 0.9785 0
98 73 81 0.8674 0
52 86 47 0.799 0
21 88 78 1.0143 0
61 79 80 1.3576 0
25 88 60 0.669 0
52 83 81 0.8674 0
107 63 37 0.608 0
80 64 94 0.9862 0
49 64 90 0.9494 0
27 83 81 0.8674 0
27 75 81 0.8674 0
45 73 46 0.8674 0
89 63 90 0.608 0
101 79 80 1.3576 0
93 79 80 1.3576 0
71 64 90 0.9494 0
107 64 92 0.9494 0
80 64 33 0.9862 0
24 65 82 0.9937 0
47 88 71 0.669 0
24 80 46 0.8674 0
102 65 84 1.8938 0
102 65 43 1.8938 0
48 72 81 0.8674 0
0
