128
65 58 81 1.6767 0
24 86 30 0.5 0
113 58 36 0.5 0
29 41 35 3.5253 0
23 86 95 0.5 0
111 78 80 0.5 0
29 41 92 3.5253 0
68 59 41 3.1977 0
29 69 63 3.4222 0
94 78 49 0.8437 0
94 57 89 0.5589 0
59 79 62 0.6805 0
83 78 78 0.8437 0
29 69 35 3.4869 0
29 69 92 3.4869 0
93 57 46 0.8302 0
48 74 79 0.7498 0
46 57 46 0.8302 0
112 58 79 0.727 0
114 75 47 0.5 0
44 78 49 0.8848 0
47 57 90 0.5393 0
75 78 49 0.8437 0
25 84 76 1.0837 0
25 84 48 1.0837 0
66 78 78 0.8887 0
82 58 81 1.6767 0
98 69 79 0.7498 0
84 69 39 0.8684 0
57 71 48 0.7498 0
37 60 79 0.8183 0
107 62 48 0.7498 0
43 81 64 0.5 0
101 59 41 3.021 0
27 60 48 1.1491 0
86 71 90 0.5 0
83 57 39 1.182 0
108 58 92 0.5 0
101 59 86 3.0211 0
82 64 47 1.9793 0
24 85 62 0.5758 0
86 68 80 1.9793 0
50 60 79 0.8181 0
26 55 84 0.813 0
36 78 77 0.6945 0
26 55 96 0.7079 0
73 68 79 0.7498 0
72 79 64 0.5 0
36 68 48 0.7498 0
27 66 79 1.1322 0
37 56 37 0.6741 0
54 56 36 0.5847 0
74 56 92 0.5 0
58 69 79 0.7498 0
26 56 31 0.7079 0
109 68 79 0.7498 0
36 79 56 0.6805 0
36 57 90 0.5393 0
56 60 48 0.8181 0
27 74 48 1.1322 0
51 79 70 0.6805 0
69 70 48 0.7498 0
104 77 49 0.6783 0
59 56 92 0.5 0
96 68 48 0.7498 0
66 79 53 0.6805 0
68 59 86 3.1977 0
26 82 86 0.7079 0
26 82 38 0.7079 0
93 78 78 0.8437 0
27 52 41 0.5035 0
50 79 59 0.6805 0
47 66 48 0.7498 0
27 79 58 1.0798 0
92 59 79 0.7333 0
37 57 46 0.8302 0
35 79 68 0.6805 0
84 56 92 0.5 0
83 74 48 0.7498 0
63 79 70 0.6805 0
26 74 73 0.7079 0
102 78 78 0.8437 0
54 79 51 0.5192 0
42 68 79 0.7498 0
57 78 78 0.8876 0
27 79 66 1.0798 0
74 77 78 0.6783 0
26 74 82 0.7079 0
56 57 85 0.5393 0
27 79 30 0.5498 0
112 68 48 0.7498 0
112 56 44 0.6741 0
104 69 48 0.7498 0
46 56 37 0.6741 0
42 79 71 0.6805 0
87 57 87 1.182 0
28 79 98 0.5 0
66 71 79 0.7498 0
92 57 37 0.5393 0
36 77 48 0.6846 0
111 57 86 0.5393 0
78 57 46 0.8302 0
63 63 48 0.7498 0
43 56 83 0.6741 0
82 64 87 0.952 0
89 71 48 0.8597 0
30 57 37 0.5393 0
74 65 48 0.7498 0
49 74 48 0.7498 0
81 75 86 0.5 0
26 66 52 0.7079 0
42 72 48 0.7498 0
75 60 79 0.8181 0
58 57 41 0.5393 0
86 68 47 1.9793 0
34 72 79 0.7498 0
86 61 80 1.9793 0
26 60 41 0.7079 0
79 70 79 0.9402 0
33 57 84 0.5393 0
27 78 77 1.0902 0
30 60 79 0.8188 0
27 57 89 0.9773 0
56 63 79 0.7498 0
107 62 79 0.7498 0
26 66 45 0.7079 0
26 66 71 0.7079 0
26 50 33 0.7079 0
0
