128
62 67 65 0.8008 0
120 58 54 0.5 0
8 70 76 0.5 0
96 68 76 0.8605 0
33 67 62 0.7864 0
120 64 77 0.5 0
82 68 62 0.9589 0
46 68 76 0.8605 0
106 67 61 0.9594 0
22 66 73 1.7555 0
74 68 76 0.8605 0
20 57 56 0.2206 0
11 67 62 0.7869 0
59 58 55 0.9163 0
48 68 62 0.9607 0
116 67 67 1.6441 0
35 67 75 0.8008 0
95 67 65 0.8008 0
85 67 75 0.8008 0
58 64 77 0.5 0
22 66 63 1.7555 0
108 70 77 0.5 0
72 67 62 0.7871 0
116 63 52 1.6594 0
41 67 67 0.8008 0
54 67 71 0.8008 0
67 67 72 0.8008 0
102 67 71 0.8008 0
12 67 71 0.8008 0
60 63 60 1.3307 0
30 67 69 0.8008 0
78 67 68 0.8008 0
117 63 61 1.2963 0
60 67 74 1.6441 0
55 67 64 0.8008 0
109 67 71 0.8008 0
88 67 65 0.8008 0
116 67 73 1.6441 0
22 62 59 1.7364 0
93 67 71 0.8008 0
47 67 69 0.8008 0
101 67 65 0.8008 0
22 66 68 1.7555 0
41 67 74 0.8008 0
15 70 77 0.5 0
68 67 66 0.8008 0
79 67 75 0.8008 0
73 67 71 0.8008 0
112 68 61 0.8594 0
117 59 58 1.2963 0
16 67 65 0.8008 0
116 67 62 1.6441 0
59 67 63 1.6441 0
60 67 68 1.6441 0
29 68 76 0.8605 0
35 67 68 0.8008 0
110 67 65 0.8008 0
52 69 77 0.5 0
90 67 75 0.8008 0
88 67 70 0.8008 0
82 67 71 0.8008 0
9 67 67 0.8008 0
59 63 56 1.4451 0
116 59 54 1.4035 0
39 68 62 0.9612 0
116 63 57 1.3435 0
103 68 77 0.5 0
28 70 64 0.5 0
77 68 62 0.9592 0
15 67 75 0.8008 0
69 70 77 0.5 0
60 59 58 1.3307 0
38 67 71 0.8008 0
10 67 75 0.6699 0
111 67 76 0.8605 0
16 67 71 0.8008 0
51 67 64 0.8008 0
73 67 67 0.8008 0
27 67 64 0.8008 0
66 68 62 0.9598 0
53 67 75 0.8008 0
92 69 61 0.5 0
99 67 60 0.5 0
106 68 74 0.9746 0
65 68 76 0.8605 0
44 68 62 0.961 0
81 67 65 0.8008 0
26 67 71 0.8008 0
107 67 68 0.8008 0
50 67 71 0.8008 0
44 67 71 0.8008 0
120 69 77 0.5 0
98 70 70 0.5 0
20 70 77 0.5 0
25 70 77 0.5 0
22 58 58 0.9163 0
84 68 68 0.6362 0
117 65 70 1.0424 0
115 63 77 0.5 0
18 67 62 0.7867 0
102 67 75 0.8008 0
93 67 62 0.8008 0
70 67 76 0.8605 0
32 67 65 0.8008 0
12 67 65 0.8008 0
112 67 72 0.8008 0
29 67 72 0.8008 0
102 67 62 0.8008 0
96 67 70 0.8008 0
9 67 72 0.8008 0
77 67 65 0.8008 0
69 67 63 0.8008 0
63 67 62 0.7867 0
53 68 67 0.9828 0
92 70 67 0.5 0
98 70 63 0.5 0
33 70 72 0.5 0
65 70 69 0.5 0
45 70 66 0.5 0
86 68 62 0.9587 0
77 68 72 0.9541 0
35 67 72 0.8008 0
107 67 65 0.8008 0
105 67 71 0.8008 0
104 67 65 0.8008 0
101 67 68 0.8008 0
99 67 71 0.8008 0
98 67 65 0.8008 0
0
