128
21 64 65 0.8917 0
121 62 60 0.5 0
71 62 67 0.5 0
96 66 65 0.5 0
46 66 67 0.5 0
7 60 68 0.5 0
109 62 67 0.5 0
34 61 67 0.5 0
58 62 65 0.5 0
84 62 67 0.5 0
11 70 64 0.5 0
119 67 68 0.5 0
13 59 65 1.0118 0
113 66 61 0.5 0
29 67 66 0.5 0
9 65 65 1.0118 0
64 66 67 0.5 0
78 66 65 0.5 0
38 67 65 0.5 0
102 62 65 0.5 0
16 66 65 1.0118 0
41 61 66 0.5 0
51 62 65 0.5 0
89 66 65 0.5 0
117 61 67 0.5 0
27 61 66 0.5 0
119 67 62 0.5 0
17 61 65 1.0118 0
54 66 67 0.5 0
92 62 67 0.5 0
105 66 67 0.5 0
114 66 67 0.5 0
116 62 62 0.5 0
9 61 65 1.0118 0
69 66 65 0.5 0
76 62 67 0.5 0
66 62 65 0.4498 0
110 62 62 0.2709 0
13 68 65 1.0118 0
59 66 67 0.5 0
121 63 66 0.5 0
33 65 65 0.5 0
97 62 67 0.5 0
83 66 65 0.5 0
74 66 67 0.5 0
80 62 65 0.5 0
46 62 65 0.5 0
108 65 64 0.5 0
42 65 65 0.5 0
25 66 67 0.5 0
88 62 66 0.5 0
50 66 66 0.5 0
62 62 66 0.5 0
100 66 66 0.5 0
21 68 67 0.5 0
37 63 65 0.4498 0
113 62 67 0.5 0
110 66 67 0.5 0
19 64 65 1.0118 0
55 62 67 0.5 0
31 61 65 0.5 0
92 66 67 0.5 0
105 62 67 0.5 0
86 66 67 0.5 0
8 68 68 0.5 0
28 64 65 0.5 0
117 65 66 0.5 0
21 61 65 0.8523 0
16 69 68 0.5 0
116 66 60 0.5 0
113 63 62 0.5 0
20 68 64 0.5 0
11 63 68 0.5 0
38 61 67 0.5 0
111 64 65 0.5 0
40 66 67 0.5 0
73 63 65 0.5 0
94 64 66 0.5 0
119 61 62 0.5 0
118 63 60 0.5 0
121 65 60 0.5 0
57 65 65 0.5 0
25 63 65 0.5 0
62 65 65 0.5 0
35 67 66 0.5 0
99 63 65 0.5 0
110 66 62 0.5 0
80 65 67 0.5 0
103 65 65 0.5 0
67 65 67 0.5 0
7 63 68 0.5 0
23 67 65 0.5 0
69 63 65 0.5 0
108 62 64 0.4678 0
86 64 65 0.5 0
53 64 65 0.5 0
48 62 67 0.5 0
72 66 65 0.5 0
15 60 68 0.5 0
16 63 68 0.5 0
10 59 68 0.5 0
11 67 68 0.5 0
18 67 68 0.5 0
76 64 65 0.4498 0
48 64 65 0.4498 0
91 64 65 0.4498 0
10 68 66 0.7764 0
13 70 68 0.5 0
19 61 68 0.5 0
14 63 65 0.5 0
14 66 68 0.5 0
106 63 65 0.5486 0
65 63 67 0.5 0
95 62 65 0.5 0
78 63 66 0.5 0
43 63 66 0.5 0
13 62 67 0.5 0
43 67 66 0.5 0
45 65 65 0.5 0
98 65 67 0.5 0
116 64 68 0.5 0
30 62 67 0.5 0
115 65 62 0.5 0
37 66 67 0.5 0
82 64 66 0.5 0
32 66 67 0.5 0
39 64 66 0.5 0
115 63 66 0.5 0
0
