128
69 66 62 6.3474 0
37 60 112 0.5 0
38 60 15 0.5 0
93 65 113 0.5 0
88 63 18 3.3238 0
65 64 102 3.3238 0
36 60 79 0.5 0
36 60 47 0.5 0
87 65 83 4.4867 0
57 63 28 3.3238 0
87 64 42 3.8786 0
56 64 83 4.0875 0
76 67 48 7.3553 0
80 67 72 7.3553 0
53 63 48 3.3238 0
67 66 80 6.3474 0
73 64 24 3.3238 0
80 64 102 3.3238 0
86 69 59 5.4946 0
47 61 100 1.308 0
48 62 65 1.5884 0
62 65 45 5.3395 0
36 60 30 0.5 0
59 65 71 4.5184 0
50 62 17 2.3159 0
52 66 114 0.5 0
56 63 108 3.3238 0
59 64 56 4.3317 0
88 63 95 3.3238 0
77 64 85 3.8786 0
65 63 20 3.3238 0
88 63 27 3.3238 0
73 64 33 3.3238 0
36 60 59 0.5 0
48 62 36 1.5018 0
88 71 47 3.4788 0
65 64 30 3.3238 0
56 63 92 3.3238 0
80 64 29 3.3238 0
80 64 20 3.3238 0
73 64 98 3.3238 0
69 64 109 3.3238 0
88 63 51 3.3238 0
57 63 36 3.3238 0
80 64 94 3.3238 0
80 64 37 3.3238 0
57 63 20 3.3238 0
65 64 94 3.3238 0
56 63 100 3.3238 0
41 61 89 0.5 0
86 63 107 3.3238 0
77 63 109 3.3238 0
54 63 63 3.3238 0
45 61 75 0.6563 0
52 63 76 2.9639 0
36 60 102 0.5 0
65 69 53 2.9473 0
82 72 83 2.8157 0
45 61 110 0.6563 0
44 60 26 0.8002 0
46 61 55 1.2225 0
37 60 68 0.5 0
52 63 41 2.6381 0
89 72 79 2.471 0
89 64 34 2.471 0
51 63 55 2.4339 0
77 72 62 2.4942 0
50 62 88 2.3159 0
89 64 66 2.471 0
89 72 67 2.471 0
80 62 62 2.3159 0
50 62 104 2.3159 0
50 62 96 2.3159 0
65 62 37 2.3159 0
62 62 88 2.3159 0
74 63 17 2.4029 0
76 72 81 2.3756 0
38 60 38 0.5 0
69 62 71 2.3159 0
51 62 32 2.3159 0
70 71 71 2.3327 0
51 62 25 2.3159 0
51 62 69 2.3159 0
73 65 91 2.3159 0
89 62 75 2.3159 0
71 62 40 2.3159 0
81 62 56 2.3159 0
68 62 53 2.3159 0
43 60 44 0.8002 0
93 75 88 0.5 0
35 60 22 0.5 0
49 62 82 2.1604 0
49 62 110 2.011 0
59 68 63 1.7546 0
89 73 73 1.8264 0
89 73 85 1.6333 0
38 60 95 0.5 0
83 73 43 1.8214 0
68 71 43 1.8553 0
48 62 60 1.5884 0
79 73 56 1.6646 0
42 60 20 0.6249 0
42 60 32 0.6249 0
64 70 69 1.6806 0
41 60 83 0.5 0
37 60 53 0.5 0
92 76 40 0.5 0
73 71 85 1.6333 0
92 68 102 0.5 0
90 62 89 1.4631 0
48 62 51 1.5884 0
48 62 45 1.5884 0
90 62 61 1.4631 0
43 60 69 0.8002 0
71 72 55 1.5596 0
43 60 94 0.8002 0
69 61 90 1.308 0
60 61 64 1.308 0
90 73 53 1.4631 0
90 65 71 1.4631 0
61 65 111 1.3951 0
86 61 101 1.308 0
90 65 103 1.4631 0
43 60 15 0.8002 0
90 69 75 1.4631 0
42 60 105 0.6249 0
41 60 63 0.2549 0
61 65 16 1.3951 0
0
