128
59 65 60 2.9637 0
62 54 115 3.2656 0
71 36 17 0.8864 0
68 82 15 2.8518 0
69 82 90 2.7166 0
69 47 85 1.4563 0
69 49 41 2.8723 0
69 82 41 2.7076 0
67 78 114 3.2034 0
54 57 17 0.5 0
69 65 79 2.8672 0
59 82 71 2.762 0
69 65 30 2.875 0
59 49 71 2.9494 0
72 35 104 0.901 0
69 65 101 2.8665 0
58 49 97 2.7137 0
68 49 15 3.1589 0
68 65 15 3.1735 0
59 65 90 2.9687 0
59 65 41 2.9604 0
59 49 30 2.9526 0
59 82 30 2.7654 0
69 49 60 2.8757 0
59 82 101 2.7566 0
69 82 60 2.7112 0
54 35 110 0.5 0
59 66 110 3.2099 0
54 34 19 0.5 0
59 49 49 2.9401 0
59 82 49 2.7521 0
69 65 49 2.8622 0
69 49 101 2.8616 0
59 65 22 2.9005 0
59 65 71 2.955 0
74 88 75 0.5 0
69 82 79 2.697 0
59 82 20 2.9436 0
59 49 60 2.9581 0
58 80 84 1.7056 0
68 63 113 3.0769 0
59 82 60 2.7712 0
69 65 90 2.8857 0
69 65 60 2.8806 0
69 49 30 2.8701 0
69 49 71 2.8668 0
69 82 30 2.7053 0
69 82 101 2.6963 0
58 47 85 1.4265 0
69 49 110 2.8108 0
59 65 101 2.9499 0
60 49 15 3.1464 0
59 65 30 2.9582 0
59 49 41 2.9548 0
59 65 79 2.9506 0
59 65 49 2.9457 0
69 65 41 2.8773 0
69 65 71 2.8718 0
59 49 79 2.945 0
69 49 49 2.8572 0
59 82 41 2.7677 0
69 82 71 2.7018 0
69 82 49 2.6918 0
59 49 104 3.1508 0
69 49 79 2.8623 0
60 65 15 3.1598 0
61 36 105 0.8864 0
59 82 90 2.7765 0
63 72 116 2.9359 0
59 49 90 2.9631 0
59 49 22 2.8948 0
69 49 90 2.8808 0
54 90 109 0.5 0
69 49 22 2.8119 0
69 65 22 2.8165 0
69 82 22 2.644 0
70 81 108 2.6262 0
61 36 17 0.8864 0
59 82 79 2.7573 0
59 49 111 2.4048 0
62 81 13 2.5023 0
55 73 104 0.8189 0
55 73 20 0.8024 0
70 64 107 2.0938 0
55 57 104 0.8189 0
54 90 16 0.311 0
55 37 104 0.8189 0
67 35 108 0.901 0
54 41 18 0.311 0
65 59 117 1.8366 0
74 88 66 0.5 0
54 79 109 0.2082 0
66 35 21 0.901 0
71 81 55 1.7526 0
71 81 36 1.7453 0
71 81 95 1.7497 0
71 81 65 1.7468 0
71 81 85 1.7493 0
58 80 54 1.704 0
58 80 96 1.7053 0
58 80 66 1.7073 0
58 80 35 1.7086 0
63 88 54 0.5 0
56 90 103 0.5 0
63 88 36 0.5 0
74 55 53 0.5 0
74 71 83 0.5 0
65 71 66 0.5 0
65 55 36 0.5 0
71 48 54 1.6172 0
71 66 54 1.609 0
71 66 96 1.6104 0
55 55 55 0.5 0
64 71 45 0.5 0
74 70 36 0.5 0
56 84 110 0.5 0
54 42 109 0.2082 0
64 44 54 0.5 0
55 89 21 0.7674 0
64 70 85 0.5 0
57 48 54 1.5371 0
62 88 96 0.5 0
57 66 54 1.5298 0
56 58 21 0.9685 0
72 55 96 0.5 0
74 55 82 0.5 0
74 55 63 0.5 0
66 71 96 0.5 0
0
