128
60 69 63 2.8032 0
68 58 116 3.0993 0
68 58 12 3.3949 0
68 69 89 3.3949 0
56 64 38 3.2168 0
56 63 102 3.2207 0
62 57 77 2.956 0
68 69 25 3.3949 0
70 66 48 2.9557 0
58 68 12 3.3941 0
71 64 102 3.2207 0
68 58 33 3.3949 0
56 63 88 3.2164 0
56 68 117 1.822 0
62 57 53 2.956 0
62 70 77 2.956 0
59 58 20 3.3107 0
69 60 63 2.8016 0
66 56 90 2.8282 0
58 59 111 3.3941 0
68 69 12 3.3949 0
70 74 119 0.5 0
62 70 53 2.956 0
70 62 74 2.955 0
60 57 42 3.4759 0
70 60 42 3.4761 0
58 59 31 3.3941 0
58 68 95 3.3941 0
60 70 85 3.4759 0
60 58 63 2.8032 0
60 70 42 3.4759 0
68 69 108 3.3949 0
58 68 31 3.3941 0
58 59 95 3.3941 0
61 70 103 3.2492 0
71 63 19 3.0598 0
68 58 108 3.3949 0
70 60 85 3.4761 0
58 59 12 3.3941 0
60 57 85 3.4759 0
68 58 97 3.3949 0
68 69 41 3.3949 0
68 69 33 3.3949 0
68 58 25 3.3949 0
59 69 20 3.3107 0
58 68 111 3.3941 0
68 69 97 3.3949 0
70 66 115 3.2514 0
61 57 102 3.2492 0
57 65 74 2.9541 0
70 66 80 3.0076 0
57 66 48 2.9544 0
70 62 54 2.9385 0
69 67 61 2.8016 0
57 62 54 2.9408 0
60 58 70 2.8032 0
69 67 69 2.8016 0
57 64 67 2.8031 0
63 70 116 2.8026 0
57 64 81 2.8031 0
63 70 69 2.8026 0
57 64 25 2.8031 0
67 58 69 2.8004 0
68 58 49 2.7604 0
65 71 47 2.3184 0
72 64 28 2.2142 0
66 58 58 2.3213 0
55 63 17 2.056 0
63 72 93 2.2149 0
63 72 29 2.2143 0
63 55 29 2.2143 0
72 64 95 2.213 0
72 64 35 2.212 0
62 72 35 2.0944 0
62 55 35 2.0942 0
66 71 82 2.1701 0
57 59 48 2.0073 0
57 67 58 2.0725 0
62 56 117 2.0914 0
68 57 79 2.0068 0
56 63 117 2.0914 0
66 55 39 1.8621 0
64 71 59 1.9346 0
65 69 18 1.9784 0
65 58 18 1.9784 0
56 63 61 1.9336 0
62 55 108 1.9383 0
72 63 109 1.8294 0
69 69 53 1.8783 0
68 70 76 1.8505 0
69 63 91 1.7962 0
66 55 84 1.7095 0
55 62 44 1.6139 0
66 71 64 1.5441 0
56 60 77 1.5309 0
63 72 110 1.4999 0
70 57 18 1.3724 0
70 70 18 1.3722 0
57 57 117 1.3698 0
56 58 37 1.4181 0
60 55 91 1.5316 0
60 72 25 1.5303 0
60 55 25 1.5303 0
72 60 92 1.529 0
75 62 8 0.5 0
64 55 46 1.4971 0
73 66 85 1.32 0
72 61 113 1.4649 0
62 74 7 0.5 0
56 58 25 1.4206 0
67 56 74 1.3739 0
57 69 79 1.3947 0
71 58 102 1.4206 0
61 68 26 1.4194 0
61 59 26 1.4194 0
66 68 56 1.4203 0
67 72 113 1.3729 0
55 67 43 1.4026 0
73 66 42 1.32 0
64 72 22 1.3484 0
64 55 22 1.3484 0
67 72 103 1.2991 0
67 55 103 1.2991 0
62 72 10 1.2546 0
72 65 10 1.2546 0
62 55 16 1.2937 0
62 72 16 1.2937 0
63 54 94 1.2078 0
0
