128
62 64 64 2.6221 0
112 65 95 0.5 0
110 66 34 0.6031 0
23 63 33 3.684 0
19 66 96 1.274 0
51 63 94 3.684 0
60 63 33 3.7893 0
21 64 67 2.4207 0
83 65 96 1.6221 0
86 73 31 0.9372 0
41 64 49 2.1482 0
40 65 72 2.0793 0
61 64 82 3.0871 0
41 75 31 0.5 0
37 63 33 3.684 0
37 63 94 3.684 0
67 77 97 0.5 0
99 66 90 1.6728 0
61 64 48 2.8721 0
21 64 53 2.6387 0
23 64 86 3.0871 0
96 65 34 1.3844 0
68 65 96 1.6221 0
47 64 81 2.4855 0
62 56 94 2.4165 0
78 65 31 1.6221 0
52 64 41 3.0871 0
48 65 58 2.0793 0
52 65 70 2.0793 0
60 63 94 3.7893 0
51 63 33 3.684 0
24 63 94 3.684 0
69 76 32 0.5 0
39 64 84 2.8834 0
39 65 60 2.0793 0
39 64 42 3.0328 0
55 77 32 0.5 0
56 77 96 0.5 0
110 64 86 0.7605 0
44 75 98 0.5 0
62 64 72 2.6221 0
52 64 86 3.0871 0
23 64 41 3.0871 0
91 73 95 0.9047 0
78 76 97 0.5 0
62 64 56 2.6221 0
88 65 31 1.6221 0
45 64 88 3.0871 0
45 64 38 3.0871 0
61 64 41 3.0871 0
105 63 43 0.5 0
30 64 37 2.7791 0
103 72 38 0.8228 0
21 64 74 2.6387 0
92 66 94 1.6596 0
46 64 45 2.6097 0
21 64 60 2.4207 0
69 65 33 1.6221 0
103 65 36 1.3628 0
62 59 76 2.4165 0
108 72 92 0.5 0
62 59 68 2.3926 0
62 58 44 2.4165 0
62 59 88 2.4165 0
62 59 60 2.3641 0
111 69 43 0.5 0
62 59 52 2.4165 0
52 64 48 2.2495 0
62 58 38 2.4165 0
62 56 32 2.4165 0
78 74 32 0.9661 0
29 73 30 0.5 0
44 65 95 2.3402 0
62 74 31 0.9372 0
33 74 96 0.5 0
20 64 80 2.3675 0
20 64 47 2.3675 0
47 65 52 2.0793 0
55 64 79 2.2495 0
49 74 32 0.6892 0
46 65 72 2.0793 0
94 74 35 0.5 0
76 69 95 0.6892 0
44 65 31 2.0043 0
52 65 62 2.0793 0
48 65 66 2.0793 0
42 64 78 2.1482 0
50 65 76 2.0793 0
106 62 93 0.8134 0
83 73 95 0.6892 0
52 65 54 2.0793 0
44 65 62 2.0793 0
43 65 56 2.0793 0
42 65 67 2.0793 0
50 73 96 0.9372 0
63 65 88 2.0793 0
62 73 96 0.9372 0
30 65 31 2.0043 0
58 65 68 2.0793 0
58 65 60 2.0793 0
31 62 91 2.086 0
110 64 40 0.7605 0
36 72 32 0.6892 0
40 73 95 0.6892 0
78 65 95 1.6221 0
57 64 53 1.7909 0
72 74 96 0.9372 0
83 65 31 1.6221 0
73 65 95 1.6221 0
105 68 90 0.9785 0
38 65 55 1.778 0
21 59 56 1.6775 0
29 71 95 0.6892 0
64 65 77 1.8054 0
56 64 74 1.7909 0
96 72 91 0.6603 0
62 57 83 1.7173 0
55 71 31 0.9372 0
73 71 31 0.9372 0
21 59 62 1.6775 0
56 71 96 0.9372 0
99 66 37 1.6728 0
92 66 33 1.6596 0
88 65 96 1.6221 0
21 59 72 1.6775 0
73 65 31 1.6221 0
66 65 92 1.6221 0
31 66 95 1.4707 0
0
