128
65 90 76 2.236 0
10 52 58 1.0704 0
115 53 59 2.8037 0
22 95 66 3.3561 0
105 95 66 3.3561 0
64 102 50 2.474 0
14 69 64 4.4251 0
49 100 61 4.3627 0
113 73 71 2.1684 0
78 100 61 4.3626 0
113 78 55 1.7933 0
57 102 75 2.7775 0
18 55 70 2.8025 0
110 57 71 2.8035 0
91 100 69 2.5363 0
35 100 69 2.5281 0
15 83 58 2.5534 0
109 66 58 2.3479 0
70 102 75 2.7775 0
94 99 54 1.0325 0
57 93 52 2.7775 0
112 84 69 2.7955 0
30 99 56 2.1825 0
113 69 64 4.4251 0
18 58 56 2.5446 0
71 90 51 1.3973 0
15 84 69 2.7955 0
110 89 56 2.2534 0
52 92 70 2.7786 0
75 92 70 2.7772 0
97 99 63 3.5538 0
17 89 63 3.6294 0
76 100 70 3.6158 0
51 100 70 3.6158 0
110 89 63 3.6294 0
30 99 63 3.5538 0
14 78 63 3.5372 0
113 78 64 3.5372 0
87 100 63 3.2732 0
40 100 64 3.2732 0
15 62 71 2.8041 0
57 101 52 2.7775 0
52 91 57 2.7771 0
109 52 64 2.4114 0
115 62 71 2.8041 0
13 52 66 2.8034 0
15 64 57 2.803 0
103 96 59 2.9079 0
24 96 59 2.9079 0
75 93 57 2.7806 0
70 94 75 2.7775 0
57 95 75 2.7775 0
115 64 57 2.803 0
15 53 59 2.8037 0
115 52 66 2.8034 0
109 55 57 2.8019 0
70 102 52 2.7775 0
70 95 52 2.7775 0
112 83 58 2.5534 0
36 100 58 2.5363 0
64 96 77 2.474 0
100 98 70 2.4853 0
27 98 70 2.4853 0
14 73 57 2.5018 0
92 100 58 2.5281 0
113 73 57 2.5018 0
14 77 70 2.5013 0
77 92 64 2.4788 0
50 92 64 2.4789 0
64 102 77 2.474 0
64 96 50 2.474 0
108 65 69 2.3427 0
109 91 70 2.3449 0
18 91 70 2.3449 0
19 52 64 2.3427 0
66 90 51 2.236 0
84 99 69 2.2754 0
42 100 57 2.2485 0
12 59 55 2.324 0
43 100 70 2.2493 0
115 58 55 2.204 0
17 89 56 2.2534 0
110 61 55 2.2037 0
116 56 71 2.0782 0
12 55 71 2.0882 0
98 99 56 1.9198 0
85 99 57 1.9917 0
19 65 68 1.9957 0
14 68 72 1.7935 0
52 97 55 1.8541 0
113 68 72 1.7935 0
113 78 72 1.7933 0
14 78 55 1.7933 0
75 103 55 1.7269 0
52 103 55 1.7268 0
60 90 75 1.768 0
20 93 54 1.3326 0
107 93 54 1.3326 0
75 98 54 1.3163 0
110 52 69 1.5303 0
22 70 58 0.5 0
104 95 72 1.4371 0
23 95 72 1.4371 0
108 94 58 1.5015 0
19 94 58 1.5015 0
20 68 60 1.3348 0
22 64 75 0.5 0
15 72 71 1.4165 0
22 64 53 0.5 0
20 59 73 1.3161 0
96 99 73 1.29 0
31 99 73 1.29 0
11 59 73 1.3161 0
113 69 54 1.3117 0
14 69 54 1.3117 0
11 64 68 1.2481 0
54 88 76 0.7202 0
73 89 74 1.2281 0
20 65 56 1.3348 0
20 63 72 1.3348 0
17 83 64 1.3306 0
110 83 63 1.3307 0
107 66 63 1.3348 0
20 54 58 1.3348 0
81 99 55 1.2986 0
107 61 73 1.2117 0
57 107 57 0.5 0
77 89 60 1.2281 0
0
