128
66 68 68 5.7873 0
93 40 31 3.7698 0
29 91 27 0.5 0
31 87 103 0.5 0
69 63 37 9.0421 0
76 89 103 0.5 0
51 86 89 3.7458 0
45 87 48 1.9854 0
77 71 96 3.4876 0
102 58 53 0.5 0
78 40 48 3.2577 0
59 86 37 3.7458 0
67 66 54 7.2423 0
72 87 80 1.7025 0
63 86 64 3.7458 0
68 39 29 1.796 0
93 40 48 3.7698 0
38 86 32 3.7458 0
79 87 27 0.5 0
64 70 90 3.8297 0
76 85 50 2.1818 0
100 61 29 0.5 0
75 69 76 5.1898 0
65 87 98 2.1592 0
62 43 44 1.584 0
59 86 53 3.7458 0
59 86 81 3.7458 0
88 60 51 0.8382 0
41 78 101 0.6702 0
78 82 68 2.1221 0
65 69 80 4.4988 0
76 65 63 4.4207 0
39 87 99 2.7211 0
78 40 30 2.8039 0
99 54 40 0.9025 0
76 57 48 4.1349 0
79 79 36 1.6697 0
85 40 43 3.7698 0
88 60 28 0.8382 0
54 77 101 0.582 0
51 86 98 3.729 0
51 86 33 3.7458 0
62 48 29 1.796 0
59 86 94 3.7458 0
76 86 94 1.5067 0
76 70 86 3.7098 0
85 40 34 3.7698 0
51 86 45 3.7458 0
76 70 47 3.7098 0
77 72 57 3.6854 0
63 86 73 3.4815 0
63 56 48 3.4815 0
68 88 29 1.7301 0
62 86 45 3.4253 0
40 77 43 0.582 0
73 87 60 2.1713 0
69 38 40 1.6564 0
78 40 38 3.2577 0
88 53 38 0.8002 0
63 71 98 3.2083 0
77 54 30 2.8039 0
39 86 40 3.0877 0
77 73 66 3.1483 0
79 81 80 1.4641 0
62 77 30 1.1838 0
74 87 41 1.5613 0
95 53 28 0.8002 0
63 72 45 2.8936 0
49 77 56 0.5 0
68 38 50 1.4467 0
95 53 49 0.8002 0
77 71 30 2.8039 0
29 76 27 0.0741 0
51 87 53 2.6981 0
64 87 88 2.7379 0
79 79 44 1.6697 0
78 73 40 2.6776 0
62 86 30 2.8039 0
63 72 30 2.8039 0
63 54 30 2.8039 0
78 54 40 2.6776 0
66 87 57 2.7246 0
81 81 103 0.5 0
79 79 88 1.6697 0
73 87 68 2.1713 0
94 60 35 0.8382 0
78 65 53 2.6776 0
63 74 61 2.6428 0
78 82 60 2.1221 0
30 78 35 0.5601 0
86 50 53 0.5 0
94 60 44 0.8382 0
61 49 37 1.4657 0
44 78 93 0.6702 0
62 76 54 2.4745 0
62 74 38 2.4173 0
74 87 87 1.5613 0
79 79 29 1.6697 0
62 76 77 2.4745 0
45 77 27 0.5 0
62 53 40 2.4736 0
62 76 71 2.4736 0
62 43 34 1.584 0
71 69 92 2.4573 0
32 78 102 0.5 0
44 78 36 0.6702 0
45 78 49 0.6702 0
78 76 51 2.3823 0
67 87 50 2.3151 0
61 46 51 1.1113 0
87 53 46 0.8002 0
53 77 82 0.582 0
86 60 42 0.8382 0
78 76 72 2.3823 0
46 87 38 2.3498 0
87 50 28 0.5 0
94 49 42 0.5579 0
67 87 79 2.3151 0
100 55 33 0.6343 0
79 49 49 1.7021 0
86 42 50 2.1192 0
77 86 33 0.7983 0
50 77 40 0.582 0
69 88 38 1.6907 0
55 78 59 0.6702 0
79 79 94 1.6697 0
45 84 30 2.2036 0
58 78 88 0.6702 0
0
