128
63 66 78 14.7163 0
63 87 18 5.2119 0
76 42 28 0.5 0
46 51 15 1.393 0
85 60 45 3.2289 0
42 60 45 3.2267 0
76 59 120 0.5 0
83 63 15 1.3909 0
52 60 115 1.5099 0
69 79 44 1.345 0
72 42 54 1.2317 0
59 39 65 2.826 0
46 69 23 1.4071 0
52 42 34 0.5 0
52 76 40 1.4242 0
79 72 29 1.3172 0
77 52 69 5.4652 0
77 60 106 1.86 0
51 50 69 5.1069 0
51 45 48 1.2321 0
64 45 80 5.1911 0
79 48 16 1.3102 0
63 46 69 4.892 0
48 72 54 1.3304 0
81 69 58 1.403 0
74 49 82 4.6314 0
83 57 30 1.408 0
52 49 80 4.6265 0
46 51 30 1.3943 0
75 76 15 1.4185 0
48 59 101 0.9876 0
77 45 42 0.9463 0
58 79 51 1.3425 0
69 79 32 1.3494 0
69 79 56 1.3407 0
79 72 41 1.3225 0
67 50 89 4.0094 0
44 63 62 1.4085 0
52 76 16 1.4155 0
81 51 54 1.3987 0
80 65 68 3.901 0
80 56 79 3.7945 0
55 78 29 1.2175 0
48 60 67 3.7033 0
57 51 89 3.6967 0
46 69 35 1.4047 0
77 60 96 1.86 0
46 57 75 3.3816 0
45 54 56 1.158 0
43 63 13 0.8924 0
85 60 53 3.225 0
42 60 53 3.2238 0
79 48 33 1.3153 0
52 42 22 0.0519 0
77 57 87 3.163 0
67 38 65 2.7849 0
44 60 33 1.2153 0
48 56 84 3.0083 0
72 44 67 3.0307 0
58 61 104 0.5 0
55 78 61 1.2169 0
47 68 67 2.7927 0
44 56 23 1.2148 0
46 51 42 1.3974 0
52 44 56 1.4178 0
76 74 51 0.9835 0
75 76 23 1.4214 0
46 69 15 1.4087 0
83 63 23 1.3989 0
46 69 43 1.4032 0
81 69 50 1.3994 0
81 51 46 1.395 0
74 75 66 2.7391 0
81 51 23 1.3884 0
83 63 35 1.4095 0
52 43 12 0.5 0
71 56 92 2.5916 0
81 69 19 1.3911 0
52 76 48 1.4271 0
75 76 35 1.4223 0
61 81 38 0.4748 0
51 74 66 2.3587 0
55 60 98 0.9849 0
82 62 75 2.5218 0
52 57 90 2.4149 0
81 63 81 2.5393 0
58 79 43 1.3455 0
64 57 94 2.4118 0
46 51 50 1.3995 0
50 45 27 0.9514 0
64 40 57 1.1311 0
63 80 60 1.1243 0
58 79 23 1.3528 0
74 60 115 1.3349 0
50 60 96 1.86 0
83 57 18 1.3968 0
69 79 24 1.3522 0
50 45 39 0.9473 0
75 76 44 1.4252 0
57 57 93 2.2544 0
57 45 85 2.2493 0
75 45 75 2.1838 0
75 76 56 1.4241 0
45 63 78 2.2035 0
45 64 72 2.2085 0
52 76 24 1.4184 0
58 41 56 1.3572 0
50 45 18 0.9502 0
70 60 101 0.9895 0
82 54 36 1.1645 0
72 78 50 1.2209 0
69 79 16 1.3493 0
81 69 34 1.392 0
44 64 28 1.2206 0
76 45 48 1.2321 0
52 76 56 1.4242 0
55 43 67 2.1337 0
75 44 60 1.4227 0
54 60 107 1.1599 0
48 72 28 1.3277 0
58 79 35 1.3484 0
46 69 49 1.4029 0
58 79 15 1.3554 0
82 54 60 1.1569 0
81 68 75 1.886 0
57 78 65 1.9905 0
65 79 66 2.0659 0
44 64 20 1.2177 0
0
