128
66 64 63 8.5946 0
8 75 57 0.5 0
119 77 73 0.5 0
102 64 59 3.9613 0
30 70 69 3.4721 0
83 65 62 6.7517 0
119 54 73 0.5 0
41 58 55 0.9354 0
19 59 55 0.9755 0
119 51 55 0.5 0
10 74 74 0.5 0
119 77 56 0.5 0
43 72 56 1.4564 0
51 63 60 4.9304 0
79 45 73 0.5 0
76 75 66 5.0002 0
16 71 65 2.4642 0
95 64 66 4.9354 0
111 67 70 2.3557 0
78 45 54 0.002 0
19 58 74 0.5 0
40 70 69 3.4721 0
27 71 56 1.5395 0
113 58 63 1.7805 0
30 58 60 0.9354 0
55 69 69 3.5552 0
22 70 60 3.4721 0
31 70 61 3.4721 0
22 70 69 3.4721 0
40 70 61 3.4721 0
113 70 57 1.3603 0
54 61 69 3.459 0
105 64 69 3.3545 0
36 59 69 1.4433 0
74 50 60 1.5396 0
23 59 67 1.4414 0
74 50 71 1.5391 0
72 74 58 2.981 0
93 67 58 2.8202 0
109 62 62 2.6948 0
77 79 58 2.6158 0
70 54 69 2.7304 0
48 65 69 2.6534 0
41 59 63 1.3572 0
117 74 65 0.8755 0
57 70 57 2.5473 0
70 54 57 2.5473 0
77 62 70 2.5473 0
111 60 69 2.4367 0
110 66 57 2.4697 0
15 71 59 2.4209 0
71 53 63 2.4314 0
88 61 70 2.3915 0
112 59 57 2.2044 0
23 59 59 1.4414 0
36 59 57 1.4433 0
91 61 57 2.1899 0
80 74 57 2.2279 0
87 72 74 0.5 0
28 59 71 1.3448 0
112 68 62 2.1861 0
76 60 57 2.1967 0
119 52 66 0.5 0
88 69 70 1.8557 0
79 45 65 0.5 0
43 58 72 0.9354 0
53 71 61 1.9281 0
79 85 72 0.5 0
45 68 65 1.9159 0
45 68 57 1.9159 0
82 71 70 1.8232 0
28 59 56 1.3509 0
116 54 69 0.9771 0
69 73 70 1.6506 0
61 75 74 0.5 0
32 59 63 1.4433 0
15 70 70 1.7203 0
116 73 72 0.5316 0
46 60 69 1.7092 0
36 71 56 1.5395 0
75 66 56 1.5395 0
47 74 74 0.5 0
50 73 55 0.9485 0
77 70 56 1.5395 0
76 69 71 1.5395 0
65 56 71 1.5395 0
62 71 71 1.5395 0
74 50 66 1.5386 0
80 67 71 1.5395 0
116 53 59 0.7751 0
100 61 71 1.5395 0
83 62 71 1.5395 0
35 67 57 1.5534 0
35 67 67 1.5534 0
18 67 56 1.4122 0
62 72 56 1.4564 0
58 72 64 1.4564 0
97 61 56 1.5395 0
60 59 71 1.5395 0
72 59 71 1.5395 0
72 70 71 1.5395 0
18 60 63 0.8068 0
57 61 56 1.5395 0
79 45 59 0.5 0
100 67 71 1.4042 0
32 59 71 1.4433 0
46 59 56 1.4433 0
48 73 68 0.9485 0
36 59 65 1.4433 0
36 59 61 1.4433 0
32 59 67 1.4433 0
23 59 71 1.4414 0
23 59 63 1.4414 0
26 72 65 1.4564 0
36 72 65 1.4564 0
82 78 74 0.5 0
77 81 71 1.274 0
47 59 65 1.4433 0
46 72 71 1.1218 0
117 74 59 0.8755 0
102 61 65 1.446 0
41 59 67 1.3572 0
41 59 59 1.3572 0
28 59 67 1.3448 0
28 59 63 1.3448 0
76 48 55 0.5046 0
47 75 62 0.5 0
26 67 56 1.2992 0
0
