128
63 96 62 20.2451 0
67 19 100 0.5 0
65 19 28 0.5 0
45 33 64 1.6131 0
86 40 71 0.9852 0
56 53 96 1.6216 0
40 61 76 4.5195 0
72 21 55 1.1552 0
87 61 76 4.5226 0
67 49 54 1.6191 0
60 79 100 2.8396 0
45 23 87 1.5948 0
89 82 59 8.4066 0
39 79 60 8.2198 0
75 39 94 1.5755 0
85 20 83 0.9267 0
79 83 82 6.6828 0
61 97 90 6.7654 0
48 83 82 6.6828 0
75 59 94 1.584 0
78 77 49 6.1786 0
52 58 57 1.612 0
43 40 83 1.6301 0
60 33 54 1.6258 0
56 33 96 1.6299 0
76 96 86 5.8956 0
48 79 47 5.8037 0
90 98 62 5.751 0
36 96 61 5.7522 0
84 23 68 1.6116 0
64 82 85 5.6933 0
61 75 46 5.1834 0
79 35 60 1.5141 0
84 34 83 1.6264 0
49 96 85 4.9442 0
79 55 60 1.5048 0
49 70 55 4.8269 0
45 48 64 1.607 0
48 66 91 1.5429 0
41 89 50 4.7119 0
51 20 57 0.9267 0
63 20 42 0.9267 0
41 20 72 0.9267 0
82 50 87 1.5811 0
81 70 58 4.5958 0
84 89 48 4.4208 0
75 24 94 1.5691 0
40 50 72 3.4476 0
87 50 72 3.4476 0
67 80 96 4.26 0
67 48 97 1.5757 0
56 80 93 4.1326 0
67 82 41 4.1078 0
56 45 55 1.6028 0
67 106 85 4.0896 0
60 64 97 1.5699 0
86 108 65 3.6657 0
48 47 91 1.5432 0
57 83 41 3.7605 0
68 62 55 0.8118 0
55 105 84 3.8329 0
54 20 96 0.9267 0
41 108 65 3.6681 0
42 67 65 3.537 0
86 98 52 3.5908 0
83 93 77 3.5629 0
83 80 71 3.439 0
75 86 42 3.523 0
87 70 65 3.613 0
60 23 54 1.63 0
56 43 96 1.6257 0
45 23 64 1.6172 0
75 69 94 1.5882 0
75 44 57 1.6146 0
67 29 97 1.5706 0
82 65 87 1.5874 0
44 83 71 3.4362 0
40 50 80 3.3638 0
87 50 80 3.3638 0
75 80 92 3.3675 0
82 43 64 1.6068 0
71 35 55 1.6012 0
79 25 60 1.5091 0
48 32 91 1.5434 0
42 39 72 1.6009 0
52 28 57 1.6244 0
49 89 43 3.1308 0
84 33 68 1.6166 0
43 70 83 1.6232 0
30 88 63 2.9515 0
74 68 53 3.0514 0
64 88 96 2.9778 0
60 57 54 1.6158 0
43 90 75 2.9183 0
75 49 94 1.5797 0
67 58 97 1.5799 0
40 98 52 2.9389 0
67 38 97 1.5715 0
50 89 91 2.9094 0
79 31 91 1.5427 0
80 113 67 2.8783 0
60 24 97 1.5866 0
42 31 79 0.877 0
48 41 60 1.5106 0
76 105 81 2.7694 0
85 105 56 2.7938 0
45 55 87 1.5829 0
67 28 54 1.6143 0
67 68 97 1.5842 0
45 56 64 1.6072 0
97 91 63 2.6717 0
41 104 56 2.8098 0
85 72 79 1.5954 0
69 71 47 2.7434 0
71 94 94 2.654 0
84 87 72 2.6554 0
56 70 96 1.618 0
44 97 77 2.4813 0
47 113 68 2.5184 0
57 68 50 2.537 0
79 94 44 2.571 0
85 28 79 1.5912 0
47 73 90 1.6063 0
80 73 90 1.6063 0
41 28 71 0.9866 0
62 21 36 1.4346 0
82 23 87 1.5914 0
82 43 87 1.5829 0
0
