128
63 63 90 19.0006 0
63 94 19 1.2616 0
76 34 18 0.7538 0
43 57 32 1.4396 0
85 48 46 3.0803 0
40 52 57 4.3087 0
79 66 18 0.7538 0
66 72 45 1.4809 0
50 34 19 0.805 0
70 32 63 1.4277 0
87 67 75 7.9391 0
39 67 76 8.0565 0
56 71 21 1.5086 0
50 34 41 0.8029 0
51 35 68 1.3372 0
73 36 76 3.7346 0
84 51 24 1.2469 0
64 37 91 6.0369 0
49 45 77 5.8982 0
76 79 74 5.9179 0
78 46 77 5.8982 0
50 79 74 5.8882 0
78 66 34 1.4303 0
89 65 90 5.7393 0
52 69 54 1.4701 0
63 40 77 5.5992 0
37 65 91 5.2421 0
78 66 54 1.4361 0
76 34 35 0.862 0
86 52 57 4.3659 0
52 69 38 1.4689 0
69 50 111 5.3017 0
64 80 71 5.1655 0
52 40 90 5.117 0
76 41 88 5.0186 0
43 47 21 1.4049 0
43 46 41 1.4894 0
48 70 66 4.6377 0
66 72 30 1.4809 0
50 35 54 0.9919 0
45 62 20 1.362 0
83 77 83 4.4449 0
76 34 49 0.8628 0
78 71 66 4.4011 0
43 77 84 4.2665 0
48 37 30 1.2516 0
44 60 45 1.3698 0
85 62 100 3.9196 0
41 62 100 3.8937 0
45 55 75 3.8529 0
42 62 64 3.6993 0
80 40 25 1.365 0
58 28 75 2.4262 0
83 62 63 3.3538 0
72 42 97 3.7436 0
82 60 45 1.4646 0
63 85 80 3.5159 0
64 81 18 0.724 0
83 46 33 1.4919 0
84 74 92 3.5774 0
83 57 32 1.5188 0
80 38 59 0.9687 0
45 48 87 3.5479 0
71 84 82 3.477 0
65 30 75 3.4575 0
55 84 82 3.4557 0
66 71 57 0.9841 0
65 43 103 3.2911 0
57 42 99 3.3936 0
54 35 76 3.3299 0
70 71 21 1.4754 0
42 73 94 3.2329 0
80 40 40 1.3627 0
56 71 46 1.5078 0
48 66 30 1.3517 0
46 40 60 1.4399 0
41 48 46 3.1817 0
82 50 86 3.0652 0
56 77 66 3.0652 0
61 31 65 1.5146 0
86 56 47 2.8816 0
81 62 25 1.4409 0
82 55 75 2.9642 0
76 69 44 0.9874 0
56 71 31 1.508 0
41 56 47 2.8327 0
79 47 94 2.8169 0
60 72 39 1.495 0
71 76 65 2.6681 0
70 71 37 1.4754 0
77 82 86 2.8175 0
44 44 29 1.3368 0
46 40 50 1.4405 0
83 70 99 2.7077 0
79 60 106 2.7778 0
49 82 86 2.7919 0
47 60 106 2.7358 0
60 72 54 1.4953 0
47 47 94 2.7364 0
46 40 22 1.4421 0
63 32 82 2.6399 0
83 46 65 1.4942 0
81 41 53 1.3624 0
74 69 27 1.4192 0
47 79 92 2.56 0
44 70 100 2.5402 0
45 62 52 1.3599 0
63 74 19 1.1458 0
46 40 36 1.4413 0
48 66 46 1.3591 0
84 52 39 1.7838 0
76 48 101 2.447 0
95 64 83 2.4711 0
78 37 68 1.3164 0
48 50 108 0.911 0
83 57 21 1.5197 0
52 34 60 1.4386 0
41 52 65 2.2575 0
85 52 65 2.279 0
36 72 86 2.4153 0
43 57 24 1.44 0
31 64 84 2.2821 0
70 71 53 1.4755 0
63 87 19 1.1831 0
78 80 92 2.2507 0
44 43 67 1.302 0
85 45 17 0.5 0
45 62 36 1.3645 0
0
