128
67 61 18 3.7587 0
43 100 103 0.5 0
86 28 96 1.2123 0
20 42 70 1.0592 0
102 92 71 1.0145 0
29 97 48 1.4086 0
59 16 49 1.2387 0
103 38 48 1.404 0
73 106 36 1.1981 0
27 48 30 1.4914 0
103 65 101 1.022 0
44 27 101 0.6781 0
23 67 100 1.5104 0
102 77 34 0.8627 0
67 111 75 0.9491 0
40 83 21 3.5566 0
85 98 100 1.6702 0
16 75 69 1.0076 0
74 29 26 1.8964 0
111 61 71 0.8845 0
76 85 19 4.4016 0
50 42 19 4.4257 0
84 22 67 0.8696 0
18 72 41 1.6973 0
33 99 77 0.9089 0
41 22 72 0.631 0
92 50 23 2.5936 0
31 28 48 1.5247 0
51 111 52 1.2194 0
103 37 77 0.8652 0
93 102 50 1.4092 0
64 20 84 0.8918 0
28 43 99 1.3348 0
38 64 19 4.4041 0
87 23 45 1.5913 0
109 59 41 1.9647 0
16 52 51 1.2652 0
88 66 19 4.377 0
65 105 96 1.2932 0
45 102 34 1.3123 0
110 78 56 0.6766 0
101 44 96 1.2599 0
30 88 95 1.2128 0
59 78 18 3.7587 0
86 106 71 0.9264 0
100 84 95 1.1608 0
72 112 56 1.1051 0
18 58 82 0.9884 0
75 41 19 4.4115 0
47 24 34 0.7294 0
62 96 23 3.0957 0
50 108 83 0.6331 0
61 23 100 1.5456 0
67 15 67 0.8271 0
91 93 33 0.9861 0
108 77 79 0.6901 0
31 32 85 0.8301 0
19 84 55 1.1528 0
22 40 43 1.8912 0
109 45 63 0.8789 0
40 106 64 1.0322 0
102 90 41 1.9203 0
25 85 35 1.4873 0
21 78 85 0.7692 0
15 58 66 1.0788 0
91 34 32 0.5758 0
63 38 19 4.4329 0
106 58 86 0.7522 0
93 99 83 0.9576 0
43 19 57 0.8718 0
23 90 69 0.942 0
73 19 39 1.1107 0
35 33 33 1.0113 0
98 27 59 0.6757 0
62 111 42 1.9171 0
80 105 87 1.1028 0
48 23 86 0.9833 0
30 30 64 0.5998 0
80 21 82 0.5484 0
42 50 19 4.4301 0
77 15 55 0.8578 0
57 112 65 1.0575 0
51 93 22 3.386 0
18 58 38 1.1945 0
90 82 24 2.0842 0
85 76 19 4.4082 0
60 88 19 4.3748 0
56 61 18 3.7587 0
112 63 56 0.9387 0
15 68 54 1.2046 0
104 45 36 1.0265 0
92 28 80 0.5377 0
55 17 75 0.9337 0
41 74 19 4.4063 0
49 84 19 4.4036 0
39 105 50 1.4584 0
24 68 30 1.5013 0
40 100 90 0.9757 0
85 50 19 4.4098 0
107 73 46 1.6884 0
85 106 42 1.82 0
61 24 33 0.9859 0
102 92 56 0.9236 0
108 49 77 0.9597 0
25 45 85 0.9633 0
20 41 57 1.0409 0
45 22 46 1.6212 0
54 102 100 1.4659 0
55 17 62 0.7576 0
74 25 97 1.1496 0
25 55 100 1.3995 0
28 58 26 2.0951 0
96 32 42 1.8852 0
34 97 37 1.2736 0
84 108 56 1.1063 0
80 97 29 0.7055 0
109 50 52 0.9553 0
68 48 18 3.7587 0
51 108 41 1.7333 0
52 72 18 3.7587 0
101 64 29 0.9119 0
101 89 84 0.9856 0
97 100 64 1.0848 0
29 99 64 0.924 0
30 76 26 1.9677 0
26 91 82 0.9405 0
94 35 90 0.8595 0
67 74 18 3.7587 0
0
