128
64 65 63 0.7819 0
75 7 63 0.5 0
12 89 65 0.5 0
91 115 65 0.5 0
19 37 64 0.9328 0
113 46 66 0.5 0
48 113 63 0.9966 0
102 80 63 0.7819 0
82 38 64 0.7819 0
50 34 64 0.7819 0
34 63 63 0.7819 0
72 94 63 0.7819 0
44 87 63 0.7819 0
91 60 63 0.7819 0
28 103 64 0.5277 0
33 20 63 0.8642 0
94 20 63 0.5 0
14 57 66 0.5 0
100 99 63 0.7819 0
82 78 64 0.7819 0
67 26 63 0.7819 0
27 80 63 0.7819 0
74 112 63 0.7819 0
49 53 63 0.7819 0
101 35 63 0.7819 0
67 46 63 0.7819 0
33 45 63 0.7819 0
61 82 63 0.7819 0
108 61 63 0.9751 0
49 71 63 0.7819 0
57 98 63 0.7819 0
88 91 63 0.7819 0
100 49 63 0.7819 0
81 21 63 0.7819 0
78 54 64 0.7819 0
41 101 64 0.7819 0
86 104 63 0.7819 0
36 33 63 0.7819 0
77 67 63 0.7819 0
45 23 63 0.7819 0
15 76 64 0.8165 0
38 76 63 0.7819 0
108 90 63 0.7819 0
23 93 63 0.7819 0
94 72 63 0.7819 0
61 36 63 0.7819 0
89 47 64 0.7819 0
13 47 63 0.7433 0
36 113 66 0.5 0
23 53 63 0.7819 0
65 14 66 0.5 0
91 31 63 0.7819 0
61 55 63 0.7819 0
67 103 64 0.7819 0
35 92 63 0.7819 0
72 77 63 0.7819 0
39 54 63 0.7819 0
71 37 63 0.7819 0
26 30 63 0.9632 0
23 65 63 0.5 0
53 43 63 0.7819 0
52 62 64 0.7819 0
93 83 64 0.7819 0
58 73 64 0.7819 0
53 89 64 0.7819 0
42 43 63 0.7819 0
52 80 63 0.7819 0
83 114 63 0.7819 0
73 15 63 0.7819 0
70 58 63 0.7819 0
78 86 64 0.7819 0
76 102 63 0.7819 0
100 58 63 0.7819 0
94 40 63 0.7819 0
28 38 63 0.7819 0
30 72 63 0.7819 0
99 89 63 0.7819 0
54 106 63 0.7819 0
75 29 63 0.7819 0
107 41 63 0.7819 0
108 53 63 0.7819 0
64 92 63 0.7819 0
94 106 63 0.7819 0
18 83 63 0.7819 0
24 45 64 0.7819 0
83 61 63 0.7819 0
78 46 63 0.7819 0
83 29 63 0.7819 0
43 64 64 0.6132 0
85 71 63 0.7819 0
48 98 63 0.7819 0
86 54 63 0.7819 0
35 83 63 0.7819 0
35 107 63 0.7819 0
84 97 64 0.7819 0
30 57 63 0.7819 0
39 69 63 0.7819 0
99 65 63 0.7819 0
60 43 64 0.7819 0
93 98 63 0.7819 0
88 22 63 0.7819 0
47 106 64 0.7819 0
21 72 63 0.9339 0
67 19 63 0.7819 0
69 85 65 0.2741 0
59 28 64 0.5 0
99 27 64 0.5 0
41 110 63 0.7819 0
39 27 63 0.7819 0
67 73 63 0.7819 0
30 96 63 0.7819 0
30 87 63 0.7819 0
100 42 63 0.7819 0
58 49 64 0.7819 0
94 51 63 0.7819 0
88 110 63 0.7819 0
76 60 63 0.7819 0
46 78 63 0.7819 0
72 52 63 0.7819 0
70 67 63 0.7819 0
16 53 63 0.7819 0
18 59 63 0.7819 0
58 61 63 0.7819 0
78 96 63 0.7819 0
31 27 63 0.7819 0
109 79 66 0.5 0
42 37 64 0.7819 0
41 95 63 0.7819 0
0
