128
95 64 64 0.3905 0
23 103 63 0.0273 0
30 17 64 0.5 0
75 113 64 0.5 0
89 15 63 0.5 0
32 61 73 0.3964 0
105 97 65 0.5 0
60 15 73 0.4332 0
49 107 73 0.5 0
95 39 73 0.3895 0
33 85 74 0.5 0
33 38 73 0.5 0
95 82 73 0.3895 0
90 105 74 0.5 0
48 25 63 0.5 0
76 24 73 0.5 0
73 12 63 0.5 0
31 74 63 0.5 0
100 26 64 0.5 0
59 113 63 0.5 0
34 104 73 0.5 0
29 50 63 0.5 0
23 88 63 0.5 0
99 49 63 0.5 0
40 19 74 0.5 0
97 108 63 0.5 0
66 111 74 0.5 0
95 55 74 0.5 0
87 28 67 0.5 0
31 30 63 0.5 0
42 110 63 0.5 0
94 20 73 0.5 0
96 89 63 0.5 0
100 75 65 0.5 0
52 24 74 0.5 0
77 107 74 0.5 0
42 15 63 0.5 0
27 95 74 0.5 0
95 70 74 0.5 0
84 106 64 0.5 0
33 50 74 0.5 0
32 73 74 0.5 0
99 37 63 0.5 0
101 91 74 0.5 0
54 13 63 0.0273 0
28 62 63 0.5 0
72 23 63 0.5 0
32 26 74 0.5 0
70 16 74 0.5 0
33 84 64 0.5 0
31 40 63 0.5 0
63 11 63 0.5 0
100 102 73 0.0836 0
32 104 63 0.5 0
41 27 69 0.5 0
105 87 64 0.5 0
96 30 72 0.5 0
57 21 64 0.5 0
58 109 71 0.5 0
51 107 64 0.2596 0
97 18 63 0.5 0
83 21 64 0.5 0
26 96 65 0.5 0
95 47 70 0.5 0
67 109 65 0.1528 0
95 56 65 0.5 0
26 103 72 0.5 0
87 24 74 0.5 0
33 68 68 0.5 0
36 21 67 0.5 0
32 55 68 0.5 0
42 106 70 0.5 0
95 81 64 0.3905 0
104 105 63 0.5 0
28 88 69 0.4553 0
94 103 68 0.4696 0
96 63 72 0.5 0
68 16 67 0.5 0
87 18 70 0.5 0
32 45 68 0.5 0
95 31 64 0.5 0
32 79 70 0.3964 0
79 26 67 0.5 0
95 43 64 0.3905 0
77 107 67 0.4712 0
96 88 70 0.5 0
28 24 64 0.5 0
71 109 70 0.5 0
95 76 70 0.3895 0
95 70 67 0.3895 0
100 60 63 0.5 0
32 32 70 0.3964 0
95 24 68 0.5 0
66 115 65 0.5 0
90 108 65 0.5 0
42 22 65 0.5 0
101 97 70 0.5 0
72 21 69 0.5 0
49 26 69 0.5 0
51 20 65 0.5 0
83 107 70 0.5 0
60 16 67 0.5 0
28 68 64 0.5 0
102 91 68 0.5 0
56 20 71 0.3282 0
37 104 67 0.4239 0
33 44 74 0.5 0
99 102 65 0.5 0
35 109 64 0.5 0
99 68 63 0.5 0
75 18 63 0.5 0
32 26 68 0.3964 0
82 26 72 0.5 0
95 36 67 0.5 0
29 88 63 0.5 0
30 102 68 0.5 0
91 20 66 0.3531 0
32 62 67 0.5 0
28 80 63 0.0273 0
46 106 66 0.4267 0
33 35 64 0.5 0
32 21 71 0.3964 0
52 109 69 0.5 0
43 27 63 0.5 0
102 93 63 0.5 0
62 111 67 0.5 0
54 111 63 0.5 0
33 56 74 0.5 0
0
