128
37 63 58 16.5509 0
109 29 66 0.5 0
99 103 84 0.5 0
79 98 36 0.5 0
78 35 34 0.7743 0
76 35 82 0.9973 0
64 98 83 0.5 0
78 69 82 0.7743 0
78 67 34 0.7743 0
66 31 57 2.3206 0
84 100 63 1.8304 0
88 31 52 2.3206 0
59 97 51 0.638 0
61 82 34 0.824 0
64 51 34 0.824 0
64 53 82 0.8001 0
59 79 82 0.638 0
94 31 70 2.0988 0
49 81 68 5.8336 0
49 81 48 5.8336 0
26 81 69 5.7903 0
85 100 81 1.8304 0
68 101 62 2.0059 0
26 81 47 5.4643 0
58 37 75 0.5 0
59 34 36 0.5 0
74 85 82 0.8001 0
77 83 34 0.824 0
59 66 34 0.638 0
62 98 33 0.5 0
59 44 47 0.638 0
79 51 34 0.5 0
78 50 82 0.7743 0
37 90 60 2.0151 0
37 82 46 4.4564 0
11 72 50 1.2078 0
11 69 68 1.1713 0
79 36 67 0.5 0
94 101 70 1.7818 0
50 50 70 4.206 0
50 50 46 4.206 0
73 97 48 0.6932 0
61 66 82 0.8001 0
16 75 60 2.8897 0
37 83 69 4.0401 0
26 83 58 4.0401 0
24 50 46 3.9115 0
24 50 70 3.9115 0
90 101 54 2.0059 0
11 57 62 1.1243 0
59 96 72 0.638 0
99 31 60 1.6838 0
69 35 43 0.5953 0
73 97 75 0.6932 0
11 60 50 0.7334 0
78 31 60 1.6726 0
59 43 59 0.638 0
78 101 53 1.9436 0
66 41 82 0.8001 0
68 73 34 0.824 0
68 35 70 0.5953 0
74 30 50 1.5158 0
94 101 79 2.0059 0
69 41 34 0.824 0
69 61 34 0.824 0
69 75 82 0.8001 0
70 91 34 0.824 0
72 60 82 0.8001 0
16 58 56 2.8816 0
59 92 61 0.638 0
51 84 58 3.0322 0
82 31 46 2.3183 0
59 92 41 0.638 0
64 88 82 0.8001 0
17 61 69 2.1162 0
60 69 71 0.5 0
60 69 45 0.5 0
16 69 50 2.8821 0
37 84 59 3.0322 0
44 84 56 3.0322 0
16 67 67 2.8849 0
16 59 63 2.891 0
16 68 60 2.8616 0
59 60 74 0.638 0
59 60 42 0.638 0
23 72 46 2.9037 0
52 49 62 2.81 0
52 49 54 2.81 0
23 72 71 2.9037 0
58 35 65 0.5 0
52 77 58 2.81 0
52 58 71 2.81 0
52 58 45 2.81 0
52 72 70 2.81 0
52 72 46 2.81 0
67 97 41 0.6932 0
32 49 72 2.7667 0
23 58 72 2.7667 0
42 49 72 2.7667 0
52 65 72 2.6679 0
59 43 34 0.638 0
59 35 45 0.638 0
66 101 55 2.0059 0
59 46 79 0.638 0
93 31 59 2.3206 0
16 62 50 2.3673 0
77 93 82 0.8001 0
42 49 44 2.4407 0
83 31 56 2.3206 0
59 74 37 0.638 0
103 31 64 2.3206 0
17 76 53 2.1436 0
59 88 75 0.638 0
61 35 82 0.9973 0
77 43 34 0.824 0
77 59 34 0.824 0
88 31 45 2.3206 0
94 31 53 2.3206 0
77 77 82 0.8001 0
76 75 34 0.824 0
69 81 34 0.824 0
62 90 34 0.824 0
34 49 44 2.4407 0
51 66 44 2.4407 0
23 60 44 2.4407 0
74 43 82 0.8001 0
86 99 72 0.8226 0
23 48 58 2.1903 0
0
