128
64 64 65 0.9415 0
24 24 64 0.8571 0
105 103 64 0.5 0
24 103 64 0.8571 0
103 24 64 0.8571 0
66 103 95 0.5 0
25 62 95 0.5 0
103 63 94 0.5 0
64 25 94 0.5 0
57 99 64 0.8056 0
31 68 64 0.8056 0
72 32 64 0.8056 0
95 73 64 0.8056 0
36 91 91 0.7204 0
43 43 79 0.5256 0
95 93 91 0.3423 0
91 36 89 0.7204 0
69 64 95 0.5 0
82 95 64 0.8056 0
94 48 64 0.8056 0
48 25 64 0.8056 0
47 68 84 0.527 0
67 83 80 0.7126 0
26 46 65 0.8932 0
34 25 89 0.5 0
75 49 79 0.6178 0
38 88 64 0.8056 0
86 73 84 0.7563 0
55 46 64 0.8056 0
25 43 88 0.3189 0
27 76 82 0.5675 0
53 96 83 0.6851 0
76 78 65 0.8301 0
58 81 64 0.8056 0
79 99 83 0.7261 0
99 89 74 0.6744 0
58 54 82 0.7563 0
100 50 82 0.6951 0
77 27 82 0.6951 0
80 58 64 0.8056 0
60 35 79 0.2455 0
30 57 79 0.7139 0
47 63 64 0.8056 0
87 25 64 0.8056 0
26 94 78 0.7805 0
49 33 91 0.3423 0
86 58 91 0.5 0
101 33 77 0.7805 0
39 39 64 0.8056 0
86 38 74 0.7712 0
102 66 78 0.3189 0
41 101 74 0.6563 0
41 82 79 0.6621 0
26 33 77 0.7805 0
100 77 89 0.6951 0
73 65 80 0.5 0
105 60 64 0.5 0
24 82 64 0.8571 0
94 103 77 0.5 0
70 48 64 0.8056 0
82 86 77 0.6644 0
69 90 64 0.8056 0
89 59 77 0.527 0
46 29 78 0.6752 0
41 54 87 0.7563 0
57 73 76 0.7563 0
65 102 77 0.3189 0
38 52 64 0.8056 0
61 25 64 0.8056 0
98 36 64 0.8056 0
82 44 64 0.8056 0
44 76 65 0.8932 0
55 63 94 0.2977 0
94 99 64 0.8056 0
47 54 74 0.7563 0
37 37 94 0.5 0
28 78 95 0.5 0
71 103 64 0.8571 0
51 90 72 0.7668 0
89 85 64 0.8056 0
99 48 95 0.5 0
44 102 91 0.3189 0
104 84 63 0.5 0
77 38 89 0.5 0
77 26 95 0.5 0
39 64 95 0.5 0
37 68 76 0.527 0
94 60 64 0.8056 0
92 25 82 0.3189 0
35 25 72 0.3189 0
33 101 85 0.7805 0
87 46 83 0.7665 0
25 35 64 0.8056 0
35 102 64 0.8056 0
65 93 87 0.5282 0
82 68 72 0.527 0
100 77 75 0.6951 0
24 58 64 0.8571 0
81 88 89 0.5 0
62 68 86 0.527 0
30 44 76 0.7522 0
62 54 71 0.7563 0
66 25 76 0.3189 0
51 37 71 0.7669 0
46 99 64 0.8056 0
56 25 84 0.3189 0
70 40 74 0.6892 0
33 79 71 0.6306 0
68 73 73 0.7563 0
69 54 87 0.7563 0
91 84 85 0.5376 0
74 96 73 0.688 0
26 86 87 0.6563 0
89 78 74 0.7321 0
35 70 87 0.7674 0
25 92 64 0.8056 0
52 85 84 0.6868 0
58 36 64 0.8056 0
55 71 64 0.8056 0
82 98 94 0.4639 0
25 67 75 0.3189 0
37 35 83 0.6945 0
55 101 94 0.437 0
76 78 80 0.9856 0
56 57 64 0.8056 0
37 92 80 0.6945 0
57 45 76 0.6861 0
31 53 92 0.5 0
0
