128
69 59 50 0.5121 0
31 68 110 0.5 0
98 70 110 0.5 0
31 69 19 0.9284 0
31 59 69 0.5485 0
98 68 19 0.5 0
65 58 91 0.5097 0
98 70 72 0.5 0
64 70 19 0.5 0
96 59 45 0.5485 0
42 58 43 0.5097 0
89 58 91 0.5097 0
41 58 91 0.5097 0
55 58 70 0.5097 0
59 70 110 0.5 0
78 58 71 0.5097 0
80 58 29 0.5097 0
78 59 110 0.5 0
48 58 19 0.9284 0
30 70 52 0.5 0
58 58 35 0.9284 0
46 58 108 0.9284 0
30 70 83 0.5 0
31 58 31 0.9284 0
92 58 62 0.5097 0
82 69 18 0.5 0
53 58 54 0.5097 0
96 58 30 0.9284 0
83 59 49 0.976 0
98 70 91 0.5 0
96 58 103 0.9284 0
96 58 79 0.9284 0
97 70 55 0.5 0
31 58 101 0.9284 0
71 58 19 0.9284 0
65 58 108 0.9284 0
88 70 31 0.5 0
39 70 31 0.5 0
39 58 57 0.5097 0
53 58 84 0.5097 0
77 58 85 0.6573 0
86 69 64 0.9284 0
38 69 64 0.9284 0
89 58 19 0.9284 0
38 69 96 0.9284 0
86 69 96 0.9284 0
67 58 64 0.5097 0
66 58 77 0.5097 0
42 58 77 0.5097 0
31 58 84 0.9284 0
31 58 48 0.9284 0
53 58 97 0.5097 0
72 70 109 0.5 0
32 59 20 1.4363 0
76 58 98 0.5097 0
44 58 31 0.5097 0
71 58 37 0.5097 0
30 69 40 0.5 0
86 70 109 0.5 0
45 70 18 0.5 0
98 70 37 0.5 0
60 59 19 0.9494 0
43 69 110 0.5 0
78 58 60 0.5097 0
59 59 44 1.0727 0
87 58 38 0.5097 0
45 58 66 0.5097 0
31 63 59 0.7673 0
87 58 108 0.9284 0
88 59 72 0.5 0
30 69 73 0.5 0
66 58 28 0.5097 0
56 61 108 0.8088 0
37 61 108 0.8088 0
80 60 19 0.8791 0
31 63 93 0.7673 0
96 61 54 0.9079 0
96 62 69 0.8376 0
96 68 82 0.5 0
86 58 82 0.5097 0
54 67 19 0.387 0
30 68 30 0.5 0
96 62 94 0.8376 0
53 59 27 0.5 0
97 70 100 0.5 0
41 58 100 0.5097 0
60 58 59 0.6816 0
31 61 39 0.9079 0
85 59 99 0.5 0
98 59 21 0.5 0
96 69 46 0.3455 0
96 67 28 0.4861 0
73 68 19 0.3167 0
87 62 31 0.8203 0
45 58 51 0.6023 0
49 58 38 0.5097 0
93 64 108 0.8248 0
68 59 84 0.6088 0
62 58 99 0.5097 0
41 63 19 0.6682 0
96 58 87 0.9284 0
31 67 101 0.4861 0
96 62 37 0.8376 0
31 62 77 0.8376 0
98 68 63 0.5 0
79 58 40 0.5097 0
41 60 84 0.9505 0
38 62 32 0.9302 0
90 70 19 0.5 0
51 58 46 0.9284 0
60 59 83 0.9724 0
52 58 62 0.5097 0
32 59 107 1.4363 0
51 70 110 0.5 0
38 58 64 0.9284 0
86 61 64 0.9546 0
81 58 92 0.5097 0
50 58 76 0.5097 0
79 67 110 0.5 0
38 62 96 0.6243 0
67 58 43 0.8852 0
30 68 65 0.5 0
74 58 78 0.5657 0
71 63 108 0.6682 0
95 63 20 1.1282 0
69 59 101 0.5 0
89 58 55 0.5097 0
76 58 46 0.7921 0
0
