128
64 64 75 7.575 0
29 46 27 2.1242 0
96 47 29 3.7198 0
66 88 31 5.6148 0
27 53 100 2.2221 0
100 45 104 0.5 0
95 82 99 2.9184 0
95 82 56 2.9184 0
32 43 62 2.4813 0
63 88 94 6.4385 0
64 64 47 7.575 0
98 51 67 2.7535 0
95 82 28 2.9184 0
79 42 90 3.0155 0
59 90 57 4.1097 0
39 68 30 3.2401 0
97 63 86 4.4017 0
40 68 61 4.0021 0
53 47 99 2.2377 0
63 86 75 7.6687 0
44 68 98 3.5248 0
95 66 47 6.0124 0
74 64 97 5.044 0
79 42 54 3.0155 0
50 43 35 2.2101 0
63 86 45 7.6687 0
72 48 27 2.1438 0
76 64 30 5.044 0
86 82 79 3.4737 0
52 46 61 2.598 0
31 63 81 2.2238 0
37 40 82 2.1727 0
28 58 46 2.0901 0
54 65 60 6.4406 0
73 65 60 6.6306 0
96 64 30 5.044 0
95 66 74 6.0124 0
55 59 28 2.5356 0
79 42 70 3.0155 0
95 67 60 5.8584 0
64 62 90 5.5592 0
79 82 59 3.4737 0
53 47 82 2.2377 0
64 62 31 5.5592 0
92 42 82 2.9987 0
79 42 38 3.0155 0
33 42 46 2.2085 0
79 67 47 5.0737 0
77 66 81 5.4877 0
86 82 46 3.4737 0
98 46 50 1.4702 0
28 57 61 2.5858 0
43 68 84 3.3397 0
37 40 97 2.1727 0
78 82 99 3.31 0
54 64 97 5.044 0
50 67 47 5.0197 0
92 42 98 2.9987 0
69 48 100 2.1438 0
51 67 78 5.0737 0
96 64 97 4.7706 0
86 41 29 3.6778 0
92 42 42 2.9987 0
92 42 58 2.9987 0
27 53 74 2.2221 0
81 67 70 4.3448 0
54 63 36 4.5992 0
44 40 52 2.1802 0
68 83 57 4.5594 0
78 82 28 3.31 0
47 41 73 2.1974 0
73 48 80 2.1438 0
57 48 49 2.1438 0
28 58 29 2.0901 0
31 63 93 2.2238 0
86 67 29 4.3814 0
27 53 88 2.2221 0
98 79 78 3.0816 0
71 48 62 1.9696 0
64 48 36 2.1438 0
98 51 41 2.7535 0
98 51 81 2.7535 0
46 68 68 4.0658 0
58 48 72 2.1438 0
39 68 43 3.2401 0
54 61 86 3.8104 0
41 38 25 0.8499 0
84 68 56 3.7648 0
99 81 41 1.1386 0
64 48 90 2.1438 0
87 68 98 3.7794 0
98 49 94 2.7381 0
32 43 73 1.9856 0
89 67 83 3.7876 0
71 82 66 3.6166 0
37 40 37 2.1727 0
28 48 54 2.1862 0
49 67 29 3.6131 0
44 40 89 2.1802 0
28 48 40 2.1862 0
64 68 99 3.3735 0
31 64 70 1.5494 0
72 60 38 3.5435 0
76 84 86 1.4579 0
42 40 66 2.6063 0
67 48 45 2.1438 0
73 82 81 3.4737 0
31 63 54 2.2238 0
86 82 55 3.4737 0
79 82 75 3.4737 0
39 68 52 3.2401 0
86 82 71 3.4737 0
86 82 63 3.4737 0
79 82 51 3.4737 0
77 44 29 3.4535 0
31 63 36 2.2238 0
58 82 28 3.3177 0
60 48 26 1.3577 0
86 82 99 3.31 0
86 82 28 3.31 0
39 68 77 3.2401 0
99 78 48 2.29 0
79 42 98 3.0155 0
79 42 78 3.0155 0
79 42 62 3.0155 0
79 42 46 3.0155 0
92 42 74 2.9987 0
92 42 90 2.9987 0
0
