128
96 64 60 0.5704 0
23 25 65 0.9607 0
25 106 61 0.5 0
72 22 65 0.5 0
73 106 61 0.5 0
23 66 66 0.5986 0
106 31 66 0.5 0
106 97 67 0.5 0
49 96 60 0.5703 0
48 30 60 0.6909 0
31 46 60 0.5711 0
30 86 60 0.6909 0
88 31 60 0.5739 0
89 97 60 0.6909 0
105 50 68 0.5 0
104 80 61 0.7586 0
59 105 68 0.5 0
39 105 68 0.5 0
98 41 60 0.6909 0
62 30 60 0.6909 0
37 23 66 0.638 0
22 39 67 0.5 0
64 96 60 0.5694 0
98 22 61 0.5 0
95 106 67 0.5 0
55 23 68 0.5 0
23 79 68 0.5 0
23 95 66 0.638 0
22 53 67 0.5 0
106 66 67 0.5 0
35 97 60 0.6909 0
30 34 60 0.6909 0
31 58 60 0.5692 0
84 22 67 0.5 0
31 74 60 0.5716 0
99 91 60 0.6909 0
98 53 60 0.6909 0
76 31 60 0.5705 0
83 104 66 0.638 0
78 96 60 0.5725 0
103 104 60 0.5 0
49 104 66 0.638 0
96 74 60 0.5703 0
106 59 60 0.5 0
99 31 60 0.6909 0
63 23 66 0.5986 0
56 102 60 0.6909 0
104 40 68 0.5 0
39 30 60 0.6909 0
42 103 60 0.6909 0
46 23 66 0.638 0
31 25 60 0.6909 0
106 88 65 0.5 0
106 45 61 0.5 0
67 103 66 0.6414 0
55 25 60 0.6909 0
90 23 61 0.7586 0
23 47 61 0.7586 0
23 75 61 0.7586 0
103 69 60 0.6909 0
23 59 61 0.7586 0
96 83 60 0.5721 0
79 23 60 0.482 0
30 66 60 0.6909 0
22 86 63 0.5 0
31 104 66 0.638 0
104 74 68 0.5 0
97 99 60 0.6909 0
27 98 60 0.6909 0
89 106 61 0.5 0
104 25 63 0.9607 0
95 24 68 0.5 0
104 57 66 0.5986 0
22 34 61 0.5 0
69 27 60 0.6909 0
71 99 60 0.6909 0
103 104 68 0.5 0
63 106 60 0.5 0
105 36 60 0.5 0
75 104 68 0.5 0
26 40 60 0.6909 0
23 102 66 0.8244 0
79 103 60 0.6909 0
30 23 68 0.5 0
42 22 60 0.5 0
104 97 60 0.482 0
28 52 60 0.6909 0
42 96 60 0.5724 0
25 91 60 0.6909 0
105 81 68 0.5 0
35 104 61 0.7586 0
104 51 61 0.7586 0
24 32 67 0.5 0
82 29 60 0.6909 0
27 80 60 0.6909 0
26 29 60 0.6909 0
100 59 60 0.6909 0
78 23 66 0.638 0
49 103 60 0.6909 0
97 106 61 0.5 0
24 69 60 0.6909 0
103 86 60 0.6909 0
96 47 60 0.5726 0
49 24 60 0.6909 0
56 32 61 0.5 0
61 24 60 0.6909 0
101 64 64 0.5 0
23 45 68 0.5 0
22 73 67 0.5 0
32 40 62 0.5 0
85 102 60 0.6909 0
58 96 60 0.5691 0
31 92 60 0.5758 0
93 28 60 0.6909 0
22 53 61 0.5 0
37 24 60 0.6909 0
90 104 66 0.638 0
24 88 68 0.5 0
104 93 64 0.638 0
104 45 66 0.638 0
26 58 66 0.5 0
84 23 61 0.7586 0
26 23 61 0.8421 0
102 75 60 0.6909 0
74 25 60 0.6909 0
66 101 60 0.6909 0
104 101 64 0.7353 0
93 103 60 0.6909 0
0
