128
63 63 81 17.828 0
104 105 63 0.5 0
97 30 69 5.4517 0
25 102 65 1.3777 0
30 30 69 5.4516 0
84 84 74 11.4097 0
43 85 74 11.0159 0
42 42 74 11.0159 0
85 42 74 11.0159 0
90 63 72 9.394 0
36 64 72 9.0108 0
64 36 72 9.0108 0
65 92 71 8.3861 0
97 97 69 5.4517 0
43 75 89 5.6708 0
75 43 89 5.6708 0
84 53 89 5.6708 0
53 84 89 5.6708 0
84 73 89 5.6708 0
73 84 89 5.6708 0
44 50 90 5.561 0
31 97 69 5.4517 0
54 42 88 5.0313 0
29 77 68 4.8129 0
52 98 68 4.813 0
51 29 68 4.8129 0
29 51 68 4.8129 0
98 51 67 4.3546 0
77 29 67 4.3546 0
63 87 84 4.3867 0
77 98 67 4.3546 0
66 63 113 0.5 0
97 75 67 4.3546 0
85 85 91 4.0798 0
42 63 91 4.0798 0
64 42 91 4.0798 0
99 86 67 4.087 0
28 87 67 4.087 0
64 64 104 4.0565 0
87 63 86 3.7523 0
39 56 83 3.7472 0
70 80 66 3.3468 0
85 43 92 3.5452 0
43 85 92 3.5452 0
87 99 69 3.5781 0
63 83 92 3.5452 0
56 81 66 3.3468 0
46 55 66 3.3468 0
99 42 66 3.3468 0
86 28 66 3.3468 0
80 55 66 3.3468 0
54 48 66 3.3468 0
73 48 66 3.3468 0
49 73 66 3.3468 0
28 42 66 3.3468 0
42 28 66 3.3468 0
43 99 66 3.3468 0
80 71 66 3.3468 0
42 41 92 2.806 0
53 32 77 2.6186 0
32 75 77 2.6186 0
32 53 77 2.6186 0
95 74 77 2.6186 0
96 52 76 2.5797 0
55 95 77 2.6186 0
75 31 76 2.5797 0
56 90 81 2.5384 0
76 76 93 2.5374 0
37 73 81 2.5384 0
73 37 81 2.5384 0
72 90 81 2.5384 0
63 48 65 2.3389 0
48 63 65 2.3389 0
85 62 93 2.5374 0
54 37 81 2.5384 0
67 38 84 2.4733 0
38 67 84 2.4733 0
61 38 84 2.4733 0
75 97 75 2.4669 0
42 73 65 2.3389 0
101 62 65 2.3389 0
79 63 65 2.3389 0
39 54 65 2.3389 0
73 73 65 2.3389 0
100 68 65 2.3389 0
70 101 65 2.3389 0
70 26 65 2.3389 0
55 90 65 2.3389 0
59 27 65 2.3389 0
55 41 65 2.3389 0
73 41 65 2.3389 0
63 77 65 2.3389 0
26 70 65 2.3389 0
59 101 65 2.3389 0
26 62 65 2.3389 0
98 89 74 2.2482 0
98 79 74 2.2482 0
90 54 82 2.151 0
29 90 74 2.2482 0
90 71 82 2.151 0
46 39 88 2.1613 0
57 65 101 2.1189 0
65 57 101 2.1189 0
93 96 77 1.8867 0
82 28 73 1.9048 0
39 28 73 1.9048 0
61 70 101 1.8608 0
70 61 101 1.8608 0
28 40 73 1.9048 0
87 28 73 1.9048 0
44 28 73 1.9048 0
28 45 73 1.9048 0
28 83 73 1.9048 0
42 99 73 1.9048 0
59 59 102 1.7739 0
99 42 73 1.9048 0
81 99 73 1.9048 0
99 47 73 1.9048 0
30 35 76 1.8478 0
97 35 76 1.8478 0
34 31 77 1.8867 0
35 96 77 1.8867 0
93 31 77 1.8867 0
70 66 101 1.8608 0
66 70 101 1.8608 0
50 97 76 1.8478 0
58 47 94 1.5295 0
38 89 88 1.2047 0
0
