128
63 63 73 28.5756 0
91 111 44 0.5 0
116 49 44 0.5 0
46 115 44 0.5 0
113 86 44 0.5 0
18 93 44 0.5 0
93 18 45 0.5 0
52 11 44 0.5 0
92 84 55 10.2025 0
10 56 45 0.5 0
98 57 55 10.2024 0
57 98 55 10.2024 0
83 34 55 9.9536 0
34 83 55 9.9536 0
26 27 45 0.7917 0
62 28 55 9.7814 0
28 62 55 9.7814 0
35 42 55 9.6837 0
77 98 55 8.5408 0
45 28 51 6.4023 0
64 64 110 5.8092 0
105 73 51 5.7775 0
99 40 51 5.7734 0
40 99 51 5.7734 0
97 71 65 5.5444 0
48 32 64 5.3852 0
92 44 65 5.3242 0
44 92 65 5.3242 0
83 91 67 4.9335 0
68 97 67 4.8447 0
12 78 44 0.5 0
21 49 49 4.3866 0
91 99 49 4.3866 0
89 69 49 4.3866 0
74 85 49 4.3866 0
72 30 67 4.2845 0
30 72 67 4.2844 0
85 50 49 4.3866 0
31 52 67 4.2929 0
52 38 49 4.3866 0
77 13 45 0.8407 0
48 86 49 4.3866 0
68 108 50 4.4151 0
20 74 50 4.3965 0
74 20 50 4.3965 0
70 40 49 4.3866 0
40 70 49 4.3866 0
92 80 70 4.1071 0
52 19 49 3.8686 0
57 96 70 3.8201 0
96 57 70 3.8201 0
40 39 69 3.7539 0
33 29 49 3.7543 0
58 30 69 3.6515 0
35 81 70 3.6279 0
81 35 70 3.6279 0
42 53 48 3.3787 0
30 96 48 3.3787 0
96 30 48 3.3787 0
107 47 48 3.3787 0
85 60 48 3.3787 0
30 62 70 3.5169 0
21 83 48 3.3787 0
83 21 48 3.3787 0
46 77 48 3.3787 0
61 41 48 3.3787 0
106 83 48 3.3787 0
41 61 48 3.3787 0
48 46 48 3.3787 0
77 46 48 3.3787 0
81 77 48 3.3787 0
62 86 48 3.3787 0
110 63 49 3.3943 0
47 106 48 3.3787 0
23 39 48 3.1605 0
81 115 44 0.5 0
99 95 48 3.0284 0
75 94 72 3.1842 0
56 60 105 3.1563 0
77 109 48 3.0426 0
85 106 48 2.881 0
64 55 105 2.9825 0
64 16 48 3.0213 0
56 115 45 0.8551 0
16 63 48 3.0213 0
60 111 48 2.8872 0
24 90 48 2.9399 0
90 24 48 2.9399 0
58 70 105 2.9728 0
87 40 72 2.7957 0
40 87 72 2.7956 0
73 63 104 2.8569 0
86 86 74 2.8561 0
93 50 73 2.7766 0
50 93 73 2.7766 0
68 72 104 2.7863 0
95 68 74 2.7682 0
36 45 72 2.7364 0
24 49 58 2.6636 0
16 56 48 2.495 0
40 30 60 2.5752 0
24 74 60 2.5375 0
74 24 60 2.5375 0
91 44 47 2.3708 0
67 31 73 2.5659 0
47 35 73 2.5098 0
67 92 47 2.3708 0
110 54 49 2.5232 0
65 95 75 2.4994 0
29 51 47 2.3708 0
89 98 57 2.4392 0
38 22 47 2.3708 0
57 81 47 2.3708 0
27 33 49 2.4369 0
103 90 49 2.4344 0
68 100 47 2.3708 0
35 54 47 2.3708 0
50 24 59 2.3882 0
55 46 47 2.3708 0
28 74 47 2.3708 0
68 105 59 2.3896 0
105 68 59 2.3896 0
81 90 47 2.3708 0
35 110 44 0.5 0
45 19 47 2.3708 0
117 72 44 0.5 0
82 66 47 2.3708 0
53 109 47 2.3708 0
0
