128
7 31 72 71.5849 0
118 98 58 53.4779 0
108 21 60 23.0569 0
48 118 39 20.6863 0
51 121 81 19.7578 0
105 40 100 17.957 0
98 38 23 17.363 0
67 101 104 13.6586 0
63 91 20 12.4587 0
67 49 15 12.0215 0
88 64 105 10.7182 0
37 86 17 10.5583 0
70 25 18 9.5979 0
56 69 18 9.3024 0
75 69 21 8.8431 0
76 80 104 8.0784 0
89 44 47 7.5576 0
56 100 61 7.1015 0
92 44 74 7.213 0
82 56 31 6.7309 0
87 19 36 6.354 0
93 21 87 6.2135 0
59 93 44 6.0499 0
62 96 81 5.9575 0
79 34 103 5.8332 0
47 91 103 5.7392 0
89 53 86 5.5537 0
77 47 103 5.6173 0
38 107 62 5.521 0
88 46 61 5.1671 0
56 83 102 4.8389 0
68 78 32 4.6707 0
68 68 102 4.6776 0
79 21 98 4.5419 0
87 31 42 4.5057 0
36 97 100 4.3348 0
31 93 33 4.3657 0
71 85 91 4.2692 0
91 33 80 4.1195 0
64 84 39 4.1047 0
82 54 43 4.0286 0
73 21 34 4.0188 0
73 58 101 3.8859 0
69 37 27 3.9836 0
49 104 100 3.9172 0
46 96 25 3.7178 0
80 71 93 3.8085 0
53 93 34 3.7583 0
84 62 89 3.6767 0
75 66 35 3.7153 0
55 98 73 3.6131 0
63 76 101 3.6225 0
49 77 28 3.615 0
61 92 68 3.562 0
79 28 33 2.9655 0
51 94 87 2.229 0
62 60 28 3.2434 0
87 21 78 3.1054 0
80 54 94 2.2592 0
84 21 46 3.1759 0
58 88 89 2.243 0
46 103 66 3.1276 0
67 87 83 3.0343 0
89 43 85 3.1277 0
59 91 54 3.1349 0
44 83 31 3.066 0
47 91 43 2.0781 0
82 47 37 3.0165 0
54 100 92 3.0092 0
85 52 69 2.9239 0
38 88 33 2.9603 0
85 54 76 2.8094 0
72 29 33 2.9335 0
83 52 53 2.9265 0
85 28 94 2.2031 0
69 45 31 2.9214 0
52 96 51 2.7689 0
46 98 91 2.2598 0
70 73 85 2.2386 0
84 34 86 2.2405 0
75 77 90 2.7701 0
36 98 91 2.821 0
80 22 89 2.7845 0
87 52 96 2.7138 0
82 47 91 2.2609 0
66 54 31 2.7983 0
45 102 58 2.7314 0
37 102 54 2.7869 0
47 96 77 2.2207 0
59 67 31 2.7745 0
71 72 38 2.7477 0
81 48 81 2.2177 0
65 80 86 2.2217 0
75 64 83 2.2394 0
81 28 52 2.0637 0
54 92 93 2.2654 0
83 36 76 2.2195 0
42 94 95 2.5329 0
63 85 48 2.67 0
79 29 94 2.6688 0
80 36 50 2.0956 0
79 47 25 2.6358 0
64 90 89 2.4363 0
86 33 50 2.5404 0
45 94 52 2.1205 0
55 73 32 2.53 0
70 74 94 2.2283 0
58 87 35 2.4826 0
83 40 38 2.355 0
79 54 80 2.2335 0
66 78 80 2.221 0
77 61 40 2.4836 0
45 98 83 2.236 0
78 58 86 2.2153 0
76 64 94 2.1155 0
58 87 79 2.2265 0
82 30 61 2.1591 0
59 95 90 2.4767 0
76 40 24 2.4614 0
64 82 94 2.2515 0
72 36 34 2.3515 0
49 84 24 2.4614 0
78 40 95 2.3966 0
38 103 74 2.418 0
45 96 65 2.1592 0
36 99 29 2.2013 0
86 38 56 2.3025 0
70 72 78 2.2225 0
0
