128
63 64 62 0.7854 0
35 14 65 0.5 0
92 113 67 0.5 0
116 64 64 1.2634 0
88 17 67 0.5 0
60 31 63 1.1332 0
90 83 63 1.116 0
85 45 63 1.7946 0
42 48 63 1.2549 0
66 90 63 1.0374 0
96 62 63 1.7616 0
98 97 64 1.796 0
52 17 64 1.796 0
81 103 63 1.2699 0
38 29 63 1.1691 0
109 78 65 1.6591 0
79 27 63 1.7916 0
65 48 64 1.0625 0
78 70 63 0.9171 0
47 65 67 0.5 0
55 77 64 0.9435 0
78 82 63 1.7362 0
55 42 64 1.3371 0
52 55 64 1.0005 0
73 57 62 0.7854 0
96 50 63 0.8965 0
75 14 61 0.5 0
89 34 64 0.9822 0
46 37 63 1.3363 0
65 78 63 0.9817 0
103 69 63 1.5861 0
73 97 64 1.0463 0
81 36 63 1.7458 0
63 20 62 0.9832 0
102 87 62 0.7854 0
72 75 63 1.6967 0
90 54 63 1.7949 0
86 93 61 0.5 0
106 57 66 0.5 0
42 18 62 0.6684 0
66 39 62 0.7854 0
55 63 64 1.0941 0
91 105 62 0.8068 0
51 29 63 0.7294 0
60 71 63 1.22 0
58 51 63 1.387 0
81 16 65 0.7868 0
78 92 63 1.2953 0
87 73 63 0.5 0
45 57 64 1.04 0
92 42 64 1.2091 0
87 25 65 0.7868 0
98 90 64 1.796 0
71 85 64 1.0682 0
73 64 67 0.5 0
77 63 62 0.7854 0
60 84 65 0.8487 0
117 73 65 0.5 0
89 99 67 0.5 0
38 40 66 0.5 0
57 20 64 1.796 0
85 98 63 1.2205 0
50 70 61 0.2789 0
85 89 63 1.4855 0
62 59 63 1.5647 0
45 26 65 0.609 0
91 109 63 1.7946 0
108 62 64 0.813 0
36 21 65 0.819 0
48 46 63 1.1221 0
38 17 63 1.7946 0
84 77 63 1.0001 0
111 74 63 1.7946 0
52 22 64 1.796 0
94 94 64 1.796 0
50 66 63 1.0329 0
102 57 63 0.8682 0
70 51 62 0.7854 0
66 67 63 1.5481 0
76 20 62 0.8873 0
52 35 62 0.7854 0
78 17 63 1.7946 0
38 36 62 0.8969 0
68 56 63 0.8851 0
97 84 62 0.7854 0
61 40 65 0.9908 0
86 19 61 0.2789 0
95 104 67 0.5 0
83 70 62 0.7854 0
52 72 66 0.5 0
101 52 67 0.5 0
64 26 62 0.621 0
92 102 65 0.656 0
92 77 62 0.5 0
82 41 63 1.033 0
66 33 64 0.5 0
58 81 62 0.9502 0
46 31 62 0.7449 0
72 64 62 0.951 0
54 74 63 1.1683 0
68 45 62 0.7854 0
55 32 65 0.8888 0
41 41 62 0.5 0
99 66 63 0.9288 0
115 70 63 0.6022 0
52 32 63 1.3448 0
40 38 64 0.9594 0
60 25 65 0.9137 0
46 19 66 0.5 0
52 50 61 0.5 0
88 76 62 0.7854 0
63 34 62 0.7856 0
68 81 67 0.5 0
45 22 62 0.7134 0
61 87 61 0.5 0
59 66 67 0.5 0
52 49 66 0.5 0
89 93 64 0.7018 0
76 88 67 0.5 0
72 59 67 0.5 0
79 32 63 0.9818 0
86 108 67 0.5 0
48 41 67 0.5 0
106 72 63 0.9878 0
94 84 67 0.5 0
95 46 67 0.5 0
87 51 63 1.081 0
78 22 67 0.5 0
0
