128
63 63 70 37.4515 0
78 96 41 7.9345 0
96 78 41 7.9122 0
61 99 41 7.8154 0
40 91 41 7.7443 0
99 60 41 7.7587 0
29 75 41 7.6801 0
93 43 41 7.5677 0
79 31 41 7.3967 0
50 30 41 7.3601 0
28 57 41 7.333 0
37 39 41 7.271 0
65 27 39 6.2074 0
90 90 47 5.2609 0
100 59 109 0.5 0
90 75 102 5.0973 0
75 90 102 5.08 0
48 96 109 0.5 0
91 54 102 4.8543 0
54 91 102 4.8349 0
41 82 102 4.7505 0
73 29 109 0.5 0
81 40 102 4.6373 0
28 62 109 0.5 0
47 32 109 0.5 0
34 64 102 4.4327 0
63 34 102 4.4261 0
36 53 102 4.4795 0
53 36 102 4.4653 0
84 84 103 4.3642 0
48 98 49 4.3968 0
42 45 103 4.3642 0
64 93 103 4.3642 0
93 64 103 4.3642 0
53 89 37 4.1917 0
82 83 37 4.1917 0
71 101 52 4.1731 0
99 50 50 4.1587 0
93 91 37 4.1917 0
32 85 50 3.967 0
101 68 51 4.1082 0
29 47 49 3.8884 0
70 26 50 4.0124 0
49 101 37 3.9221 0
35 74 100 3.8513 0
90 36 51 3.7838 0
73 35 103 3.7764 0
84 96 53 3.4985 0
96 83 53 3.7056 0
56 26 51 3.6874 0
25 66 49 3.5456 0
43 31 51 3.5269 0
57 101 53 3.5898 0
88 69 36 3.1838 0
87 53 36 3.1838 0
65 38 36 3.1838 0
27 46 36 3.1838 0
83 49 104 3.3563 0
38 63 36 3.1838 0
44 79 36 3.1838 0
38 92 53 3.2829 0
82 47 36 3.1838 0
53 96 94 3.2071 0
40 72 36 3.1838 0
90 32 36 3.0639 0
104 70 36 3.1838 0
30 86 36 3.1838 0
88 44 98 3.217 0
84 31 53 3.2347 0
33 40 52 3.1508 0
102 49 36 3.1838 0
73 86 36 3.1838 0
42 51 36 3.1838 0
75 42 36 3.1838 0
53 41 36 3.1838 0
96 54 94 3.1305 0
87 61 36 3.1838 0
65 87 36 3.1838 0
96 43 54 3.087 0
45 89 98 3.1068 0
95 69 96 3.0806 0
27 76 53 2.9308 0
26 54 52 2.995 0
100 76 53 3.0038 0
45 38 98 3.0053 0
69 95 96 2.9371 0
102 60 53 2.9003 0
92 89 56 2.9276 0
74 111 33 0.5 0
64 102 56 2.772 0
82 90 95 2.7489 0
90 82 95 2.739 0
96 62 95 2.7261 0
22 65 36 2.734 0
71 105 38 2.7209 0
37 34 54 2.6897 0
37 24 33 0.5 0
62 96 95 2.5185 0
77 27 53 2.6556 0
46 94 91 2.6498 0
40 29 36 2.5454 0
94 47 92 2.5011 0
77 34 96 2.4251 0
85 68 105 2.3484 0
70 32 97 2.5678 0
97 73 91 2.5377 0
84 97 60 2.5592 0
34 49 35 2.1759 0
70 42 105 2.3484 0
85 61 105 2.3484 0
63 85 105 2.3484 0
41 59 105 2.3484 0
45 89 105 2.3484 0
25 60 55 2.5105 0
53 83 105 2.3484 0
93 103 33 0.5 0
76 94 94 2.2905 0
69 84 105 2.3484 0
29 86 43 2.4595 0
36 81 95 2.4292 0
37 81 35 2.1759 0
49 27 53 2.3303 0
79 99 57 2.3728 0
47 46 35 2.1759 0
44 97 56 2.2833 0
37 45 97 2.4128 0
46 76 105 2.3484 0
51 100 57 2.3536 0
0
