128
63 63 70 37.4515 0
93 84 41 7.975 0
53 98 41 7.9917 0
78 96 41 7.9663 0
96 48 41 7.914 0
99 67 41 7.8169 0
37 88 41 7.7346 0
83 33 41 7.6936 0
28 71 41 7.666 0
64 27 41 7.4701 0
29 52 41 7.5002 0
47 31 41 7.4551 0
35 39 41 5.7575 0
89 90 109 0.5 0
99 73 109 0.5 0
97 48 109 0.5 0
66 101 47 4.976 0
75 90 102 5.0814 0
89 77 102 5.033 0
58 92 102 4.9699 0
92 58 102 4.9668 0
31 80 109 0.5 0
45 86 102 4.8212 0
74 29 109 0.5 0
38 78 102 4.7633 0
82 41 102 4.7361 0
101 57 50 4.5629 0
39 38 109 0.5 0
34 64 102 4.4607 0
64 34 102 4.4561 0
53 36 102 4.4788 0
36 53 102 4.4731 0
42 45 103 4.3642 0
74 27 49 4.3265 0
89 92 51 4.1299 0
71 37 37 4.1917 0
66 90 37 4.1917 0
67 103 37 4.1917 0
42 95 51 4.1366 0
92 38 49 4.0725 0
89 48 102 4.0782 0
98 79 52 4.0333 0
55 26 50 3.8847 0
74 35 100 3.9859 0
29 80 51 3.9534 0
84 86 100 3.9362 0
39 34 50 3.8588 0
25 63 51 3.7723 0
94 67 99 3.7095 0
101 70 53 3.6504 0
82 97 53 3.5559 0
58 37 36 3.1838 0
33 40 51 3.4695 0
40 74 36 3.1838 0
97 45 53 3.3521 0
53 86 36 3.1838 0
38 61 36 3.1838 0
54 101 53 3.373 0
94 36 36 3.1838 0
82 80 36 3.1838 0
87 67 104 3.3563 0
35 89 53 3.3203 0
46 81 36 3.1838 0
74 101 52 3.2586 0
76 24 37 3.2915 0
84 31 53 3.2656 0
43 43 36 3.1838 0
75 85 36 3.1838 0
90 95 36 3.1838 0
87 58 36 3.1838 0
27 82 36 3.1838 0
104 57 36 3.1838 0
23 61 36 3.1838 0
77 43 36 3.1838 0
88 66 36 3.1838 0
84 51 36 3.1838 0
51 42 36 3.1838 0
42 51 36 3.1838 0
66 95 97 3.0537 0
85 73 36 3.1838 0
64 25 53 3.1828 0
50 92 97 3.1368 0
28 48 53 3.121 0
45 38 98 3.0882 0
95 86 55 2.9514 0
109 82 33 0.5 0
42 99 36 2.9092 0
48 28 53 2.9631 0
26 73 54 2.8817 0
33 72 98 2.8607 0
54 23 36 2.6847 0
102 63 56 2.798 0
62 102 55 2.7736 0
94 74 95 2.7676 0
22 61 43 2.6677 0
103 77 36 2.5482 0
73 95 95 2.6835 0
100 51 56 2.5943 0
27 83 44 2.6139 0
89 43 96 2.6631 0
25 55 51 2.6505 0
93 50 95 2.5717 0
39 42 96 2.5376 0
81 91 95 2.4559 0
40 86 95 2.5417 0
48 99 56 2.5134 0
92 37 57 2.4983 0
31 59 96 2.3455 0
73 41 105 2.3484 0
47 78 105 2.3484 0
53 85 105 2.3484 0
81 36 95 2.4702 0
57 96 94 2.3263 0
89 95 44 2.4705 0
81 51 105 2.3484 0
67 88 105 2.3484 0
96 60 94 2.4597 0
67 41 105 2.3484 0
92 90 59 2.4317 0
87 87 93 2.3803 0
44 53 105 2.3484 0
53 44 105 2.3484 0
33 72 105 2.3426 0
84 59 105 2.3484 0
50 92 105 2.3484 0
84 44 35 2.1759 0
76 82 105 2.3484 0
68 94 105 2.3484 0
0
