128
64 65 63 1.3142 0
108 39 90 0.5 0
20 39 89 0.6649 0
20 91 42 0.6649 0
107 91 42 0.6649 0
102 40 42 0.7794 0
30 37 43 1.4349 0
102 85 89 1.6772 0
30 85 90 1.4349 0
69 41 92 1.2262 0
69 38 44 1.798 0
64 81 93 1.3142 0
30 66 60 1.4349 0
71 93 41 0.5 0
97 58 68 1.4349 0
47 43 71 1.7577 0
47 89 54 1.7577 0
86 69 43 1.3946 0
80 87 70 1.7577 0
36 59 93 1.7175 0
86 63 93 1.3946 0
47 60 43 1.7577 0
80 40 68 1.7577 0
47 77 77 1.7577 0
102 88 63 1.6772 0
25 40 65 1.6773 0
20 89 67 0.6649 0
58 59 89 1.798 0
64 74 43 1.3142 0
109 62 44 0.5 0
108 37 64 0.5 0
25 69 79 1.6773 0
80 53 52 1.7577 0
47 41 51 1.7577 0
20 57 42 0.6649 0
47 42 92 1.271 0
36 76 43 1.7175 0
91 43 88 1.7175 0
80 68 73 1.7577 0
109 64 93 0.5 0
91 86 45 1.7175 0
47 71 60 1.7577 0
69 88 56 1.798 0
25 51 79 1.6773 0
36 88 68 1.7175 0
80 82 87 1.7577 0
69 52 74 1.798 0
102 75 75 1.6772 0
102 74 53 1.6772 0
64 55 43 1.3142 0
41 61 73 1.3946 0
64 81 74 1.3142 0
64 38 61 1.284 0
47 84 92 1.7577 0
97 53 50 1.4349 0
30 51 52 1.4349 0
86 37 44 1.3946 0
25 80 55 1.6773 0
86 75 58 1.3946 0
97 41 73 1.4349 0
58 43 82 1.798 0
58 88 44 1.798 0
102 53 90 1.6772 0
69 69 87 1.798 0
91 38 58 1.5175 0
52 53 59 1.3544 0
86 52 77 1.3946 0
47 68 94 1.7577 0
36 41 80 1.7175 0
52 88 68 1.3544 0
58 78 55 1.798 0
58 66 75 1.798 0
36 90 43 1.7175 0
25 68 93 1.6773 0
97 71 88 1.4349 0
47 53 83 1.7577 0
36 49 65 1.7175 0
80 51 93 1.7577 0
91 85 78 1.7175 0
25 68 45 1.6773 0
25 87 78 1.6773 0
36 74 87 1.7175 0
69 51 61 1.798 0
75 68 55 1.3544 0
58 66 50 1.798 0
25 77 69 1.6773 0
25 57 67 1.6773 0
91 64 59 1.7175 0
36 76 63 1.7175 0
80 58 66 1.7577 0
36 39 56 1.7175 0
47 73 48 1.7577 0
69 58 94 1.798 0
58 51 69 1.798 0
25 54 91 1.6773 0
80 86 50 1.7577 0
58 48 50 1.798 0
69 40 75 1.798 0
109 53 76 0.5 0
80 40 80 1.7577 0
41 58 54 1.3946 0
75 40 56 1.3544 0
102 63 81 1.6772 0
74 65 43 1.2739 0
102 39 54 1.6772 0
91 51 61 1.7175 0
91 80 92 1.7175 0
109 62 60 0.5 0
36 84 54 1.7175 0
47 84 43 1.7577 0
91 88 59 1.7175 0
69 87 82 1.798 0
75 76 64 1.3544 0
36 47 90 1.7175 0
102 80 43 1.6772 0
97 77 64 1.4349 0
58 79 83 1.798 0
36 71 74 1.7175 0
91 71 75 1.7175 0
69 63 77 1.798 0
80 61 82 1.7577 0
58 72 92 1.798 0
97 63 44 1.4349 0
109 88 76 0.5 0
36 63 43 1.7175 0
36 55 81 1.7175 0
69 77 53 1.798 0
102 48 66 1.6772 0
0
