128
65 75 66 8.4722 0
22 47 30 0.5 0
106 47 30 0.5 0
82 59 37 7.092 0
45 59 37 7.092 0
63 69 44 13.2566 0
63 89 113 0.5 0
65 82 91 3.4834 0
38 64 64 0.5 0
91 63 61 0.5 0
64 80 81 5.6215 0
52 69 61 5.5848 0
81 63 50 5.1417 0
77 68 60 4.9088 0
46 64 52 4.9088 0
58 54 34 4.0683 0
68 54 34 4.0683 0
47 72 79 0.5 0
83 71 77 0.5 0
100 54 44 0.5 0
29 52 37 1.0953 0
53 72 71 3.7755 0
93 54 34 3.4834 0
34 54 34 3.4834 0
64 86 103 1.3454 0
64 83 55 3.4834 0
72 75 77 3.4834 0
64 89 30 0.5 0
32 57 50 0.5 0
64 83 33 3.0605 0
77 70 33 3.0605 0
49 69 33 3.0605 0
39 59 47 2.8908 0
50 76 88 0.5 0
77 70 69 2.8757 0
89 59 47 2.7708 0
56 75 79 2.8688 0
35 56 41 2.7708 0
92 56 41 2.7708 0
78 76 88 0.5 0
64 84 98 2.4052 0
58 79 88 2.412 0
68 65 60 2.4313 0
85 64 58 2.0581 0
42 68 70 0.5 0
64 90 42 0.5 0
43 65 60 2.0581 0
78 71 52 2.0581 0
50 51 32 2.0526 0
71 78 56 2.0581 0
57 79 74 2.0581 0
57 79 58 2.0581 0
87 51 32 2.0526 0
87 67 69 0.5 0
72 77 84 2.0581 0
54 55 41 1.9938 0
80 69 44 2.0581 0
74 62 55 1.9841 0
54 76 32 2.0526 0
75 53 32 2.0526 0
64 85 48 2.0581 0
64 85 40 2.0581 0
103 51 37 0.5 0
47 69 40 2.0581 0
64 85 72 2.0581 0
75 79 94 0.5 0
55 61 32 2.0526 0
73 76 33 2.0581 0
74 63 32 2.0526 0
41 51 32 2.0526 0
75 74 55 2.0581 0
79 70 39 2.0581 0
46 68 45 2.0581 0
58 80 33 2.0581 0
47 69 69 1.9745 0
55 81 97 0.5 0
99 50 32 1.5493 0
28 50 32 1.5493 0
76 57 45 1.991 0
51 57 45 1.991 0
59 64 59 1.9814 0
73 54 39 1.9951 0
94 60 55 0.5 0
36 60 56 0.5 0
59 81 94 1.5067 0
88 61 54 1.5342 0
78 72 75 1.3454 0
82 50 32 1.5493 0
39 61 54 1.5342 0
53 61 54 1.5342 0
69 78 88 1.5108 0
74 59 50 1.537 0
52 59 50 1.537 0
63 89 62 0.5 0
61 72 76 1.5191 0
80 74 83 0.5 0
63 50 32 1.5493 0
51 73 78 1.5177 0
54 76 84 1.5136 0
83 66 64 1.5273 0
52 75 55 1.3454 0
59 66 64 1.5273 0
71 66 64 1.5273 0
54 77 64 1.3454 0
41 64 45 1.3454 0
97 57 48 0.5 0
60 83 74 1.3454 0
92 62 30 0.5 0
62 85 62 1.3454 0
75 75 71 1.3454 0
70 83 103 0.5 0
48 71 50 1.3454 0
64 86 67 1.3454 0
76 74 65 1.3454 0
82 68 68 1.3454 0
49 72 54 1.3454 0
60 83 37 1.3454 0
68 82 74 1.3454 0
51 74 35 1.3454 0
45 68 65 1.3454 0
71 81 98 0.5 0
63 86 87 1.3454 0
67 78 31 1.0447 0
59 82 52 1.3454 0
34 57 46 1.3454 0
69 81 32 1.3454 0
62 85 44 1.3454 0
55 78 54 1.3454 0
0
