128
62 64 60 10.1052 0
78 64 120 0.5 0
62 63 25 10.1052 0
69 64 91 4.5556 0
59 70 42 7.396 0
66 64 78 7.2545 0
52 38 44 0.5 0
52 90 14 0.5 0
59 55 42 6.5418 0
52 90 67 0.5 0
52 38 67 0.5 0
52 38 15 0.5 0
52 90 32 0.5 0
52 90 51 0.5 0
54 44 26 2.2658 0
57 81 73 1.5531 0
58 47 75 1.5531 0
59 53 71 4.5693 0
57 50 54 4.4038 0
56 49 20 4.3724 0
57 77 30 4.4038 0
57 77 20 4.4038 0
74 64 106 1.5531 0
54 82 61 2.3566 0
57 77 67 4.4038 0
57 77 53 4.4038 0
69 62 43 4.4038 0
56 50 31 4.3724 0
56 48 63 3.6911 0
62 49 89 0.5 0
60 75 76 3.2141 0
53 86 42 0.8404 0
72 64 100 2.9784 0
62 53 80 2.9784 0
55 81 42 2.9784 0
65 56 86 2.9784 0
55 46 46 2.9784 0
63 77 89 0.551 0
72 63 35 2.9784 0
65 71 87 2.7559 0
78 64 14 0.5 0
52 90 23 0.5 0
52 38 56 0.5 0
73 63 69 2.2658 0
73 64 51 2.2658 0
54 57 51 2.3566 0
57 70 72 2.3156 0
66 76 97 0.5 0
53 41 38 0.8404 0
54 63 49 2.3566 0
54 62 36 2.3566 0
54 47 38 2.3566 0
54 75 60 2.3566 0
73 64 17 2.2658 0
64 73 70 2.2658 0
68 69 48 2.2658 0
62 73 82 2.3088 0
65 55 50 2.2658 0
54 83 36 2.2658 0
54 83 49 2.2658 0
54 83 26 2.2658 0
69 68 38 2.2658 0
68 58 36 2.2658 0
66 53 96 0.5 0
53 84 16 1.276 0
60 82 84 0.5 0
75 61 114 0.5 0
69 55 103 0.5 0
69 59 97 1.8478 0
55 45 69 1.8671 0
56 60 71 1.8657 0
67 57 93 1.8506 0
65 51 14 0.5 0
74 64 85 1.5531 0
69 69 97 1.5531 0
54 43 54 1.5531 0
64 74 18 1.5531 0
54 84 66 1.5531 0
54 84 56 1.5531 0
70 72 104 0.5 0
54 43 59 1.5531 0
67 71 93 1.5531 0
66 55 73 1.5531 0
52 70 15 0.7681 0
65 54 34 1.5531 0
62 51 61 1.5531 0
67 71 34 1.5531 0
59 79 37 1.5531 0
64 74 52 1.5531 0
64 53 17 1.5531 0
78 64 24 0.5 0
54 84 20 1.5531 0
54 84 31 1.5531 0
52 90 60 0.5 0
69 58 49 1.5531 0
61 77 61 1.5531 0
52 40 20 0.8409 0
52 40 32 0.8409 0
69 58 69 1.5531 0
62 76 25 1.5531 0
61 50 26 1.5531 0
64 74 34 1.5531 0
63 52 65 1.5531 0
52 57 15 0.7681 0
69 69 70 1.5531 0
54 43 41 1.5531 0
54 43 35 1.5531 0
54 43 17 1.5531 0
69 69 43 1.5531 0
70 59 86 1.5531 0
74 64 29 1.5531 0
74 63 56 1.5531 0
74 63 64 1.5531 0
66 55 68 1.5531 0
54 88 72 0.5 0
56 65 72 1.4144 0
55 71 16 1.276 0
54 70 68 1.4172 0
53 77 47 1.3488 0
53 71 30 1.3488 0
53 57 18 1.3488 0
53 57 32 1.3488 0
55 83 70 1.4158 0
58 58 76 1.4117 0
70 68 16 1.276 0
53 74 25 1.3488 0
53 54 26 1.3488 0
52 39 49 0.6277 0
0
