128
62 88 64 1.6252 0
121 63 69 0.5 0
7 63 60 0.5 0
97 82 62 1.5306 0
30 82 64 1.5306 0
80 88 60 1.0437 0
46 88 60 1.0437 0
108 72 64 1.5306 0
19 72 64 1.5306 0
115 65 62 2.11 0
90 88 66 1.8497 0
13 66 62 2.384 0
37 88 61 1.8497 0
73 91 69 0.5 0
70 88 64 1.6252 0
54 88 64 1.6252 0
44 91 69 0.5 0
81 88 67 1.0437 0
25 78 63 1.5705 0
102 78 62 1.5705 0
7 64 69 0.5 0
35 91 69 0.5 0
37 88 66 1.8497 0
90 88 61 1.8497 0
22 75 66 1.7339 0
105 75 66 1.7339 0
74 88 61 1.6252 0
66 88 61 1.6252 0
58 88 61 1.6252 0
33 85 61 1.7339 0
33 85 66 1.7339 0
94 85 66 1.7339 0
22 75 61 1.7339 0
116 70 69 0.5 0
78 88 64 1.6252 0
50 88 61 1.6252 0
94 85 61 1.7339 0
105 75 61 1.7339 0
46 88 67 1.0437 0
74 88 66 1.6252 0
66 88 66 1.6252 0
58 88 66 1.6252 0
50 88 66 1.6252 0
101 81 69 0.5 0
15 69 66 1.5027 0
112 69 61 1.5027 0
113 68 65 1.5705 0
101 79 66 1.5027 0
16 70 62 1.4349 0
27 80 66 1.4349 0
28 80 61 1.395 0
14 63 69 0.5 0
41 88 63 1.3095 0
86 88 63 1.3095 0
10 64 66 1.1021 0
98 82 66 1.2993 0
114 63 69 0.5 0
85 88 67 1.0437 0
109 72 60 1.0437 0
111 74 69 0.5 0
119 64 66 0.9857 0
121 65 59 0.5 0
19 72 60 1.0437 0
70 88 60 1.0437 0
62 88 60 1.0437 0
54 88 60 1.0437 0
14 64 66 1.1021 0
9 64 61 1.1021 0
84 88 60 1.0437 0
41 88 67 1.0437 0
114 64 66 1.1021 0
110 71 67 1.0437 0
62 91 69 0.5 0
17 74 69 0.5 0
12 67 67 0.9603 0
43 89 60 0.8747 0
24 78 67 0.8925 0
54 90 69 0.5 0
31 82 60 0.8526 0
20 71 69 0.5 0
31 81 69 0.5 0
78 91 69 0.5 0
118 67 69 0.5 0
100 81 60 0.6891 0
62 87 69 0.5 0
70 89 69 0.5 0
119 64 60 0.9857 0
106 79 69 0.5 0
29 84 69 0.5 0
121 65 63 0.5 0
18 70 67 0.717 0
100 81 63 0.6891 0
117 66 67 0.8501 0
118 64 65 1.1021 0
41 87 60 0.6174 0
87 91 69 0.5 0
83 91 69 0.5 0
48 91 69 0.5 0
99 85 69 0.5 0
94 90 64 0.5 0
110 69 64 0.6492 0
99 79 61 0.6492 0
24 80 59 0.5 0
114 72 67 0.5 0
54 87 69 0.5 0
116 69 59 0.5 0
77 87 67 0.6174 0
77 87 60 0.6174 0
71 87 67 0.6174 0
63 87 67 0.6174 0
55 87 67 0.6174 0
18 73 67 0.5535 0
29 83 67 0.5535 0
16 66 69 0.5 0
26 76 59 0.5 0
93 90 69 0.5 0
93 91 59 0.5 0
68 91 69 0.5 0
27 77 69 0.5 0
15 72 69 0.5 0
105 80 65 0.5 0
105 79 59 0.5 0
71 91 67 0.5 0
77 91 60 0.5 0
28 84 60 0.5 0
109 76 63 0.5 0
26 83 63 0.5 0
29 83 61 0.5535 0
0
