128
61 65 67 2.7258 0
108 34 60 1.9231 0
77 120 64 0.5 0
20 35 67 2.7258 0
30 105 57 0.5 0
105 84 58 0.5 0
68 27 59 1.6742 0
22 71 60 2.7258 0
62 95 60 2.7258 0
95 61 67 2.7258 0
47 42 60 2.7258 0
93 102 67 2.7258 0
79 78 60 2.7258 0
52 119 71 0.5 0
83 41 67 2.2778 0
40 88 61 2.0197 0
41 63 60 2.7258 0
67 48 60 2.5795 0
21 54 67 2.7258 0
47 109 60 2.4736 0
79 96 60 2.7258 0
27 95 67 2.7258 0
67 111 67 2.7258 0
34 28 60 2.2189 0
79 61 67 2.7258 0
34 48 66 3.479 0
95 76 60 2.7258 0
61 81 67 2.7258 0
96 29 67 2.7258 0
107 54 60 2.7258 0
93 48 60 2.5795 0
107 68 60 2.7258 0
33 76 67 2.7258 0
48 75 60 2.7258 0
52 55 67 2.7258 0
61 33 67 2.7258 0
94 91 60 2.7258 0
101 41 67 2.7258 0
79 50 60 2.7258 0
73 88 67 2.7258 0
80 108 60 2.6232 0
41 102 67 2.7258 0
51 88 60 2.7258 0
73 68 60 2.7258 0
56 102 67 2.7258 0
90 36 60 2.7258 0
59 115 60 2.7258 0
72 35 67 2.7258 0
40 37 67 2.7258 0
69 99 67 2.7258 0
28 87 60 2.7258 0
23 42 60 2.7258 0
86 58 60 2.7258 0
105 81 71 0.5 0
67 58 60 2.7258 0
34 97 60 2.7258 0
34 61 67 2.7258 0
27 58 60 2.7258 0
101 72 67 2.7258 0
60 43 67 2.7258 0
73 115 60 2.7258 0
22 64 67 2.7258 0
107 61 67 2.7258 0
27 28 67 2.6821 0
73 51 67 2.7258 0
52 61 60 2.7258 0
73 74 67 2.7258 0
67 81 60 2.7258 0
100 81 67 2.7258 0
79 87 60 2.7258 0
101 50 67 2.7258 0
84 68 61 2.0197 0
105 95 70 0.5 0
89 51 67 2.7258 0
78 101 67 2.7258 0
73 40 60 2.7258 0
53 35 60 2.424 0
45 99 60 2.7258 0
54 115 67 2.7258 0
46 52 60 2.1465 0
40 55 67 2.7258 0
87 108 67 2.7258 0
34 41 60 2.7258 0
52 41 67 2.7258 0
40 71 60 2.7258 0
61 87 60 2.7258 0
61 69 60 2.7258 0
95 68 60 2.7258 0
28 79 60 2.7258 0
100 95 61 3.0772 0
33 90 67 2.7258 0
68 34 60 2.7258 0
55 70 67 2.7258 0
17 78 70 0.5 0
40 66 67 2.7258 0
27 49 60 2.5207 0
51 108 67 2.7258 0
34 66 60 2.7258 0
101 44 60 2.7258 0
99 29 60 2.7258 0
40 48 60 2.5795 0
64 102 60 2.7258 0
61 36 60 2.7258 0
33 32 67 2.7258 0
79 47 67 2.7258 0
73 65 67 2.7258 0
73 54 60 2.7258 0
46 59 67 2.7258 0
46 45 67 2.7258 0
69 45 67 2.7258 0
67 92 67 2.7258 0
67 55 67 2.7258 0
107 37 67 2.7258 0
101 58 60 2.7258 0
88 87 60 2.7258 0
79 64 60 2.7258 0
45 84 60 2.7258 0
89 72 60 2.7258 0
89 35 67 2.7258 0
27 29 60 2.7258 0
52 47 60 2.7258 0
22 63 60 2.7258 0
66 41 60 2.7258 0
63 109 60 2.7258 0
62 98 67 2.7258 0
58 109 67 2.7258 0
89 96 60 2.7258 0
87 107 60 2.7258 0
0
