128
64 62 65 1.0118 0
13 62 42 1.0506 0
116 67 40 0.5 0
110 62 88 0.5 0
23 64 88 0.5 0
86 62 42 1.0208 0
43 62 42 1.0208 0
82 64 88 0.5 0
102 62 63 1.0118 0
29 62 64 1.0118 0
47 62 85 1.0118 0
65 65 41 0.9245 0
84 62 67 1.0118 0
13 62 72 1.0506 0
46 62 67 1.0118 0
66 62 82 1.0118 0
96 62 79 1.0118 0
102 62 42 1.0208 0
75 62 53 1.0118 0
28 62 43 1.0118 0
114 62 75 1.0506 0
114 62 55 1.0506 0
17 62 56 1.0118 0
55 62 50 1.0118 0
32 62 79 1.0118 0
90 62 55 1.0118 0
38 62 55 1.0118 0
13 62 84 1.0506 0
55 62 74 1.0118 0
78 62 76 1.0118 0
53 69 40 0.5 0
74 62 42 1.0208 0
21 62 78 1.0118 0
64 62 53 1.0118 0
57 62 85 1.0118 0
55 62 62 1.0118 0
111 62 45 1.0118 0
111 62 65 1.0118 0
75 62 65 1.0118 0
41 62 77 1.0118 0
87 62 82 1.0118 0
105 62 78 1.0118 0
99 62 54 1.0118 0
93 62 68 1.0118 0
29 62 52 1.0118 0
46 62 51 1.0118 0
21 62 68 1.0118 0
75 62 85 1.0118 0
94 69 41 0.5 0
21 62 48 1.0118 0
37 63 88 0.5 0
36 62 47 1.0118 0
13 62 64 1.0506 0
20 69 40 0.5 0
55 62 42 1.0208 0
94 62 42 1.0208 0
38 62 63 1.0118 0
64 62 73 1.0118 0
46 62 59 1.0118 0
34 69 40 0.5 0
101 64 87 0.5 0
35 62 72 1.0118 0
105 62 70 1.0118 0
87 62 74 1.0118 0
114 62 83 1.0506 0
105 62 50 1.0118 0
49 62 78 1.0118 0
84 62 59 1.0118 0
84 62 51 1.0118 0
72 62 72 1.0118 0
61 62 46 1.0118 0
108 69 40 0.5 0
24 62 59 1.0118 0
70 62 48 1.0118 0
14 62 49 1.0118 0
67 62 59 1.0118 0
108 62 59 1.0118 0
80 62 45 1.0118 0
93 61 88 0.5 0
29 62 86 0.9245 0
38 62 83 1.0118 0
27 61 73 0.6272 0
93 62 48 1.0118 0
13 70 40 0.5 0
99 62 70 1.0118 0
116 67 49 0.5 0
20 63 41 0.9245 0
97 62 85 1.0118 0
61 62 78 1.0118 0
61 62 58 1.0118 0
108 62 83 1.0118 0
58 62 69 1.0118 0
32 62 59 1.0118 0
96 62 63 1.0118 0
52 62 69 1.0118 0
52 62 57 1.0118 0
90 62 63 1.0118 0
49 62 46 1.0118 0
81 62 81 1.0118 0
78 62 60 1.0118 0
72 62 80 1.0118 0
20 62 85 1.0118 0
46 69 41 0.5 0
27 69 41 0.5 0
34 63 41 0.9245 0
80 68 41 0.5 0
72 62 60 1.0118 0
114 62 50 1.0506 0
55 62 79 1.0118 0
99 62 46 1.0118 0
60 69 41 0.5 0
116 65 61 0.5 0
63 61 88 0.5 0
50 65 41 0.9245 0
69 62 88 0.5 0
13 65 78 0.5 0
116 65 68 0.5 0
39 66 41 0.8829 0
104 62 85 1.0118 0
32 62 45 1.0118 0
91 62 84 1.0118 0
12 66 57 0.5 0
67 62 42 1.0208 0
114 62 42 1.0506 0
41 61 71 0.6272 0
60 64 41 0.9245 0
107 64 41 0.9245 0
24 62 71 1.0118 0
0
