128
96 58 52 5.2215 0
17 65 43 5.2021 0
79 108 85 3.0875 0
55 22 51 4.9048 0
62 76 17 4.6528 0
86 27 85 5.803 0
41 101 48 5.2226 0
79 96 49 5.2217 0
102 72 85 5.7226 0
68 43 24 5.2579 0
37 49 23 5.2579 0
26 37 46 5.2102 0
87 34 59 5.2797 0
37 78 23 5.2579 0
99 47 76 5.4523 0
90 94 72 5.4141 0
67 92 31 5.2115 0
88 73 32 2.9873 0
79 60 24 5.2568 0
48 31 32 3.9485 0
19 89 51 2.3486 0
92 82 52 5.2355 0
76 35 38 5.1654 0
88 48 40 5.2019 0
96 88 85 5.7239 0
98 74 67 4.2269 0
48 96 32 3.9486 0
65 101 45 5.2112 0
41 26 48 5.2225 0
22 52 37 5.2095 0
51 47 19 5.3017 0
80 87 36 5.2054 0
29 84 34 5.1892 0
38 63 19 5.298 0
86 100 85 5.8031 0
90 33 72 5.4142 0
88 62 34 5.2118 0
87 93 59 5.2796 0
102 55 85 5.7186 0
96 39 85 5.7173 0
92 45 52 5.2356 0
99 54 65 5.2871 0
102 64 75 5.3975 0
65 26 45 5.2113 0
51 80 19 5.3018 0
29 58 26 5.2375 0
99 80 76 5.4523 0
71 69 19 5.2981 0
69 54 19 5.2921 0
79 31 49 5.2217 0
39 37 31 5.2106 0
65 32 34 5.2001 0
39 90 31 5.2107 0
80 77 28 5.2314 0
88 79 40 5.2019 0
95 43 65 5.3294 0
70 81 23 5.2706 0
95 84 65 5.3294 0
79 44 31 5.2138 0
22 75 37 5.2095 0
99 65 61 5.2928 0
28 70 27 5.0717 0
29 43 34 5.1893 0
54 90 26 5.2458 0
54 37 26 5.2457 0
55 105 51 4.9049 0
26 90 46 5.2101 0
53 100 40 5.2127 0
53 27 40 5.2126 0
95 69 49 5.222 0
82 25 74 4.8844 0
82 102 74 4.8844 0
19 46 47 4.7897 0
19 81 47 4.7888 0
22 63 33 4.773 0
35 33 41 4.659 0
35 94 41 4.6589 0
31 98 51 4.3981 0
31 29 51 4.398 0
73 94 40 4.2427 0
93 57 42 4.2075 0
85 40 46 4.1827 0
85 87 46 4.1826 0
44 71 16 4.0792 0
44 55 16 3.9025 0
85 53 30 3.8641 0
15 55 46 3.7299 0
98 76 58 3.751 0
61 48 17 3.6425 0
45 87 23 3.6971 0
45 40 23 3.697 0
58 97 32 3.6355 0
46 21 55 3.4998 0
46 106 55 3.4994 0
83 101 64 3.3459 0
83 26 64 3.3458 0
60 85 20 3.4463 0
77 50 23 3.4688 0
14 73 48 3.3288 0
92 70 38 3.3046 0
44 31 40 3.2172 0
44 96 40 3.2171 0
79 19 85 3.0874 0
84 68 26 3.1552 0
56 62 20 0.5373 0
72 36 29 2.8357 0
75 88 28 2.8044 0
73 24 51 2.7853 0
73 103 51 2.7365 0
60 41 20 2.8706 0
36 23 55 2.7169 0
36 104 55 2.7169 0
81 101 57 2.6913 0
81 26 57 2.6912 0
67 62 14 2.5453 0
103 46 88 2.6724 0
103 81 88 2.6725 0
104 55 75 2.6542 0
84 39 37 2.4994 0
62 95 38 2.4012 0
63 35 25 2.3065 0
26 50 28 2.5305 0
105 63 89 2.4369 0
62 86 27 2.5016 0
94 96 80 2.4032 0
94 31 80 2.4031 0
98 89 75 2.393 0
98 38 75 2.3929 0
0
