128
62 66 78 13.8303 0
122 63 64 0.5 0
8 53 64 0.5 0
19 88 64 0.5 0
100 35 64 0.5 0
100 93 64 0.5 0
34 34 64 0.5 0
50 50 104 4.9682 0
75 50 104 4.7061 0
99 64 67 1.1392 0
74 33 64 0.5 0
26 64 67 1.1451 0
64 44 74 7.4013 0
41 94 64 0.5 0
79 93 64 0.5 0
80 74 70 6.3499 0
116 82 64 0.5 0
45 75 70 5.9684 0
8 72 64 0.5 0
74 55 91 5.4372 0
51 56 92 5.5846 0
115 47 64 0.5 0
58 95 64 0.5 0
88 47 64 0.5 0
38 51 64 0.5 0
44 63 69 4.845 0
20 43 64 0.5 0
78 77 100 0.5 0
81 62 69 4.5369 0
47 78 99 0.5 0
55 48 83 4.2615 0
48 33 64 0.5 0
101 79 64 0.5 0
72 73 93 3.9383 0
102 50 64 0.5 0
19 74 66 1.061 0
53 73 93 3.9382 0
31 85 64 0.5 0
86 34 64 0.5 0
109 75 72 0.5 0
30 74 68 1.061 0
71 50 83 3.3917 0
48 46 64 0.5 0
58 52 67 3.3263 0
71 79 67 3.3264 0
111 63 64 0.5 0
54 79 67 3.3264 0
20 54 64 0.5 0
91 87 64 0.5 0
55 39 80 3.1094 0
96 74 71 0.906 0
68 93 64 0.5 0
30 45 64 0.5 0
115 72 64 0.5 0
109 39 64 0.5 0
12 62 64 0.5 0
69 53 68 2.8777 0
74 58 101 2.8209 0
64 49 85 2.7398 0
80 42 64 0.5 0
74 65 91 2.7347 0
109 88 64 0.5 0
44 68 77 2.6058 0
64 75 93 2.6979 0
108 66 72 0.5 0
29 54 64 0.5 0
40 42 64 0.5 0
49 58 101 2.62 0
106 74 65 0.8615 0
76 39 85 0.5 0
50 90 64 0.5 0
64 80 67 2.4896 0
70 38 81 2.5039 0
117 56 64 0.5 0
97 43 64 0.5 0
91 55 64 0.5 0
80 67 77 2.456 0
51 59 66 2.3185 0
59 33 64 0.5 0
72 47 97 2.3488 0
51 66 92 2.3667 0
18 65 70 0.8193 0
90 65 65 1.1626 0
109 54 64 0.5 0
27 92 64 0.5 0
57 42 66 2.3184 0
74 60 66 2.3184 0
75 78 78 2.0553 0
39 86 64 0.5 0
93 74 64 0.8027 0
106 65 66 1.0346 0
50 47 96 2.1165 0
54 51 75 2.1631 0
102 74 70 1.061 0
25 80 64 0.5 0
73 77 85 2.1763 0
33 65 71 0.9058 0
89 94 64 0.5 0
13 45 64 0.5 0
15 81 64 0.5 0
26 39 64 0.5 0
82 51 64 0.5 0
33 65 64 0.8028 0
50 78 79 1.9766 0
68 44 84 1.8634 0
87 67 68 1.8669 0
80 86 64 0.5 0
39 69 67 2.0137 0
52 77 86 1.9937 0
34 92 64 0.5 0
44 46 87 0.1796 0
36 74 67 1.673 0
53 57 113 0.5 0
56 60 107 0.5 0
59 75 96 1.8445 0
61 44 84 1.8634 0
55 46 69 1.8381 0
55 39 72 1.8246 0
49 49 87 1.853 0
61 89 64 0.5 0
35 57 64 0.5 0
94 81 64 0.5 0
59 52 88 1.6557 0
77 49 96 1.8161 0
72 56 113 0.5 0
75 47 64 0.5 0
75 57 107 1.7915 0
52 57 107 1.7915 0
0
