128
64 63 70 0.5088 0
33 111 63 0.568 0
93 15 64 0.5 0
116 60 66 0.5 0
75 103 62 0.5 0
91 78 69 0.9659 0
89 44 70 0.5088 0
49 88 70 0.5088 0
55 109 67 0.9768 0
69 42 63 0.8787 0
70 83 70 0.5088 0
109 41 64 0.7958 0
79 26 70 0.5088 0
99 60 70 0.5088 0
81 62 70 0.5088 0
51 72 62 0.5 0
96 31 62 0.6071 0
84 91 63 0.9881 0
38 96 63 0.9962 0
105 73 63 0.5 0
65 97 70 0.5088 0
58 79 70 0.5088 0
42 106 71 0.5 0
77 48 70 0.5088 0
78 74 70 0.5088 0
64 51 70 0.5088 0
99 47 64 0.5611 0
66 109 63 0.9439 0
109 52 71 0.5 0
78 37 70 0.5088 0
86 32 64 0.9315 0
52 98 70 0.5088 0
67 73 70 0.5088 0
75 94 69 0.9657 0
83 19 64 0.6823 0
81 84 70 0.9168 0
45 111 63 0.8166 0
59 89 70 0.5088 0
91 54 70 0.5088 0
89 68 70 0.5088 0
57 63 63 0.9872 0
46 82 63 0.9607 0
55 70 70 0.5088 0
98 71 69 0.9671 0
34 103 68 0.9846 0
107 65 67 0.8277 0
71 57 70 0.5088 0
98 80 62 0.5 0
75 32 63 0.9529 0
43 95 70 0.5088 0
91 84 63 0.9875 0
100 38 64 0.886 0
49 77 69 0.9698 0
73 65 70 0.5088 0
70 42 72 0.5 0
89 35 72 0.5 0
42 89 64 0.9969 0
61 56 64 0.951 0
101 52 70 0.5088 0
59 103 70 0.9944 0
83 53 70 0.5088 0
69 103 67 0.8274 0
91 25 63 0.5 0
78 97 63 0.9885 0
106 58 70 0.9911 0
90 39 63 0.5 0
65 49 63 0.9148 0
66 90 70 0.5088 0
79 25 63 0.9891 0
91 61 70 0.5088 0
57 63 70 0.9872 0
84 18 72 0.5 0
49 105 70 0.6473 0
38 109 67 0.9757 0
85 75 70 0.5088 0
116 54 71 0.5 0
72 37 67 0.9775 0
96 45 70 0.8097 0
85 30 70 0.5088 0
87 84 68 0.9843 0
94 43 64 0.5611 0
62 69 70 0.5088 0
77 55 70 0.5088 0
83 42 70 0.5088 0
76 88 70 0.9902 0
59 112 62 0.5 0
80 68 70 0.5088 0
58 95 70 0.5088 0
71 49 70 0.5088 0
42 88 71 0.5 0
61 57 72 0.5 0
61 109 67 0.9711 0
52 82 70 0.5088 0
46 82 70 0.9607 0
100 75 63 0.9868 0
63 82 70 0.5088 0
75 42 70 0.5088 0
73 77 70 0.5088 0
112 57 69 0.9687 0
75 32 69 0.953 0
49 77 63 0.9697 0
39 101 70 0.5088 0
81 90 68 0.9847 0
54 68 64 0.8884 0
51 111 63 0.8167 0
102 67 69 0.9677 0
71 98 69 0.966 0
90 19 64 0.5611 0
97 25 64 0.5 0
104 45 64 0.5611 0
96 76 67 0.8277 0
48 109 67 0.9766 0
72 71 70 0.5088 0
97 65 70 0.5088 0
35 101 63 0.9342 0
64 105 69 0.9665 0
45 101 72 0.5 0
67 45 68 0.6448 0
93 73 72 0.5 0
38 96 69 0.9963 0
107 68 63 0.9863 0
48 93 70 0.5088 0
96 51 70 0.5088 0
90 49 70 0.5088 0
86 63 70 0.5088 0
66 56 70 0.5088 0
83 36 70 0.5088 0
88 36 67 0.8215 0
0
