128
70 78 64 0.6913 0
16 56 94 0.5 0
20 63 29 0.993 0
81 57 118 0.5 0
95 62 17 0.5 0
114 65 83 0.5 0
58 78 23 0.6913 0
50 75 100 0.9737 0
30 77 64 0.9705 0
110 74 48 0.9792 0
82 77 93 0.6647 0
83 78 38 0.6913 0
53 54 118 0.5 0
95 77 70 0.9953 0
97 56 99 0.5203 0
49 78 47 0.6913 0
41 62 16 0.7333 0
15 62 53 0.7333 0
50 68 76 0.0754 0
30 75 87 0.5048 0
37 55 102 0.9825 0
72 62 15 0.4489 0
35 79 28 0.5 0
69 70 108 0.7533 0
102 76 29 0.9961 0
15 67 76 0.8145 0
76 57 94 0.5 0
64 78 84 0.6913 0
24 77 44 0.654 0
83 78 18 0.5 0
99 74 88 0.5332 0
67 78 46 0.6913 0
85 69 53 0.7334 0
113 73 66 0.5 0
78 69 77 0.594 0
110 62 35 0.7333 0
52 58 94 0.0603 0
84 66 105 0.5 0
46 65 111 0.8494 0
57 64 16 0.6145 0
97 77 55 0.9704 0
45 78 85 0.6913 0
67 55 116 0.9608 0
72 78 28 0.6913 0
37 69 98 0.9943 0
45 79 66 0.5 0
15 74 62 0.5 0
110 55 93 0.9556 0
45 76 18 0.892 0
112 62 56 0.7333 0
48 78 33 0.6913 0
29 69 20 0.824 0
57 78 59 0.6913 0
36 77 51 0.7842 0
107 76 77 0.5186 0
18 69 89 0.8965 0
96 77 42 0.5232 0
63 76 98 0.9372 0
97 60 31 0.5 0
23 76 31 0.8046 0
57 78 73 0.6913 0
67 73 16 0.993 0
27 61 97 0.9444 0
15 68 41 0.5354 0
82 78 69 0.6913 0
88 77 81 0.6261 0
36 77 76 0.7896 0
23 77 75 0.6013 0
92 69 97 0.5068 0
61 78 35 0.6913 0
58 66 111 0.9129 0
84 66 16 0.7784 0
94 75 20 0.8006 0
104 65 94 0.9603 0
85 55 104 0.971 0
44 68 53 0.5 0
38 77 39 0.6787 0
16 73 51 0.8519 0
75 68 97 0.5 0
76 78 83 0.6913 0
109 74 37 0.9476 0
80 78 49 0.6913 0
91 77 31 0.7844 0
55 78 90 0.6296 0
107 76 58 0.9281 0
112 64 45 0.8227 0
75 63 113 0.9659 0
86 78 59 0.5441 0
26 77 54 0.7595 0
72 77 94 0.9898 0
54 73 16 0.993 0
46 55 111 0.8066 0
101 68 22 0.7279 0
73 78 38 0.6913 0
70 78 74 0.6913 0
51 64 102 0.5 0
80 74 102 0.9819 0
42 63 103 0.5102 0
107 68 29 0.995 0
43 75 94 0.9544 0
108 72 86 0.8725 0
82 78 28 0.6913 0
97 77 79 0.9454 0
44 78 56 0.6913 0
26 69 93 0.5022 0
76 73 16 0.993 0
58 78 49 0.6913 0
30 77 36 0.9705 0
89 77 50 0.6789 0
17 74 70 0.9788 0
45 78 75 0.6913 0
104 77 67 0.6012 0
70 78 55 0.6913 0
15 62 84 0.7333 0
53 78 81 0.6913 0
22 75 83 0.9514 0
66 63 113 0.9668 0
60 72 105 0.9238 0
36 75 19 0.6468 0
112 68 75 0.5961 0
90 76 89 0.8255 0
54 78 40 0.6913 0
111 63 90 0.964 0
19 75 38 0.973 0
75 60 103 0.0979 0
90 62 101 0.9166 0
59 59 115 0.9601 0
32 77 44 0.9952 0
0
