128
59 73 64 1.1853 0
58 10 56 1.2121 0
74 120 73 0.5 0
93 43 50 0.754 0
97 75 74 0.5 0
69 104 49 2.7917 0
58 45 46 1.1111 0
86 76 46 1.2881 0
78 29 73 0.7387 0
51 46 75 0.8468 0
57 99 77 0.5 0
83 95 71 0.8297 0
79 56 73 0.5 0
58 30 65 2.158 0
77 56 46 1.0776 0
77 28 52 0.8891 0
95 59 61 0.826 0
58 65 46 1.0496 0
93 43 73 0.879 0
58 112 64 1.1249 0
78 44 60 0.8038 0
57 91 62 0.8709 0
86 77 63 1.299 0
51 57 60 0.8511 0
69 82 51 0.7665 0
81 110 63 0.9282 0
83 92 54 0.9362 0
72 80 74 0.5 0
52 63 77 0.5 0
90 62 46 1.0496 0
57 26 51 1.3639 0
70 120 56 0.5 0
58 45 60 0.8741 0
76 63 60 0.5 0
72 44 47 1.2291 0
74 69 46 1.0496 0
57 14 68 1.4358 0
59 85 75 0.7553 0
66 61 74 0.5 0
94 62 75 0.7761 0
56 102 55 0.9883 0
98 72 56 0.5 0
90 43 62 1.1991 0
85 81 77 0.5 0
77 43 74 0.5 0
82 110 77 0.5 0
52 72 53 1.1976 0
64 92 52 1.1297 0
65 36 52 0.906 0
94 53 51 1.1762 0
64 61 62 0.5 0
94 53 71 1.1675 0
52 72 72 1.1976 0
51 54 49 0.6617 0
56 100 67 1.1353 0
66 53 46 1.0496 0
65 117 72 1.071 0
60 52 70 0.5911 0
82 103 55 0.9538 0
72 28 63 0.5834 0
59 82 54 0.7185 0
64 73 46 1.3023 0
83 43 49 0.8358 0
73 117 64 1.1702 0
78 84 52 1.1297 0
95 68 65 1.1072 0
60 40 73 0.7706 0
84 88 63 0.8459 0
84 54 58 0.5 0
50 47 66 1.074 0
77 113 53 0.9947 0
72 80 62 0.3248 0
59 113 52 0.5 0
51 64 67 1.1838 0
58 34 56 1.597 0
56 19 58 1.1391 0
57 109 75 0.541 0
67 28 73 0.5834 0
74 95 52 1.1297 0
50 47 54 1.074 0
95 65 55 1.1967 0
83 98 62 1.1536 0
60 57 54 0.5911 0
95 76 62 1.197 0
78 35 65 0.7387 0
51 55 73 0.9701 0
85 53 46 1.1423 0
70 61 46 1.0728 0
58 83 66 0.7468 0
78 114 72 1.1028 0
51 64 51 1.1838 0
95 76 51 1.197 0
76 37 52 0.5936 0
69 114 52 1.0801 0
64 44 52 1.1297 0
86 77 55 1.299 0
86 77 71 1.299 0
82 64 46 1.0496 0
82 105 69 1.1698 0
73 75 51 1.2177 0
65 117 60 1.0723 0
62 74 74 0.5 0
85 44 70 0.9564 0
57 15 51 1.5089 0
93 47 56 1.1628 0
66 27 56 0.4512 0
59 73 56 1.1853 0
58 45 68 0.8741 0
77 54 64 0.2959 0
85 53 67 0.5439 0
59 38 63 1.2784 0
58 92 71 0.8948 0
56 21 66 1.3597 0
60 58 46 1.1585 0
78 75 46 1.2912 0
57 72 46 1.3075 0
77 83 68 0.5 0
77 51 54 0.5 0
73 61 68 0.2694 0
52 72 64 1.1978 0
84 87 73 0.9868 0
60 54 62 0.5911 0
93 69 48 0.7829 0
51 66 60 1.0783 0
78 49 46 1.0507 0
60 60 69 0.5911 0
57 95 55 0.9721 0
84 43 56 0.8885 0
0
