128
77 85 61 2.3291 0
37 16 66 1.7699 0
33 107 65 1.9845 0
117 60 66 1.9859 0
38 60 61 2.3291 0
77 42 61 2.3291 0
53 99 61 2.3291 0
58 31 61 2.3291 0
96 53 61 2.3104 0
38 81 61 2.3291 0
96 74 61 2.3104 0
38 40 61 2.3291 0
65 92 61 2.3291 0
110 73 64 1.5913 0
46 110 62 1.9567 0
36 95 65 1.9952 0
32 28 66 1.5654 0
50 23 66 2.0606 0
86 80 61 2.3291 0
38 71 61 2.3291 0
46 32 61 1.6066 0
105 55 66 1.9237 0
100 66 66 1.8923 0
38 49 61 2.3291 0
46 17 61 1.9567 0
117 67 61 1.9859 0
65 35 61 2.3291 0
84 46 61 2.3291 0
44 94 63 1.8726 0
33 20 61 1.9845 0
102 70 62 2.5546 0
40 34 67 1.3212 0
114 56 61 1.9619 0
50 27 62 2.5719 0
50 103 66 1.9795 0
39 115 68 0.5 0
32 102 61 1.9241 0
38 34 61 2.3291 0
101 56 61 2.3291 0
91 50 61 2.3291 0
58 96 61 2.3291 0
91 77 61 2.3291 0
72 39 61 2.3291 0
72 88 61 2.3291 0
38 92 61 2.3291 0
48 97 66 1.9672 0
36 114 59 0.5 0
37 111 63 1.7699 0
36 32 66 1.9952 0
50 104 61 2.0606 0
114 71 66 1.9619 0
32 25 62 1.9241 0
117 67 66 1.9859 0
117 60 61 1.9859 0
33 20 66 1.9845 0
48 97 61 1.9673 0
46 17 66 1.9567 0
114 71 61 1.9619 0
114 56 66 1.9619 0
100 61 63 1.8923 0
32 102 66 1.9241 0
37 16 61 1.7699 0
41 112 66 1.7137 0
44 33 65 1.8726 0
106 72 66 1.8325 0
34 30 61 1.6231 0
107 55 61 1.4468 0
41 112 61 1.7137 0
41 15 63 1.7137 0
34 97 61 1.6231 0
48 108 66 1.5846 0
110 54 64 1.5913 0
38 86 62 1.6061 0
38 76 62 1.6061 0
38 66 62 1.6061 0
38 54 62 1.6061 0
82 83 62 1.6061 0
33 108 60 1.3212 0
48 31 66 1.4942 0
107 72 61 1.4468 0
100 65 61 1.5066 0
40 93 66 1.4456 0
49 21 62 1.4117 0
45 111 67 1.3212 0
102 70 67 1.3212 0
42 15 67 1.3212 0
31 24 67 1.2172 0
36 111 67 1.3212 0
101 60 67 1.3212 0
44 93 67 1.1517 0
32 98 66 1.0687 0
70 34 65 0.5 0
63 97 65 0.5 0
49 27 67 0.9352 0
109 76 69 0.5 0
55 27 60 0.6001 0
111 52 69 0.5 0
51 18 69 0.5 0
42 97 69 0.5 0
43 35 59 0.8134 0
79 46 65 0.5 0
63 31 65 0.5 0
110 74 60 0.6489 0
110 53 60 0.6489 0
82 41 64 0.5 0
67 40 64 0.5 0
86 51 64 0.5 0
53 30 60 0.7166 0
47 35 69 0.5 0
41 46 65 0.5 0
41 63 65 0.5 0
41 57 65 0.5 0
36 45 63 0.959 0
39 98 61 0.5 0
40 44 63 0.9526 0
36 109 60 0.8129 0
61 34 63 0.5982 0
54 30 63 0.5982 0
87 49 63 0.5982 0
80 45 63 0.5982 0
68 38 63 0.5982 0
101 76 59 0.5 0
51 17 59 0.5 0
51 109 59 0.5 0
69 93 65 0.5 0
63 98 59 0.5 0
76 38 65 0.5 0
95 78 65 0.5 0
0
