128
62 62 64 2.0281 0
106 103 61 0.5 0
25 102 63 2.0281 0
102 26 63 2.0281 0
24 28 63 2.0281 0
66 103 64 2.0281 0
103 66 63 2.0281 0
61 25 63 2.0281 0
24 67 64 2.0281 0
82 44 64 2.0281 0
86 88 63 2.0281 0
44 86 64 2.0281 0
44 46 64 2.0281 0
65 82 63 2.0281 0
82 64 64 2.0281 0
82 24 64 2.0281 0
25 48 64 2.0281 0
43 27 64 2.0281 0
44 64 63 2.0281 0
103 44 63 2.0281 0
103 84 63 2.0281 0
62 42 64 2.0281 0
49 103 63 2.0281 0
24 86 63 2.0281 0
86 103 64 2.0281 0
92 75 64 2.0281 0
54 73 64 2.0281 0
92 35 64 2.0281 0
78 78 64 2.0281 0
72 52 64 2.0281 0
72 32 64 2.0281 0
94 53 63 2.0281 0
54 53 64 2.0281 0
37 101 63 2.0281 0
38 76 64 2.0281 0
33 36 63 1.7814 0
54 93 64 2.0281 0
76 98 63 2.0281 0
72 68 63 2.0281 0
52 38 64 2.0281 0
33 62 63 2.0281 0
66 92 64 2.0281 0
103 94 64 2.0281 0
54 83 64 2.0281 0
82 54 64 2.0281 0
82 34 64 2.0281 0
76 88 63 2.0281 0
72 42 64 2.0281 0
33 91 63 1.7814 0
99 103 64 2.0281 0
38 54 64 2.0281 0
103 56 63 2.0281 0
29 77 63 2.0281 0
25 39 63 2.0281 0
93 64 65 1.0203 0
25 59 63 2.0281 0
46 74 63 2.0281 0
54 63 64 2.0281 0
74 24 63 2.0281 0
94 88 64 2.0281 0
62 72 64 2.0281 0
62 52 64 2.0281 0
92 27 63 2.0281 0
34 23 64 1.1302 0
103 76 63 2.0281 0
103 36 63 2.0281 0
44 97 63 2.0281 0
55 29 64 2.0281 0
45 56 64 2.0281 0
43 37 62 1.0203 0
81 93 63 2.0281 0
61 98 64 2.0281 0
94 44 62 1.0203 0
35 46 62 1.0203 0
87 71 63 2.0281 0
38 66 64 2.0281 0
77 58 64 2.0281 0
77 48 64 2.0281 0
77 38 64 2.0281 0
67 58 64 2.0281 0
67 48 64 2.0281 0
67 38 64 2.0281 0
61 88 64 2.0281 0
91 99 64 2.0281 0
25 96 64 2.0281 0
72 62 64 2.0281 0
38 33 63 2.0281 0
38 86 64 2.0281 0
87 61 63 2.0281 0
87 51 63 2.0281 0
87 41 63 2.0281 0
87 31 63 2.0281 0
29 70 63 2.0281 0
49 43 63 2.0281 0
60 32 63 2.0281 0
91 93 63 2.0281 0
95 68 63 2.0281 0
30 56 63 2.0281 0
29 83 63 2.0281 0
49 69 63 2.0281 0
82 74 64 2.0281 0
30 46 63 2.0281 0
50 33 63 2.0281 0
51 23 64 1.1302 0
80 83 64 2.0281 0
49 88 64 2.0281 0
97 73 64 2.0281 0
32 103 63 2.0281 0
94 80 64 2.0281 0
94 40 64 2.0281 0
57 106 67 0.5 0
97 60 62 1.0203 0
38 96 64 2.0281 0
30 40 64 2.0281 0
77 73 63 2.0281 0
71 93 63 2.0281 0
70 83 64 2.0281 0
67 73 63 2.0281 0
63 77 63 2.0281 0
97 25 64 2.0281 0
57 39 63 2.0281 0
30 24 63 2.0281 0
38 44 64 2.0281 0
93 60 64 2.0281 0
24 34 63 2.0281 0
55 34 63 2.0281 0
87 76 64 2.0281 0
87 66 64 2.0281 0
0
