128
85 56 57 11.9379 0
17 59 76 5.9326 0
44 97 62 5.8321 0
44 34 57 5.9292 0
71 88 52 5.8262 0
18 81 48 3.3065 0
117 75 83 0.5 0
21 49 51 5.9555 0
24 86 76 5.8601 0
77 79 76 5.7511 0
91 71 73 9.3021 0
64 34 80 2.1951 0
107 42 79 3.0642 0
117 75 46 0.5 0
32 38 72 5.9621 0
58 96 76 5.8024 0
100 71 53 7.3359 0
98 46 72 7.5707 0
60 36 55 5.9375 0
109 42 47 2.2468 0
32 93 52 5.8663 0
77 50 74 6.6469 0
101 45 52 6.633 0
39 96 76 5.8659 0
60 36 70 5.9375 0
17 71 68 5.8827 0
58 96 61 5.8024 0
70 42 62 5.8812 0
80 74 51 5.8583 0
71 88 68 5.8262 0
17 60 58 5.8283 0
44 34 76 5.9292 0
32 38 54 5.9622 0
106 72 66 5.9844 0
21 49 64 5.9555 0
17 71 51 5.8827 0
32 93 65 5.8663 0
23 85 56 5.7814 0
78 76 64 5.6115 0
50 97 51 5.4329 0
72 45 50 5.3223 0
89 56 77 5.2706 0
24 46 77 5.2187 0
69 40 77 4.843 0
61 96 50 4.5727 0
80 62 78 4.2627 0
109 72 77 4.2634 0
19 76 78 4.2108 0
19 82 66 4.2428 0
89 76 57 4.0909 0
69 92 78 3.9614 0
86 44 69 3.9085 0
51 36 49 3.8189 0
87 43 78 3.652 0
78 66 70 3.7183 0
50 36 66 3.7145 0
106 44 62 3.5571 0
40 99 49 3.4044 0
49 100 73 3.3936 0
88 42 49 3.3954 0
111 73 49 3.281 0
91 77 48 3.2547 0
39 33 48 3.3065 0
14 69 78 3.3014 0
17 58 48 3.3065 0
111 73 57 3.281 0
94 43 61 3.2584 0
89 69 48 3.2547 0
39 32 66 3.1503 0
30 43 63 3.1665 0
57 32 79 3.203 0
16 78 59 3.12 0
68 94 60 3.029 0
37 39 63 2.9815 0
77 85 60 2.885 0
65 96 68 2.9332 0
23 41 58 2.7597 0
53 31 61 2.867 0
29 95 79 2.4583 0
67 36 48 2.7665 0
103 67 79 2.7743 0
24 40 48 2.6106 0
14 57 67 2.665 0
23 90 67 2.6103 0
29 36 63 2.6485 0
73 80 57 2.5853 0
24 40 67 2.6106 0
93 79 63 2.6195 0
20 62 67 2.6121 0
23 90 48 2.6103 0
51 94 70 2.6055 0
109 42 70 2.2486 0
48 94 79 2.4071 0
58 39 79 2.4027 0
79 83 48 2.4392 0
95 59 71 2.4806 0
79 83 54 2.4392 0
98 66 63 2.2621 0
95 63 47 2.2468 0
35 33 80 2.1951 0
27 84 67 2.2421 0
47 30 48 2.4201 0
64 42 48 2.4215 0
22 76 61 2.3574 0
28 86 47 2.2987 0
80 71 80 2.2469 0
42 38 67 2.3303 0
57 32 47 2.2986 0
46 30 67 2.2625 0
74 80 47 2.2986 0
30 44 47 2.2987 0
103 76 80 2.247 0
100 51 60 2.3069 0
41 93 54 2.3218 0
37 39 80 2.1951 0
78 66 47 2.2986 0
52 37 80 2.1951 0
27 38 80 2.1951 0
32 90 80 2.1951 0
64 89 62 2.1973 0
23 78 71 2.2587 0
96 52 47 2.2468 0
89 41 57 2.1664 0
70 85 80 2.1951 0
17 50 80 2.1951 0
20 67 80 2.1951 0
51 30 71 2.0755 0
76 69 58 2.0267 0
0
