128
71 57 71 6.4792 0
19 88 54 3.5759 0
96 101 53 3.3446 0
56 99 72 5.3603 0
28 47 54 3.2934 0
99 22 50 0.5 0
64 41 62 11.7989 0
72 81 55 5.7441 0
95 82 74 3.8134 0
95 28 74 3.8134 0
95 55 53 3.8134 0
14 66 67 3.0087 0
67 95 62 8.7957 0
95 55 74 3.8134 0
35 99 54 3.7565 0
95 82 53 3.8134 0
95 100 74 3.8135 0
95 37 53 3.8134 0
72 81 72 5.6622 0
71 58 56 6.3686 0
81 25 52 2.3367 0
21 52 67 2.9381 0
15 81 67 3.179 0
16 61 54 3.4257 0
26 94 68 2.1739 0
34 44 67 2.777 0
49 39 72 5.0276 0
54 99 55 4.9303 0
73 29 72 4.9096 0
44 47 53 2.367 0
74 69 73 4.7937 0
48 40 55 4.6891 0
72 70 59 4.3697 0
39 100 65 3.3066 0
82 43 75 1.973 0
82 102 51 1.7976 0
74 28 54 4.4243 0
75 100 73 4.2658 0
12 75 52 1.4524 0
86 66 51 1.7976 0
98 65 64 1.6335 0
97 43 68 1.9955 0
97 25 59 2.0152 0
95 92 53 3.8134 0
88 68 76 1.7977 0
49 100 64 3.9075 0
95 73 74 3.8134 0
95 73 53 3.8134 0
95 64 74 3.8134 0
95 64 53 3.8134 0
95 46 53 3.8134 0
95 37 74 3.8134 0
95 91 74 3.8134 0
76 47 74 3.8134 0
95 46 74 3.8134 0
95 28 53 3.8134 0
77 91 53 3.6352 0
76 91 74 3.8134 0
76 100 53 3.8134 0
25 94 54 3.7568 0
77 38 74 3.5944 0
77 49 53 3.6352 0
15 80 54 3.5605 0
36 44 54 3.2903 0
14 69 54 3.5025 0
44 100 54 3.3248 0
66 89 74 3.5329 0
20 54 54 3.402 0
66 101 74 3.3446 0
84 59 76 1.7977 0
23 93 62 3.3183 0
31 98 66 3.2961 0
18 87 63 3.17 0
27 47 66 2.9218 0
63 86 53 3.0822 0
98 86 63 1.6335 0
52 48 53 3.0479 0
78 73 53 3.0216 0
46 43 64 3.0449 0
78 41 53 3.0216 0
61 54 53 3.0752 0
16 60 63 2.8884 0
14 77 61 3.0703 0
98 75 64 1.6335 0
23 50 60 2.8362 0
85 81 76 1.7977 0
98 99 64 1.6335 0
80 34 52 2.7919 0
77 66 52 2.8055 0
98 57 64 1.6335 0
55 46 74 2.8002 0
40 43 60 2.7964 0
13 73 67 2.7117 0
57 91 53 2.8121 0
80 63 75 2.7443 0
62 51 74 2.7286 0
73 28 63 2.6739 0
67 73 52 2.5794 0
49 36 63 2.6322 0
80 54 75 2.7443 0
80 77 75 2.7443 0
31 45 61 2.733 0
84 23 77 0.8209 0
86 93 76 1.7977 0
86 57 51 1.7976 0
86 48 51 1.7976 0
86 75 51 1.7976 0
86 83 51 1.7976 0
69 67 52 2.6363 0
13 70 61 2.633 0
70 74 66 2.5643 0
99 33 64 0.6257 0
81 26 75 2.3587 0
29 98 59 2.5162 0
58 33 74 2.498 0
66 33 75 2.5509 0
81 85 75 2.3586 0
81 79 52 2.4062 0
63 101 52 2.4655 0
81 55 52 2.4062 0
85 105 79 0.5 0
98 48 63 1.6335 0
81 85 52 2.4062 0
81 61 52 2.4062 0
86 34 75 1.3223 0
81 32 75 2.3587 0
97 87 58 2.401 0
69 102 52 2.3367 0
0
