128
72 74 64 4.819 0
70 12 51 1.7848 0
23 55 53 4.7537 0
77 39 71 7.6971 0
57 119 51 0.5 0
54 98 71 7.1982 0
49 35 53 4.7502 0
32 82 56 4.792 0
77 99 54 5.0707 0
64 89 58 9.8259 0
64 34 58 9.8707 0
32 38 76 2.2461 0
23 68 73 4.7437 0
80 103 76 2.7203 0
75 60 53 4.8307 0
71 10 79 0.4493 0
94 27 48 0.5 0
83 34 55 6.2163 0
32 82 74 4.792 0
75 60 71 4.8307 0
47 34 75 3.537 0
66 22 71 6.2165 0
55 104 55 6.1072 0
75 97 69 6.234 0
67 82 73 5.7457 0
33 39 63 3.6539 0
23 55 71 4.7537 0
23 68 54 4.7438 0
57 35 73 5.1852 0
72 48 54 5.076 0
29 44 54 4.7385 0
67 19 53 4.9887 0
72 74 53 4.819 0
49 35 64 4.7502 0
49 88 53 4.8606 0
49 88 64 4.8606 0
29 44 71 4.7385 0
73 51 65 4.6713 0
41 87 71 4.8159 0
28 78 65 4.7726 0
39 37 71 4.7318 0
22 61 62 4.675 0
39 37 56 4.7318 0
58 118 80 0.5 0
74 70 74 4.6169 0
93 26 80 0.5 0
87 31 67 4.5384 0
56 110 67 4.5458 0
25 49 63 4.3935 0
73 51 75 4.0238 0
57 86 75 4.0238 0
39 87 61 3.9962 0
65 42 75 3.9019 0
66 94 75 3.9808 0
74 64 62 3.8914 0
69 15 63 3.6311 0
40 85 52 3.4364 0
80 43 60 3.3841 0
75 88 75 3.2645 0
22 70 63 3.214 0
49 97 60 3.167 0
55 111 76 2.9729 0
49 89 76 3.0159 0
28 75 52 3.0867 0
25 76 76 3.0159 0
67 45 67 2.9943 0
80 43 51 2.9729 0
84 30 75 2.9753 0
69 32 76 2.9729 0
58 26 76 2.9268 0
63 20 61 2.8621 0
80 103 62 2.7203 0
57 113 59 2.7078 0
57 113 51 2.7078 0
76 88 51 2.6153 0
76 88 64 2.6153 0
58 24 51 2.4471 0
58 24 65 2.4471 0
70 14 75 2.5079 0
77 57 61 2.5097 0
36 82 66 2.349 0
70 22 62 2.403 0
48 99 51 2.3251 0
90 28 59 2.0887 0
25 78 57 2.3266 0
77 93 60 2.1662 0
77 68 55 2.1772 0
23 48 75 2.1421 0
77 68 67 2.1772 0
90 28 75 2.0887 0
57 27 70 2.1114 0
87 36 75 1.975 0
22 61 77 2.008 0
90 28 53 2.0887 0
56 84 67 2.0878 0
59 105 77 1.965 0
81 105 70 1.7671 0
75 35 50 1.9651 0
51 105 64 2.0248 0
74 41 50 1.9651 0
34 43 77 2.008 0
77 88 58 1.966 0
55 94 50 1.9651 0
33 37 51 2.0233 0
59 102 63 2.0372 0
80 31 64 2.0161 0
27 52 77 2.008 0
66 79 50 1.9651 0
73 77 77 2.008 0
34 87 50 1.9221 0
87 45 80 0.5 0
34 87 67 1.9469 0
66 44 50 1.9651 0
63 31 77 1.965 0
67 47 61 1.811 0
27 81 50 1.9221 0
42 33 50 1.9221 0
36 41 50 1.9221 0
20 62 50 1.9221 0
70 97 50 1.9651 0
27 42 62 1.9533 0
28 73 59 1.9035 0
51 106 77 1.7915 0
74 102 77 1.7693 0
42 39 63 1.8233 0
72 30 68 1.877 0
70 12 56 1.7848 0
36 88 77 1.8459 0
0
