128
73 65 68 3.1334 0
15 57 62 6.4993 0
70 15 62 6.4993 0
42 111 59 3.5215 0
93 103 62 6.6115 0
112 44 58 3.4261 0
34 24 62 6.6115 0
112 70 62 6.4993 0
24 93 62 6.6185 0
60 89 58 3.0276 0
89 44 68 3.776 0
47 61 56 1.4103 0
65 116 68 3.1764 0
99 25 58 2.8381 0
66 45 58 2.0197 0
44 78 66 2.6231 0
90 67 58 3.0276 0
49 44 66 2.6231 0
58 101 68 4.3642 0
103 34 62 6.6185 0
50 13 68 3.6174 0
78 83 66 2.6231 0
108 91 68 3.5468 0
19 36 68 3.5468 0
57 112 62 6.4993 0
13 77 63 3.6182 0
38 60 68 3.0276 0
62 73 58 3.1347 0
91 19 68 3.5468 0
57 56 69 2.8512 0
68 30 59 4.0354 0
30 59 59 4.0354 0
74 115 58 3.3254 0
33 106 70 2.4182 0
116 55 69 2.7015 0
71 57 58 2.8512 0
101 69 68 4.3642 0
86 93 60 4.4887 0
93 41 60 4.4887 0
26 58 68 4.3642 0
69 26 68 4.3642 0
41 34 62 4.4887 0
34 86 62 4.4887 0
112 44 69 3.4261 0
81 115 71 1.4103 0
61 81 69 1.8551 0
31 105 58 3.118 0
112 83 59 3.5131 0
15 44 59 3.5131 0
83 15 59 3.5131 0
67 38 68 3.0276 0
81 50 60 2.3507 0
83 112 59 3.595 0
87 67 69 2.5107 0
59 97 59 4.0354 0
98 68 59 4.0354 0
54 51 57 1.638 0
56 70 66 2.8512 0
116 58 58 3.0347 0
50 13 59 3.6174 0
108 91 59 3.5468 0
91 19 59 3.5468 0
19 36 59 3.5468 0
83 89 68 3.776 0
77 114 66 3.6174 0
47 113 68 3.5319 0
80 14 68 3.5319 0
54 62 58 3.1334 0
74 77 57 1.638 0
79 52 70 1.9678 0
50 74 57 1.638 0
114 50 64 3.6182 0
40 17 69 3.4261 0
87 110 69 3.4261 0
17 87 69 3.4261 0
113 80 67 3.5319 0
14 47 67 3.5319 0
65 54 68 3.1347 0
36 108 64 3.5468 0
73 65 58 3.1334 0
89 95 69 3.4261 0
41 16 58 3.3264 0
96 39 69 3.4261 0
45 39 69 3.4261 0
39 82 69 3.4261 0
15 83 58 3.4261 0
58 11 62 3.0347 0
26 27 69 3.2963 0
101 100 69 3.2963 0
27 101 69 3.2963 0
100 26 69 3.2963 0
11 69 61 3.0347 0
46 40 58 3.2784 0
40 81 58 3.2784 0
54 62 66 3.1334 0
60 92 66 3.0276 0
11 65 68 3.1764 0
116 62 68 3.1764 0
62 11 68 3.1764 0
81 86 58 3.0634 0
86 46 58 3.0634 0
65 54 60 3.1347 0
62 73 68 3.1347 0
93 67 66 3.0276 0
67 38 58 3.0276 0
38 60 60 3.0276 0
70 72 58 2.8188 0
66 116 58 2.9322 0
72 75 70 1.4315 0
55 70 59 2.8188 0
57 56 62 2.8512 0
25 28 58 2.8381 0
102 99 58 2.8381 0
70 71 66 2.8512 0
71 57 66 2.8512 0
83 49 66 2.6231 0
11 72 69 2.7015 0
82 66 59 2.0197 0
36 31 70 2.4182 0
51 47 60 2.3507 0
97 22 64 2.5545 0
22 30 64 2.5458 0
105 97 64 2.5458 0
109 37 70 2.4182 0
34 88 70 2.4182 0
42 32 70 2.4182 0
13 81 69 2.434 0
28 88 70 2.4182 0
0
