128
76 62 67 6.5063 0
8 79 65 0.5 0
25 25 65 1.2411 0
48 119 60 0.5 0
71 8 63 0.518 0
94 113 61 0.5 0
110 29 67 0.5 0
120 78 65 0.5 0
50 87 63 2.2274 0
50 40 63 2.2274 0
50 63 66 5.684 0
16 50 65 2.4708 0
25 102 65 1.2411 0
112 54 67 1.6236 0
70 113 63 2.45 0
50 16 64 2.3918 0
89 21 66 2.2312 0
103 94 65 2.38 0
63 80 81 1.1961 0
58 75 67 6.508 0
58 52 67 6.508 0
43 107 75 0.5 0
98 64 62 1.7826 0
39 106 64 3.1532 0
43 28 71 2.283 0
21 86 69 1.1692 0
71 75 66 5.4484 0
85 106 74 0.5 0
15 67 75 0.5 0
72 49 81 1.5738 0
56 111 72 1.1016 0
14 70 63 2.45 0
113 70 63 2.4527 0
106 41 72 1.0666 0
83 109 64 2.4818 0
54 66 79 3.6564 0
21 38 64 2.329 0
109 83 63 2.4222 0
71 51 69 4.633 0
65 17 74 0.5 0
63 14 63 2.5291 0
98 28 63 2.4376 0
77 16 63 2.3918 0
39 21 65 3.149 0
93 103 64 2.4191 0
78 72 81 1.5738 0
50 111 63 2.3918 0
46 96 72 1.1834 0
70 56 79 3.5759 0
106 38 63 2.3327 0
73 66 78 3.6564 0
107 64 71 1.7826 0
61 73 78 3.6513 0
61 54 78 3.6513 0
93 66 75 0.5 0
14 93 60 0.5 0
24 94 63 2.3821 0
49 55 80 1.5738 0
31 98 75 0.5 0
76 113 75 0.5 0
113 76 75 0.5 0
17 76 72 1.0356 0
27 34 75 0.5 0
15 61 68 1.4358 0
82 15 75 0.5 0
102 30 75 0.5 0
69 73 77 2.9623 0
54 59 74 3.0797 0
99 101 75 0.5 0
18 83 64 2.4222 0
50 87 71 2.2274 0
91 64 69 1.7826 0
46 32 62 1.6873 0
112 86 75 0.5 0
32 26 73 0.723 0
19 43 75 0.5 0
58 121 68 0.5 0
49 36 72 1.0845 0
56 16 72 1.1016 0
57 113 63 2.4527 0
66 114 75 0.5 0
43 99 63 2.283 0
70 14 63 2.4527 0
113 63 63 2.4109 0
95 27 73 0.723 0
46 16 75 0.5 0
109 44 64 2.4222 0
7 57 60 0.1344 0
104 105 61 0.5 0
53 81 84 0.5 0
79 119 68 0.5 0
68 56 63 2.6052 0
111 50 63 2.4708 0
16 77 63 2.4708 0
83 18 63 2.478 0
73 15 73 0.9126 0
14 63 63 2.4039 0
110 76 69 1.1499 0
111 77 63 2.4708 0
106 86 72 1.0666 0
113 94 60 0.5 0
77 111 63 2.3918 0
18 44 65 2.4222 0
66 47 63 2.478 0
40 104 71 2.2237 0
109 48 72 1.0598 0
29 99 65 2.4376 0
28 29 65 2.4376 0
33 24 63 2.3821 0
64 113 63 2.5291 0
77 71 72 2.3668 0
73 82 83 0.5 0
14 57 65 2.4527 0
99 98 63 2.4376 0
50 71 72 2.3668 0
42 12 61 0.7132 0
21 89 65 2.3327 0
49 72 63 2.3287 0
106 89 63 2.329 0
93 24 63 2.4191 0
47 92 69 2.2468 0
42 117 67 0.5 0
113 57 63 2.45 0
57 14 63 2.45 0
71 111 72 1.1016 0
103 33 64 2.3821 0
24 33 63 2.38 0
33 103 63 2.38 0
0
