128
68 60 76 14.7779 0
86 117 62 0.5 0
33 108 63 0.5 0
17 31 61 0.035 0
32 80 68 6.8883 0
43 24 67 5.2586 0
51 83 73 11.9276 0
39 62 72 10.7399 0
75 85 73 10.0612 0
43 40 71 9.7395 0
90 69 70 8.3309 0
62 115 61 0.5 0
84 44 80 7.1859 0
88 53 68 6.4434 0
50 102 67 5.8804 0
36 94 68 6.1712 0
69 30 62 0.6456 0
18 47 63 1.0776 0
64 90 85 5.6808 0
81 105 64 2.7184 0
46 72 87 5.3893 0
83 74 83 4.9368 0
24 38 64 2.8568 0
87 97 71 4.0365 0
89 87 66 4.5322 0
75 74 101 0.5 0
77 71 92 4.1885 0
90 81 78 4.2754 0
68 63 96 4.3405 0
84 60 93 2.5423 0
52 53 66 4.1062 0
53 83 90 4.1637 0
83 54 88 4.0185 0
88 56 80 3.9517 0
26 55 65 3.8646 0
79 46 66 4.0604 0
60 39 64 2.1579 0
53 68 65 3.8646 0
48 62 85 3.9447 0
65 77 65 3.8646 0
35 76 79 3.7806 0
35 86 78 3.8148 0
64 92 65 3.6294 0
65 71 92 3.7405 0
26 70 65 3.5092 0
74 41 74 3.6129 0
73 116 62 0.968 0
40 104 65 3.3144 0
64 95 73 3.1396 0
74 44 86 3.2512 0
74 89 87 3.1344 0
60 64 93 3.2572 0
26 89 65 3.2133 0
97 59 67 3.1889 0
62 27 63 1.7702 0
68 54 94 3.1849 0
34 50 84 1.7139 0
76 61 93 3.0082 0
64 80 82 2.8936 0
88 43 65 2.9714 0
62 33 64 2.8568 0
29 27 62 0.7203 0
74 73 64 2.8568 0
29 72 76 2.8181 0
83 77 64 2.8568 0
85 85 83 2.8147 0
57 95 64 2.6847 0
61 57 93 2.7539 0
55 91 88 2.7056 0
57 47 64 2.6271 0
51 67 80 2.7178 0
44 97 74 2.6772 0
35 46 80 2.6902 0
43 12 65 1.0883 0
52 50 84 1.6817 0
51 46 80 2.6272 0
71 104 62 0.7183 0
56 109 64 2.544 0
85 100 64 2.5717 0
45 81 89 2.4484 0
19 52 64 2.4475 0
55 74 91 2.0121 0
83 66 92 2.5095 0
93 80 66 2.4894 0
71 45 66 2.4929 0
79 47 90 2.3306 0
50 56 81 2.4579 0
36 50 65 2.4214 0
56 98 73 2.4073 0
61 81 90 2.1051 0
76 53 91 2.2692 0
97 52 64 2.2971 0
54 28 62 0.841 0
40 74 63 1.8489 0
44 114 62 0.5 0
40 92 79 2.1464 0
69 75 86 2.2475 0
80 67 63 1.8489 0
30 81 78 2.229 0
59 87 92 2.1772 0
94 46 65 2.185 0
85 48 97 0.8323 0
101 59 77 0.5 0
80 87 86 2.1476 0
26 67 71 2.174 0
99 48 75 0.5 0
59 70 88 2.1215 0
52 65 91 1.8076 0
93 50 92 0.5 0
54 60 63 1.8489 0
21 44 64 2.0908 0
84 50 94 2.0951 0
36 29 68 2.0167 0
27 32 63 1.7521 0
33 102 64 2.0798 0
74 94 83 2.0727 0
74 40 81 2.1217 0
96 76 77 2.061 0
87 88 78 2.0227 0
23 82 64 2.0773 0
41 65 86 2.0148 0
23 76 64 1.9544 0
92 51 77 2.0283 0
28 97 64 1.9369 0
50 30 67 1.9988 0
103 67 78 0.5 0
68 95 79 1.9723 0
45 53 63 1.8489 0
0
