128
68 68 64 2.7915 0
33 18 64 1.1547 0
32 112 65 0.5 0
112 34 66 0.5 0
114 93 64 0.5 0
74 31 63 1.7836 0
35 55 64 2.1596 0
108 64 64 2.7915 0
53 94 64 2.1697 0
89 90 64 2.694 0
35 78 64 2.1596 0
50 32 64 1.7836 0
89 52 63 1.7836 0
94 31 63 1.7836 0
87 71 64 2.1871 0
53 52 64 2.1697 0
72 85 64 2.7915 0
35 98 64 2.1596 0
53 78 64 2.1697 0
35 36 64 2.1596 0
71 49 65 0.8882 0
108 79 64 2.7915 0
49 112 62 0.5 0
103 48 63 1.7836 0
56 16 62 0.5 0
103 90 64 2.7915 0
99 71 64 2.7915 0
84 41 64 1.8984 0
46 65 68 0.8999 0
46 42 64 1.8503 0
36 67 64 1.8711 0
46 104 64 1.8756 0
78 72 64 2.7915 0
65 37 63 1.6126 0
43 85 64 1.8516 0
95 41 64 1.8805 0
41 23 64 1.8731 0
104 33 63 1.7836 0
77 61 63 1.7836 0
95 60 63 1.7836 0
84 31 63 1.7836 0
73 41 64 1.8365 0
79 52 63 1.7836 0
104 57 64 2.7915 0
53 22 64 1.9197 0
54 64 63 0.8172 0
43 51 64 1.9578 0
83 85 64 2.7915 0
110 40 63 1.7836 0
58 107 65 0.5 0
43 95 64 1.9248 0
53 86 64 2.1697 0
35 28 64 2.1596 0
35 106 64 2.1596 0
35 86 64 2.1596 0
72 76 64 2.7915 0
43 76 64 1.9578 0
97 79 64 2.2668 0
94 85 64 2.7915 0
65 59 63 1.584 0
87 64 64 2.5504 0
78 90 64 2.7915 0
107 72 64 2.7915 0
53 102 64 2.1697 0
102 83 64 2.7915 0
108 51 64 2.7915 0
53 70 64 2.1697 0
55 41 65 1.2127 0
65 95 62 0.5 0
67 90 64 2.6487 0
78 79 64 2.7915 0
35 43 64 2.1596 0
47 57 64 1.8401 0
71 57 63 1.7836 0
90 36 63 1.7836 0
96 91 64 2.3263 0
42 33 71 0.5 0
35 92 64 2.1596 0
35 49 64 2.1596 0
80 36 63 1.7836 0
42 37 64 1.7836 0
64 46 62 0.8907 0
66 29 68 0.5 0
109 85 64 2.2493 0
109 91 64 2.2493 0
101 41 64 1.8333 0
53 60 64 2.1697 0
42 70 64 1.7936 0
53 45 64 2.1697 0
35 22 64 2.1596 0
67 81 65 1.9552 0
93 71 64 2.1871 0
53 36 64 2.1697 0
53 28 64 2.1697 0
35 72 64 2.1596 0
69 62 64 2.0962 0
47 89 64 1.8329 0
44 32 64 1.9248 0
65 30 63 1.1271 0
93 48 63 1.7836 0
83 48 63 1.7836 0
39 102 64 1.9361 0
86 58 63 1.7836 0
98 46 63 1.7836 0
97 65 63 1.7836 0
66 42 64 1.7908 0
47 72 71 0.5 0
102 76 65 1.9552 0
39 82 64 1.9361 0
37 62 64 1.8669 0
48 48 71 0.5 0
48 81 71 0.5 0
110 58 63 1.7836 0
98 56 64 1.8179 0
39 32 64 1.9248 0
47 47 64 1.8297 0
47 70 64 1.8396 0
47 99 64 1.8298 0
88 47 63 1.7836 0
84 53 63 1.7836 0
78 47 63 1.7836 0
69 32 63 1.7836 0
46 23 64 1.8742 0
47 37 64 1.8248 0
78 66 63 1.7836 0
41 42 64 1.8494 0
94 53 63 1.7836 0
105 38 63 1.7836 0
0
