128
63 70 64 0.5 0
75 59 8 0.5 0
68 60 121 0.5 0
52 64 33 0.5 0
55 64 93 0.5 0
75 59 44 0.5 0
54 70 10 0.5 0
72 72 26 0.5 0
74 62 81 0.5 0
72 63 102 0.5 0
55 58 51 0.4115 0
64 56 22 0.4375 0
56 59 76 0.4141 0
63 71 45 0.5 0
58 67 110 0.5 0
74 60 60 0.5 0
58 55 8 0.0122 0
69 72 8 0.5 0
58 71 23 0.4687 0
68 70 90 0.5 0
60 57 63 0.5 0
74 59 30 0.3791 0
62 70 78 0.5 0
52 61 19 0.5 0
64 58 87 0.5 0
71 71 54 0.5 0
73 68 70 0.5 0
73 69 38 0.5 0
53 67 58 0.5 0
62 58 42 0.5 0
60 59 102 0.5 0
75 62 19 0.5 0
69 68 113 0.5 0
58 65 121 0.5 0
62 71 34 0.5 0
67 57 52 0.4469 0
67 58 72 0.2199 0
53 67 45 0.5 0
62 69 99 0.5 0
65 59 111 0.5 0
54 67 69 0.1363 0
59 56 32 0.1583 0
55 66 83 0.5 0
66 57 13 0.5 0
65 72 17 0.5 0
61 71 54 0.5 0
70 59 94 0.5 0
71 70 79 0.5 0
75 67 12 0.5 0
53 61 10 0.5 0
70 57 37 0.5 0
74 63 52 0.4315 0
54 59 40 0.5 0
71 69 62 0.5 0
72 70 46 0.5 0
67 68 121 0.5 0
64 59 79 0.5 0
55 70 38 0.5 0
55 58 26 0.5 0
58 56 16 0.2263 0
68 57 64 0.5 0
52 66 25 0.5 0
74 60 71 0.5 0
66 56 30 0.5 0
67 68 105 0.4682 0
60 70 87 0.5 0
75 67 31 0.5 0
55 60 68 0.5 0
53 69 18 0.5 0
72 64 88 0.4158 0
56 65 103 0.5 0
62 72 10 0.5 0
71 67 96 0.5 0
55 60 58 0.5 0
74 71 18 0.5 0
55 68 76 0.5 0
58 58 83 0.5 0
59 60 115 0.4127 0
65 72 27 0.5 0
75 62 37 0.5 0
61 70 71 0.5 0
55 70 30 0.5 0
63 59 94 0.5 0
61 58 55 0.5 0
71 56 18 0.3343 0
71 62 110 0.5 0
67 59 100 0.5 0
55 69 51 0.5 0
56 70 63 0.5 0
70 72 33 0.5 0
63 69 116 0.5 0
61 59 71 0.5 0
67 69 73 0.5 0
58 59 90 0.5 0
67 70 40 0.5 0
75 64 25 0.5 0
68 57 45 0.2562 0
73 58 24 0.5 0
70 59 85 0.5 0
67 69 84 0.5 0
75 65 65 0.5 0
58 60 108 0.3547 0
68 58 58 0.5 0
54 58 34 0.4652 0
75 66 57 0.5 0
66 70 58 0.2311 0
58 72 17 0.5 0
73 65 76 0.5 0
61 68 105 0.5 0
57 57 45 0.5 0
66 70 51 0.4719 0
71 59 77 0.5 0
70 56 8 0.5 0
53 64 63 0.5 0
72 58 49 0.4503 0
63 58 48 0.5 0
53 63 53 0.4676 0
57 62 98 0.5 0
69 60 115 0.5 0
59 68 94 0.5 0
68 71 22 0.4375 0
74 59 14 0.3513 0
64 68 110 0.3729 0
75 65 47 0.5 0
54 62 47 0.5 0
61 56 27 0.3378 0
73 72 12 0.5 0
57 70 43 0.5 0
0
