128
61 77 60 2.1936 0
20 48 98 0.5 0
24 51 34 3.2706 0
108 67 30 0.5 0
68 51 34 3.2706 0
22 77 72 1.324 0
45 50 72 2.1936 0
40 76 34 3.2706 0
82 76 34 3.2706 0
23 50 63 2.1936 0
30 76 98 0.5 0
44 77 79 2.0658 0
46 50 43 2.1936 0
40 77 59 2.1936 0
64 50 55 2.1936 0
59 76 34 3.2706 0
25 77 48 2.1936 0
30 50 83 2.1936 0
24 68 34 3.0418 0
39 59 34 3.0418 0
25 77 86 2.1936 0
30 50 49 2.1936 0
50 77 47 2.1936 0
81 62 34 3.0418 0
59 62 34 3.0418 0
72 77 49 1.5234 0
101 79 36 0.747 0
96 67 32 1.5813 0
45 50 56 2.1936 0
52 51 34 3.2706 0
81 51 34 3.2706 0
25 77 60 2.1936 0
48 65 34 3.0418 0
35 77 72 2.1936 0
57 50 64 2.1936 0
36 50 65 2.1936 0
53 77 68 2.1936 0
36 77 87 2.1936 0
36 77 47 2.1936 0
60 50 43 2.1936 0
63 77 45 2.1936 0
68 65 34 3.0418 0
32 53 97 0.5 0
40 50 83 2.1936 0
73 50 48 1.4556 0
72 77 38 2.1936 0
22 50 75 1.324 0
37 50 40 2.1936 0
87 68 34 3.0418 0
24 76 34 3.2706 0
60 51 34 3.2706 0
51 76 34 3.2706 0
32 51 34 3.2706 0
32 76 34 3.2706 0
49 77 56 2.1936 0
53 50 52 2.1936 0
40 51 34 3.2706 0
39 68 34 3.0418 0
30 63 34 3.0418 0
67 76 34 3.2706 0
104 71 33 2.1613 0
30 50 71 2.1936 0
79 69 34 3.0418 0
20 80 97 0.5 0
30 50 59 2.1936 0
23 50 45 2.1936 0
65 58 34 3.0418 0
62 69 34 3.0418 0
54 69 34 3.0418 0
52 59 34 3.0418 0
24 59 34 3.0418 0
75 58 34 3.0418 0
45 50 64 2.1936 0
23 50 86 2.1936 0
96 75 32 1.5813 0
34 49 91 1.2549 0
36 77 79 2.1936 0
33 77 60 2.1936 0
46 56 33 2.5892 0
45 71 33 2.5892 0
75 76 33 2.5892 0
68 50 45 2.1936 0
76 50 43 2.1936 0
75 77 44 2.1936 0
30 77 44 2.1936 0
65 77 55 2.1936 0
29 77 81 2.1936 0
44 77 64 2.1936 0
49 77 73 2.1936 0
57 77 47 2.1936 0
36 50 57 2.1936 0
36 50 73 2.1936 0
25 77 54 2.1936 0
30 50 77 2.1936 0
30 50 65 2.1936 0
30 50 43 2.1936 0
23 50 69 2.1936 0
23 50 57 2.1936 0
23 50 51 2.1936 0
29 77 72 2.1936 0
36 50 49 2.1936 0
52 50 43 2.1936 0
23 50 80 2.1936 0
104 77 33 2.1613 0
27 49 95 0.7224 0
40 77 69 2.1936 0
25 77 41 2.1936 0
63 50 48 2.1936 0
56 50 57 2.1936 0
53 77 42 2.1936 0
35 50 80 2.1936 0
46 50 37 2.243 0
75 50 37 2.243 0
65 50 40 2.1936 0
40 77 83 2.1936 0
40 77 75 2.1936 0
68 50 51 2.1936 0
40 77 43 2.1936 0
40 77 51 2.1936 0
25 77 76 2.1936 0
67 77 49 2.1936 0
67 77 41 2.1936 0
25 77 68 2.1936 0
40 50 77 2.1936 0
40 50 69 2.1936 0
40 50 61 2.1936 0
40 50 53 2.1936 0
40 50 45 2.1936 0
0
