128
82 105 63 0.935 0
41 13 62 0.6368 0
112 37 74 0.5 0
11 81 62 0.5 0
57 61 98 0.2582 0
42 104 87 0.5 0
98 75 91 0.5 0
19 44 82 0.2664 0
74 24 87 0.1659 0
114 86 61 0.7532 0
71 92 98 0.5 0
88 16 62 1.261 0
28 74 90 0.4311 0
45 33 94 0.5743 0
53 115 61 0.4776 0
88 47 99 0.5 0
98 102 86 0.5 0
116 60 63 0.5 0
12 56 61 0.4584 0
21 95 79 0.4241 0
20 33 61 0.4241 0
49 83 97 0.5 0
65 109 81 0.0893 0
64 14 68 0.4239 0
97 23 84 0.5 0
30 23 80 0.4241 0
36 54 96 0.3005 0
78 68 98 0.2582 0
33 108 66 0.5 0
105 55 85 0.3731 0
65 40 99 0.5 0
50 18 82 0.5 0
109 87 80 0.4502 0
17 65 77 0.4689 0
90 90 97 0.599 0
33 90 94 0.5713 0
111 70 77 0.5 0
106 46 61 0.7532 0
21 95 61 0.5 0
81 105 85 0.3754 0
100 39 89 0.4039 0
56 97 92 0.5 0
41 69 99 0.5 0
30 39 93 0.5 0
86 32 93 0.5 0
64 76 97 0.2639 0
71 117 62 0.5 0
91 112 74 0.5 0
94 60 94 0.5734 0
18 80 80 0.4506 0
59 28 90 0.4331 0
46 112 74 0.5 0
72 54 97 0.2639 0
51 47 98 0.2582 0
82 17 77 0.4325 0
25 58 88 0.5 0
21 46 62 0.5151 0
45 105 62 0.928 0
21 32 75 0.4241 0
31 105 79 0.4241 0
111 51 74 0.4875 0
108 95 69 0.5 0
76 111 74 0.3116 0
116 73 64 0.5 0
80 81 98 0.2582 0
94 110 61 0.5 0
64 18 81 0.1205 0
107 33 62 0.4241 0
13 68 65 0.4664 0
16 52 73 0.5 0
100 88 89 0.4008 0
74 12 61 0.4833 0
60 113 71 0.5 0
52 15 70 0.5 0
22 83 62 0.5508 0
68 100 89 0.4054 0
38 16 74 0.4555 0
103 29 75 0.4241 0
15 88 71 0.5061 0
73 33 94 0.5748 0
84 117 61 0.5 0
44 94 94 0.5719 0
15 39 69 0.8346 0
40 24 87 0.1626 0
94 20 73 0.4241 0
54 106 84 0.2082 0
109 44 83 0.5 0
91 70 99 0.5 0
24 86 88 0.5 0
40 43 98 0.2582 0
60 87 98 0.2582 0
53 72 98 0.2582 0
36 79 98 0.5 0
104 66 88 0.5 0
83 57 99 0.5 0
116 41 63 0.5 0
80 96 92 0.2712 0
61 51 99 0.5 0
113 80 72 0.5 0
32 64 94 0.5 0
77 44 98 0.2582 0
25 32 85 0.5492 0
98 103 75 0.4241 0
29 97 86 0.5 0
46 59 97 0.2639 0
85 23 86 0.2926 0
105 82 63 0.928 0
67 65 97 0.2639 0
55 37 97 0.4621 0
41 115 64 0.5 0
96 49 92 0.2681 0
33 20 65 0.4241 0
106 79 86 0.5 0
15 76 71 0.4813 0
72 16 74 0.4551 0
45 23 62 0.5 0
104 96 80 0.3931 0
107 34 83 0.459 0
27 48 89 0.402 0
20 71 85 0.5 0
56 12 61 0.3211 0
112 61 73 0.5 0
90 99 91 0.5 0
90 80 97 0.4621 0
90 108 84 0.5 0
93 39 97 0.5 0
35 30 92 0.5 0
37 110 74 0.6854 0
0
