128
83 81 73 19.2009 0
22 36 55 4.9657 0
43 81 72 18.9315 0
62 43 48 9.6966 0
39 48 60 15.3959 0
87 48 60 15.34 0
65 55 83 11.9743 0
64 89 49 11.0371 0
93 70 47 9.4315 0
92 91 47 9.0091 0
33 69 47 8.8201 0
50 39 84 8.603 0
33 56 83 8.5548 0
94 55 83 8.5221 0
37 91 46 8.4236 0
62 92 90 8.2551 0
80 40 84 7.9026 0
50 76 45 7.4157 0
103 67 61 6.9937 0
67 37 64 6.8081 0
48 62 90 6.6799 0
79 79 44 6.4079 0
23 65 64 6.0226 0
65 35 80 6.0961 0
60 76 91 5.9955 0
47 62 44 5.797 0
80 61 43 5.4 0
35 41 82 5.3126 0
79 37 43 5.4 0
81 62 90 5.3124 0
104 36 67 5.1606 0
104 36 54 5.2853 0
48 36 43 5.0736 0
101 81 55 5.2448 0
60 49 65 5.1125 0
63 95 66 5.0941 0
22 36 66 4.9579 0
56 60 68 4.9255 0
24 77 56 4.8124 0
48 95 92 4.8615 0
98 55 43 4.7499 0
78 69 51 4.7542 0
70 70 92 4.6531 0
23 60 53 4.5648 0
94 41 81 4.614 0
50 51 42 4.3921 0
50 95 42 4.3921 0
98 43 43 4.4928 0
30 42 42 4.3921 0
31 55 42 4.3921 0
79 95 42 4.3921 0
75 48 42 4.3921 0
99 61 71 4.2531 0
79 96 92 4.2308 0
64 96 77 4.1536 0
50 96 54 4.0127 0
106 56 56 3.9701 0
105 54 68 3.9903 0
80 96 54 4.0127 0
72 60 67 3.9176 0
55 38 68 3.9181 0
68 39 90 3.8995 0
65 66 67 3.9176 0
28 82 42 3.7912 0
70 82 94 3.6689 0
27 87 55 3.6623 0
21 54 67 3.8132 0
49 66 54 3.5289 0
81 52 89 3.726 0
54 28 57 1.2991 0
29 69 87 3.6423 0
45 51 89 3.638 0
34 96 88 3.6037 0
98 67 87 3.5976 0
96 96 87 3.4106 0
31 96 58 3.4759 0
89 38 42 3.4963 0
92 26 75 0.5 0
106 47 53 3.3364 0
38 38 42 3.4954 0
70 33 41 3.3842 0
96 96 59 3.4107 0
36 28 74 1.0829 0
40 54 41 3.3842 0
89 55 41 3.3842 0
99 81 41 3.3842 0
61 34 90 3.1797 0
53 84 94 3.3103 0
59 66 94 3.2745 0
74 89 94 3.3039 0
56 34 57 3.3082 0
72 35 54 3.2271 0
107 47 62 2.9902 0
78 27 72 0.8709 0
21 46 68 3.1931 0
92 28 47 1.2532 0
51 72 94 3.1278 0
35 28 47 1.2367 0
56 97 60 3.0416 0
39 46 89 3.0801 0
27 59 72 2.9952 0
70 76 54 3.0709 0
71 97 61 3.0478 0
20 54 59 2.9762 0
20 69 55 2.9897 0
20 48 55 2.9627 0
38 66 89 3.0035 0
27 45 78 2.8055 0
28 45 87 2.9306 0
69 76 43 2.9562 0
28 90 87 2.9333 0
64 78 60 2.9731 0
20 44 61 2.9571 0
71 32 88 2.9148 0
50 49 76 2.871 0
90 44 89 2.9043 0
56 32 42 2.9007 0
100 66 79 2.7342 0
49 27 71 0.8709 0
79 72 94 2.8476 0
105 77 65 2.8512 0
84 47 40 2.3764 0
58 76 54 2.7269 0
98 44 88 2.7563 0
27 65 77 2.8055 0
103 62 51 2.6964 0
70 47 70 2.6276 0
105 73 52 2.7119 0
0
