128
80 85 47 12.7091 0
36 26 92 0.9148 0
42 47 47 12.7091 0
102 35 94 0.5 0
26 93 94 0.5 0
85 47 47 12.7091 0
47 85 47 12.7091 0
63 101 89 3.9384 0
109 79 94 0.5 0
29 64 86 6.1539 0
64 29 85 6.1538 0
94 73 74 8.1583 0
65 35 54 10.5642 0
93 67 56 9.587 0
34 67 56 9.587 0
93 48 87 5.8685 0
41 93 81 4.13 0
88 97 89 3.5915 0
64 95 60 8.6282 0
33 54 73 8.3394 0
54 33 73 8.3394 0
94 54 73 8.3394 0
73 33 73 8.3394 0
81 90 69 8.0796 0
33 73 74 8.1583 0
46 90 69 8.0796 0
66 95 78 7.8992 0
64 97 41 6.9553 0
52 94 86 6.8763 0
85 42 67 6.7814 0
42 42 67 6.7814 0
23 77 37 2.9306 0
50 23 37 2.9306 0
104 77 37 2.9306 0
29 39 89 2.996 0
88 29 89 2.9959 0
98 64 86 6.1539 0
79 17 35 0.5 0
39 67 40 5.9542 0
75 31 40 5.9361 0
95 74 40 5.9542 0
84 67 40 5.9542 0
97 61 40 5.9542 0
55 31 40 5.9542 0
79 93 85 5.8685 0
79 34 87 5.8686 0
48 34 87 5.8686 0
34 48 87 5.8685 0
60 44 40 5.6177 0
93 80 87 5.594 0
34 80 87 5.594 0
48 33 59 5.1774 0
93 85 61 5.1365 0
34 85 61 5.1365 0
31 76 42 5.1407 0
22 64 37 2.9306 0
30 59 39 4.9463 0
28 52 59 4.7523 0
99 52 58 4.7523 0
48 111 36 0.5 0
51 102 39 4.0166 0
90 27 61 2.1557 0
100 90 76 2.1557 0
27 90 76 2.1557 0
51 102 75 4.0166 0
51 102 63 4.0166 0
37 27 76 2.1557 0
94 41 78 4.2967 0
33 41 78 4.2967 0
86 33 78 4.2967 0
76 102 55 4.0166 0
101 91 36 1.2604 0
41 33 78 4.2967 0
86 33 59 4.2967 0
26 91 37 1.2604 0
51 102 53 4.0166 0
64 82 39 4.1547 0
113 64 68 0.5 0
92 86 77 4.1796 0
35 86 77 4.1796 0
104 35 64 0.5 0
77 106 37 2.1578 0
91 26 37 1.2603 0
64 82 55 4.1547 0
26 36 62 1.2601 0
79 111 93 0.5 0
52 27 50 4.1155 0
36 26 38 1.2603 0
63 18 66 1.5362 0
18 64 68 1.5363 0
31 87 39 4.0198 0
87 31 39 4.0198 0
96 87 39 4.0198 0
40 31 39 4.0198 0
25 51 43 4.0165 0
102 51 43 4.0165 0
111 50 93 0.5 0
64 16 35 0.9595 0
76 102 43 4.0166 0
76 25 59 4.0166 0
96 40 63 4.0199 0
31 40 63 4.0199 0
76 102 71 4.0166 0
25 64 68 3.9001 0
102 64 68 3.9001 0
64 25 67 3.9 0
65 27 38 3.9384 0
71 41 38 3.9384 0
88 97 79 3.5915 0
39 30 68 3.5916 0
56 47 58 3.9035 0
108 78 63 1.2342 0
19 78 63 1.2342 0
39 30 54 3.5916 0
88 30 69 3.5916 0
19 78 91 1.2342 0
88 97 60 3.5915 0
108 78 50 1.2342 0
30 88 52 3.5916 0
97 88 52 3.5916 0
24 64 45 3.7169 0
104 35 36 0.5 0
103 93 94 0.5 0
39 97 89 3.5915 0
19 49 91 1.2341 0
49 19 91 1.2341 0
36 101 36 1.2603 0
26 36 36 1.2601 0
0
