128
72 69 46 1.3937 0
24 31 39 0.5 0
103 98 89 0.5 0
25 77 42 0.5 0
62 32 40 0.709 0
93 90 57 1.8611 0
48 74 40 1.1656 0
78 48 40 1.1656 0
42 44 39 0.5 0
95 92 75 1.8611 0
86 82 39 0.6577 0
82 77 56 0.8087 0
77 33 40 1.1656 0
36 33 40 1.1656 0
35 70 40 0.9898 0
55 44 42 0.5 0
48 34 40 1.1656 0
25 44 40 0.5 0
89 86 47 1.8611 0
60 67 39 0.6577 0
70 58 41 0.8826 0
79 76 46 1.8611 0
87 84 63 1.7298 0
59 80 43 0.5 0
66 41 40 1.1656 0
96 93 66 1.6766 0
99 96 84 1.8611 0
67 64 41 2.1734 0
87 84 54 1.8611 0
55 71 40 1.1656 0
33 42 39 0.6577 0
21 70 39 0.5 0
79 58 39 0.5 0
77 41 40 1.1656 0
70 33 40 1.1656 0
57 36 40 1.1656 0
85 54 42 0.5 0
83 80 41 1.8611 0
40 73 40 1.1656 0
91 88 52 1.8611 0
77 74 41 1.8611 0
90 87 69 0.9845 0
52 40 40 1.1656 0
37 39 40 1.1656 0
28 37 39 0.6577 0
27 70 43 0.5 0
71 68 41 1.8611 0
52 81 42 0.5 0
98 95 78 1.8611 0
93 90 69 1.8611 0
44 40 40 1.1656 0
89 86 59 1.8611 0
93 90 62 1.8611 0
83 80 46 1.8611 0
33 77 41 0.5 0
87 84 43 1.8611 0
85 82 50 1.8611 0
85 82 58 1.8611 0
81 78 50 1.8611 0
77 74 50 1.8611 0
97 94 71 1.8611 0
62 74 42 0.5 0
75 72 45 1.8611 0
90 87 65 1.8611 0
83 80 54 1.8611 0
79 54 40 1.1656 0
58 41 40 1.1656 0
72 41 40 1.1656 0
73 52 41 0.8391 0
62 70 40 1.1656 0
57 75 40 1.1656 0
42 33 43 0.5 0
84 48 43 0.5 0
67 36 40 1.1656 0
53 31 43 0.5 0
29 32 41 0.5 0
74 49 40 1.1656 0
48 44 43 0.5 0
29 74 41 0.6454 0
52 74 40 1.1656 0
52 34 40 1.1656 0
40 33 40 1.1656 0
48 40 40 1.1656 0
62 41 40 1.1656 0
44 74 40 1.1656 0
44 34 40 1.1656 0
77 37 40 1.1656 0
74 62 39 0.5 0
21 76 39 0.5 0
56 82 39 0.5 0
80 77 40 1.1656 0
74 71 40 1.1656 0
72 36 40 1.1656 0
40 41 40 1.1656 0
40 37 40 1.1656 0
50 71 40 1.1656 0
69 39 40 1.1656 0
50 37 40 1.1656 0
65 33 40 1.1656 0
64 38 40 1.1656 0
46 71 40 1.1656 0
46 37 40 1.1656 0
60 38 40 1.1656 0
59 72 40 1.1656 0
59 33 40 1.1656 0
76 56 40 1.1656 0
76 52 40 1.1656 0
76 45 40 1.1656 0
71 61 40 1.1656 0
96 93 81 1.2025 0
83 50 39 0.6577 0
62 35 40 1.1656 0
73 58 40 1.1656 0
92 90 73 1.1485 0
64 67 40 1.1656 0
35 74 40 0.9895 0
24 39 40 0.5 0
52 79 40 0.7572 0
29 42 41 0.5 0
32 38 39 0.6577 0
80 76 54 1.0412 0
25 73 41 0.6454 0
57 79 40 0.7141 0
37 77 43 0.5 0
97 94 60 0.5 0
37 71 40 1.1656 0
100 93 89 0.5 0
31 71 43 0.5 0
0
