128
82 82 65 3.0931 0
37 37 28 3.2827 0
48 41 106 4.2609 0
45 96 28 3.2393 0
96 45 28 3.2393 0
26 68 66 3.0001 0
57 90 103 4.2187 0
91 63 106 4.1754 0
68 37 67 3.8135 0
90 90 28 3.2827 0
100 52 72 2.2109 0
48 86 58 4.2609 0
72 27 36 3.2106 0
60 65 26 1.3112 0
27 72 28 3.2842 0
41 48 58 4.2609 0
101 64 48 3.2328 0
70 100 45 2.7997 0
36 64 106 4.1754 0
79 41 103 4.2609 0
42 82 83 2.6592 0
79 86 106 4.2609 0
86 48 58 4.2609 0
38 50 82 2.7491 0
49 29 44 3.1562 0
64 94 78 1.1533 0
100 72 28 3.2842 0
27 55 43 3.2106 0
102 76 81 0.7771 0
29 78 49 3.1562 0
95 84 48 2.7611 0
85 45 83 2.6592 0
68 86 26 1.5705 0
74 47 26 1.5705 0
80 87 84 2.6685 0
70 90 58 4.2187 0
60 35 85 2.6822 0
90 70 58 4.2187 0
39 76 69 4.173 0
55 27 28 3.2842 0
79 65 26 1.5705 0
41 79 105 4.2609 0
92 64 81 2.5263 0
72 100 28 3.2842 0
45 55 26 1.5705 0
91 38 45 3.2271 0
43 95 44 3.1829 0
27 55 28 3.2842 0
57 37 59 4.2187 0
46 78 26 1.5705 0
101 69 70 2.8573 0
59 90 67 3.8135 0
27 50 69 1.8329 0
58 101 35 2.4783 0
39 51 97 2.6446 0
88 76 97 2.6446 0
32 84 37 3.1828 0
37 70 58 4.2187 0
54 90 87 2.4212 0
32 43 47 3.1828 0
82 31 28 3.2393 0
84 95 39 3.1828 0
49 41 78 2.4171 0
66 35 97 2.85 0
74 37 81 2.6501 0
35 70 91 2.1705 0
89 77 82 2.7491 0
98 49 44 3.1562 0
101 58 61 2.8573 0
100 59 34 2.4913 0
26 57 58 2.6996 0
26 65 78 3.2188 0
36 57 71 3.0299 0
56 46 26 1.5705 0
89 50 94 2.8174 0
82 43 67 4.0652 0
98 78 38 3.1562 0
57 37 102 4.2187 0
70 90 102 4.2187 0
99 86 67 0.5 0
37 57 62 4.2187 0
39 52 106 3.9908 0
88 75 106 3.9908 0
86 48 105 4.2609 0
73 91 74 2.5728 0
81 79 26 1.5705 0
48 41 58 4.2609 0
48 86 105 4.2609 0
79 41 58 4.2609 0
41 79 58 4.2609 0
86 79 58 4.2609 0
79 86 58 4.2609 0
90 57 58 4.2187 0
70 37 104 4.2187 0
79 30 46 2.267 0
28 81 79 1.1673 0
70 37 58 4.2187 0
57 90 58 4.2187 0
88 51 67 4.173 0
86 55 26 1.5705 0
63 25 47 1.2591 0
27 66 50 2.3016 0
60 77 26 1.5705 0
65 38 26 1.5705 0
45 84 67 4.0652 0
32 44 35 2.7717 0
90 37 28 3.2827 0
37 90 28 3.2827 0
38 36 43 3.2271 0
82 96 28 3.2393 0
45 31 28 3.2393 0
96 82 28 3.2393 0
27 72 38 3.2106 0
56 89 26 1.5705 0
91 70 68 3.416 0
45 67 26 1.5705 0
31 82 28 3.2393 0
26 61 36 3.1897 0
91 89 37 3.2271 0
64 26 40 3.2328 0
56 102 47 1.2591 0
67 92 85 2.6822 0
99 47 56 1.5153 0
66 25 27 2.0696 0
42 44 88 2.6427 0
101 71 57 2.5204 0
88 70 26 1.5705 0
55 100 28 3.2842 0
0
