128
63 63 64 51.1681 0
112 76 34 0.5 0
87 101 26 0.5 0
113 93 56 0.5 0
72 121 63 0.5 0
107 86 33 0.5 0
77 114 89 0.5 0
117 84 56 0.5 0
56 121 66 0.5 0
107 97 46 0.5 0
103 102 81 0.5 0
107 88 93 0.5 0
47 118 53 0.5 0
75 119 75 0.5 0
103 93 34 0.5 0
96 96 36 1.9375 0
82 117 75 0.5 0
92 94 30 1.9336 0
65 118 45 0.5 0
116 56 41 0.5 0
106 94 88 0.5 0
87 94 21 0.5 0
96 107 83 0.5 0
108 81 39 1.817 0
74 97 23 1.8904 0
120 60 53 0.5 0
56 111 32 0.5 0
82 109 34 0.5 0
59 119 79 0.5 0
99 99 92 0.5 0
117 79 50 0.5 0
110 97 63 0.5 0
110 29 63 0.5 0
69 114 37 0.5 0
110 79 94 0.5 0
110 93 80 0.5 0
104 93 45 1.8829 0
83 88 20 1.7917 0
51 100 107 0.5 0
83 114 83 0.5 0
54 114 90 0.5 0
86 97 28 1.6722 0
119 53 53 0.5 0
116 65 51 1.6659 0
100 56 108 0.5 0
72 54 11 1.7023 0
113 81 87 0.5 0
112 38 46 0.5 0
95 104 80 1.7306 0
105 102 72 0.5 0
75 111 34 0.5 0
89 85 22 1.8926 0
100 83 30 1.8878 0
104 84 99 0.5 0
91 108 76 1.7556 0
110 89 56 1.7734 0
62 71 10 1.6261 0
69 115 50 1.8207 0
108 90 78 1.7556 0
51 61 11 1.7228 0
106 96 60 1.7353 0
108 75 36 1.7308 0
77 60 120 0.5 0
79 85 13 0.5 0
54 115 52 1.8336 0
65 104 28 1.5944 0
71 117 62 1.5796 0
115 78 57 1.6069 0
106 32 87 0.5 0
116 40 65 0.5 0
106 43 97 0.5 0
112 57 94 0.5 0
75 34 20 1.8597 0
73 115 75 1.8336 0
84 102 33 1.8416 0
71 92 19 1.8071 0
115 73 41 0.5 0
66 82 13 1.6093 0
41 105 38 1.8241 0
113 78 50 1.8355 0
59 117 58 1.6151 0
102 100 70 1.8083 0
98 79 107 0.5 0
103 37 38 1.6865 0
68 117 69 1.6151 0
112 41 58 1.8175 0
108 87 46 1.7974 0
113 46 52 1.758 0
77 86 17 1.7531 0
86 105 89 1.8241 0
45 114 44 0.5 0
68 75 11 1.5333 0
97 88 30 1.72 0
87 37 23 1.738 0
114 70 47 1.7079 0
56 117 65 1.5796 0
106 49 34 1.6751 0
71 61 10 1.4937 0
106 73 101 0.5 0
73 106 27 0.5 0
32 104 47 1.7306 0
36 108 51 1.7556 0
65 118 81 0.5 0
55 78 119 0.5 0
38 66 16 1.6773 0
67 111 39 1.6437 0
104 90 41 1.6692 0
94 84 25 1.7429 0
45 109 42 1.7341 0
56 108 35 1.7753 0
75 111 86 1.6906 0
98 43 28 1.7414 0
103 85 35 1.7081 0
76 108 37 1.7173 0
92 107 41 0.5 0
79 68 9 0.5 0
105 73 97 1.5779 0
79 114 72 1.7228 0
72 104 30 1.7345 0
82 109 85 1.7341 0
111 73 41 1.6588 0
101 93 89 1.4905 0
93 64 113 0.5 0
101 99 77 1.7612 0
58 59 10 1.5359 0
108 92 71 1.728 0
46 56 13 1.616 0
77 68 12 1.6769 0
0
