128
36 68 70 6.3882 0
105 64 63 12.9661 0
72 23 63 12.9661 0
72 104 63 12.9661 0
29 41 63 12.9661 0
29 86 63 12.9661 0
47 103 66 10.9504 0
47 24 66 10.9504 0
100 30 57 5.1626 0
99 98 71 5.3487 0
13 64 64 4.2758 0
105 38 70 5.9257 0
104 91 57 5.4919 0
107 44 57 6.8758 0
107 84 68 6.4901 0
76 54 50 0.5 0
78 74 53 1.2418 0
49 87 57 6.0041 0
49 40 57 6.0041 0
92 102 61 6.112 0
92 25 65 6.112 0
16 73 71 5.911 0
16 54 71 5.911 0
59 90 71 5.389 0
47 85 71 5.6319 0
47 42 71 5.6319 0
59 37 69 5.389 0
44 60 52 1.8795 0
61 90 56 5.1259 0
61 37 56 5.1259 0
38 71 55 4.9031 0
110 81 55 4.8538 0
34 103 55 4.9031 0
34 24 55 4.9031 0
89 106 72 4.9031 0
38 56 72 4.9031 0
38 56 55 4.9031 0
15 76 55 4.794 0
15 51 55 4.794 0
57 14 55 4.5841 0
111 48 72 4.694 0
57 113 56 4.5841 0
31 102 72 4.177 0
31 25 72 4.177 0
88 19 55 4.0162 0
100 28 73 3.8952 0
85 56 52 1.8795 0
60 114 72 3.9795 0
60 13 72 3.9795 0
87 19 73 3.8952 0
73 89 73 3.8348 0
73 38 73 3.8348 0
57 100 54 3.8952 0
57 28 54 3.8952 0
75 43 52 1.2777 0
86 54 76 0.5 0
92 57 73 3.5789 0
73 82 52 1.8795 0
87 109 54 3.4707 0
88 74 78 0.5 0
32 59 65 3.5705 0
85 68 52 1.8795 0
101 50 73 3.4766 0
91 58 54 3.4455 0
91 70 72 3.3181 0
91 70 54 3.3181 0
100 100 54 3.3219 0
27 55 73 3.206 0
11 63 54 2.3757 0
73 88 54 3.0343 0
44 78 54 3.0142 0
44 49 54 3.0142 0
91 28 54 2.9306 0
114 75 73 2.9271 0
72 39 54 3.0343 0
43 77 67 2.9916 0
43 50 67 2.9916 0
16 44 74 2.8874 0
26 73 74 2.8874 0
16 83 74 2.8874 0
101 78 54 2.9726 0
46 15 54 2.9915 0
46 112 54 2.9915 0
39 62 62 2.9958 0
114 52 54 2.9271 0
85 28 73 2.9099 0
42 97 53 2.8874 0
60 29 74 2.8874 0
42 77 74 2.8874 0
60 99 74 2.8874 0
42 34 53 2.8874 0
13 64 74 2.8874 0
59 12 64 2.8487 0
86 101 53 2.8874 0
84 99 74 2.8874 0
41 92 74 2.8874 0
41 35 74 2.8874 0
101 78 74 2.8874 0
50 96 53 2.8874 0
68 88 67 2.827 0
68 39 67 2.8269 0
59 115 64 2.8487 0
30 103 63 2.7638 0
30 24 64 2.7638 0
82 112 74 2.6058 0
114 50 63 2.6639 0
96 23 53 2.5778 0
12 56 62 2.454 0
26 27 53 2.5224 0
45 79 61 2.6195 0
45 48 61 2.6195 0
115 56 74 2.454 0
41 55 63 2.5462 0
26 100 54 2.5223 0
95 22 74 2.3918 0
101 48 65 2.4708 0
99 51 54 2.2884 0
90 57 65 2.3931 0
12 72 62 2.3225 0
36 19 74 2.4472 0
36 108 74 2.4471 0
77 50 53 1.6618 0
24 29 74 2.1503 0
24 98 74 2.1503 0
64 116 53 2.3756 0
50 118 78 0.5 0
102 99 61 2.3363 0
105 95 65 2.3917 0
0
