128
71 54 57 19.1367 0
72 65 116 3.1854 0
52 113 38 0.5 0
102 50 49 11.0737 0
37 26 43 4.0351 0
72 68 86 10.8465 0
59 88 43 5.0265 0
99 79 43 5.0265 0
94 63 71 8.231 0
52 63 76 8.1091 0
45 48 47 7.5211 0
106 68 45 6.7543 0
72 68 105 6.3076 0
65 77 45 6.3603 0
56 60 94 5.0117 0
59 24 38 0.5 0
36 37 45 5.7469 0
101 67 57 5.107 0
47 56 65 4.8478 0
83 58 79 4.445 0
48 101 39 0.995 0
53 97 42 4.0186 0
87 42 43 4.2473 0
76 74 43 4.1702 0
56 67 43 4.0865 0
56 42 42 4.0186 0
94 51 65 3.9211 0
50 22 40 1.6017 0
63 70 73 3.757 0
82 68 73 3.7671 0
48 59 52 3.3953 0
94 60 58 3.3723 0
97 37 42 3.3387 0
71 73 71 3.3622 0
114 60 49 3.3033 0
50 65 63 3.1241 0
62 56 79 3.2814 0
53 58 42 3.1668 0
104 70 66 3.0608 0
65 62 98 3.234 0
89 57 42 3.1026 0
90 81 41 3.0107 0
55 76 42 3.0966 0
92 62 50 2.9542 0
88 52 73 3.0056 0
79 39 41 3.0107 0
82 68 42 3.0405 0
52 56 86 3.0122 0
52 66 88 2.926 0
88 50 41 3.0107 0
66 38 41 2.9458 0
112 59 42 2.8935 0
52 52 71 2.917 0
53 105 41 2.8346 0
48 49 59 2.6399 0
75 55 80 2.7662 0
44 23 41 2.7272 0
58 70 67 2.5312 0
36 42 53 2.4874 0
88 63 45 2.5022 0
97 65 41 2.4593 0
64 69 98 2.4184 0
60 60 85 2.3272 0
67 86 41 2.3954 0
96 66 47 2.3557 0
52 83 41 2.1148 0
79 65 99 2.3148 0
50 90 41 2.1601 0
79 71 98 2.3011 0
48 61 87 2.2287 0
69 54 80 2.2695 0
85 66 80 2.1071 0
90 42 51 2.1686 0
104 38 41 2.1322 0
92 46 59 2.1007 0
72 37 42 2.179 0
71 69 40 2.0029 0
78 72 69 2.1526 0
74 75 98 2.1163 0
102 60 63 1.9434 0
67 74 98 1.9644 0
46 55 57 2.0301 0
57 49 40 2.0029 0
81 72 48 2.0766 0
43 40 40 2.0029 0
73 33 50 2.0732 0
77 74 74 1.9414 0
73 80 40 2.0029 0
101 61 40 2.0029 0
56 81 46 2.0062 0
52 52 40 2.0029 0
98 71 40 2.0029 0
74 75 50 1.9842 0
85 63 40 2.0029 0
65 57 94 1.98 0
109 62 53 1.865 0
65 67 40 2.0029 0
71 32 60 2.0017 0
107 78 42 1.9852 0
115 55 53 1.9173 0
52 64 51 1.9557 0
66 33 52 1.9696 0
51 49 65 1.9364 0
45 64 67 1.7278 0
104 68 72 1.888 0
33 29 48 1.859 0
61 38 45 1.8476 0
93 39 47 1.7237 0
55 41 49 1.8725 0
91 65 55 1.8718 0
76 33 62 1.8155 0
90 60 81 1.847 0
45 55 73 1.8535 0
81 35 52 1.8475 0
55 69 62 1.6151 0
101 72 71 1.6468 0
57 53 76 1.6585 0
98 70 50 1.7346 0
67 34 65 1.7408 0
35 46 49 1.6672 0
51 45 55 1.6486 0
90 55 78 1.5246 0
59 111 38 0.5 0
94 52 72 1.6743 0
32 30 40 1.5524 0
105 64 64 1.4856 0
61 35 53 1.6997 0
100 55 66 1.5758 0
0
