128
74 67 64 0.6259 0
24 47 29 0.9307 0
55 54 120 0.5 0
47 105 28 0.5 0
77 23 29 0.8489 0
96 95 28 0.5 0
105 54 36 1.0597 0
51 72 37 1.4656 0
57 77 94 1.1107 0
45 25 36 1.0254 0
67 49 87 1.1157 0
73 52 37 1.4656 0
23 77 30 0.8461 0
71 92 37 0.8778 0
49 60 69 1.1157 0
75 65 110 1.169 0
90 74 37 0.8778 0
48 49 37 0.8778 0
77 70 88 1.1107 0
94 34 37 0.8778 0
50 57 98 1.1107 0
57 77 58 1.1107 0
64 49 57 0.7062 0
57 73 116 1.0744 0
38 90 37 0.8778 0
73 75 46 1.1182 0
62 75 76 1.169 0
64 34 37 0.8778 0
31 62 37 0.8778 0
106 71 29 0.579 0
65 52 106 1.169 0
65 107 28 0.6961 0
49 60 49 1.1157 0
73 52 70 1.1168 0
52 65 84 1.169 0
80 103 29 0.9312 0
54 93 37 0.8778 0
59 21 29 0.8935 0
36 39 37 0.8778 0
89 52 37 0.8778 0
77 57 54 1.1127 0
86 90 37 0.8778 0
57 50 76 1.1127 0
77 57 98 1.1127 0
79 37 36 0.9577 0
64 64 37 0.8778 0
102 82 36 1.0249 0
70 77 100 0.9069 0
77 57 82 1.1127 0
72 53 120 0.5 0
79 64 37 1.2543 0
52 62 110 1.169 0
101 43 29 0.8966 0
64 80 37 0.8799 0
36 76 36 0.9577 0
60 49 45 1.1172 0
20 63 28 0.6961 0
75 73 76 1.1168 0
67 78 87 1.1172 0
49 67 59 1.1172 0
70 77 60 1.1127 0
50 37 37 0.8778 0
95 63 37 0.8778 0
55 106 37 0.8929 0
54 52 62 1.1182 0
70 74 118 0.9241 0
57 77 46 1.1107 0
80 80 37 0.8778 0
32 50 37 0.8778 0
44 61 36 0.9577 0
37 30 29 0.8732 0
28 89 28 0.5218 0
52 73 68 1.1182 0
57 50 92 1.1127 0
54 70 102 1.0744 0
70 105 37 0.8778 0
53 58 37 1.4656 0
67 21 36 1.0975 0
42 102 39 0.5 0
87 28 29 0.7301 0
47 84 37 0.8778 0
78 67 51 1.1157 0
37 98 28 0.6961 0
27 84 37 0.8778 0
21 55 37 0.8929 0
65 75 110 1.169 0
52 54 84 1.1168 0
78 67 99 1.1157 0
75 62 72 1.169 0
54 75 82 1.1168 0
96 91 36 1.0599 0
50 70 47 1.1127 0
21 67 36 1.0968 0
71 71 37 1.0277 0
62 52 68 1.169 0
106 64 37 0.8778 0
70 50 50 1.1107 0
57 27 37 0.8778 0
70 42 37 0.8778 0
50 70 92 1.1127 0
70 50 98 1.1107 0
62 52 116 1.169 0
74 28 37 0.8778 0
64 52 37 1.4656 0
87 99 36 1.06 0
49 67 75 1.1172 0
30 37 30 0.8721 0
65 75 50 1.169 0
57 54 52 1.0744 0
91 43 37 0.8778 0
61 99 37 0.8778 0
77 99 37 0.8778 0
57 43 37 0.8778 0
78 60 45 1.1172 0
70 50 78 1.1107 0
102 72 37 0.8778 0
70 54 62 1.0744 0
85 31 37 0.8778 0
63 78 67 0.7062 0
81 45 37 0.8778 0
42 69 37 0.8778 0
27 43 37 0.8778 0
45 95 37 0.8778 0
57 54 108 1.0744 0
73 57 112 1.0744 0
99 46 37 0.8778 0
56 83 37 0.8778 0
106 60 28 0.6961 0
0
