128
99 51 64 0.5 0
9 82 64 0.5 0
74 121 65 0.5 0
35 14 65 0.5 0
112 95 64 0.5 0
81 9 65 0.5 0
35 113 63 0.5 0
10 43 63 0.5 0
122 67 65 0.5 0
105 24 64 0.5 0
60 26 64 0.5 0
85 96 63 0.5 0
34 87 63 0.5 0
26 63 65 0.5 0
58 101 63 0.3277 0
35 39 63 0.5 0
100 75 64 0.5 0
84 32 65 0.5 0
118 43 64 0.5 0
54 121 64 0.5 0
19 100 64 0.5 0
95 113 64 0.5 0
55 7 63 0.5 0
7 63 63 0.5 0
20 27 64 0.3051 0
43 99 64 0.7336 0
114 80 63 0.7336 0
42 26 63 0.6936 0
91 19 63 0.5 0
108 63 63 0.3211 0
68 13 63 0.5 0
71 101 65 0.5 0
105 39 63 0.3536 0
95 87 63 0.5 0
100 101 65 0.5 0
28 50 63 0.5 0
27 76 63 0.5 0
64 113 63 0.5 0
21 88 63 0.7336 0
82 111 63 0.2269 0
22 39 63 0.5 0
121 55 63 0.5 0
93 40 63 0.5 0
72 26 65 0.5 0
14 54 64 0.5 0
47 112 63 0.5 0
30 103 65 0.5 0
31 25 63 0.5 0
13 72 63 0.5 0
48 15 65 0.5 0
112 32 64 0.5 0
105 87 63 0.5 0
51 28 65 0.5 0
17 63 63 0.5 0
89 106 65 0.5 0
63 122 63 0.5 0
15 34 65 0.5 0
113 51 64 0.3055 0
14 93 65 0.5 0
114 71 64 0.3063 0
39 106 63 0.7336 0
82 119 63 0.5 0
63 6 64 0.5 0
116 88 63 0.5 0
99 19 63 0.5 0
41 34 64 0.5 0
116 61 64 0.5 0
85 15 64 0.7336 0
86 25 63 0.5877 0
102 58 63 0.5 0
72 114 63 0.5 0
28 43 64 0.7336 0
42 11 63 0.5 0
78 99 64 0.5 0
74 7 64 0.5 0
102 68 63 0.5 0
65 106 65 0.5 0
42 117 65 0.5 0
63 19 63 0.321 0
38 93 64 0.5 0
107 101 63 0.5 0
59 13 64 0.5 0
29 18 64 0.5 0
28 84 64 0.7336 0
99 43 64 0.7336 0
104 32 63 0.5 0
41 18 65 0.5 0
105 94 64 0.5409 0
55 114 65 0.5 0
101 108 64 0.5 0
75 14 65 0.5 0
121 74 64 0.5 0
111 42 65 0.5 0
24 95 64 0.5 0
16 82 65 0.5 0
78 29 63 0.5 0
88 116 65 0.5 0
29 110 65 0.5 0
8 51 65 0.5 0
17 43 65 0.5 0
90 92 65 0.5 0
51 99 64 0.0655 0
26 29 65 0.5 0
98 25 64 0.7009 0
95 107 63 0.7336 0
24 105 64 0.5 0
27 56 65 0.5 0
120 49 65 0.5 0
7 72 65 0.5 0
98 81 64 0.5 0
48 119 64 0.5 0
26 69 63 0.5 0
49 9 63 0.5 0
21 33 64 0.5167 0
89 35 63 0.5 0
12 66 65 0.5 0
10 58 63 0.7016 0
25 23 65 0.5 0
91 13 63 0.5 0
35 21 65 0.5 0
66 26 64 0.5 0
115 38 63 0.5 0
13 48 64 0.5 0
46 31 63 0.5 0
13 86 63 0.7336 0
53 13 63 0.5943 0
69 119 63 0.5 0
111 85 64 0.5013 0
0
