128
63 64 68 3.686 0
110 59 30 0.5 0
69 18 30 0.5 0
74 109 31 0.5 0
22 83 30 0.5 0
64 61 118 1.8559 0
27 37 37 0.6144 0
68 66 33 2.8661 0
99 89 37 0.7646 0
94 34 39 0.5 0
45 103 38 0.5 0
50 45 32 1.5526 0
63 64 92 3.6857 0
43 70 35 1.4463 0
20 59 31 0.9196 0
77 45 36 1.5525 0
63 92 36 1.0967 0
46 22 39 0.5 0
90 72 32 1.4948 0
109 74 38 0.5 0
66 63 50 1.1952 0
87 101 38 0.5 0
30 95 38 0.5 0
102 46 33 0.9491 0
81 25 37 0.9486 0
59 107 31 0.9196 0
42 34 36 1.546 0
63 64 80 3.6859 0
31 74 35 1.5431 0
85 34 32 1.5459 0
58 56 31 1.1225 0
59 21 36 0.695 0
63 79 33 1.0967 0
65 61 106 1.4739 0
54 67 32 1.2045 0
102 76 32 1.6454 0
25 47 30 0.5393 0
63 64 112 3.6852 0
63 64 55 3.6861 0
63 64 101 3.6855 0
38 98 30 0.6147 0
80 69 32 1.4675 0
92 95 31 0.6403 0
21 68 37 0.695 0
71 53 34 1.4957 0
20 50 39 0.5 0
106 55 39 0.5 0
68 106 37 0.695 0
59 66 42 0.7414 0
81 102 30 0.6147 0
30 89 30 0.5817 0
61 59 34 3.035 0
50 23 30 0.6147 0
97 37 30 0.5 0
26 84 39 0.5 0
106 64 37 0.7964 0
50 105 31 0.9977 0
59 66 33 2.8662 0
33 30 30 0.3313 0
71 23 38 0.5 0
78 104 39 0.5 0
54 109 39 0.5 0
41 25 30 0.5432 0
22 77 37 0.9978 0
63 100 36 1.0967 0
76 23 30 0.6147 0
90 27 37 0.6144 0
54 51 39 0.5 0
63 86 31 1.0967 0
46 39 32 1.3557 0
37 101 39 0.5 0
109 68 30 0.5 0
101 85 31 0.9844 0
59 58 45 0.4986 0
33 30 38 0.5 0
19 73 30 0.5 0
71 68 44 0.5 0
66 62 41 0.9263 0
24 76 31 0.9979 0
101 37 37 0.5 0
104 54 31 0.5 0
94 97 39 0.5 0
105 83 38 0.5 0
86 25 30 0.5431 0
37 72 35 1.4947 0
96 74 32 1.5432 0
29 40 30 0.5 0
21 59 39 0.5 0
93 30 30 0.5 0
25 46 37 0.9487 0
68 60 34 2.1669 0
32 35 34 0.6402 0
56 53 35 1.4956 0
82 38 37 0.8562 0
85 70 39 0.5 0
64 74 37 0.8562 0
64 70 35 1.9805 0
42 26 36 0.9852 0
66 85 39 0.5 0
74 49 32 1.5722 0
64 104 32 1.1729 0
81 41 30 0.6147 0
66 69 121 0.5 0
29 89 37 0.8448 0
64 61 61 1.8574 0
64 61 74 1.857 0
64 61 86 1.8567 0
42 100 34 0.9576 0
63 21 30 0.6147 0
35 95 36 0.6402 0
61 108 38 0.5 0
65 70 46 0.5 0
77 68 36 1.4917 0
82 38 32 1.5787 0
93 73 36 1.519 0
83 106 35 0.5 0
53 49 32 1.5721 0
50 69 37 0.5332 0
65 96 30 0.5888 0
27 85 33 0.9541 0
23 53 33 0.4871 0
83 70 36 1.4433 0
105 50 37 0.9979 0
50 105 37 0.9977 0
61 62 46 0.9262 0
25 76 35 1.6453 0
106 59 33 0.6951 0
77 105 33 0.9978 0
0
