128
63 63 65 6.6194 0
96 100 64 4.851 0
31 100 63 4.851 0
102 34 64 4.851 0
36 23 64 4.3643 0
60 64 112 4.2293 0
14 60 67 1.8274 0
109 68 63 4.851 0
64 109 63 4.851 0
71 12 60 1.8274 0
80 64 92 4.2378 0
86 77 63 4.851 0
65 37 63 4.851 0
87 53 63 4.851 0
23 78 63 4.851 0
49 64 85 5.1411 0
32 45 63 4.851 0
53 87 65 3.8432 0
55 20 64 4.851 0
84 22 63 4.851 0
48 63 65 6.6194 0
79 63 65 6.6193 0
76 64 107 4.337 0
74 93 66 2.8353 0
45 40 63 4.851 0
44 105 63 4.851 0
111 86 61 2.4549 0
81 112 66 2.6506 0
113 51 66 2.4582 0
85 94 63 4.851 0
59 64 78 5.1411 0
17 47 62 3.4555 0
79 64 81 5.1411 0
86 34 64 4.851 0
64 87 63 4.851 0
18 67 64 4.851 0
103 91 63 4.851 0
34 89 63 4.851 0
31 70 64 4.851 0
45 61 103 1.3277 0
94 42 64 4.851 0
78 85 63 4.851 0
32 33 63 4.851 0
21 56 63 4.851 0
53 77 63 4.851 0
99 63 63 4.851 0
97 75 63 4.851 0
93 86 63 4.851 0
23 89 64 4.851 0
64 98 64 4.851 0
64 76 64 4.851 0
45 29 64 4.851 0
86 105 64 4.851 0
32 56 63 4.851 0
65 48 63 4.851 0
44 94 63 4.851 0
65 24 63 4.851 0
44 83 63 4.851 0
23 39 63 4.851 0
56 31 63 4.851 0
55 44 64 4.851 0
81 44 63 4.851 0
76 30 63 4.851 0
76 101 63 4.851 0
106 44 64 4.851 0
98 52 64 4.851 0
94 26 63 4.851 0
45 51 63 4.851 0
108 57 63 4.851 0
107 79 63 4.851 0
51 64 107 4.3371 0
74 18 63 4.2627 0
71 65 74 4.1332 0
47 65 98 4.049 0
54 109 64 4.0788 0
76 75 65 3.8432 0
45 19 65 3.8432 0
90 68 65 3.8432 0
56 54 62 3.8432 0
75 52 65 3.8432 0
35 79 65 3.8432 0
43 73 62 3.8432 0
55 95 62 3.8432 0
64 7 70 0.5 0
74 110 64 3.4034 0
69 66 112 3.1253 0
50 61 76 3.1254 0
81 61 100 3.1253 0
65 15 61 2.8353 0
71 70 61 2.8353 0
38 65 61 2.8353 0
74 39 66 2.8353 0
24 48 66 2.8353 0
69 61 81 2.8129 0
16 84 66 2.8353 0
26 63 66 2.8353 0
121 61 58 0.5 0
52 101 66 2.8353 0
45 66 77 2.8105 0
90 61 61 2.8353 0
15 76 66 2.8353 0
72 43 61 2.8353 0
70 121 69 0.5 0
24 29 63 2.5547 0
36 107 61 2.6228 0
8 58 58 0.3117 0
119 62 70 0.5 0
120 77 60 0.5 0
61 14 66 2.4635 0
62 121 58 0.5 0
48 113 61 2.2053 0
118 74 70 0.5 0
67 60 114 2.1175 0
7 66 70 0.5 0
53 9 68 0.8475 0
13 53 61 1.9001 0
59 118 70 0.5 0
82 60 74 2.1175 0
45 60 93 2.1175 0
72 60 112 2.1175 0
80 14 61 2.1108 0
81 67 102 2.1175 0
52 67 73 2.1175 0
115 60 67 1.8274 0
71 67 81 2.1175 0
23 98 64 1.9607 0
94 34 67 1.8274 0
56 9 58 0.296 0
0
