128
81 78 76 6.3744 0
30 39 63 13.2134 0
97 39 63 13.2134 0
30 88 63 13.2134 0
63 22 64 13.1579 0
63 105 63 13.1579 0
97 88 63 13.2134 0
44 67 97 3.9062 0
72 46 97 3.5475 0
20 63 61 11.167 0
107 63 61 11.167 0
46 49 94 6.0947 0
66 82 99 2.4925 0
83 68 98 3.5003 0
43 66 74 4.744 0
84 105 70 7.4883 0
42 105 70 7.443 0
42 22 70 7.443 0
84 23 70 7.4883 0
54 81 86 3.6715 0
83 57 84 4.079 0
46 49 76 6.3744 0
46 78 76 6.3744 0
81 49 76 6.3744 0
46 78 93 6.0947 0
82 19 56 6.1216 0
81 49 92 6.0947 0
81 78 95 6.0947 0
88 105 56 6.0703 0
44 108 56 5.6641 0
44 19 56 5.6641 0
59 86 73 4.2283 0
16 76 72 5.2931 0
111 76 72 5.2931 0
111 50 72 5.1355 0
16 50 72 5.1355 0
61 45 87 2.6636 0
69 43 73 4.2283 0
46 96 55 4.6802 0
84 66 74 4.744 0
96 70 72 4.8007 0
31 70 72 4.8007 0
46 31 56 4.6802 0
81 31 55 4.6802 0
95 56 72 4.5446 0
32 56 72 4.5446 0
81 92 73 4.4647 0
51 34 73 4.4647 0
83 69 86 4.079 0
77 34 73 4.4647 0
16 48 54 4.4647 0
16 79 54 4.4647 0
111 79 54 4.4647 0
111 48 54 4.4647 0
52 93 73 4.4647 0
93 23 54 4.4647 0
81 96 54 4.4647 0
68 82 88 2.6636 0
68 90 73 4.2283 0
60 38 73 4.2283 0
44 58 87 4.079 0
44 70 85 4.079 0
83 59 97 4.0639 0
33 104 54 3.9487 0
33 23 54 3.9487 0
78 112 55 3.9823 0
73 46 84 3.6715 0
54 46 84 3.6715 0
75 81 86 3.6715 0
75 113 74 3.4568 0
95 73 53 3.4568 0
32 54 53 3.4568 0
96 54 53 3.4568 0
31 73 53 3.4568 0
47 95 65 3.4443 0
55 81 98 3.5003 0
80 95 63 3.4443 0
96 102 74 3.4568 0
96 25 74 3.4568 0
31 102 74 3.4568 0
31 25 74 3.4568 0
51 112 74 3.4568 0
44 89 74 3.4568 0
76 15 74 3.4568 0
56 46 98 3.0899 0
79 32 64 3.3807 0
51 14 74 3.3022 0
55 45 72 3.2204 0
72 82 72 3.2204 0
43 59 98 3.0711 0
115 65 74 3.0456 0
71 81 94 3.0899 0
12 62 74 3.0456 0
113 78 63 2.9869 0
14 78 63 2.9869 0
14 49 63 2.9869 0
113 49 63 2.9869 0
110 85 74 2.9529 0
17 85 74 2.9529 0
93 21 63 2.8844 0
79 113 63 2.8292 0
61 82 82 2.6636 0
73 13 53 2.7797 0
34 21 62 2.8844 0
34 106 62 2.8844 0
46 33 65 2.845 0
79 14 65 2.8292 0
48 113 64 2.8292 0
48 14 64 2.8292 0
53 13 53 2.6221 0
67 82 77 2.7984 0
60 45 77 2.7984 0
62 45 94 2.5954 0
66 45 81 2.6636 0
55 32 52 2.449 0
83 82 86 2.6636 0
52 114 53 2.4644 0
61 82 94 2.6636 0
95 105 65 2.5233 0
68 45 91 2.6636 0
56 45 91 2.6636 0
44 45 85 2.6636 0
51 25 52 2.449 0
102 52 75 2.449 0
110 41 74 2.4953 0
17 41 74 2.4953 0
40 58 75 2.4993 0
87 58 75 2.4993 0
0
