128
65 67 63 1.3995 0
10 59 67 1.8846 0
121 69 72 0.5 0
93 58 59 2.5334 0
35 75 58 1.1626 0
43 57 68 1.8329 0
108 76 58 1.2479 0
84 76 69 1.2479 0
115 56 57 0.9761 0
18 76 69 1.5479 0
78 58 67 2.746 0
24 61 59 1.9084 0
107 56 72 0.5 0
97 71 67 1.7581 0
45 77 72 0.5 0
9 72 57 0.6096 0
74 78 56 0.5 0
55 61 60 1.8691 0
82 68 59 1.6349 0
118 66 61 1.587 0
30 68 67 1.7646 0
65 56 69 1.4294 0
35 56 58 1.544 0
73 74 69 1.6174 0
102 66 58 1.5628 0
112 76 70 0.6096 0
103 56 64 1.8247 0
18 76 58 1.5479 0
48 73 56 0.5 0
24 56 72 0.5 0
44 74 64 1.6821 0
90 62 69 1.5516 0
66 56 58 1.0584 0
115 58 67 1.437 0
32 58 67 1.7611 0
45 60 59 1.8578 0
21 65 68 1.8699 0
14 56 58 1.3792 0
11 69 64 1.9013 0
98 75 59 1.8832 0
63 77 56 0.5 0
65 75 67 2.0663 0
54 64 72 0.5 0
85 75 59 2.2558 0
115 74 63 1.6167 0
82 68 69 1.6174 0
26 73 58 1.5587 0
74 68 61 1.7416 0
102 63 69 1.5628 0
34 75 69 1.6174 0
78 58 60 2.746 0
18 66 59 1.8998 0
65 73 59 2.0663 0
59 68 69 1.1985 0
93 58 66 2.5334 0
105 76 69 1.2479 0
17 55 69 1.2272 0
89 66 63 1.5478 0
30 68 60 1.7646 0
108 56 58 1.2577 0
31 73 65 2.372 0
58 60 69 0.9804 0
51 61 67 1.0701 0
31 73 59 2.372 0
59 68 59 1.1985 0
96 67 59 1.7686 0
23 58 68 1.751 0
30 62 59 1.9227 0
69 61 63 1.0941 0
86 75 65 2.2558 0
15 67 68 1.8585 0
117 61 59 1.9337 0
118 66 67 1.587 0
75 64 67 1.7857 0
10 59 59 1.8846 0
73 73 59 1.86 0
102 69 63 1.5628 0
9 73 72 0.5 0
81 64 63 1.5745 0
102 69 69 1.5628 0
116 72 68 1.6196 0
41 56 58 1.6044 0
63 61 63 1.0941 0
109 56 66 1.297 0
22 74 67 1.8576 0
65 60 59 1.9319 0
39 76 63 1.6068 0
13 56 63 1.6416 0
117 61 64 1.9337 0
30 62 64 1.9227 0
24 61 64 1.9084 0
65 60 67 1.9319 0
11 69 59 1.9013 0
18 66 64 1.8998 0
98 75 64 1.8832 0
14 76 62 1.3825 0
55 61 65 1.8691 0
73 73 64 1.86 0
45 60 64 1.8578 0
103 56 59 1.8247 0
96 67 64 1.7686 0
117 70 59 1.8775 0
22 74 60 1.8576 0
74 69 67 1.7398 0
117 70 64 1.8775 0
88 69 67 1.5689 0
88 69 59 1.5689 0
44 74 59 1.6821 0
41 56 63 1.6044 0
32 58 61 1.7611 0
10 72 68 1.65 0
102 61 58 1.5628 0
75 64 59 1.7857 0
103 56 69 1.6174 0
113 75 59 1.6584 0
61 71 63 1.1574 0
108 76 63 1.2479 0
95 63 67 1.6494 0
117 62 69 1.6174 0
65 67 70 0.6096 0
39 76 58 1.6068 0
42 75 68 1.6239 0
26 73 63 1.5587 0
11 74 59 1.6355 0
98 77 72 0.5 0
95 63 61 1.6494 0
98 75 69 1.6174 0
96 67 69 1.6174 0
0
