128
63 63 83 7.7886 0
119 75 52 0.5 0
12 74 54 2.2375 0
102 53 73 2.2469 0
37 53 55 1.7206 0
86 76 52 0.7311 0
17 53 73 2.2469 0
77 53 54 1.7206 0
55 75 53 1.239 0
34 74 69 1.7206 0
64 64 117 0.5 0
90 74 73 2.2469 0
115 53 54 2.2375 0
114 74 72 2.2469 0
12 53 54 2.2375 0
16 74 73 2.2469 0
43 53 73 2.2469 0
63 61 105 3.7571 0
55 53 54 1.7206 0
95 53 54 1.7206 0
74 74 63 1.7206 0
85 53 73 2.2469 0
101 74 59 1.7206 0
30 74 54 1.7206 0
49 74 73 2.2469 0
68 53 65 1.7206 0
30 53 67 1.7206 0
115 61 73 2.2375 0
102 74 73 2.2469 0
115 69 60 1.7301 0
55 53 68 1.7206 0
42 74 57 1.7206 0
64 61 96 4.2665 0
78 74 73 2.2469 0
63 74 67 1.7206 0
12 63 73 2.2375 0
26 62 73 1.6235 0
39 64 73 1.6235 0
68 74 54 1.7206 0
107 53 62 1.7206 0
26 53 57 1.7206 0
85 53 61 1.7206 0
12 62 62 1.7301 0
73 53 73 2.2469 0
84 64 73 1.6235 0
20 74 63 1.7206 0
84 74 61 1.7206 0
49 62 73 1.6235 0
98 64 73 1.6235 0
93 53 67 1.7206 0
42 53 63 1.7206 0
109 74 54 1.7206 0
66 54 53 0.7128 0
93 74 63 1.7206 0
61 53 73 2.2469 0
53 74 61 1.7206 0
115 59 64 1.7301 0
114 53 72 2.2469 0
108 74 64 1.7206 0
17 52 63 1.239 0
24 74 73 2.2469 0
12 70 63 1.7301 0
76 74 55 1.7206 0
47 53 55 1.7206 0
22 74 55 1.7206 0
61 74 58 1.7206 0
94 74 55 1.7206 0
28 74 63 1.7206 0
42 74 65 1.7206 0
103 53 54 1.7206 0
76 64 73 1.6235 0
66 74 73 2.2469 0
11 62 53 1.2296 0
12 53 68 2.2375 0
24 53 73 2.2469 0
115 53 61 2.2375 0
115 61 54 1.7301 0
115 67 68 1.7301 0
107 61 73 1.6235 0
75 53 63 1.7206 0
115 74 55 2.2375 0
55 69 73 1.6235 0
30 69 73 1.6235 0
91 58 73 1.6235 0
85 53 54 1.7206 0
12 53 61 2.2375 0
60 52 60 1.239 0
107 68 73 1.6235 0
68 68 74 2.4616 0
12 74 67 2.2375 0
30 53 73 2.2469 0
84 74 73 2.2469 0
79 53 73 2.2469 0
72 74 73 2.2469 0
49 53 73 2.2469 0
67 53 73 2.2469 0
43 74 73 2.2469 0
37 53 73 2.2469 0
108 74 73 2.2469 0
108 53 73 2.2469 0
96 74 73 2.2469 0
96 53 73 2.2469 0
69 60 74 2.4051 0
12 57 73 2.2375 0
60 69 74 2.3301 0
49 53 61 1.7206 0
36 74 59 1.7206 0
95 53 61 1.7206 0
12 70 73 2.2375 0
30 74 73 2.2469 0
55 74 73 2.2469 0
115 74 61 2.2375 0
36 53 61 1.7206 0
55 53 73 2.2469 0
37 74 73 2.2469 0
12 74 60 2.2375 0
115 67 73 2.2375 0
101 53 61 1.7206 0
64 72 102 0.5 0
75 66 92 0.5 0
46 67 73 1.6235 0
81 53 65 1.7206 0
80 74 65 1.7206 0
57 61 74 2.0641 0
55 53 60 1.7206 0
101 74 67 1.7206 0
63 68 94 2.0267 0
42 59 73 1.6235 0
0
