128
80 87 68 2.8568 0
20 29 59 0.5676 0
107 28 59 0.5 0
21 87 60 0.5 0
50 119 59 0.5 0
39 57 71 0.5 0
107 63 59 0.5676 0
49 92 69 1.7753 0
74 114 66 3.0052 0
89 46 71 0.5 0
19 63 59 0.5 0
105 87 59 0.3871 0
39 33 72 0.5 0
34 76 70 0.7256 0
91 67 72 0.5 0
53 107 64 3.0052 0
29 46 59 0.5676 0
89 32 59 0.5676 0
62 80 59 0.3491 0
102 45 59 0.5676 0
94 77 60 1.0755 0
90 57 59 0.5676 0
33 66 60 1.0755 0
75 101 62 2.4488 0
36 88 59 0.5676 0
33 30 60 1.0755 0
63 90 69 1.3474 0
94 32 72 0.5 0
48 80 59 0.3491 0
34 45 72 0.5 0
93 91 59 0.5 0
52 96 63 3.1955 0
41 85 69 1.6914 0
22 75 59 0.5676 0
90 44 59 0.5676 0
38 54 59 0.5676 0
107 75 61 0.5 0
54 80 72 0.5 0
55 119 72 0.5 0
93 56 70 0.8599 0
34 79 60 1.0755 0
39 41 60 0.5 0
94 65 60 1.0755 0
91 80 70 0.6322 0
19 40 60 0.5 0
75 96 67 3.1388 0
20 52 59 0.5676 0
69 80 72 0.5 0
47 88 61 2.0834 0
99 35 59 0.5676 0
72 81 59 0.5676 0
53 114 62 3.0052 0
100 55 59 0.5676 0
74 108 62 3.0052 0
33 65 72 0.5 0
74 104 68 2.8687 0
89 83 63 1.3426 0
46 87 67 2.8987 0
93 39 66 0.8486 0
53 101 68 2.8687 0
67 90 59 0.5676 0
56 86 69 1.3474 0
28 57 59 0.5676 0
94 50 60 1.0755 0
34 38 67 0.8486 0
108 37 61 0.5 0
34 51 66 0.8486 0
33 38 60 1.0755 0
108 52 61 0.5 0
81 87 61 2.0834 0
93 29 65 0.8486 0
58 87 59 0.5676 0
34 59 65 0.8486 0
93 71 66 0.8486 0
33 29 69 0.6541 0
41 85 61 1.6914 0
72 86 69 1.3474 0
52 112 68 2.2568 0
102 69 59 0.5676 0
94 40 60 1.0755 0
25 35 59 0.5676 0
33 52 60 1.0755 0
98 85 59 0.5676 0
28 89 59 0.5676 0
25 68 59 0.5676 0
26 81 59 0.5676 0
73 95 61 1.9974 0
55 80 60 0.5 0
34 69 67 0.8486 0
34 45 63 0.8486 0
93 62 67 0.8486 0
33 73 61 0.973 0
62 81 72 0.5 0
109 45 60 0.5 0
95 48 68 0.5 0
94 30 60 1.0755 0
89 71 59 0.5676 0
54 95 69 1.8608 0
103 80 59 0.5676 0
86 85 66 1.6297 0
22 46 61 0.5 0
89 28 71 0.5 0
95 43 72 0.5 0
89 37 71 0.5 0
37 51 72 0.5 0
89 73 71 0.5 0
93 56 64 0.8486 0
109 69 60 0.5 0
100 91 60 0.5 0
101 62 61 0.5 0
39 62 59 0.5 0
101 29 59 0.5676 0
33 56 72 0.5 0
73 87 59 0.5676 0
39 84 65 1.6295 0
25 62 61 0.5 0
19 80 61 0.5 0
93 76 66 0.7177 0
95 73 72 0.5 0
39 65 71 0.5 0
38 39 72 0.5 0
93 45 64 0.8486 0
33 61 60 1.0755 0
94 72 60 1.0755 0
94 60 60 1.0755 0
94 35 60 1.0755 0
26 29 59 0.5676 0
25 41 59 0.5676 0
0
