128
60 75 63 6.9622 0
101 32 63 6.9622 0
101 93 63 6.9622 0
59 27 63 6.9622 0
52 120 57 0.5 0
73 97 65 5.567 0
59 49 63 6.9622 0
93 62 58 1.9229 0
101 77 63 6.9622 0
72 35 63 6.9622 0
86 92 63 6.9622 0
61 91 63 6.9622 0
105 54 67 2.9975 0
86 31 63 6.5749 0
60 115 68 2.4413 0
68 8 71 0.5 0
58 103 66 4.6925 0
53 8 72 0.5 0
55 12 59 2.4413 0
74 62 70 0.5 0
92 49 69 1.063 0
95 56 61 4.0343 0
56 38 67 3.9386 0
68 56 67 3.9386 0
64 112 58 1.9229 0
69 83 67 3.5926 0
72 88 60 3.6219 0
93 40 67 3.4304 0
54 112 58 1.9229 0
106 48 58 1.9229 0
65 11 62 1.6512 0
56 12 68 2.4413 0
108 62 56 0.5 0
70 64 57 0.915 0
94 85 67 3.2045 0
94 41 59 2.9307 0
105 42 67 2.9975 0
97 64 69 1.5011 0
64 102 59 2.9307 0
69 69 59 2.9307 0
94 85 59 2.9307 0
94 69 59 2.9307 0
69 58 59 2.9307 0
53 63 69 0.9494 0
69 48 68 2.9307 0
105 54 60 2.9975 0
105 42 60 2.9975 0
93 99 68 2.9307 0
69 71 68 2.9307 0
55 58 68 2.9307 0
81 39 68 2.9307 0
77 88 68 2.9307 0
56 38 59 2.9307 0
69 81 59 2.9307 0
69 51 59 2.9307 0
95 69 68 2.9307 0
55 60 59 2.0864 0
61 59 59 2.7276 0
64 12 68 2.4413 0
80 100 59 2.5434 0
108 65 71 0.4071 0
59 115 59 2.4413 0
94 100 59 2.5434 0
78 27 68 2.5434 0
96 59 68 2.5535 0
84 40 59 2.473 0
61 12 59 2.4413 0
56 107 59 2.3463 0
64 110 69 1.9229 0
61 18 69 1.9229 0
64 39 69 1.9229 0
82 100 69 1.9229 0
63 38 58 1.9229 0
54 18 58 1.9229 0
61 60 68 2.0864 0
56 67 68 2.0864 0
55 67 59 2.0864 0
64 67 68 2.0864 0
93 54 68 2.0708 0
106 70 69 1.9229 0
61 18 58 1.9229 0
55 112 69 1.9229 0
54 81 69 1.9229 0
106 85 67 1.9897 0
106 85 59 1.9897 0
61 66 58 1.9229 0
68 120 66 0.5 0
78 28 58 1.9229 0
55 116 66 2.032 0
64 116 61 2.032 0
70 75 58 1.9229 0
70 65 69 1.9229 0
70 45 58 1.9229 0
103 66 57 0.6722 0
93 79 69 1.9229 0
106 48 69 1.8109 0
54 97 59 1.9573 0
54 85 59 1.9573 0
54 83 64 1.9573 0
66 101 68 1.9596 0
54 102 59 1.9573 0
54 116 61 1.9573 0
67 28 69 1.9229 0
94 28 69 1.9229 0
68 42 69 1.9229 0
66 42 58 1.9229 0
87 100 69 1.9229 0
64 34 69 1.9229 0
54 20 68 1.9573 0
54 96 68 1.9573 0
54 86 68 1.9573 0
71 89 69 1.9229 0
61 83 69 1.9229 0
72 27 69 1.9229 0
101 85 69 1.9229 0
65 21 69 1.8884 0
106 70 58 1.9229 0
94 27 58 1.9229 0
79 87 58 1.9229 0
87 39 69 1.9229 0
65 116 66 1.8884 0
66 64 58 1.9025 0
69 94 58 1.9229 0
69 27 58 1.9229 0
78 95 58 1.9229 0
65 106 66 1.8884 0
106 47 63 1.8615 0
103 103 72 0.5 0
0
