128
64 87 63 7.9551 0
21 36 69 3.322 0
106 36 58 3.322 0
67 40 63 7.9551 0
24 74 60 5.3467 0
105 77 65 3.8447 0
42 40 63 7.9551 0
85 87 63 7.9551 0
96 53 60 5.3467 0
85 40 63 7.9551 0
24 53 60 5.3467 0
47 87 63 7.9551 0
20 96 73 0.5 0
56 63 55 0.8073 0
75 64 55 0.8073 0
21 91 60 3.322 0
111 96 56 0.5 0
96 74 60 5.3467 0
110 96 73 0.5 0
106 91 65 3.322 0
107 45 69 2.3533 0
41 64 55 0.8073 0
34 78 68 3.5133 0
55 46 60 4.6179 0
36 79 59 4.2158 0
55 37 68 4.3388 0
26 34 57 1.9079 0
35 91 68 3.9153 0
108 64 56 1.3152 0
34 59 59 3.4647 0
34 50 61 3.9825 0
35 91 59 3.9153 0
33 69 59 3.8504 0
105 69 59 3.8504 0
105 58 59 3.8504 0
105 50 64 3.8447 0
100 34 68 1.9079 0
64 70 56 0.9221 0
20 85 70 1.8408 0
76 79 59 3.6322 0
76 48 59 3.6322 0
21 78 69 3.3309 0
21 49 69 3.3309 0
64 57 56 0.9221 0
25 63 58 3.3309 0
98 64 58 3.3309 0
93 78 69 3.2523 0
93 49 69 3.2523 0
21 36 61 3.322 0
47 72 56 1.3152 0
21 91 68 3.322 0
57 78 58 3.3309 0
56 37 58 3.3309 0
106 36 67 3.322 0
75 91 69 3.3309 0
85 63 55 0.8073 0
99 94 56 0.9 0
75 92 58 2.9157 0
48 55 56 1.3152 0
47 50 58 2.8886 0
34 50 69 2.9255 0
94 92 69 2.9157 0
33 35 69 2.9157 0
76 35 69 2.9157 0
94 35 69 2.9157 0
68 77 58 2.8886 0
63 50 58 2.8886 0
75 83 68 2.8879 0
104 92 58 2.8166 0
95 35 58 2.6726 0
107 81 58 2.5285 0
95 92 58 2.6726 0
32 35 59 2.6726 0
82 70 56 0.9221 0
20 82 57 2.323 0
20 45 57 2.323 0
107 46 58 2.5285 0
45 77 57 2.323 0
82 52 57 2.323 0
56 92 70 2.323 0
20 82 63 2.3533 0
20 45 63 2.3533 0
88 50 57 2.323 0
76 36 57 2.323 0
58 44 70 2.323 0
52 44 70 2.323 0
41 52 57 2.323 0
107 82 70 2.323 0
51 75 57 2.323 0
88 76 57 2.323 0
56 83 70 2.323 0
77 44 70 2.323 0
39 83 70 2.323 0
104 76 57 2.323 0
82 76 57 2.323 0
70 51 57 2.323 0
92 61 57 2.2445 0
92 67 57 2.2445 0
57 57 56 0.9221 0
101 50 70 2.1564 0
107 87 60 2.1578 0
28 93 70 1.9079 0
111 53 73 0.5 0
49 64 55 0.8073 0
100 77 70 2.0249 0
50 34 57 1.9079 0
28 93 60 1.9079 0
26 34 65 1.9079 0
28 50 68 1.9921 0
107 41 63 1.9715 0
102 92 70 1.9437 0
101 34 63 1.9079 0
68 63 55 0.8073 0
27 76 69 1.9837 0
76 58 56 0.5364 0
29 93 65 1.9079 0
27 34 70 1.9079 0
57 53 57 1.8476 0
107 84 65 1.9081 0
57 93 57 1.9079 0
48 34 70 1.9079 0
52 34 62 1.9079 0
100 93 65 1.9079 0
36 73 64 1.7723 0
52 53 57 1.8476 0
63 74 57 1.8476 0
71 69 55 0.8073 0
75 72 56 1.3152 0
0
