128
71 60 57 3.861 0
24 103 75 0.5 0
25 27 59 1.5889 0
105 103 72 0.5 0
100 29 70 3.6047 0
32 70 57 3.861 0
65 97 57 3.861 0
99 78 58 4.0771 0
64 29 57 3.2893 0
32 95 59 5.9157 0
47 47 57 3.861 0
88 96 69 4.9078 0
99 56 57 3.861 0
51 74 57 3.861 0
71 79 57 3.861 0
88 33 57 3.861 0
26 47 58 2.3884 0
97 94 60 6.8028 0
43 30 57 3.861 0
71 44 57 3.861 0
81 95 59 5.9157 0
49 97 57 3.861 0
84 67 57 3.861 0
98 34 61 5.7949 0
98 83 68 5.7949 0
42 64 57 3.861 0
75 97 69 4.5199 0
83 56 57 3.861 0
42 103 75 0.5 0
63 86 57 3.861 0
37 97 69 4.3065 0
103 47 75 0.5 0
99 42 69 4.1951 0
99 46 57 3.8999 0
33 30 57 3.861 0
32 60 57 3.861 0
42 78 57 3.861 0
42 89 57 3.861 0
79 30 57 3.861 0
91 61 57 3.861 0
71 90 57 3.8999 0
71 69 57 3.861 0
42 55 57 3.861 0
43 39 57 3.861 0
71 34 57 3.861 0
99 65 57 3.861 0
63 75 57 3.861 0
92 71 57 3.861 0
57 93 57 3.861 0
91 52 57 3.861 0
55 82 57 3.861 0
75 52 57 3.861 0
28 95 70 3.8999 0
91 42 57 3.861 0
91 82 57 3.861 0
32 51 57 3.861 0
25 80 55 1.6969 0
58 41 59 1.5352 0
64 39 57 3.2893 0
27 86 57 3.2786 0
100 98 71 2.892 0
59 50 59 1.5352 0
27 36 57 2.9326 0
54 32 59 1.5352 0
64 48 56 2.892 0
39 47 56 2.892 0
50 89 56 2.892 0
95 35 71 2.892 0
41 98 56 2.892 0
84 86 56 2.8568 0
96 92 71 2.892 0
26 65 58 2.7713 0
78 72 56 2.816 0
35 86 56 2.8109 0
72 99 59 2.5798 0
78 86 58 2.3408 0
26 75 57 2.1229 0
86 75 56 2.2922 0
49 35 58 2.2659 0
36 37 56 2.1984 0
95 44 63 2.1794 0
82 49 58 2.0662 0
94 28 55 1.8842 0
57 27 59 1.5352 0
99 85 55 1.8842 0
67 54 56 1.9325 0
48 83 55 1.8842 0
79 62 55 1.8842 0
42 71 55 1.8842 0
26 30 55 1.8842 0
86 47 55 1.8842 0
101 28 55 1.8842 0
23 102 53 0.5 0
90 99 55 1.8842 0
90 89 55 1.8842 0
57 103 61 0.5 0
26 57 55 1.8842 0
39 72 59 1.8452 0
50 41 59 1.8452 0
77 66 59 1.8452 0
26 54 59 1.8452 0
45 71 59 1.8452 0
25 99 65 1.7634 0
101 72 55 1.8842 0
25 70 55 1.7634 0
82 92 72 1.8842 0
102 85 59 1.7634 0
102 40 55 1.7634 0
50 30 59 1.8452 0
25 99 55 1.7634 0
57 100 55 1.5889 0
54 50 59 1.5352 0
82 36 59 1.6976 0
25 93 64 1.7634 0
71 27 58 1.5889 0
102 93 69 1.7634 0
25 41 59 1.7634 0
102 44 63 1.7634 0
102 36 71 1.7634 0
91 27 59 1.5889 0
49 27 55 1.5889 0
61 34 59 1.6745 0
94 27 68 1.5889 0
94 77 63 1.6077 0
88 100 61 1.5889 0
25 43 55 1.6894 0
82 100 72 1.5889 0
59 100 59 1.5889 0
0
