128
86 75 49 0.9108 0
45 26 89 0.9095 0
44 105 92 0.5 0
49 29 30 0.9131 0
45 105 29 0.5 0
93 97 93 0.5 0
84 52 91 0.6277 0
45 67 68 0.9007 0
78 37 55 0.6496 0
52 68 30 0.5099 0
64 103 61 0.5988 0
78 101 30 0.8278 0
46 22 60 1.5017 0
76 51 30 0.913 0
87 76 77 0.6531 0
45 87 49 0.9008 0
45 49 48 0.9009 0
45 53 91 0.9007 0
70 30 81 0.5713 0
45 79 91 0.9007 0
69 103 89 0.5987 0
88 101 69 0.9716 0
45 93 72 0.9008 0
72 79 30 0.5099 0
45 44 70 0.9008 0
84 57 65 0.9607 0
84 102 49 0.749 0
60 31 47 0.9229 0
60 103 42 0.5988 0
56 49 30 0.5099 0
55 88 30 0.5099 0
45 68 49 0.9008 0
82 57 47 0.6668 0
62 34 65 0.9094 0
45 102 57 0.8644 0
92 91 59 1.826 0
80 42 73 0.9241 0
67 37 30 0.8771 0
57 103 77 0.5988 0
81 66 32 0.6794 0
83 89 39 0.6631 0
98 91 78 0.5 0
88 67 91 0.6272 0
73 103 74 0.5989 0
49 30 74 0.6396 0
45 25 45 1.0222 0
90 82 90 0.8638 0
45 66 83 0.9007 0
84 103 84 0.5985 0
45 81 63 0.9008 0
45 79 37 0.9008 0
45 37 56 0.9007 0
45 40 84 0.9008 0
45 100 42 0.9008 0
45 57 36 0.9009 0
60 27 91 0.8698 0
78 39 89 0.8733 0
67 65 30 0.5099 0
85 71 63 0.9065 0
45 79 77 0.9007 0
85 60 79 0.9005 0
78 44 43 0.5584 0
45 92 86 0.9007 0
45 42 36 0.9009 0
45 55 61 0.9007 0
63 102 30 0.9131 0
71 103 49 0.5988 0
77 103 62 0.5989 0
45 56 75 0.9007 0
57 103 91 0.5987 0
46 15 49 1.421 0
45 102 81 0.8644 0
70 92 30 0.5099 0
88 88 74 0.5106 0
45 95 31 0.995 0
83 49 56 0.8752 0
82 77 37 0.8467 0
71 34 45 0.9689 0
49 103 68 0.5988 0
59 26 80 0.6581 0
56 103 53 0.5988 0
60 76 30 0.5099 0
55 30 57 0.9827 0
92 86 49 1.1748 0
59 32 36 0.6881 0
88 81 66 0.7452 0
72 39 65 0.8901 0
68 33 56 0.6737 0
90 94 84 0.6889 0
96 94 69 0.9087 0
45 91 59 0.9008 0
83 50 81 0.653 0
45 68 38 0.9008 0
84 62 56 0.5434 0
81 86 30 0.9132 0
65 54 30 0.5099 0
45 36 45 0.9007 0
72 103 39 0.5988 0
69 31 91 0.9574 0
83 67 43 0.9234 0
52 39 30 0.5099 0
86 102 58 0.9004 0
81 44 64 0.7051 0
45 71 59 0.9008 0
45 33 65 0.9007 0
86 67 72 0.8706 0
54 103 34 0.5988 0
65 34 74 0.6322 0
79 53 39 0.5905 0
45 58 52 0.9008 0
45 90 40 0.9008 0
45 78 52 0.9008 0
73 39 37 0.6459 0
45 69 93 0.5 0
84 92 48 0.955 0
54 59 30 0.5099 0
76 36 78 0.6796 0
79 103 93 0.5 0
53 25 50 0.6674 0
81 100 39 0.9644 0
45 50 82 0.9007 0
45 46 59 0.9007 0
45 72 31 0.995 0
44 49 29 0.5 0
65 103 81 0.5989 0
65 103 70 0.5988 0
92 83 77 1.4494 0
88 81 56 0.5497 0
0
