128
64 60 53 4.6086 0
48 116 80 0.5 0
80 18 53 4.6086 0
77 109 49 1.3082 0
48 102 54 1.2207 0
75 101 80 0.5 0
63 38 53 4.6086 0
64 85 54 2.4795 0
56 102 73 1.2207 0
60 113 49 1.3082 0
71 102 63 1.2207 0
66 116 80 0.5 0
74 41 53 4.6086 0
64 49 53 4.6086 0
74 27 53 4.6086 0
77 113 78 1.3082 0
65 70 52 3.9595 0
63 99 48 0.8003 0
60 102 59 1.2207 0
47 114 48 0.7271 0
68 102 73 1.2207 0
65 29 52 3.4881 0
56 103 50 1.7734 0
78 56 59 0.5 0
73 52 51 2.979 0
48 106 78 0.873 0
64 78 54 3.2098 0
69 103 50 1.7734 0
71 18 51 3.0572 0
47 103 66 0.7271 0
57 112 79 0.8003 0
77 102 71 1.2207 0
69 113 49 1.3082 0
69 109 78 1.3082 0
77 102 54 1.2207 0
63 94 53 1.1996 0
70 34 55 2.5928 0
64 90 50 2.316 0
56 102 65 1.2207 0
78 34 53 2.4198 0
60 107 78 1.3082 0
49 102 73 1.2207 0
51 108 49 1.3082 0
53 102 59 1.2207 0
68 102 57 1.2207 0
64 102 68 1.2207 0
76 106 77 0.873 0
50 112 78 1.3082 0
79 105 63 0.5 0
68 22 55 1.9002 0
64 109 49 1.3082 0
74 103 50 1.7734 0
64 103 50 1.7734 0
51 103 50 1.7734 0
64 113 78 1.3082 0
73 14 55 1.7955 0
54 106 77 0.873 0
64 101 79 0.7129 0
53 116 50 0.5 0
71 55 56 1.5849 0
64 91 56 1.5849 0
69 102 78 1.2207 0
55 113 49 1.3082 0
79 116 51 0.5 0
49 102 62 1.2207 0
77 102 59 1.2207 0
67 23 50 1.5321 0
75 48 55 1.7266 0
66 82 50 1.6244 0
75 13 50 1.4703 0
71 50 56 1.5849 0
70 57 50 1.5804 0
85 25 59 0.5 0
73 20 56 1.5849 0
74 102 77 1.2207 0
60 102 75 1.2207 0
71 116 76 0.5 0
49 102 78 1.2207 0
76 53 56 1.327 0
67 76 49 1.3082 0
73 112 49 1.3082 0
73 108 78 1.3082 0
50 112 49 1.3082 0
51 108 78 1.3082 0
64 102 76 1.2207 0
64 102 60 1.2207 0
60 102 67 1.2207 0
71 65 58 0.5 0
60 113 78 1.3082 0
60 109 49 1.3082 0
64 113 49 1.3082 0
64 109 78 1.3082 0
73 113 78 1.3082 0
73 108 49 1.3082 0
55 109 49 1.3082 0
69 113 78 1.3082 0
69 109 49 1.3082 0
77 113 49 1.3082 0
68 65 56 1.4164 0
83 26 48 0.5 0
77 101 65 0.7129 0
54 102 54 1.2207 0
63 85 49 1.3082 0
56 102 77 1.2207 0
56 102 69 1.2207 0
49 102 69 1.2207 0
64 102 72 1.2207 0
64 102 64 1.2207 0
64 102 56 1.2207 0
60 102 71 1.2207 0
60 102 63 1.2207 0
60 102 55 1.2207 0
49 102 58 1.2207 0
71 102 67 1.2207 0
74 35 49 1.3082 0
68 65 49 1.3082 0
76 47 50 1.3862 0
63 95 49 1.1367 0
62 76 49 1.3082 0
72 47 49 1.3082 0
60 104 49 1.3082 0
71 32 49 1.3082 0
69 44 49 1.3082 0
79 38 49 1.3082 0
61 55 49 1.3082 0
55 109 78 1.3082 0
77 109 78 1.3082 0
61 32 56 1.2996 0
0
