128
56 38 63 1.986 0
64 121 63 0.5 0
65 80 64 0.8492 0
90 45 62 0.5 0
67 7 67 0.5 0
65 58 64 0.8492 0
58 101 64 0.5 0
64 24 64 2.5605 0
77 39 64 2.0254 0
38 45 64 0.5 0
70 108 64 0.5 0
43 39 63 2.9939 0
67 93 63 0.5116 0
64 35 64 2.8557 0
58 11 60 0.3738 0
59 69 64 0.5 0
61 112 64 0.8492 0
62 47 64 0.8492 0
83 39 63 2.9939 0
69 68 64 0.5 0
69 13 60 0.5246 0
59 15 66 0.7937 0
60 88 64 0.9165 0
65 102 64 0.8492 0
69 15 68 0.5 0
65 8 61 0.8299 0
50 39 63 2.0257 0
61 96 64 0.8492 0
61 75 64 0.8492 0
72 38 63 1.986 0
68 115 63 0.5 0
65 65 64 0.8492 0
65 52 64 0.8492 0
65 86 64 0.8492 0
60 8 68 0.5 0
61 106 64 0.8492 0
65 71 64 0.8492 0
62 17 61 0.948 0
68 11 65 0.7787 0
63 18 66 1.0608 0
65 43 64 0.8492 0
62 30 63 1.5535 0
65 19 63 1.5411 0
59 60 64 0.5 0
70 98 64 0.5 0
65 110 64 0.8492 0
61 84 64 0.8492 0
63 116 64 0.8492 0
60 10 64 0.9061 0
61 55 63 0.9925 0
62 68 64 0.8492 0
65 106 64 0.8492 0
65 98 64 0.8492 0
65 90 64 0.8492 0
69 75 64 0.5 0
68 15 65 0.7966 0
66 29 64 1.0001 0
65 8 65 0.8299 0
87 43 68 0.5 0
60 92 63 0.9889 0
53 38 66 1.0497 0
87 42 65 0.9709 0
68 48 63 0.5 0
69 83 63 0.5 0
62 40 64 0.8492 0
61 51 63 0.9158 0
47 38 66 1.0508 0
69 38 66 0.9273 0
61 62 64 0.6298 0
61 8 61 0.942 0
59 13 62 0.9622 0
60 37 62 0.9948 0
68 15 61 0.7966 0
59 38 66 0.8734 0
61 18 63 0.9999 0
68 37 62 0.9782 0
68 11 61 0.7787 0
87 42 62 0.9709 0
60 80 63 0.7591 0
65 83 64 0.8492 0
61 109 64 0.8492 0
65 77 64 0.8492 0
65 74 64 0.8492 0
65 68 64 0.8492 0
61 103 64 0.8492 0
65 62 64 0.8492 0
61 99 64 0.8492 0
65 55 64 0.8492 0
65 49 64 0.8492 0
65 46 64 0.8492 0
65 40 64 0.8492 0
61 78 64 0.8492 0
62 71 64 0.8492 0
62 65 64 0.8492 0
62 43 64 0.8492 0
66 17 66 0.8726 0
62 8 65 0.8296 0
39 43 67 0.5 0
69 104 65 0.5 0
69 88 65 0.5 0
69 112 65 0.5 0
65 114 64 0.8492 0
63 60 64 0.8492 0
62 57 64 0.8492 0
62 53 64 0.8492 0
63 29 68 0.5 0
65 94 64 0.8492 0
59 11 66 0.7821 0
67 108 64 0.8004 0
64 30 66 0.7719 0
40 43 65 0.6507 0
67 9 63 0.6762 0
61 90 64 0.8492 0
67 104 64 0.724 0
47 43 66 0.5 0
40 43 62 0.6507 0
59 15 63 0.7937 0
67 100 64 0.6476 0
69 80 65 0.5 0
68 96 66 0.5 0
47 41 65 0.662 0
73 39 68 0.5 0
65 30 61 0.5613 0
61 81 64 0.8492 0
80 41 68 0.5 0
50 40 68 0.5 0
62 50 64 0.8492 0
87 37 67 0.5 0
0
