128
63 81 65 13.7293 0
52 21 60 8.5808 0
102 54 63 11.7339 0
63 43 95 9.8281 0
18 55 71 4.6788 0
63 41 65 13.7293 0
32 87 63 11.7339 0
85 97 63 11.7339 0
102 79 64 11.7339 0
32 62 63 11.7339 0
63 86 95 9.8281 0
37 36 64 11.7339 0
88 32 63 11.4957 0
50 103 62 10.7261 0
80 62 65 10.7261 0
63 65 95 9.8281 0
54 61 59 7.7024 0
64 60 77 7.743 0
68 107 68 7.5623 0
70 20 68 7.5456 0
20 46 59 7.5289 0
19 75 70 5.6867 0
84 79 70 5.6867 0
19 75 57 5.6867 0
47 53 70 5.6867 0
45 75 57 5.6867 0
85 77 57 5.6867 0
79 18 56 4.6788 0
80 47 56 4.6788 0
42 20 71 4.6788 0
103 38 71 4.6788 0
45 51 56 4.6788 0
87 48 71 4.6788 0
74 109 56 4.6788 0
69 99 56 4.6788 0
44 72 71 4.6788 0
103 38 56 4.6788 0
73 27 56 4.6788 0
65 17 56 4.5295 0
83 17 70 4.3904 0
36 102 71 4.3733 0
20 41 71 4.384 0
59 91 81 4.2121 0
59 76 83 4.2121 0
73 54 97 3.8447 0
64 110 55 3.6709 0
51 28 72 3.6709 0
28 48 72 3.6709 0
99 94 72 3.6709 0
68 49 82 3.7115 0
39 22 55 3.6709 0
68 36 83 3.7115 0
68 66 55 3.6709 0
36 102 55 3.6709 0
49 89 55 3.6709 0
54 66 72 3.6709 0
58 23 72 3.6709 0
68 73 81 3.7115 0
68 91 80 3.7115 0
99 93 55 3.6709 0
18 58 55 3.6709 0
45 82 72 3.6709 0
80 110 72 3.6709 0
70 55 55 3.6709 0
49 91 72 3.6709 0
95 67 55 3.6709 0
95 66 72 3.6709 0
110 67 72 3.6709 0
110 66 55 3.6709 0
90 46 55 3.6709 0
17 65 72 3.6709 0
73 75 99 3.4981 0
16 83 64 3.5535 0
16 67 64 3.5293 0
53 76 97 3.3656 0
53 55 97 3.3656 0
58 52 85 3.2042 0
58 38 82 3.2042 0
111 43 71 2.9071 0
111 43 55 2.9071 0
43 116 77 0.5 0
71 95 73 2.8788 0
24 35 55 2.9479 0
88 54 54 2.6631 0
41 109 72 2.9608 0
78 49 73 2.6631 0
19 87 72 2.9136 0
57 111 73 2.6631 0
18 86 56 2.9114 0
84 111 56 2.9071 0
69 81 82 2.7036 0
74 35 97 2.8929 0
35 49 54 2.6631 0
76 74 54 2.6631 0
57 96 73 2.7331 0
49 43 54 2.6631 0
64 97 73 2.6631 0
90 61 54 2.6631 0
69 54 89 2.7036 0
50 32 54 2.6631 0
62 27 54 2.6631 0
50 17 73 2.6631 0
43 96 73 2.6631 0
95 44 73 2.6631 0
92 86 54 2.6631 0
76 86 54 2.6631 0
45 62 73 2.6631 0
17 66 54 2.6631 0
78 86 73 2.6631 0
37 51 73 2.6631 0
92 87 73 2.6631 0
32 75 73 2.6631 0
69 76 88 2.7036 0
75 31 73 2.6631 0
47 44 73 2.6631 0
28 74 54 2.6631 0
36 75 54 2.6631 0
45 66 54 2.6631 0
88 71 73 2.6631 0
59 95 54 2.6631 0
60 16 73 2.6631 0
81 41 73 2.6631 0
79 25 73 2.6631 0
78 39 54 2.6631 0
53 35 100 2.5307 0
74 93 99 2.5463 0
15 60 62 2.5108 0
82 112 65 2.5442 0
0
