128
71 58 64 1.5244 0
24 101 70 1.5628 0
95 107 70 1.5633 0
21 47 67 1.5444 0
58 10 56 1.5492 0
106 47 67 1.5444 0
55 89 57 1.5253 0
97 76 56 1.5307 0
42 68 77 1.4687 0
82 29 56 1.5563 0
48 39 57 1.7208 0
75 85 81 0.5086 0
30 76 56 1.5307 0
79 90 59 2.6245 0
49 100 82 0.5 0
84 39 81 0.5517 0
38 57 58 3.2702 0
93 67 80 0.9269 0
89 57 58 3.2702 0
104 88 77 1.5408 0
52 46 80 0.979 0
44 107 62 1.466 0
25 81 76 1.5586 0
87 41 67 3.4323 0
36 35 72 1.5301 0
104 95 58 1.5671 0
35 95 58 3.249 0
77 103 74 1.5602 0
43 79 67 3.3449 0
88 79 73 2.6376 0
50 50 66 3.3549 0
29 59 72 2.7109 0
76 14 62 1.5746 0
46 22 59 1.4737 0
103 64 68 1.5523 0
85 106 56 1.5382 0
81 61 73 2.6948 0
48 97 67 3.4343 0
99 85 67 3.4377 0
30 37 55 0.6528 0
21 86 63 1.5606 0
93 96 58 3.249 0
73 44 55 0.8492 0
74 46 77 1.5316 0
99 40 56 1.4888 0
86 71 62 2.2778 0
97 51 81 0.5 0
54 86 77 1.4795 0
36 107 74 1.55 0
42 64 67 3.3588 0
34 42 63 2.7036 0
77 50 66 3.3549 0
23 58 59 1.5679 0
90 96 81 0.5 0
79 97 67 3.4343 0
100 54 67 3.4197 0
52 62 56 1.3856 0
72 79 69 0.7784 0
53 59 78 1.1714 0
27 44 81 0.6461 0
94 63 67 3.4084 0
43 85 58 3.2675 0
27 90 72 2.6446 0
48 37 71 1.5395 0
50 87 67 3.4151 0
99 95 67 3.4021 0
100 42 77 1.5139 0
102 62 56 1.5223 0
89 45 58 3.249 0
77 87 67 3.4151 0
24 45 56 1.4808 0
32 99 72 2.9327 0
91 82 58 2.7471 0
34 71 71 2.2986 0
78 77 56 1.4192 0
92 101 65 3.3136 0
39 48 78 0.1058 0
23 95 58 1.5671 0
41 69 56 1.5391 0
54 63 68 1.5587 0
85 64 67 3.3588 0
104 85 56 1.5638 0
29 46 67 3.4485 0
83 51 58 3.2626 0
44 51 58 3.2626 0
98 46 67 3.4485 0
32 106 61 1.5661 0
33 63 67 3.4084 0
29 66 56 1.5514 0
46 44 71 3.1005 0
69 10 56 1.5492 0
35 101 65 3.3136 0
99 78 77 1.3914 0
38 85 80 0.3444 0
27 54 67 3.4197 0
40 41 67 3.4323 0
92 79 65 3.2474 0
101 61 79 0.885 0
77 63 55 0.997 0
78 58 66 3.3339 0
49 58 66 3.3339 0
28 85 67 3.4377 0
87 105 79 0.8106 0
28 95 67 3.4021 0
43 95 58 3.2719 0
84 79 67 3.3449 0
100 100 79 0.8073 0
78 78 77 1.5357 0
79 39 57 1.7208 0
35 79 67 3.2474 0
73 93 78 1.1876 0
51 14 61 1.5746 0
94 51 58 3.2702 0
33 51 58 3.2702 0
84 95 58 3.2719 0
84 85 58 3.2675 0
39 45 58 3.249 0
49 78 77 1.5357 0
95 88 58 3.2706 0
32 88 58 3.2706 0
105 53 56 1.4137 0
42 101 70 3.2064 0
85 101 70 3.2064 0
54 47 56 1.5159 0
81 22 62 1.4737 0
72 54 56 1.5632 0
81 44 71 3.1005 0
23 48 76 1.556 0
0
