128
62 65 66 2.3981 0
75 8 64 0.5 0
71 121 64 0.5 0
24 38 65 0.5 0
30 98 64 0.5 0
100 89 64 0.5 0
92 43 64 0.5 0
55 32 64 0.5 0
29 68 64 0.9247 0
64 93 66 2.4959 0
90 67 65 0.8455 0
46 117 64 0.5 0
52 8 64 0.5 0
43 50 64 0.9802 0
92 110 64 0.5 0
46 82 66 1.7425 0
76 29 64 0.5 0
81 83 66 1.6601 0
67 44 65 1.3217 0
26 52 66 2.4959 0
47 66 66 2.4959 0
78 58 65 1.488 0
46 100 64 0.9802 0
62 80 67 3.1158 0
79 102 65 0.8455 0
60 110 64 0.9802 0
76 71 66 2.2188 0
40 34 64 0.5 0
30 83 64 0.7633 0
104 75 66 0.5 0
35 60 66 2.4959 0
48 21 64 0.5 0
53 55 65 1.4794 0
91 97 64 0.9802 0
98 56 64 0.5 0
36 109 64 0.5 0
93 79 68 0.6792 0
39 74 66 1.6413 0
80 42 64 0.5 0
53 89 66 1.7958 0
65 28 64 0.9802 0
82 117 64 0.5 0
76 93 65 1.488 0
55 43 64 0.9247 0
71 110 64 0.9802 0
38 91 64 0.9802 0
80 18 64 0.5 0
84 76 66 2.4959 0
70 76 67 2.6396 0
64 55 65 1.488 0
88 33 64 0.5 0
88 52 64 0.9247 0
59 121 64 0.5 0
58 101 65 1.488 0
70 101 65 1.488 0
58 18 64 0.5 0
91 88 65 0.7967 0
50 109 64 0.9802 0
102 65 64 0.5 0
84 91 65 1.488 0
40 65 66 2.4959 0
36 43 64 0.5 0
29 42 65 1.488 0
58 74 67 2.6396 0
72 86 67 1.2109 0
71 20 64 0.5 0
25 76 66 0.8203 0
62 36 64 0.9802 0
75 49 64 0.9802 0
66 70 66 2.4959 0
71 91 66 2.4959 0
50 78 66 2.4959 0
61 48 65 1.488 0
39 80 66 2.242 0
29 58 66 2.4959 0
78 78 66 2.4959 0
44 76 66 2.4959 0
70 59 65 1.488 0
44 92 65 1.488 0
52 71 66 2.2188 0
58 92 66 2.4959 0
47 39 64 0.5 0
69 82 66 2.4959 0
97 73 64 0.9802 0
26 46 66 2.4959 0
38 100 64 0.9802 0
84 65 65 1.488 0
100 81 64 0.9802 0
64 102 66 1.8363 0
87 104 64 0.9247 0
91 59 64 0.9802 0
47 29 64 0.5 0
72 36 64 0.5 0
51 84 66 2.2188 0
72 67 66 2.2188 0
57 68 66 2.2188 0
57 84 66 2.2276 0
76 84 66 2.2188 0
79 110 64 0.7843 0
66 87 66 2.2188 0
45 57 64 0.9802 0
83 26 64 0.5 0
50 97 65 1.488 0
30 90 64 0.9247 0
42 106 64 0.9247 0
84 58 65 1.488 0
31 79 66 1.5596 0
60 59 66 1.7425 0
65 116 65 0.5 0
75 100 66 1.837 0
82 49 64 0.9802 0
49 47 64 0.9802 0
98 100 64 0.5 0
68 63 66 2.0033 0
81 34 64 0.5 0
96 64 64 0.9247 0
35 51 64 0.5 0
49 14 64 0.5 0
85 98 64 0.9802 0
53 100 66 1.837 0
89 82 64 0.9802 0
68 52 65 1.488 0
59 54 65 1.488 0
61 41 65 0.8455 0
53 25 64 0.5 0
54 117 64 0.5 0
71 13 64 0.5 0
40 114 64 0.5 0
0
