128
65 101 94 2.411 0
49 32 23 1.5284 0
100 32 80 2.4429 0
23 46 85 2.4438 0
89 90 30 2.4396 0
29 90 41 2.4347 0
79 15 47 1.2753 0
99 63 107 0.1914 0
116 74 48 0.6143 0
50 16 47 2.3301 0
46 33 107 0.5 0
81 33 20 0.5 0
28 64 20 0.1914 0
83 33 108 0.5 0
99 65 22 0.5525 0
28 63 108 0.5 0
107 54 87 2.4345 0
47 115 78 0.5 0
100 104 50 0.5 0
81 116 79 0.5 0
45 93 20 0.5 0
65 26 33 2.411 0
11 74 48 0.6143 0
103 87 45 2.4333 0
92 45 99 2.4387 0
46 95 108 0.5 0
28 23 79 0.5337 0
35 45 99 2.4387 0
82 95 107 0.5 0
22 72 35 1.3621 0
62 111 80 2.3301 0
34 76 25 2.4383 0
105 72 35 1.3621 0
50 105 88 2.2764 0
93 76 25 2.4383 0
25 57 95 2.3103 0
36 29 91 0.776 0
38 90 30 2.4396 0
89 32 94 1.9901 0
79 105 90 1.2952 0
53 96 101 2.4363 0
99 43 89 2.4424 0
48 24 34 1.3286 0
65 19 43 2.4171 0
77 26 33 2.411 0
96 98 44 2.3134 0
27 32 80 2.4429 0
29 105 47 0.5 0
20 83 46 1.8105 0
74 111 80 2.3301 0
98 54 98 2.4397 0
109 78 46 2.4427 0
69 96 108 0.5 0
11 53 79 0.6143 0
77 96 101 2.4363 0
68 33 20 0.5 0
107 44 81 1.8105 0
41 33 99 1.5079 0
56 22 39 2.2764 0
85 37 102 2.3897 0
28 67 28 1.2651 0
63 31 26 2.4363 0
32 55 105 0.9247 0
20 54 87 2.4345 0
64 96 101 2.4363 0
77 31 26 2.4363 0
96 82 36 0.645 0
30 79 32 2.4373 0
93 93 37 2.4361 0
31 98 44 2.3134 0
82 95 20 0.5 0
32 39 88 0.6559 0
53 101 94 2.411 0
116 54 78 0.5 0
50 111 80 2.3301 0
74 22 39 2.2764 0
68 105 88 2.2764 0
34 34 90 2.4361 0
77 101 94 2.411 0
33 87 34 2.441 0
18 49 81 2.4427 0
98 73 29 2.4397 0
28 43 89 2.4424 0
94 40 93 2.441 0
25 51 91 2.4359 0
102 51 91 2.4359 0
30 48 95 2.4373 0
98 90 41 2.4347 0
18 72 44 0.6324 0
88 85 25 2.3093 0
39 85 25 2.3093 0
108 60 97 0.5 0
104 81 42 2.4438 0
28 84 38 2.4424 0
94 87 34 2.441 0
33 40 93 2.441 0
29 73 29 2.4397 0
93 51 102 2.4383 0
34 51 102 2.4383 0
97 48 95 2.4373 0
97 79 32 2.4373 0
34 93 37 2.4361 0
98 37 86 2.4347 0
24 40 82 2.4333 0
97 59 103 2.2394 0
41 40 106 0.9709 0
24 91 48 1.3799 0
107 73 40 2.4345 0
53 26 33 2.411 0
93 29 88 1.5422 0
20 73 40 2.4345 0
103 40 82 2.4333 0
38 37 97 2.4396 0
89 37 97 2.4396 0
93 34 90 2.4361 0
25 76 36 2.4359 0
102 76 36 2.4359 0
24 87 45 2.4333 0
74 16 47 2.3301 0
23 81 42 2.4438 0
104 46 85 2.4438 0
18 78 46 2.4427 0
109 49 81 2.4427 0
30 59 103 2.2394 0
53 31 26 2.4363 0
69 31 26 2.4363 0
70 96 101 2.4363 0
71 101 94 2.411 0
0
