128
66 65 67 1.3571 0
12 44 63 1.282 0
112 32 65 0.5 0
85 117 62 0.5 0
111 76 69 0.5 0
72 22 65 0.8082 0
52 99 63 1.3339 0
12 83 68 0.5 0
45 36 65 1.6505 0
82 88 64 2.447 0
36 65 65 0.8533 0
94 54 64 0.5157 0
70 42 65 2.2538 0
105 96 63 0.5 0
12 64 65 1.3671 0
116 54 65 0.5 0
63 85 63 2.1623 0
70 105 64 1.4673 0
51 54 66 1.3941 0
38 85 62 0.9794 0
85 70 68 1.3997 0
96 37 63 1.1147 0
88 101 65 3.2126 0
50 70 69 1.3852 0
106 46 66 2.3092 0
26 50 63 1.5452 0
82 31 64 1.7747 0
100 67 69 1.3646 0
97 86 63 1.9223 0
25 73 68 1.4141 0
80 56 69 0.7127 0
84 42 64 2.2167 0
69 94 64 2.5654 0
112 65 67 1.3734 0
37 47 64 1.7718 0
25 61 66 1.3918 0
48 87 63 1.3341 0
67 53 66 1.4201 0
81 96 64 3.1713 0
72 31 65 1.7393 0
41 57 67 1.44 0
38 75 67 0.9845 0
51 45 64 1.7973 0
75 66 70 1.4718 0
12 55 64 1.6787 0
103 28 65 0.591 0
94 96 64 3.1445 0
13 75 66 1.2817 0
58 92 63 2.1623 0
101 56 68 1.4604 0
22 38 65 0.5 0
78 109 64 1.4365 0
98 46 65 2.2059 0
60 103 63 1.2336 0
110 38 64 1.826 0
49 62 68 1.4341 0
94 62 66 1.2702 0
75 85 64 2.1811 0
85 62 67 1.4226 0
109 55 67 1.402 0
87 92 64 2.7464 0
74 50 68 1.4704 0
44 45 66 1.8638 0
76 91 64 2.6128 0
84 51 66 1.3799 0
35 37 63 0.7513 0
19 43 65 1.5141 0
81 103 64 2.4631 0
46 95 63 1.4359 0
78 41 66 2.2754 0
42 65 68 1.421 0
39 32 64 1.4955 0
20 68 68 1.4682 0
94 73 68 0.6118 0
57 86 63 2.1621 0
78 23 65 1.1802 0
70 88 64 2.2965 0
57 66 64 0.5 0
91 112 64 0.5 0
105 71 70 1.4344 0
106 64 69 1.4528 0
63 95 64 2.1777 0
73 60 69 1.4445 0
88 86 63 2.1624 0
20 54 69 0.5 0
29 68 65 1.022 0
99 92 63 2.1624 0
93 89 64 2.1644 0
65 90 63 2.1625 0
46 51 67 1.4564 0
51 39 63 1.5685 0
112 50 63 0.9494 0
86 113 64 1.3982 0
99 40 65 1.8979 0
71 36 65 1.9963 0
18 80 71 0.5 0
111 45 64 2.0855 0
21 48 65 1.7152 0
83 36 64 1.9877 0
45 29 64 1.0038 0
17 62 67 1.4137 0
70 73 71 0.5 0
36 41 63 1.6206 0
27 56 64 1.3773 0
104 41 66 2.0074 0
76 36 66 1.9709 0
15 51 65 1.7996 0
56 60 65 0.9134 0
65 102 64 1.5058 0
79 73 73 0.5 0
44 70 69 1.4374 0
81 65 69 1.4363 0
23 53 65 1.8445 0
69 69 69 1.3831 0
52 84 63 1.7722 0
76 101 63 1.8491 0
116 72 67 0.5 0
47 41 65 1.7127 0
52 93 64 1.3137 0
40 89 63 1.2615 0
107 34 65 1.6355 0
21 76 69 1.4269 0
35 55 64 0.9887 0
100 35 65 1.6681 0
43 81 64 0.6458 0
40 42 65 1.7788 0
55 68 67 1.1878 0
79 52 68 1.4582 0
0
