128
64 88 63 1.6457 0
7 63 69 0.5 0
121 63 64 0.5 0
97 82 67 1.5619 0
30 84 59 0.9503 0
45 91 70 0.5 0
19 72 67 1.5619 0
82 89 59 0.5942 0
108 72 62 1.5619 0
42 88 60 1.6021 0
13 66 61 2.3486 0
76 89 70 0.5 0
52 88 66 1.6457 0
114 66 66 1.9928 0
90 88 61 1.858 0
34 86 70 0.5 0
74 88 61 1.6457 0
24 77 61 1.6029 0
102 78 60 1.5351 0
30 82 67 1.5619 0
85 88 67 1.6021 0
106 78 70 0.5 0
78 88 66 1.6457 0
56 91 58 0.5 0
41 88 66 1.6457 0
105 75 66 1.7385 0
25 78 67 1.5351 0
98 81 61 2.0096 0
37 88 62 1.858 0
115 65 61 2.109 0
15 63 70 0.5 0
20 73 61 1.6297 0
29 81 61 2.0096 0
94 90 69 0.5 0
69 89 70 0.5 0
90 88 66 1.858 0
33 85 61 1.7384 0
50 87 58 0.5 0
68 88 66 1.6457 0
60 88 66 1.6457 0
56 88 63 1.6457 0
73 88 66 1.6457 0
12 69 70 0.5 0
94 85 61 1.7384 0
22 75 65 1.7384 0
47 88 60 1.6021 0
79 88 61 1.6457 0
14 67 66 1.7912 0
36 88 67 1.5266 0
105 75 61 1.7385 0
33 85 66 1.7384 0
94 85 66 1.7384 0
68 88 61 1.6457 0
60 88 61 1.6457 0
52 88 61 1.6457 0
85 88 60 1.6021 0
111 70 65 1.3995 0
112 69 61 1.4673 0
108 72 67 1.5619 0
102 78 65 1.5351 0
17 70 60 1.4263 0
17 70 64 1.4263 0
120 65 70 0.5 0
8 64 65 0.9503 0
48 88 66 1.2974 0
118 64 65 1.1011 0
10 65 67 1.0605 0
7 63 59 0.5 0
9 64 60 1.1011 0
38 83 59 0.6945 0
64 90 70 0.5 0
102 82 70 0.5 0
121 65 59 0.5 0
55 91 70 0.5 0
64 89 67 0.8501 0
56 89 67 0.8501 0
113 71 70 0.5 0
89 83 59 0.6945 0
10 64 64 1.1011 0
110 75 58 0.5 0
71 89 63 0.8501 0
81 90 70 0.5 0
64 90 58 0.5 0
49 89 63 0.8501 0
39 91 70 0.5 0
101 77 70 0.5 0
97 87 70 0.5 0
45 87 68 0.5942 0
87 89 64 0.8501 0
71 91 58 0.5 0
20 76 70 0.5 0
27 81 65 0.6537 0
23 74 70 0.5 0
56 87 58 0.5 0
99 79 67 0.6805 0
116 69 70 0.5 0
100 81 65 0.6537 0
93 81 58 0.5 0
39 86 59 0.5942 0
111 68 68 0.5942 0
33 81 59 0.9184 0
27 78 64 0.6127 0
57 89 59 0.5942 0
71 89 59 0.5942 0
50 90 70 0.5 0
37 85 60 0.7212 0
110 71 59 0.5942 0
26 80 63 0.7215 0
117 64 70 0.5 0
63 88 59 0.5942 0
28 79 66 0.6805 0
119 64 59 0.9503 0
111 74 70 0.5 0
17 69 67 0.6805 0
99 79 64 0.6805 0
99 85 58 0.5 0
99 85 64 0.5 0
44 91 63 0.5 0
118 64 68 0.5942 0
91 85 59 0.5942 0
76 91 58 0.5 0
81 91 64 0.5 0
88 90 70 0.5 0
22 75 59 0.5942 0
14 64 68 0.5942 0
42 91 70 0.5 0
14 71 69 0.5 0
104 80 69 0.5 0
0
