128
61 68 65 0.954 0
113 35 64 0.5 0
113 93 64 0.5 0
20 28 64 0.5 0
19 100 65 0.5 0
60 28 64 0.0564 0
82 96 65 1.0118 0
20 61 66 0.5 0
88 54 65 1.0118 0
48 95 67 0.5 0
43 49 64 0.5 0
106 72 65 1.0118 0
83 30 64 0.5 0
85 75 65 1.0118 0
41 76 65 0.75 0
40 29 66 0.5 0
109 54 65 1.0118 0
21 80 64 0.5 0
62 48 65 0.5 0
65 90 65 1.0118 0
32 93 64 0.5 0
20 42 65 0.5 0
101 28 65 0.5 0
101 86 64 0.5039 0
70 37 64 0.5 0
101 41 64 0.5039 0
102 100 64 0.5 0
51 36 65 0.5 0
31 54 64 0.2529 0
29 35 65 0.9576 0
41 61 64 0.5 0
81 42 64 0.5 0
71 75 64 0.5 0
72 54 64 0.5 0
29 73 65 0.9862 0
23 90 65 1.0118 0
42 38 65 1.0118 0
41 87 65 0.7828 0
61 79 67 0.5 0
92 35 67 0.5 0
61 58 65 0.954 0
52 74 65 0.5 0
60 100 64 0.5 0
51 55 67 0.5 0
62 36 65 1.0118 0
21 50 65 1.0118 0
21 70 65 1.0118 0
40 100 65 0.5 0
92 93 67 0.5 0
106 36 65 1.0118 0
106 93 65 1.0118 0
101 60 64 0.5039 0
81 86 64 0.4765 0
81 61 64 0.5 0
102 50 65 0.8398 0
22 34 65 1.0118 0
45 55 65 1.0118 0
42 94 65 1.0118 0
65 74 65 1.0118 0
84 37 65 1.0118 0
85 90 65 1.0118 0
41 68 65 0.8114 0
82 69 65 0.9653 0
81 49 65 0.658 0
101 79 66 0.5 0
45 72 65 1.0118 0
25 57 64 0.5039 0
72 93 66 0.5 0
65 55 65 1.0118 0
21 96 65 1.0118 0
44 33 65 1.0118 0
92 73 64 0.5 0
62 96 65 0.8745 0
82 57 65 1.0118 0
101 67 64 0.5039 0
113 73 64 0.5 0
21 75 65 1.0118 0
103 32 65 1.0118 0
48 90 64 0.5 0
103 57 65 1.0118 0
27 54 65 1.0118 0
88 35 65 1.0118 0
27 92 65 1.0118 0
44 90 65 1.0118 0
81 80 64 0.5 0
19 56 64 0.5 0
68 33 67 0.5 0
82 33 65 1.0118 0
65 33 65 1.0118 0
48 35 65 1.0118 0
61 42 64 0.5 0
102 91 65 0.8398 0
102 74 65 0.8398 0
21 58 65 1.0102 0
82 53 65 1.0118 0
88 96 65 0.5 0
41 53 65 0.75 0
60 86 64 0.2207 0
106 78 64 0.5 0
25 39 64 0.5 0
61 52 65 0.954 0
65 94 65 1.0118 0
85 71 65 1.0118 0
23 55 65 1.0118 0
88 73 65 1.0118 0
88 92 65 1.0118 0
85 94 65 1.0118 0
68 92 65 1.0118 0
68 35 65 1.0118 0
62 92 65 1.0118 0
62 76 65 1.0118 0
103 70 65 1.0118 0
25 71 65 0.7482 0
52 92 64 0.5 0
40 81 64 0.5 0
48 76 67 0.5 0
61 31 65 0.954 0
106 52 65 0.8799 0
82 88 65 0.9367 0
103 53 65 1.0118 0
48 92 65 1.0118 0
101 96 65 0.5 0
93 55 64 0.5 0
21 31 65 1.0118 0
103 37 65 1.0118 0
48 73 65 1.0118 0
48 54 65 1.0118 0
23 37 65 1.0118 0
0
