128
62 64 64 0.5 0
98 25 87 0.5 0
30 103 41 0.266 0
28 29 87 0.5 0
92 103 42 0.5 0
97 42 41 0.4118 0
30 87 84 0.5 0
64 29 74 0.6336 0
60 97 56 0.6799 0
60 42 41 0.5 0
62 86 87 0.5 0
42 57 87 0.5 0
81 73 41 0.4965 0
88 33 64 0.5816 0
41 40 67 0.5 0
82 87 61 0.5 0
37 96 63 0.5 0
49 25 87 0.5 0
78 39 48 0.6618 0
72 103 41 0.266 0
68 59 46 0.5 0
79 25 85 0.532 0
49 103 41 0.266 0
55 69 81 0.5 0
53 91 72 0.6048 0
53 50 56 0.4788 0
69 79 72 0.5556 0
61 35 58 0.5061 0
92 86 43 0.5 0
50 55 72 0.5 0
73 74 57 0.6406 0
33 44 83 0.6013 0
46 86 86 0.4965 0
71 94 69 0.5 0
39 29 77 0.4682 0
82 98 52 0.6802 0
98 36 54 0.5 0
74 33 64 0.5816 0
51 31 69 0.667 0
65 24 87 0.5 0
46 98 53 0.5758 0
97 30 74 0.5 0
40 90 75 0.6619 0
49 38 56 0.5818 0
31 100 53 0.5 0
82 29 74 0.6336 0
83 80 51 0.5 0
41 49 76 0.6773 0
61 101 45 0.6134 0
71 97 56 0.6828 0
59 51 47 0.6575 0
89 39 48 0.6618 0
65 89 77 0.5397 0
62 71 72 0.6122 0
73 68 48 0.6505 0
89 26 82 0.6735 0
62 77 81 0.5217 0
67 39 48 0.6618 0
51 95 62 0.4827 0
40 101 45 0.6134 0
49 61 80 0.6764 0
60 58 56 0.5773 0
55 27 79 0.5557 0
47 48 64 0.5284 0
82 102 42 0.5368 0
61 93 66 0.5 0
31 92 70 0.5203 0
83 36 56 0.6453 0
86 89 52 0.6816 0
37 25 86 0.4965 0
36 39 75 0.6812 0
75 82 65 0.6731 0
56 39 49 0.6239 0
67 66 56 0.5101 0
73 28 77 0.5957 0
55 63 72 0.5356 0
54 89 82 0.5 0
54 56 63 0.536 0
71 36 56 0.6453 0
68 73 65 0.4938 0
90 95 46 0.507 0
77 94 62 0.6616 0
84 42 41 0.5 0
44 93 67 0.6243 0
53 100 48 0.6533 0
97 33 63 0.3995 0
72 42 41 0.4119 0
86 80 43 0.6426 0
62 32 66 0.5699 0
69 100 48 0.6533 0
32 33 80 0.5319 0
74 87 73 0.5 0
49 66 87 0.5 0
38 87 83 0.6714 0
47 28 77 0.653 0
65 53 41 0.5 0
42 32 69 0.5 0
29 38 87 0.5 0
73 63 41 0.5 0
36 51 86 0.5 0
79 80 58 0.5 0
57 25 87 0.5 0
47 34 63 0.6411 0
78 74 48 0.6024 0
68 83 81 0.5 0
39 97 56 0.6799 0
44 55 80 0.5648 0
47 89 78 0.5578 0
90 30 71 0.5 0
91 36 56 0.6453 0
69 31 69 0.6594 0
32 89 77 0.4632 0
54 46 50 0.6112 0
81 32 67 0.4401 0
31 96 59 0.5868 0
54 34 60 0.5 0
57 74 86 0.4965 0
67 95 62 0.4811 0
96 39 48 0.6618 0
76 100 48 0.6488 0
72 25 87 0.5 0
53 97 56 0.6799 0
46 41 62 0.5 0
95 92 41 0.5 0
44 46 70 0.5 0
76 89 67 0.6347 0
67 34 61 0.6477 0
61 26 82 0.6735 0
0
