128
62 70 65 0.4197 0
104 27 80 0.5 0
26 37 30 0.5 0
82 32 30 0.5 0
83 116 81 0.5 0
34 107 80 0.6074 0
56 99 30 0.5 0
96 79 81 0.5 0
54 34 56 0.7213 0
85 95 51 0.7003 0
37 70 39 0.6092 0
88 48 59 0.6114 0
58 109 60 0.6403 0
46 50 80 0.5405 0
35 91 57 0.706 0
51 25 30 0.1192 0
74 52 81 0.5 0
66 78 41 0.7217 0
35 52 57 0.6951 0
99 51 81 0.5 0
60 118 81 0.5 0
90 28 50 0.6817 0
93 99 71 0.6875 0
83 77 63 0.7244 0
77 94 30 0.5 0
72 38 47 0.6273 0
24 57 31 0.6584 0
37 36 46 0.7447 0
77 109 64 0.7489 0
69 105 44 0.5 0
61 40 74 0.7559 0
42 90 39 0.634 0
45 68 56 0.6839 0
76 70 79 0.7038 0
95 33 66 0.7118 0
28 92 74 0.5957 0
53 66 79 0.5 0
51 77 32 0.527 0
51 103 46 0.7227 0
42 106 64 0.7032 0
66 30 34 0.5577 0
73 45 64 0.664 0
45 41 67 0.7486 0
80 81 47 0.6604 0
29 49 43 0.6951 0
86 55 72 0.6964 0
42 60 69 0.3838 0
47 113 77 0.6603 0
38 29 33 0.6424 0
58 73 52 0.6283 0
50 30 43 0.6003 0
71 75 56 0.732 0
93 85 69 0.6357 0
85 42 47 0.659 0
71 114 75 0.7161 0
100 94 81 0.5 0
98 39 77 0.6504 0
33 61 48 0.5603 0
48 73 44 0.7339 0
76 83 35 0.6114 0
66 37 58 0.6345 0
92 108 80 0.6074 0
51 67 67 0.736 0
87 101 61 0.7291 0
87 75 75 0.7107 0
79 97 41 0.6404 0
76 105 53 0.7172 0
65 68 76 0.7103 0
62 32 46 0.607 0
94 47 70 0.7515 0
67 100 33 0.6104 0
39 41 57 0.6207 0
60 113 71 0.7126 0
34 98 66 0.667 0
41 97 49 0.5586 0
77 39 37 0.7389 0
89 88 59 0.7517 0
73 72 68 0.5661 0
30 68 30 0.5 0
85 31 41 0.7385 0
85 109 72 0.716 0
62 80 31 0.6225 0
90 37 57 0.518 0
78 46 54 0.63 0
49 106 56 0.6951 0
61 106 50 0.6681 0
41 50 70 0.6572 0
48 98 37 0.6222 0
84 60 81 0.5 0
59 102 39 0.6666 0
25 47 34 0.6943 0
55 37 66 0.5194 0
29 61 39 0.7065 0
51 42 76 0.5219 0
76 52 71 0.5 0
30 39 39 0.5042 0
70 45 75 0.4854 0
39 61 60 0.6578 0
68 109 60 0.6834 0
41 75 31 0.3714 0
45 34 52 0.5918 0
51 111 68 0.6405 0
46 59 78 0.7511 0
57 28 37 0.6374 0
56 76 40 0.6794 0
40 68 48 0.6034 0
46 91 31 0.74 0
33 45 50 0.7312 0
39 100 58 0.6929 0
100 28 72 0.5744 0
38 109 72 0.5 0
53 70 59 0.7431 0
93 57 79 0.6486 0
81 88 41 0.4458 0
80 50 62 0.6407 0
73 34 30 0.5 0
85 82 54 0.7071 0
28 99 80 0.3871 0
94 28 59 0.7131 0
67 40 67 0.737 0
97 87 78 0.7399 0
70 34 40 0.6722 0
46 28 36 0.6498 0
96 101 79 0.72 0
72 78 47 0.5787 0
92 42 63 0.6876 0
91 94 64 0.6988 0
46 37 60 0.6616 0
0
