128
72 62 39 22.2343 0
31 98 96 0.5 0
88 24 96 0.5 0
31 53 74 7.5215 0
38 60 54 13.4137 0
66 82 99 0.5 0
68 49 92 1.5977 0
89 63 69 11.0951 0
34 80 84 2.9003 0
55 70 84 1.5304 0
33 66 17 0.3037 0
89 38 86 2.5166 0
38 45 17 0.561 0
100 60 30 6.2113 0
43 63 34 6.0782 0
49 53 23 5.2553 0
43 65 81 3.3816 0
36 66 73 5.3389 0
49 68 23 5.2446 0
45 73 41 5.2439 0
45 51 37 5.0022 0
31 44 64 4.8534 0
52 73 56 4.7647 0
91 79 64 4.594 0
75 54 86 2.7589 0
35 92 88 1.9558 0
55 63 62 3.8779 0
59 78 21 4.07 0
55 54 59 3.9033 0
93 62 21 3.823 0
60 40 19 1.5616 0
34 68 38 3.8441 0
27 64 68 3.803 0
58 47 21 3.67 0
35 54 37 3.7176 0
49 48 46 3.7118 0
57 75 95 0.6511 0
75 56 65 3.5069 0
89 45 82 3.0034 0
93 54 24 3.3663 0
89 73 57 3.4473 0
80 58 81 3.1549 0
66 78 89 0.7074 0
87 27 87 1.1205 0
25 51 63 3.2049 0
66 44 20 3.0847 0
60 43 97 0.5732 0
34 74 80 3.1794 0
95 77 72 3.0483 0
98 74 62 3.1096 0
74 66 65 3.1464 0
49 69 84 3.0011 0
51 77 48 3.0823 0
38 47 42 3.0578 0
81 52 62 3.0801 0
91 55 56 3.0169 0
64 60 64 3.0701 0
42 57 71 2.8877 0
90 52 80 2.8084 0
48 72 32 2.8248 0
35 74 44 2.9378 0
60 70 61 2.8909 0
62 86 42 2.9288 0
94 68 26 2.8843 0
69 52 63 2.9116 0
93 66 54 2.8221 0
55 48 53 2.7929 0
51 48 31 2.6996 0
80 46 20 2.7194 0
94 31 94 0.5 0
66 67 64 2.6269 0
81 73 61 2.5556 0
35 87 85 2.5903 0
38 60 18 0.9919 0
31 61 37 2.5764 0
28 63 78 2.6503 0
41 65 20 2.5642 0
63 86 35 2.6022 0
37 100 92 0.8316 0
38 60 80 2.5134 0
44 76 53 2.5402 0
85 50 20 2.5486 0
62 52 61 2.5558 0
39 49 67 2.5554 0
49 69 64 2.3597 0
81 77 20 2.5122 0
65 82 24 2.4358 0
40 76 48 2.2632 0
86 50 57 2.3787 0
23 57 65 2.4218 0
94 60 52 2.3688 0
39 52 18 1.0689 0
54 73 88 2.1841 0
53 60 19 2.0768 0
57 54 19 2.0768 0
60 47 91 0.5965 0
42 49 20 2.2295 0
59 77 55 2.255 0
88 32 87 2.0558 0
74 49 61 2.2457 0
73 79 20 2.2084 0
29 54 41 2.0936 0
28 64 41 2.1929 0
44 64 69 2.1789 0
88 68 20 2.1285 0
60 83 31 2.1729 0
52 75 19 2.0768 0
44 60 19 2.0768 0
89 56 19 2.0768 0
69 52 87 1.9172 0
73 44 21 2.1156 0
66 79 19 2.0768 0
70 72 63 1.7914 0
57 67 19 2.0768 0
91 75 77 1.9724 0
62 39 43 2.1184 0
57 83 40 2.0798 0
29 69 43 1.9934 0
66 85 30 2.0402 0
93 53 50 2.0292 0
72 52 92 1.8664 0
62 73 86 0.5061 0
71 41 25 2.0164 0
47 46 19 1.9951 0
75 74 61 2.0017 0
61 78 93 1.1341 0
45 74 60 1.8213 0
64 48 101 0.5 0
0
