128
73 55 68 12.3009 0
11 62 75 1.9765 0
119 68 50 0.5 0
94 62 37 4.7885 0
37 65 75 1.318 0
89 59 50 8.2694 0
92 60 73 6.8212 0
55 61 72 5.7217 0
81 68 94 0.5 0
103 62 54 5.2458 0
63 62 82 5.2458 0
71 62 51 5.1542 0
86 62 84 4.8476 0
60 62 58 4.2954 0
90 53 63 4.2126 0
96 63 62 4.2379 0
105 64 41 3.2301 0
23 62 75 1.5544 0
84 52 81 3.9302 0
87 64 63 3.2301 0
85 64 39 3.2301 0
68 54 84 3.1157 0
79 64 44 3.0563 0
88 49 72 2.9961 0
42 58 75 1.5138 0
71 67 94 0.5 0
45 63 74 2.5128 0
78 52 53 2.6991 0
84 50 57 2.5329 0
31 60 75 1.273 0
57 53 67 2.4054 0
68 54 53 2.4658 0
98 56 58 2.4436 0
81 65 58 2.2222 0
112 66 49 1.2143 0
101 58 40 2.1882 0
94 65 82 2.2222 0
74 64 81 2.2747 0
106 59 46 2.1258 0
100 54 52 2.2513 0
62 53 79 2.3092 0
79 65 52 2.2222 0
58 52 73 2.0578 0
108 65 47 2.2222 0
67 65 89 2.2222 0
83 65 77 2.2222 0
56 65 64 2.2222 0
59 55 61 2.1758 0
78 48 81 2.1604 0
47 57 74 2.0542 0
86 47 65 2.118 0
63 65 51 2.0199 0
87 58 38 2.1235 0
94 54 41 2.109 0
63 54 56 1.994 0
78 58 47 2.0567 0
68 59 88 2.0202 0
17 68 78 0.5 0
91 56 82 1.9723 0
18 61 75 1.7303 0
28 68 78 0.5 0
71 49 82 1.8603 0
71 60 83 1.8526 0
15 65 75 1.8358 0
101 65 35 1.7815 0
64 58 52 1.7814 0
83 46 76 1.5675 0
82 59 41 1.7324 0
90 51 78 1.6637 0
102 68 71 0.5 0
63 66 74 1.2143 0
55 60 63 1.5706 0
40 62 75 1.6815 0
73 53 51 1.6324 0
20 65 75 1.6599 0
99 65 69 1.6153 0
84 55 87 1.5503 0
105 67 64 0.5 0
58 56 78 1.5802 0
93 51 69 1.4563 0
79 60 82 1.4861 0
26 65 75 1.4489 0
71 50 54 1.4492 0
79 56 82 1.488 0
79 64 82 1.4843 0
82 59 93 0.5 0
84 45 69 1.4175 0
83 46 61 1.2714 0
98 68 45 0.5 0
27 61 75 1.4137 0
97 56 63 1.36 0
76 66 58 1.2143 0
30 64 75 1.3082 0
70 65 85 1.2538 0
96 66 55 1.2143 0
104 55 49 1.1969 0
10 68 79 0.5 0
104 65 61 1.3959 0
65 66 61 1.2143 0
90 68 91 0.5 0
111 68 57 0.5 0
56 65 80 1.2639 0
63 66 70 1.2143 0
63 66 66 1.2143 0
48 66 71 1.2143 0
68 66 57 1.2143 0
88 55 85 1.3467 0
87 68 32 0.5 0
79 47 57 1.2446 0
94 60 82 1.3277 0
72 66 58 1.2143 0
49 66 75 1.2143 0
89 54 40 1.1106 0
86 66 69 1.2143 0
37 59 75 1.2019 0
93 52 57 1.2509 0
97 66 78 1.2143 0
41 66 75 1.2143 0
85 66 90 1.2143 0
54 53 71 1.2261 0
71 66 78 1.2143 0
93 66 43 1.2143 0
97 66 51 1.2143 0
65 66 55 1.2143 0
66 66 76 1.2143 0
60 66 68 1.2143 0
99 66 73 1.2046 0
64 49 78 1.261 0
0
