128
61 65 60 3.5548 0
77 66 118 0.5 0
94 62 16 0.4381 0
38 62 19 2.5558 0
35 65 103 0.5 0
95 65 84 0.5 0
68 63 27 2.8774 0
95 64 50 0.5 0
52 66 86 3.8505 0
38 63 44 2.6737 0
35 64 67 1.8011 0
53 66 119 0.5 0
76 65 83 2.2132 0
60 64 42 3.8883 0
92 66 104 0.5 0
78 64 50 2.2006 0
87 63 33 1.1099 0
50 65 69 4.2324 0
90 64 67 0.6457 0
68 70 102 0.5 0
64 65 77 3.442 0
44 63 30 3.7185 0
43 64 57 3.7673 0
36 65 88 2.085 0
75 65 67 2.4013 0
50 63 20 3.9442 0
82 63 18 1.5862 0
51 70 105 0.5 0
76 64 38 2.2544 0
51 64 40 4.2385 0
45 64 48 4.0833 0
60 65 69 3.9445 0
45 65 77 4.0726 0
79 64 98 0.5 0
55 65 77 3.847 0
52 65 60 3.9434 0
53 64 31 3.9316 0
64 64 113 0.5 0
54 64 49 3.8559 0
43 65 86 3.7562 0
62 64 33 3.5408 0
59 62 100 0.5 0
61 66 87 3.4971 0
79 63 28 1.8879 0
43 66 113 0.5 0
87 65 89 1.0669 0
63 64 50 3.4473 0
42 63 38 3.4021 0
41 64 65 3.4024 0
74 64 58 2.2608 0
87 64 77 0.575 0
68 64 44 3.2858 0
69 65 71 3.2557 0
69 65 63 2.9841 0
85 64 57 1.3753 0
82 65 109 0.5 0
88 63 43 0.6736 0
69 63 20 3.0332 0
47 62 99 0.5 0
69 64 36 3.0404 0
68 65 84 2.8863 0
68 64 56 2.8646 0
72 65 78 2.7437 0
57 64 24 2.7093 0
38 64 72 2.692 0
72 64 50 2.7192 0
57 71 98 0.5 0
95 63 25 0.5 0
73 64 109 0.5 0
47 71 97 0.5 0
76 63 19 2.4524 0
75 64 44 2.5989 0
37 63 33 2.5562 0
76 65 73 2.4721 0
71 63 95 0.5 0
60 70 106 0.5 0
38 63 25 2.4804 0
55 64 111 0.5 0
38 63 51 2.4345 0
38 64 80 2.4197 0
73 66 88 2.3981 0
74 63 25 2.411 0
74 64 32 2.3169 0
95 66 93 0.5 0
36 64 60 2.1089 0
65 63 105 0.5 0
61 66 120 0.5 0
84 64 71 1.0151 0
95 63 37 0.5 0
39 62 97 0.5 0
79 65 78 2.1419 0
88 62 24 0.8423 0
42 68 103 0.5 0
86 67 98 0.5 0
95 65 76 0.5 0
94 65 60 0.5 0
60 60 17 0.7426 0
58 65 18 1.9539 0
77 69 103 0.5 0
84 63 39 1.1301 0
88 64 50 0.9992 0
79 65 88 1.7913 0
80 63 23 1.9848 0
86 65 83 1.0749 0
70 67 117 0.5 0
39 69 96 0.5 0
67 70 95 0.5 0
85 64 63 1.2213 0
78 65 62 1.7948 0
79 64 56 1.9097 0
46 64 107 0.5 0
49 62 54 1.7755 0
67 69 110 0.5 0
73 64 102 0.5 0
50 68 112 0.5 0
35 63 38 1.8116 0
82 65 82 1.7819 0
80 65 69 1.7171 0
39 65 108 0.5 0
53 63 102 0.5 0
89 62 18 0.9659 0
49 67 54 1.6461 0
80 64 42 1.7766 0
83 64 53 1.6216 0
75 69 97 0.5 0
79 63 33 1.7125 0
84 63 27 1.5261 0
46 67 63 1.7341 0
0
