128
92 63 55 8.0819 0
23 104 67 0.5 0
28 28 59 3.7818 0
41 74 29 1.9332 0
66 92 55 8.0819 0
67 35 55 8.0819 0
35 64 55 8.0819 0
37 90 53 9.1775 0
90 90 53 9.2371 0
105 23 68 0.5 0
90 37 53 9.1775 0
40 40 38 5.1002 0
37 37 53 9.1775 0
85 70 26 1.6111 0
74 44 23 0.5 0
65 85 25 1.1617 0
64 64 62 1.0268 0
53 37 47 6.4656 0
87 57 34 3.4029 0
56 87 36 3.6934 0
78 87 34 3.4029 0
40 57 36 3.6946 0
53 90 46 6.0906 0
37 52 46 6.0136 0
38 76 44 5.7103 0
89 76 44 5.7092 0
89 53 44 5.7092 0
76 89 44 5.7092 0
77 38 43 5.5585 0
56 42 26 1.4781 0
87 87 38 5.2009 0
40 87 38 5.1002 0
97 77 58 5.0583 0
97 50 58 5.0583 0
30 77 58 5.0583 0
30 51 58 5.0583 0
54 30 58 5.0583 0
53 97 58 5.0583 0
87 41 38 4.7659 0
88 65 39 4.7013 0
64 89 41 4.7452 0
66 39 40 4.7008 0
75 74 62 1.0268 0
54 76 62 1.0268 0
39 65 41 4.7025 0
53 52 63 0.519 0
102 105 67 0.5 0
74 55 62 1.0268 0
78 98 58 4.2679 0
79 29 58 4.2306 0
87 75 58 3.6934 0
99 99 59 3.8153 0
99 28 59 3.7818 0
28 99 59 3.7818 0
40 52 59 3.6946 0
54 87 59 3.6934 0
55 40 59 3.693 0
40 77 59 3.6946 0
87 51 55 3.6934 0
58 40 35 3.693 0
43 48 23 0.5 0
47 85 25 1.1617 0
53 63 62 1.0268 0
104 88 69 0.5 0
40 24 69 0.5 0
105 39 68 0.5 0
87 78 34 3.4029 0
70 87 34 3.4029 0
85 47 24 0.7774 0
40 49 34 3.2923 0
40 78 34 3.2923 0
73 40 34 3.2923 0
50 39 36 3.2954 0
43 103 69 0.5 0
44 63 23 0.5 0
24 38 69 0.5 0
87 103 69 0.5 0
64 50 62 1.0268 0
62 104 69 0.5 0
44 100 60 3.0426 0
24 88 67 0.7926 0
87 49 33 2.9534 0
89 25 67 0.9991 0
79 40 60 3.0426 0
66 76 62 1.0268 0
48 87 33 2.9534 0
79 87 60 3.0426 0
45 29 60 3.0426 0
23 60 68 0.5 0
63 23 68 0.5 0
67 42 26 1.4781 0
56 85 25 1.1617 0
104 57 69 0.5 0
63 86 31 2.6855 0
40 68 33 2.8403 0
86 65 30 2.507 0
103 68 67 0.7921 0
85 85 24 0.7774 0
42 85 29 2.5805 0
42 42 29 2.5802 0
85 85 29 2.5797 0
81 42 26 1.4781 0
25 69 69 0.5 0
76 63 62 1.0268 0
77 86 53 2.6855 0
77 41 53 2.6851 0
86 71 33 2.6855 0
66 41 31 2.6851 0
82 41 31 2.6851 0
26 86 60 2.3083 0
71 25 67 0.9991 0
70 102 67 0.9991 0
42 58 27 1.6788 0
58 69 62 1.0268 0
101 42 60 2.3079 0
79 96 50 2.4761 0
79 31 50 2.4164 0
36 26 60 2.3083 0
96 74 50 2.4761 0
26 37 60 2.3083 0
96 53 50 2.4761 0
101 89 60 2.3079 0
91 101 60 2.3079 0
101 69 60 2.3079 0
31 74 50 2.4164 0
76 85 25 1.1617 0
36 102 67 0.9991 0
27 43 58 2.4289 0
0
