128
64 69 62 0.9808 0
121 57 69 0.5 0
8 57 69 0.8833 0
95 69 60 0.8754 0
35 69 68 0.8754 0
105 71 85 0.5 0
18 71 84 0.5 0
96 58 76 0.8754 0
79 58 63 0.8754 0
48 57 59 0.9586 0
18 70 59 0.9586 0
115 72 59 0.5 0
29 56 82 0.5 0
108 57 59 0.9586 0
28 57 59 0.9586 0
114 69 73 0.8754 0
112 56 82 0.5 0
16 58 80 0.8754 0
8 72 72 0.5 0
49 72 61 0.5 0
87 71 73 0.5 0
40 56 73 0.5 0
80 72 59 0.5 0
29 69 79 0.8754 0
101 69 73 0.8754 0
61 57 59 0.9586 0
15 58 59 0.9586 0
93 58 64 0.8754 0
108 57 71 0.5267 0
26 58 70 0.8754 0
23 69 69 0.8754 0
119 61 59 0.8974 0
38 62 59 0.9359 0
106 69 64 0.8754 0
8 66 59 0.8974 0
29 70 59 0.9586 0
70 58 60 0.8754 0
55 65 59 0.9359 0
86 69 65 0.8754 0
35 58 66 0.8754 0
86 57 72 0.5 0
103 57 83 0.8241 0
14 69 76 0.8754 0
73 69 63 0.9868 0
44 69 66 0.8754 0
17 57 70 0.5267 0
101 58 66 0.8754 0
11 69 66 0.8754 0
86 62 59 0.9359 0
43 58 66 0.8754 0
120 68 65 0.5 0
108 69 79 0.8754 0
93 69 70 0.8754 0
102 63 59 0.9359 0
39 70 59 0.9586 0
112 65 59 0.9359 0
22 63 59 0.9359 0
100 69 81 0.8754 0
115 58 64 0.8754 0
47 65 59 0.9359 0
114 58 76 0.8754 0
54 59 65 0.5 0
32 57 75 0.5267 0
23 58 79 0.8754 0
79 65 59 0.9359 0
22 69 80 0.8754 0
8 57 61 0.8974 0
114 69 64 0.8754 0
19 58 64 0.8754 0
99 69 65 0.8754 0
92 58 71 0.8754 0
84 58 67 0.8754 0
29 69 71 0.8754 0
99 57 59 0.9586 0
107 58 79 0.8754 0
69 65 59 0.9359 0
57 72 62 0.5 0
31 63 59 0.9359 0
17 69 67 0.8754 0
24 69 63 0.8754 0
42 58 60 0.8754 0
80 69 65 0.8754 0
101 58 72 0.8754 0
54 58 60 0.8754 0
89 69 60 0.8754 0
95 62 59 0.9359 0
14 65 59 0.9359 0
118 67 59 0.9359 0
25 69 75 0.8754 0
110 69 68 0.8754 0
102 69 60 0.8754 0
61 64 59 0.9359 0
49 58 64 0.8754 0
33 58 60 0.8754 0
11 60 75 0.5 0
40 71 73 0.5 0
107 58 66 0.8754 0
120 72 70 0.5 0
35 69 62 0.8754 0
95 70 76 0.8934 0
89 57 59 0.9586 0
11 72 59 0.5 0
19 69 74 0.8754 0
14 58 66 0.8754 0
113 58 69 0.8754 0
52 69 62 0.8754 0
101 58 79 0.8754 0
36 58 71 0.8754 0
109 70 59 0.9586 0
22 57 59 0.9586 0
75 61 59 0.9359 0
115 72 79 0.5 0
84 58 60 0.8754 0
77 69 60 0.8754 0
84 69 60 0.8754 0
30 58 66 0.8754 0
108 69 74 0.8754 0
24 58 64 0.8754 0
45 70 59 0.9586 0
19 58 74 0.8754 0
59 69 59 0.9586 0
68 70 59 0.9586 0
113 60 59 0.9359 0
107 64 59 0.9359 0
103 58 60 0.8754 0
34 69 75 0.5 0
65 57 62 0.9808 0
14 58 74 0.8754 0
0
