128
63 59 64 1.1085 0
89 116 63 0.5 0
38 106 63 0.5 0
75 8 65 0.5 0
35 29 67 1.8107 0
95 41 64 0.5 0
67 92 63 0.5995 0
90 75 71 0.5 0
39 77 63 0.6006 0
63 31 63 0.6006 0
62 116 65 0.5 0
51 13 64 1.0321 0
89 21 64 1.1085 0
88 95 63 0.5995 0
44 47 64 1.1074 0
77 45 65 0.7447 0
74 75 63 0.6006 0
49 92 63 0.5995 0
76 106 64 0.6006 0
57 78 63 0.5 0
74 23 64 1.1085 0
60 46 64 1.1085 0
77 58 64 1.0512 0
52 106 64 0.6006 0
62 19 64 1.1085 0
49 33 63 0.6006 0
48 67 63 0.5 0
35 40 67 1.7835 0
51 56 64 1.1085 0
79 90 70 0.5 0
86 51 64 1.1085 0
64 104 63 0.6006 0
45 116 64 0.5 0
86 108 68 1.0715 0
85 68 63 0.6006 0
46 22 64 1.1085 0
38 89 65 0.5 0
84 80 63 0.5 0
82 32 64 0.5 0
81 14 64 1.1085 0
66 9 64 0.7981 0
65 70 63 0.6006 0
78 116 65 0.5 0
94 31 63 0.4997 0
80 73 69 0.7316 0
74 85 63 0.5845 0
58 96 63 0.5984 0
76 96 63 0.5995 0
56 26 64 0.7699 0
68 48 64 1.1085 0
52 44 64 1.1085 0
48 79 65 0.5 0
66 80 63 0.5 0
86 40 63 0.6006 0
39 68 63 0.6006 0
72 33 64 0.5 0
88 90 71 0.5 0
59 87 64 0.5 0
42 98 64 0.5 0
70 113 63 0.6006 0
90 86 63 0.5 0
54 114 63 0.6006 0
57 68 63 0.5989 0
83 25 64 1.1085 0
87 73 66 1.1069 0
82 91 65 1.1597 0
74 15 64 1.1085 0
66 39 65 0.5 0
60 12 64 1.1085 0
76 67 63 0.5 0
58 37 63 0.6006 0
74 52 64 1.1085 0
65 25 64 1.1085 0
60 53 64 1.1085 0
44 85 63 0.5845 0
43 38 63 0.6006 0
52 85 63 0.5845 0
45 108 63 0.6006 0
38 114 63 0.5 0
91 44 64 1.1085 0
83 44 64 1.1085 0
50 50 64 1.1085 0
52 73 63 0.6006 0
69 59 64 1.1085 0
68 19 64 1.1085 0
80 52 64 1.1085 0
90 103 63 0.5 0
40 23 71 0.5 0
45 73 63 0.6006 0
82 103 63 0.6006 0
41 26 64 0.7699 0
78 38 63 0.6006 0
79 111 70 0.5 0
41 49 71 0.5 0
56 18 65 0.7447 0
70 98 65 0.5 0
81 110 63 0.6006 0
38 44 65 1.4314 0
72 40 63 0.6006 0
66 86 65 0.5 0
58 103 65 0.5 0
63 110 64 0.6006 0
88 30 63 0.6006 0
52 98 63 0.5 0
70 107 64 0.6006 0
87 91 65 1.1597 0
68 53 64 1.1085 0
51 22 64 1.1085 0
43 92 63 0.5995 0
64 97 65 0.5 0
73 91 65 0.5 0
92 27 67 0.5 0
78 80 63 0.5 0
71 70 63 0.6006 0
77 29 63 0.6006 0
81 75 63 0.6006 0
91 37 65 0.5 0
68 75 65 0.5 0
90 110 63 0.5 0
55 32 63 0.6006 0
62 76 63 0.6006 0
91 25 64 1.1085 0
49 18 64 1.1085 0
79 18 64 1.1085 0
49 112 64 0.6006 0
47 103 64 0.6006 0
80 85 63 0.5845 0
57 57 65 0.7447 0
0
