128
63 64 60 1.4385 0
83 90 112 0.5 0
93 40 21 0.5 0
35 89 21 0.5 0
88 92 21 0.5 0
39 36 21 0.5 0
42 85 107 0.8681 0
72 87 82 0.7048 0
47 80 43 2.0578 0
80 47 43 2.0578 0
80 80 43 2.0578 0
47 47 43 2.0578 0
49 81 73 0.6621 0
63 94 102 0.7965 0
86 68 65 0.5 0
42 55 65 0.5 0
62 42 65 0.5 0
64 65 36 0.5 0
76 51 59 2.9014 0
76 76 60 3.1476 0
51 76 60 3.1476 0
82 86 96 0.935 0
51 51 59 2.9014 0
55 88 88 0.7097 0
84 64 34 0.5 0
45 64 34 0.5 0
84 43 28 2.0674 0
43 84 28 2.0674 0
84 84 28 2.0674 0
64 85 69 0.852 0
43 43 28 2.0674 0
54 92 112 0.5 0
74 92 104 0.7477 0
65 53 60 2.0122 0
78 81 73 0.6598 0
63 79 61 1.4358 0
46 86 95 0.8232 0
47 64 62 0.8203 0
73 90 94 0.7598 0
50 91 103 0.9648 0
77 65 60 1.4385 0
45 45 35 2.6225 0
82 45 35 2.6225 0
82 82 35 2.6225 0
45 82 35 2.6225 0
47 83 84 0.8425 0
80 84 87 0.7193 0
67 95 112 0.5 0
74 65 35 0.5 0
56 86 78 0.8549 0
63 91 92 0.8566 0
85 85 106 0.8894 0
85 58 64 0.5 0
54 66 36 0.5 0
68 70 60 1.4385 0
57 59 60 1.4385 0
63 89 83 0.7423 0
71 85 74 0.7028 0
56 84 70 0.6471 0
71 58 60 1.4385 0
85 47 65 0.5 0
92 83 21 0.5 0
69 45 63 0.7232 0
82 56 35 0.642 0
60 74 60 2.0122 0
70 83 64 0.7232 0
45 56 35 0.6421 0
54 91 96 0.8652 0
42 71 65 0.5 0
36 46 21 0.5 0
44 45 65 0.5 0
59 47 62 0.7559 0
56 66 61 1.1435 0
44 92 22 0.5 0
50 77 53 1.9524 0
77 77 53 1.9524 0
48 89 110 0.9715 0
89 48 21 0.5 0
57 93 104 0.809 0
45 72 35 0.6421 0
82 72 35 0.642 0
37 81 21 0.5 0
63 87 76 0.8093 0
78 90 109 0.8734 0
60 51 60 2.0122 0
86 37 21 0.5 0
70 50 60 2.0122 0
61 94 110 0.9192 0
50 50 53 1.9524 0
77 50 53 1.9524 0
79 83 80 0.8648 0
65 75 60 2.0122 0
70 74 60 2.0122 0
57 83 64 0.7232 0
80 88 21 0.5 0
47 39 21 0.5 0
81 72 63 1.4227 0
57 78 61 1.81 0
45 87 101 0.9184 0
44 48 21 0.5 0
49 70 61 1.6471 0
82 62 63 0.7232 0
63 59 60 1.4385 0
49 57 60 1.4359 0
70 93 109 0.841 0
83 52 64 0.9148 0
80 57 62 0.753 0
77 80 68 0.803 0
50 80 68 0.8038 0
81 46 21 0.5 0
79 89 103 0.974 0
56 54 60 1.5406 0
74 70 60 1.4385 0
78 70 61 1.6624 0
85 85 23 1.44 0
85 42 23 1.44 0
42 42 23 1.44 0
42 85 23 1.44 0
44 50 64 0.9148 0
53 61 60 1.4385 0
71 80 62 1.4358 0
72 89 88 0.7313 0
57 70 60 1.4385 0
48 82 79 0.9921 0
50 65 60 1.4385 0
42 61 65 0.5 0
77 57 60 1.4385 0
54 81 63 1.4227 0
0
