128
56 94 45 16.1485 0
83 20 66 6.8297 0
30 38 62 11.2377 0
119 78 74 0.5 0
53 33 45 16.1485 0
88 92 54 14.0469 0
84 35 50 14.1077 0
17 82 68 4.8657 0
32 89 61 11.9406 0
118 47 74 0.5 0
67 60 55 6.418 0
103 41 64 8.6419 0
32 86 40 8.2235 0
20 51 30 0.5 0
42 22 65 7.5759 0
30 42 41 7.5982 0
43 106 66 7.2062 0
77 85 36 7.0776 0
106 84 65 6.9012 0
73 108 55 6.418 0
77 101 36 6.4348 0
70 19 55 6.418 0
67 74 55 6.418 0
105 78 30 0.854 0
104 48 31 1.8618 0
98 84 37 6.1844 0
98 43 36 6.1595 0
83 108 67 6.0868 0
72 24 35 5.9971 0
96 27 67 5.8522 0
72 44 35 5.8933 0
103 44 48 5.5567 0
67 47 56 5.4101 0
52 51 74 0.5 0
89 44 68 5.1904 0
91 94 34 5.0619 0
45 45 68 4.8854 0
106 82 52 4.8855 0
101 97 68 4.5818 0
57 67 53 4.4202 0
57 53 53 4.4202 0
10 49 73 0.6511 0
21 82 49 4.2453 0
16 45 69 4.0815 0
38 104 54 4.0816 0
45 34 69 4.1826 0
94 104 69 4.1826 0
62 112 57 4.1044 0
81 82 69 4.1826 0
46 83 69 4.1826 0
81 37 69 4.1826 0
35 33 33 4.054 0
87 45 33 4.054 0
35 98 46 4.131 0
43 82 33 4.054 0
40 45 33 4.054 0
38 97 34 4.0871 0
59 15 57 3.9109 0
32 31 47 4.0127 0
95 81 69 3.8776 0
22 46 50 3.8776 0
74 81 47 3.8776 0
88 81 33 3.8776 0
47 81 59 3.8776 0
47 95 69 3.8593 0
35 25 53 3.7864 0
52 111 57 3.754 0
83 26 33 3.6309 0
93 33 33 3.4684 0
17 81 58 3.2033 0
50 16 58 3.4781 0
71 108 42 3.5066 0
56 78 58 3.3944 0
71 86 58 3.3944 0
17 46 58 3.1961 0
30 24 69 3.2544 0
30 103 69 3.2668 0
55 60 58 3.2037 0
97 89 70 3.1747 0
81 98 70 3.1747 0
87 31 70 3.1747 0
68 106 33 3.1757 0
80 46 70 3.1747 0
73 19 44 3.1154 0
52 119 74 0.5 0
76 35 32 3.0461 0
80 106 45 3.1011 0
62 46 32 3.0461 0
45 47 58 2.8697 0
67 82 32 3.0461 0
86 37 32 3.0461 0
106 80 43 2.8697 0
40 47 53 2.8697 0
24 47 32 2.8111 0
110 47 55 2.8391 0
102 34 52 2.9273 0
41 80 46 2.8697 0
79 90 70 2.8515 0
70 47 47 2.8697 0
113 47 69 2.8697 0
45 109 54 2.8219 0
19 91 70 2.8818 0
25 80 32 2.8697 0
51 9 72 0.5 0
66 18 41 2.7949 0
48 90 63 2.8514 0
80 47 63 2.8697 0
21 80 41 2.7749 0
100 29 58 2.672 0
68 30 59 2.3865 0
63 16 48 2.7714 0
81 17 56 2.7328 0
66 111 48 2.7274 0
48 13 70 2.3793 0
63 20 33 2.4377 0
91 21 59 2.5087 0
67 38 59 2.3865 0
42 19 54 2.5209 0
79 18 49 2.5817 0
56 75 51 2.4044 0
100 35 42 2.3676 0
53 48 58 2.403 0
84 109 56 2.4746 0
76 80 59 2.4051 0
71 93 59 2.3865 0
25 35 48 2.4766 0
34 29 40 2.3674 0
105 93 60 2.4073 0
0
