128
63 63 73 9.6782 0
69 58 10 2.1405 0
57 66 116 2.8454 0
63 63 46 9.6842 0
63 63 94 9.6303 0
61 66 29 6.2073 0
70 60 116 2.536 0
62 75 8 0.5 0
52 62 9 0.5 0
69 69 17 2.107 0
58 69 12 2.1389 0
58 58 11 2.5098 0
61 69 60 3.7672 0
68 59 60 3.7046 0
57 61 59 3.3781 0
69 60 33 3.4311 0
69 57 21 1.5667 0
69 70 111 1.218 0
70 64 110 3.2238 0
57 66 108 2.8454 0
69 67 61 3.1898 0
60 55 115 1.0424 0
66 57 26 3.2008 0
60 57 34 2.9371 0
57 60 113 2.8454 0
71 63 25 2.3428 0
69 68 35 2.6895 0
69 68 10 2.044 0
55 60 19 1.3442 0
58 58 24 2.617 0
68 71 121 0.5 0
66 55 108 1.0085 0
58 69 18 2.3565 0
57 59 105 2.4054 0
69 58 16 2.3989 0
64 72 107 1.3897 0
61 56 62 2.3775 0
63 72 117 1.2014 0
70 67 116 2.2902 0
71 65 84 2.252 0
69 68 105 2.2159 0
69 60 105 2.2159 0
69 68 23 2.1281 0
64 71 84 2.1862 0
70 59 84 2.0854 0
71 66 30 2.019 0
59 70 83 1.9634 0
63 54 15 1.025 0
63 55 56 1.8662 0
63 72 13 1.5275 0
64 55 83 1.8239 0
65 55 118 1.0085 0
69 57 110 1.7938 0
58 57 83 1.804 0
58 57 18 1.7847 0
55 63 36 1.7114 0
66 76 22 0.5 0
56 67 56 1.7403 0
55 63 83 1.6448 0
66 71 56 1.7379 0
72 63 16 1.4392 0
63 72 22 1.5211 0
70 68 55 1.7488 0
62 76 37 0.5 0
52 65 14 0.8225 0
61 52 105 0.707 0
65 55 32 1.5641 0
57 69 103 1.5504 0
55 65 63 1.6074 0
60 71 37 1.5102 0
73 73 67 0.5 0
76 66 102 0.5 0
72 64 57 1.5016 0
56 68 36 1.504 0
72 64 12 1.4687 0
76 64 38 0.5 0
65 55 113 1.0085 0
55 63 13 1.0903 0
51 64 23 0.5 0
61 55 29 1.5213 0
58 70 112 1.3323 0
55 65 103 1.4918 0
69 70 84 1.309 0
61 71 103 1.4667 0
72 74 89 0.5 0
68 76 36 0.5 0
64 72 35 1.3177 0
66 71 103 1.4667 0
71 53 38 0.5 0
61 55 103 1.406 0
68 76 80 0.5 0
58 56 109 1.3266 0
72 64 102 1.4341 0
58 56 55 1.2647 0
58 55 121 0.5 0
55 60 32 1.2233 0
68 75 30 0.5 0
76 61 66 0.5 0
76 67 21 0.5 0
67 56 103 1.3766 0
72 63 20 1.317 0
63 72 113 1.1958 0
56 58 64 1.3187 0
67 71 13 1.2895 0
74 56 66 0.5 0
59 60 121 0.5 0
55 63 9 1.0903 0
63 72 17 1.3084 0
65 52 20 0.6866 0
72 63 38 1.3266 0
72 74 58 0.5 0
69 70 30 1.2652 0
55 60 28 1.3216 0
72 63 65 1.3054 0
54 62 23 0.9194 0
67 55 38 1.3124 0
62 66 7 0.5 0
59 71 108 1.1897 0
67 55 65 1.2958 0
55 61 118 1.1326 0
68 56 114 1.2799 0
62 72 9 1.1326 0
55 64 19 1.0903 0
75 70 98 0.5 0
62 72 54 1.2098 0
64 54 8 0.6247 0
62 55 109 1.0085 0
73 55 102 0.5 0
0
