128
73 55 59 3.1729 0
10 82 57 0.5 0
118 47 71 0.5 0
31 49 58 1.7956 0
46 84 58 1.3124 0
90 88 67 0.5 0
108 71 58 1.9742 0
72 80 58 1.7727 0
99 46 57 0.9978 0
24 69 58 1.3042 0
102 39 74 0.5 0
55 67 59 0.5 0
30 84 58 1.3119 0
115 54 56 0.6561 0
39 69 58 1.3036 0
99 66 68 1.6581 0
61 41 58 0.5 0
71 43 59 3.0662 0
82 78 63 2.6397 0
37 53 73 0.5 0
112 39 60 0.5 0
103 59 58 1.6878 0
63 51 59 2.9327 0
107 42 68 2.5409 0
78 48 60 3.9152 0
18 56 56 0.5737 0
99 68 59 2.3475 0
43 56 56 0.5 0
60 87 57 0.5 0
107 63 61 3.6368 0
12 71 56 0.5 0
107 42 59 2.5409 0
18 84 58 1.3115 0
98 51 67 0.7373 0
38 52 63 1.5628 0
74 80 73 0.5 0
87 88 57 0.5 0
81 88 71 0.5 0
114 52 65 0.7864 0
54 84 58 1.3128 0
38 84 58 1.3121 0
20 47 57 0.5 0
34 56 58 1.6878 0
76 85 63 1.3978 0
70 51 64 2.6025 0
49 69 58 1.3039 0
75 79 68 1.7653 0
40 45 56 0.6561 0
116 46 57 0.9978 0
98 76 67 0.5 0
32 69 58 1.3037 0
107 63 73 0.5 0
83 85 58 1.5685 0
75 72 57 0.6859 0
83 85 68 1.6185 0
65 62 56 0.5 0
36 51 69 1.6429 0
104 72 66 0.7073 0
80 81 58 2.1716 0
42 51 58 1.3768 0
98 70 65 2.0899 0
76 77 58 2.1712 0
61 71 58 0.5 0
107 63 68 1.9126 0
114 56 62 1.2039 0
116 46 64 0.9978 0
100 46 64 0.9978 0
113 73 65 0.5 0
98 46 72 0.5 0
39 55 58 1.6878 0
100 64 64 1.9158 0
14 77 59 0.5 0
35 46 58 1.7161 0
98 53 56 0.6241 0
87 85 65 1.587 0
99 54 62 0.9217 0
76 84 58 1.7942 0
101 63 58 1.7455 0
109 71 63 1.5626 0
82 74 58 1.2403 0
66 61 62 0.5 0
116 61 57 0.5 0
111 59 58 1.6878 0
39 48 58 1.6898 0
76 81 64 1.6831 0
63 44 57 1.1639 0
79 85 66 1.6083 0
97 73 61 1.5095 0
113 46 70 0.9978 0
111 67 58 1.583 0
72 74 58 1.5517 0
98 47 68 0.9814 0
17 68 57 0.5 0
104 68 58 1.5314 0
108 54 65 0.5 0
114 39 71 0.5 0
66 59 57 1.1639 0
87 85 60 1.3687 0
66 46 58 1.5116 0
32 51 64 0.9924 0
24 85 56 0.656 0
111 46 63 0.9978 0
105 77 61 0.5 0
50 84 58 1.3126 0
42 84 58 1.3122 0
34 84 58 1.312 0
26 84 58 1.3118 0
22 84 58 1.3116 0
20 69 58 1.3044 0
53 69 58 1.3042 0
28 69 58 1.3039 0
45 69 58 1.3037 0
107 57 58 1.2512 0
71 77 64 0.5109 0
104 41 63 1.3356 0
66 48 65 1.3361 0
72 49 58 1.3378 0
106 45 64 1.3019 0
74 57 67 0.5 0
76 73 65 0.5 0
72 43 67 0.5 0
79 86 60 1.3172 0
33 46 66 0.5 0
112 63 57 1.1639 0
82 73 63 1.2568 0
104 48 71 0.5 0
102 46 60 0.9978 0
111 43 74 0.5 0
0
