128
55 70 57 10.2658 0
107 62 72 7.9174 0
29 63 63 16.3131 0
82 72 55 7.8032 0
105 71 56 9.2579 0
54 57 72 8.2501 0
107 53 57 6.2343 0
53 74 74 6.2343 0
53 53 53 6.2343 0
106 76 73 4.2186 0
17 76 76 4.2186 0
42 51 76 4.2186 0
41 76 76 4.2186 0
70 76 51 4.2186 0
42 76 51 4.2186 0
16 76 52 4.1044 0
16 52 76 4.1044 0
70 71 59 3.7717 0
12 47 47 0.5151 0
103 50 76 3.2107 0
40 50 50 3.2107 0
59 50 62 3.2107 0
111 50 75 3.2107 0
18 50 51 3.2107 0
93 77 59 3.2107 0
46 50 65 3.2107 0
111 60 50 3.2107 0
106 50 69 3.2107 0
93 73 50 3.2107 0
44 65 77 3.2107 0
46 77 66 3.2107 0
46 61 50 3.2107 0
112 77 67 3.0965 0
102 59 50 2.878 0
60 67 77 2.7638 0
72 67 51 2.7639 0
92 67 59 2.7639 0
60 57 60 2.7638 0
60 68 70 2.7638 0
116 80 81 0.5 0
112 72 78 2.2028 0
15 57 49 2.2028 0
25 78 78 2.2028 0
15 64 78 2.2028 0
43 78 59 2.2028 0
44 49 56 2.2028 0
112 49 65 2.2028 0
60 59 49 2.2028 0
112 78 78 2.2028 0
26 50 78 2.2028 0
26 49 49 2.2028 0
12 81 66 0.5 0
15 65 49 2.2028 0
15 49 69 2.2028 0
52 49 62 2.2028 0
111 49 49 2.2028 0
103 49 49 2.2028 0
15 49 62 2.2028 0
60 78 67 2.2028 0
63 81 81 0.5 0
60 49 78 2.2028 0
113 58 63 2.0886 0
90 67 49 2.2028 0
66 69 49 2.2028 0
29 81 47 0.5 0
63 78 49 2.2028 0
35 78 49 2.2028 0
35 49 78 2.2028 0
34 78 78 2.2028 0
44 69 49 2.2028 0
44 58 78 2.2028 0
25 78 51 2.2028 0
17 78 67 2.2028 0
97 78 49 2.2028 0
14 52 56 2.0886 0
102 78 67 2.2028 0
102 70 78 2.2028 0
102 49 64 2.2028 0
17 78 59 2.2028 0
113 78 49 2.0886 0
14 69 75 2.0886 0
70 78 59 2.2028 0
33 50 49 2.2028 0
113 73 72 2.0886 0
113 70 67 2.0886 0
113 54 67 2.0886 0
113 61 56 2.0886 0
113 54 49 2.0886 0
14 76 63 2.0886 0
14 74 69 2.0886 0
14 59 76 2.0886 0
113 63 61 2.0886 0
101 60 61 1.8702 0
101 72 69 1.8702 0
101 55 64 1.8702 0
64 47 49 0.5 0
101 78 78 1.8702 0
61 49 50 1.756 0
75 66 61 1.756 0
61 49 56 1.756 0
96 66 49 1.756 0
75 78 61 1.756 0
101 53 71 1.8702 0
65 78 61 1.756 0
68 66 55 1.756 0
61 78 76 1.756 0
93 66 53 1.756 0
61 49 69 1.756 0
61 57 54 1.756 0
61 54 49 1.756 0
61 73 78 1.756 0
116 81 59 0.5 0
49 49 79 1.1949 0
39 69 79 1.1949 0
44 55 48 1.1949 0
91 79 53 1.1949 0
50 79 48 1.1949 0
13 69 53 1.0807 0
115 55 81 0.5 0
112 55 79 1.1949 0
47 48 48 1.1949 0
39 56 48 1.1949 0
22 73 48 1.1949 0
89 80 47 0.5987 0
39 70 48 1.1949 0
35 73 79 1.1949 0
24 79 73 1.1949 0
24 73 79 1.1949 0
0
