128
68 75 52 10.7307 0
22 45 82 4.4856 0
105 45 82 4.4856 0
30 73 54 13.3585 0
97 50 50 8.9128 0
102 79 78 7.5092 0
97 73 54 13.3585 0
99 59 75 10.9286 0
28 59 75 10.9286 0
30 50 50 8.9128 0
31 79 76 7.5092 0
51 80 47 6.5013 0
50 71 57 5.6913 0
104 46 64 5.4934 0
24 46 64 5.4934 0
34 45 82 4.4856 0
93 45 63 4.4856 0
83 82 45 4.4856 0
94 45 82 4.4856 0
106 57 60 4.2877 0
21 57 59 4.2877 0
21 73 82 4.2877 0
21 82 68 4.2877 0
92 82 70 3.8734 0
54 68 46 3.6756 0
47 82 59 3.6756 0
92 72 82 3.8734 0
35 51 63 3.8734 0
92 73 72 3.8734 0
35 45 72 3.8734 0
45 68 45 3.6756 0
82 82 59 3.6756 0
82 68 45 3.6756 0
56 82 59 3.6756 0
80 68 59 3.6756 0
22 60 44 3.4777 0
95 44 73 3.4777 0
105 83 67 3.4777 0
22 83 83 3.4777 0
106 58 44 3.4777 0
107 71 69 3.2798 0
20 45 73 3.2798 0
20 75 73 3.2798 0
91 83 82 2.8656 0
36 70 83 2.8656 0
36 60 44 2.8656 0
91 60 44 2.8656 0
111 87 42 0.5 0
17 86 40 0.5 0
110 41 41 0.7004 0
17 41 41 0.7004 0
91 58 60 2.8656 0
107 45 43 2.4698 0
59 67 60 2.6677 0
105 43 73 2.4698 0
106 83 43 2.4698 0
111 68 88 0.5 0
29 71 84 2.4698 0
36 43 59 2.4698 0
20 46 43 2.4698 0
20 43 54 2.4698 0
61 84 43 2.4698 0
75 84 43 2.4698 0
43 84 52 2.4698 0
107 71 84 2.4698 0
21 84 76 2.4698 0
20 53 43 2.4698 0
107 43 53 2.4698 0
29 43 76 2.4698 0
42 84 45 2.4698 0
42 78 43 2.4698 0
108 60 51 2.2719 0
35 84 67 2.4698 0
20 81 43 2.4698 0
107 65 43 2.4698 0
79 84 52 2.4698 0
79 75 43 2.4698 0
36 43 65 2.4698 0
108 51 43 2.2719 0
19 66 66 2.2719 0
19 60 52 2.2719 0
108 65 64 2.2719 0
19 72 67 2.2719 0
108 48 72 2.2719 0
108 48 56 2.2719 0
19 43 48 2.2719 0
108 52 84 2.2719 0
19 52 84 2.2719 0
37 88 87 0.5 0
19 48 57 2.2719 0
108 84 60 2.2719 0
19 84 60 2.2719 0
19 84 48 2.2719 0
19 67 43 2.2719 0
108 70 78 2.2719 0
108 77 66 2.2719 0
37 58 59 1.8577 0
111 87 87 0.5 0
111 88 50 0.5 0
37 84 84 1.8577 0
90 78 78 1.8577 0
37 60 64 1.8577 0
90 43 43 1.8577 0
37 43 43 1.8577 0
34 88 41 0.5 0
37 53 84 1.8577 0
37 68 69 1.8577 0
90 65 84 1.8577 0
90 63 65 1.8577 0
74 88 62 0.5 0
29 60 42 1.4619 0
90 67 68 1.8577 0
90 52 83 1.8577 0
90 51 68 1.8577 0
37 74 69 1.8577 0
40 84 61 1.7942 0
37 76 84 1.8577 0
37 71 73 1.8577 0
79 66 51 1.6598 0
90 48 73 1.8577 0
101 70 85 1.4619 0
90 54 64 1.8577 0
90 51 60 1.8577 0
85 74 42 1.4619 0
66 88 63 0.5 0
92 86 41 0.8403 0
37 64 85 1.4619 0
61 65 41 0.9541 0
0
