128
67 58 61 0.6785 0
63 104 25 0.5 0
65 26 106 0.5 0
54 24 25 0.5 0
64 65 100 0.5 0
63 65 25 0.5 0
58 25 59 0.191 0
69 83 46 0.5 0
73 39 40 0.5 0
61 44 83 0.5386 0
54 45 47 0.5 0
75 25 25 0.5 0
59 64 80 0.5 0
70 39 66 0.5 0
65 84 27 0.5 0
63 46 104 0.2832 0
62 65 44 0.3593 0
57 28 42 0.602 0
57 46 62 0.5 0
60 74 56 0.5 0
71 27 52 0.5 0
70 55 76 0.5 0
65 52 38 0.4888 0
67 36 94 0.407 0
69 52 92 0.5 0
72 47 53 0.5 0
61 92 38 0.5 0
60 31 71 0.5 0
60 77 38 0.5 0
70 25 38 0.1686 0
62 54 50 0.5 0
60 36 54 0.4153 0
69 25 65 0.5 0
58 65 66 0.5 0
59 51 73 0.4468 0
68 63 88 0.5 0
59 55 87 0.2774 0
69 64 70 0.5137 0
56 32 32 0.5 0
64 62 35 0.9017 0
60 44 94 0.407 0
68 44 75 0.5 0
59 81 48 0.5 0
68 69 61 0.5 0
64 36 104 0.5 0
72 37 50 0.5 0
57 58 58 0.5 0
64 94 28 0.5 0
69 49 66 0.4625 0
55 39 39 0.5 0
59 41 72 0.5 0
67 73 48 0.2734 0
62 55 100 0.3881 0
72 32 32 0.5 0
66 45 45 0.3548 0
65 74 30 0.3517 0
60 37 63 0.7072 0
61 45 53 0.6575 0
68 34 75 0.5 0
68 32 60 0.7866 0
66 64 53 0.2277 0
69 65 79 0.5 0
69 43 88 0.2889 0
67 71 38 0.5 0
67 82 36 0.5 0
67 41 58 0.5307 0
67 51 83 0.5 0
57 28 51 0.2911 0
61 61 93 0.3982 0
63 58 71 0.5 0
71 31 44 0.3136 0
68 45 96 0.5 0
59 38 46 0.5 0
62 57 43 0.7247 0
63 51 60 0.5 0
63 57 80 0.5 0
59 30 64 0.8758 0
56 51 55 0.5 0
61 66 59 0.5 0
68 89 39 0.5 0
64 59 106 0.5 0
58 51 81 0.5 0
59 86 42 0.5 0
61 78 25 0.5 0
61 33 97 0.5 0
57 25 34 0.5 0
67 32 68 0.5 0
61 65 87 0.5 0
58 54 66 0.2851 0
67 95 35 0.5 0
72 53 57 0.5 0
58 63 73 0.5 0
73 46 46 0.5 0
67 77 42 0.4499 0
67 74 55 0.5 0
55 31 25 0.5 0
60 74 45 0.2114 0
60 52 94 0.407 0
61 86 34 0.3529 0
69 56 68 0.427 0
61 69 50 0.2032 0
66 49 51 0.667 0
58 48 89 0.5 0
62 43 66 0.5 0
66 40 51 0.5 0
71 25 31 0.2724 0
66 60 48 0.5 0
62 69 34 0.4522 0
66 30 100 0.5 0
56 41 55 0.5 0
67 59 94 0.5 0
62 41 100 0.3881 0
61 60 53 0.3867 0
60 39 79 0.5 0
63 50 68 0.5 0
68 69 25 0.5 0
68 40 80 0.5 0
63 100 30 0.5 0
66 56 87 0.4546 0
58 33 38 0.5 0
65 51 75 0.5 0
71 45 61 0.5 0
70 33 38 0.4666 0
67 54 46 0.5 0
61 71 25 0.5 0
70 57 82 0.5 0
62 79 32 0.5 0
70 25 44 0.5 0
0
