128
64 68 68 2.5737 0
45 26 26 0.0662 0
82 26 102 0.5 0
45 101 26 0.5252 0
46 102 102 0.5 0
84 26 56 0.5 0
81 78 28 1.2464 0
44 29 81 0.5 0
47 63 30 2.2211 0
79 83 98 2.7783 0
64 51 97 3.2627 0
46 100 67 1.0331 0
81 99 64 1.3352 0
80 45 28 1.575 0
46 44 56 1.3235 0
48 77 90 2.5961 0
57 86 47 2.5992 0
80 54 52 2.2217 0
80 45 76 1.6373 0
60 28 44 1.7046 0
79 86 47 2.5992 0
70 101 26 0.5252 0
64 96 83 1.114 0
55 27 100 0.9518 0
64 26 69 0.5252 0
48 47 84 2.7885 0
79 82 77 2.4656 0
69 63 32 2.0606 0
60 54 50 2.5 0
60 45 28 1.575 0
47 69 55 1.4591 0
69 32 87 1.0683 0
64 89 66 1.6965 0
47 82 71 1.7288 0
80 63 79 1.7223 0
64 79 87 3.0336 0
47 65 76 1.9458 0
54 91 29 2.9282 0
80 27 39 1.0331 0
64 99 99 2.041 0
74 67 98 2.2025 0
62 44 68 0.6412 0
46 96 84 0.9596 0
82 101 88 0.5252 0
45 26 63 0.5252 0
80 69 59 1.7375 0
79 91 29 2.9282 0
60 59 82 2.0222 0
59 71 41 1.9936 0
68 30 27 1.0331 0
80 40 93 1.8474 0
45 38 38 0.5798 0
80 71 42 2.0612 0
48 51 97 3.2627 0
55 32 30 2.4282 0
59 69 99 2.041 0
82 26 76 0.5 0
67 102 51 0.5 0
46 98 50 1.3159 0
78 51 97 3.2627 0
73 35 52 0.7485 0
48 54 44 2.6294 0
64 78 28 1.2464 0
46 79 36 1.2543 0
72 55 68 1.4247 0
54 55 68 1.4247 0
80 99 99 2.041 0
65 45 82 1.2761 0
46 38 70 0.7213 0
72 45 41 0.7321 0
55 32 87 1.0683 0
80 54 38 1.6471 0
47 29 48 1.4901 0
54 83 98 2.7783 0
47 45 28 1.575 0
47 67 98 2.2025 0
58 34 59 0.8044 0
67 69 54 1.3453 0
68 87 52 2.4695 0
68 93 34 2.5172 0
79 32 30 2.4282 0
79 79 87 3.0336 0
76 34 66 0.6856 0
68 27 100 0.9518 0
47 87 53 2.3852 0
80 88 61 1.8412 0
81 99 51 1.3121 0
72 48 87 2.9393 0
57 98 59 0.9499 0
60 54 37 1.5352 0
80 63 30 2.2211 0
81 27 90 1.0043 0
76 96 77 0.7714 0
54 72 28 1.8847 0
72 54 46 2.6451 0
48 71 42 2.0612 0
62 82 76 2.2408 0
59 98 47 1.703 0
65 44 56 1.3235 0
60 40 93 1.8474 0
82 44 62 0.8694 0
64 83 98 2.7783 0
55 76 61 0.9996 0
69 100 68 1.0331 0
54 68 68 2.5737 0
79 68 68 2.5737 0
68 34 39 1.5143 0
54 88 85 1.0377 0
49 59 87 1.4341 0
53 82 78 2.701 0
70 79 38 0.9612 0
59 33 76 0.7933 0
46 27 93 0.88 0
47 40 93 1.8474 0
80 35 45 1.593 0
68 86 42 2.3712 0
54 96 74 0.8696 0
59 63 32 2.0606 0
47 54 56 1.6606 0
54 99 99 2.041 0
54 88 61 1.8412 0
72 33 76 0.7933 0
74 71 34 2.1725 0
70 59 86 1.7917 0
47 86 41 2.1726 0
53 44 48 1.2509 0
74 94 90 0.8707 0
71 40 100 1.0265 0
0
