128
68 47 63 3.5943 0
10 64 66 2.381 0
121 66 74 0.5 0
39 59 60 3.412 0
100 64 58 2.6103 0
84 58 73 1.9288 0
47 52 71 3.9181 0
27 64 74 1.76 0
121 61 56 0.5 0
86 54 57 1.6655 0
99 64 73 2.6103 0
21 64 58 2.6103 0
51 49 59 3.2662 0
112 64 58 2.6103 0
56 48 71 3.9966 0
80 52 71 3.9181 0
38 61 69 3.6844 0
71 48 71 3.9966 0
109 64 73 2.6103 0
89 61 69 3.6844 0
76 49 59 3.2662 0
59 47 63 3.5943 0
30 64 58 2.6103 0
82 53 62 3.4767 0
45 53 62 3.4767 0
88 59 60 3.412 0
28 64 66 2.6103 0
21 63 71 2.6103 0
117 62 68 1.6025 0
99 64 65 2.6103 0
13 64 72 2.6103 0
13 64 60 2.6103 0
116 64 73 2.6103 0
116 64 63 2.6103 0
104 64 69 2.6103 0
106 64 60 2.6103 0
93 63 63 2.6162 0
34 63 63 2.6162 0
32 64 72 2.6103 0
64 45 73 1.9391 0
43 58 73 1.9288 0
91 68 77 0.5 0
94 64 57 1.7918 0
64 49 70 1.9909 0
75 51 66 1.971 0
52 51 66 1.971 0
64 45 58 1.9391 0
93 64 74 1.76 0
36 64 57 1.7918 0
40 67 77 0.5 0
71 46 57 1.7918 0
86 54 68 1.6655 0
57 48 57 1.7918 0
121 68 57 0.5 0
41 54 57 1.6655 0
88 52 77 0.5 0
117 62 57 1.6025 0
23 65 64 1.6025 0
41 54 69 1.6655 0
37 65 74 1.6025 0
26 62 61 1.6025 0
104 62 74 1.6025 0
96 62 69 1.6025 0
90 65 59 1.6025 0
44 57 68 1.5596 0
86 65 77 0.5 0
88 56 74 1.5446 0
39 56 74 1.5446 0
83 57 68 1.5596 0
63 52 77 0.5 0
7 63 55 0.5 0
9 64 57 1.3731 0
74 46 64 1.1896 0
53 46 64 1.1896 0
120 68 68 0.5 0
19 67 77 0.5 0
88 65 74 1.0328 0
78 46 77 0.5 0
53 54 77 0.5 0
18 60 77 0.5 0
94 68 69 0.5 0
50 47 74 1.0128 0
82 50 57 1.1424 0
45 50 57 1.1424 0
7 60 61 0.5 0
72 54 77 0.5 0
46 57 55 0.5 0
68 49 57 0.9907 0
114 65 68 0.8734 0
62 50 74 0.8734 0
66 44 69 0.8373 0
36 60 77 0.5 0
77 47 73 1.0128 0
77 47 69 1.0128 0
50 47 69 1.0128 0
39 64 64 1.0059 0
88 64 64 1.0059 0
20 60 64 0.5 0
104 67 77 0.5 0
7 67 73 0.5 0
7 61 73 0.5 0
92 59 77 0.5 0
77 47 65 1.0128 0
50 47 65 1.0128 0
49 57 77 0.5 0
48 53 56 0.7839 0
67 53 76 0.5 0
62 51 56 0.5 0
59 53 77 0.5 0
63 44 66 0.9316 0
112 62 70 1.0074 0
86 62 74 0.9308 0
41 62 74 0.9308 0
38 68 61 0.5 0
81 56 55 0.5 0
89 56 65 0.7727 0
7 67 61 0.5 0
17 65 75 0.7521 0
16 61 55 0.5 0
86 53 74 0.9396 0
41 53 74 0.9396 0
63 44 69 0.9316 0
87 54 64 0.9475 0
40 54 64 0.9475 0
36 59 74 0.9119 0
91 59 74 0.9119 0
70 43 77 0.5 0
18 67 63 0.5 0
0
