128
60 66 60 6.7207 0
111 62 97 0.5 0
107 64 35 2.7569 0
20 64 93 2.5534 0
20 64 35 2.5534 0
91 68 77 4.805 0
30 68 70 4.9771 0
83 68 37 5.1086 0
44 68 37 5.076 0
56 64 93 2.2047 0
80 66 57 6.7207 0
72 63 85 3.6971 0
106 63 62 2.8191 0
56 66 45 6.7207 0
45 66 58 6.7207 0
71 66 45 6.7207 0
21 63 53 2.7609 0
39 64 93 2.6749 0
31 68 84 5.2995 0
55 63 79 3.6971 0
31 68 41 5.3068 0
30 68 56 4.9921 0
106 63 82 2.8191 0
91 68 89 4.805 0
90 68 46 4.9756 0
90 68 65 4.9798 0
69 63 74 3.6971 0
106 63 46 2.8191 0
39 69 48 4.299 0
71 64 65 4.0583 0
21 63 77 2.7609 0
83 63 71 3.6971 0
47 63 75 3.6971 0
60 63 86 3.6971 0
60 63 72 3.6971 0
52 63 68 3.6971 0
107 64 92 2.7569 0
66 69 35 3.6828 0
77 63 77 3.6971 0
21 63 62 2.7609 0
21 63 43 2.7609 0
93 63 34 2.3001 0
92 70 56 3.2911 0
41 63 68 3.2669 0
53 70 35 3.2911 0
92 70 35 3.2911 0
74 70 35 3.2911 0
36 70 63 3.2911 0
47 65 87 1.749 0
106 63 70 2.8191 0
106 63 54 2.8191 0
83 64 93 2.6749 0
27 65 92 2.9927 0
76 64 92 2.7569 0
35 70 93 2.6749 0
21 63 84 2.7609 0
21 63 69 2.7609 0
100 64 93 2.6749 0
100 64 34 2.6749 0
63 64 79 2.7569 0
46 62 48 2.6892 0
70 62 57 2.6892 0
50 64 92 2.7472 0
75 63 35 2.7569 0
59 65 35 2.7577 0
52 63 34 2.6749 0
36 65 34 2.6749 0
27 64 34 2.6749 0
82 65 85 1.749 0
82 65 47 2.416 0
66 60 96 0.5 0
71 71 55 2.2832 0
65 71 52 2.2832 0
36 66 77 2.3476 0
81 71 48 2.2832 0
68 71 65 2.2832 0
53 71 54 2.2832 0
52 71 64 2.2832 0
48 71 49 2.2832 0
76 71 65 2.2832 0
72 71 61 2.2832 0
107 62 76 2.2853 0
29 71 92 2.2832 0
36 71 34 2.2832 0
27 71 48 2.2832 0
27 71 34 2.2832 0
66 66 94 0.7411 0
62 64 93 2.0301 0
95 65 40 2.0846 0
101 65 66 1.749 0
53 63 86 2.0378 0
70 64 93 2.0125 0
95 65 52 1.952 0
95 65 59 1.9565 0
83 64 80 2.0238 0
27 65 77 1.952 0
27 65 63 1.952 0
27 65 49 1.952 0
100 65 83 1.749 0
100 65 47 1.749 0
66 64 89 1.9679 0
95 65 83 1.9559 0
95 65 71 1.952 0
87 65 83 1.952 0
33 63 92 1.7874 0
69 62 34 1.749 0
33 65 49 1.952 0
49 64 82 1.8743 0
44 65 83 1.749 0
26 71 63 1.5491 0
42 71 66 1.6813 0
38 65 87 1.8146 0
94 62 93 1.749 0
54 61 54 1.6813 0
103 65 88 1.749 0
77 65 69 1.749 0
104 65 41 1.749 0
101 65 72 1.749 0
101 65 60 1.749 0
101 65 52 1.749 0
96 74 97 0.5 0
98 65 78 1.749 0
36 72 75 1.2753 0
103 65 77 1.749 0
65 61 67 1.6813 0
98 65 88 1.749 0
44 65 91 1.749 0
75 61 71 1.6813 0
0
