128
60 58 73 10.2501 0
108 55 78 7.5089 0
37 79 72 14.765 0
75 85 72 14.4304 0
91 44 78 11.628 0
29 42 62 0.9848 0
32 48 76 4.1737 0
79 60 76 7.4125 0
42 57 76 6.8472 0
101 53 65 5.9129 0
55 91 69 5.5293 0
104 25 62 0.9848 0
75 46 61 1.9617 0
86 55 65 4.517 0
98 28 77 4.477 0
47 55 64 4.3343 0
31 57 61 1.5646 0
91 25 62 0.9848 0
15 91 62 0.9848 0
119 58 62 0.9848 0
100 92 63 0.5 0
80 31 62 0.9848 0
79 67 66 3.7698 0
36 51 68 3.6736 0
20 88 76 3.6271 0
74 58 65 3.5207 0
93 90 76 3.5661 0
105 37 62 0.5111 0
40 61 65 3.4686 0
90 67 62 1.8829 0
96 29 68 3.3599 0
94 39 63 3.3982 0
85 41 63 3.1529 0
92 63 69 2.0613 0
110 65 62 0.9848 0
21 88 67 2.9242 0
66 46 61 1.4926 0
115 49 62 0.9848 0
96 84 62 0.9848 0
92 90 67 2.9085 0
111 54 67 2.8851 0
53 44 62 0.5877 0
46 99 62 0.5527 0
62 101 62 0.9848 0
91 78 61 1.4926 0
107 60 68 2.6154 0
97 58 75 2.4579 0
89 99 62 0.9848 0
77 47 69 1.7038 0
42 45 62 0.8678 0
93 56 69 2.4423 0
17 80 62 0.9848 0
102 66 62 0.5265 0
86 35 67 2.3665 0
26 49 62 0.9848 0
26 95 62 0.9848 0
25 64 62 0.5228 0
49 94 75 2.1707 0
39 98 62 0.5645 0
49 50 74 2.1935 0
61 96 75 1.989 0
98 63 61 1.4926 0
79 103 62 0.9848 0
109 44 62 0.9849 0
30 47 69 2.0948 0
77 40 61 1.4926 0
32 57 70 1.735 0
88 72 70 1.6053 0
88 66 71 1.9339 0
104 47 71 2.0513 0
69 102 62 0.9848 0
70 48 70 1.4663 0
20 72 62 0.9864 0
102 60 71 1.9579 0
97 22 62 0.9848 0
73 54 70 1.9529 0
55 100 62 0.9858 0
99 42 66 1.8642 0
33 97 62 0.5264 0
35 44 62 0.9848 0
103 31 62 0.9848 0
93 63 61 1.668 0
59 46 62 0.9848 0
89 72 61 1.5778 0
84 48 66 1.8178 0
115 57 70 1.7459 0
95 96 62 0.9848 0
87 29 62 0.6184 0
90 58 74 1.7211 0
47 93 66 1.5513 0
62 95 66 1.6115 0
114 61 62 0.9848 0
100 38 68 1.7001 0
45 50 70 1.6189 0
52 50 66 1.5175 0
79 49 61 1.4926 0
85 62 68 1.6166 0
70 51 62 0.9848 0
70 53 66 1.5012 0
20 94 62 0.9848 0
15 85 62 0.9848 0
84 101 62 0.9848 0
23 84 63 1.598 0
82 35 71 1.4534 0
70 47 61 1.5821 0
92 33 66 1.5712 0
48 46 62 0.9848 0
81 42 68 1.5217 0
79 54 66 1.5244 0
103 34 61 1.497 0
86 69 61 1.4926 0
39 55 64 1.4692 0
105 30 70 0.5 0
102 29 71 1.4088 0
108 58 63 1.3766 0
104 43 62 0.9848 0
34 63 66 1.4926 0
89 59 70 1.5148 0
30 61 61 1.4926 0
89 95 75 1.3104 0
74 103 62 0.5082 0
73 50 61 1.4926 0
51 97 62 0.9848 0
24 69 62 0.9848 0
102 29 67 1.4088 0
43 95 62 0.9848 0
81 52 69 1.4145 0
108 49 69 1.2303 0
0
