128
66 63 65 4.2952 0
21 31 63 2.3959 0
22 98 63 1.8876 0
116 75 64 2.3959 0
34 63 65 4.2669 0
54 30 63 2.3959 0
55 96 64 2.3959 0
96 50 63 2.3959 0
88 77 63 2.3959 0
120 51 62 0.5 0
36 43 64 2.3959 0
35 86 63 2.3959 0
50 75 64 2.3959 0
55 48 63 2.3959 0
21 50 63 2.3959 0
21 75 64 2.3959 0
102 69 64 2.3959 0
82 58 63 2.3959 0
109 54 64 2.3959 0
72 77 63 2.3959 0
38 28 62 1.1189 0
50 63 64 2.3959 0
21 87 63 2.3959 0
68 50 63 2.3959 0
91 66 64 2.3959 0
21 62 63 2.3959 0
80 69 63 2.3959 0
39 99 64 1.1189 0
55 84 63 2.3959 0
45 54 63 2.3959 0
26 41 64 2.3959 0
45 84 63 2.3959 0
50 39 64 2.3959 0
35 74 63 2.3959 0
120 62 65 0.5 0
35 53 63 2.3959 0
104 77 63 2.3959 0
84 50 63 2.3959 0
61 76 62 1.388 0
96 60 64 2.3959 0
116 56 64 2.3959 0
47 98 64 1.9033 0
74 66 63 2.3959 0
40 69 64 2.3959 0
26 71 63 2.3959 0
104 58 63 2.3959 0
114 50 63 2.3959 0
45 28 65 1.1189 0
30 99 65 1.1189 0
60 55 65 1.388 0
55 54 64 2.3959 0
35 80 64 2.3959 0
110 77 64 2.3959 0
50 69 63 2.3959 0
21 37 64 2.3959 0
94 77 64 2.3959 0
90 60 63 2.3959 0
78 77 64 2.3959 0
66 77 64 2.3959 0
62 50 64 2.3959 0
30 68 76 0.5 0
21 81 64 2.3959 0
55 90 64 2.3959 0
21 56 63 2.3959 0
90 50 63 2.3959 0
45 48 63 2.3959 0
76 58 63 2.3959 0
74 50 63 2.3959 0
30 28 66 0.8802 0
26 65 64 2.3959 0
55 60 63 2.3959 0
26 59 64 2.3959 0
26 47 64 2.3959 0
21 44 63 2.3959 0
50 93 63 2.3959 0
49 33 64 2.3959 0
87 55 64 2.3959 0
45 78 63 2.3959 0
45 60 63 2.3959 0
79 53 64 2.3959 0
71 55 64 2.3959 0
39 48 63 2.3959 0
20 93 63 2.3959 0
55 78 64 2.3959 0
55 72 63 2.3959 0
55 66 64 2.3959 0
55 42 64 2.3959 0
55 36 64 2.3959 0
26 53 63 2.3959 0
21 68 63 2.3959 0
107 72 63 2.3959 0
50 87 64 2.3959 0
50 81 63 2.3959 0
50 57 64 2.3959 0
50 51 64 2.3959 0
104 51 64 2.3959 0
50 45 63 2.3959 0
101 63 64 2.3959 0
99 74 64 2.3959 0
99 55 63 2.3959 0
96 69 64 2.3959 0
93 55 64 2.3959 0
91 72 63 2.3959 0
32 48 63 2.3959 0
86 69 64 2.3959 0
85 63 63 2.3959 0
45 72 63 2.3959 0
83 74 63 2.3959 0
45 66 63 2.3959 0
45 42 64 2.3959 0
30 83 63 2.3959 0
79 63 63 2.3959 0
30 77 64 2.3959 0
75 72 63 2.3959 0
69 72 64 2.3959 0
40 57 63 2.3959 0
65 55 63 2.3959 0
63 72 64 2.3959 0
118 67 62 1.0402 0
63 68 76 0.5 0
38 66 76 0.5 0
68 59 76 0.5 0
35 34 66 0.8802 0
66 66 72 2.0301 0
31 63 72 2.0031 0
36 64 72 2.0272 0
65 61 72 2.0034 0
35 94 61 0.8802 0
0
