128
64 42 65 2.0038 0
34 112 63 0.5 0
98 101 65 0.5 0
30 69 63 0.5 0
97 17 63 0.5 0
31 17 64 0.5 0
63 87 64 0.9779 0
93 66 64 0.9779 0
61 10 65 0.5 0
35 43 63 0.9358 0
91 41 63 0.9358 0
75 109 63 0.5 0
52 67 64 0.9779 0
41 91 64 0.9779 0
54 107 64 0.9779 0
77 23 63 0.5 0
83 84 64 0.9779 0
72 67 64 0.9779 0
51 26 63 0.7677 0
64 25 65 2.0038 0
98 85 65 0.5 0
84 98 64 0.9779 0
42 77 64 0.9779 0
49 40 63 0.9358 0
36 29 63 0.9358 0
78 36 63 0.9358 0
89 111 63 0.5 0
91 28 63 0.9358 0
31 100 64 0.9779 0
68 99 64 0.9779 0
31 83 64 0.9779 0
43 103 64 0.9779 0
83 72 64 0.9779 0
51 85 64 0.9779 0
40 64 64 0.8979 0
42 19 63 0.9358 0
59 76 64 0.9779 0
86 18 63 0.9358 0
74 90 63 0.8549 0
92 77 64 0.9779 0
58 96 64 0.9779 0
73 78 65 0.5 0
93 93 63 0.9358 0
65 109 63 0.5 0
62 67 64 0.9779 0
56 18 63 0.9358 0
82 45 65 0.5 0
44 33 63 0.9358 0
74 44 63 0.7627 0
45 112 65 0.5 0
68 52 65 0.5 0
50 98 64 0.9779 0
50 75 64 0.9779 0
71 18 63 0.9358 0
82 106 64 0.9779 0
85 64 63 0.8979 0
76 100 64 0.9779 0
59 34 63 0.9358 0
31 91 64 0.9779 0
91 103 63 0.9358 0
67 74 63 0.9358 0
34 75 64 0.9779 0
70 33 63 0.5 0
32 36 63 0.9358 0
84 31 63 0.9358 0
64 36 65 2.0038 0
60 52 65 0.5 0
86 91 64 0.9779 0
44 70 64 0.9779 0
64 16 63 0.9358 0
95 35 63 0.9358 0
43 45 65 0.5 0
67 81 64 0.9779 0
44 84 64 0.9779 0
38 98 64 0.9779 0
49 19 63 0.9358 0
51 33 63 0.9358 0
35 22 63 0.9358 0
55 44 63 0.7627 0
91 85 63 0.5 0
92 21 63 0.9358 0
42 26 63 0.9358 0
35 106 64 0.9779 0
63 20 65 2.0038 0
97 45 65 0.5 0
75 29 63 0.8479 0
68 92 64 0.9779 0
68 10 65 0.5 0
79 77 64 0.9779 0
79 67 64 0.9779 0
58 83 64 0.9779 0
70 106 64 0.9779 0
48 91 63 0.7782 0
38 82 64 0.9779 0
56 89 63 0.9358 0
96 108 63 0.5 0
44 97 64 0.9779 0
86 78 64 0.9779 0
80 90 64 0.9779 0
76 84 64 0.7452 0
85 25 63 0.9358 0
34 64 63 0.8979 0
48 107 64 0.9779 0
58 102 64 0.9779 0
80 18 63 0.9358 0
57 27 63 0.9358 0
40 110 63 0.8211 0
90 71 63 0.9358 0
70 86 64 0.9779 0
98 74 65 0.5 0
85 38 63 0.5 0
64 49 63 0.9358 0
97 29 65 0.5 0
36 93 63 0.9358 0
60 107 63 0.9358 0
57 69 63 0.9358 0
40 41 63 0.9358 0
86 43 63 0.9358 0
35 69 64 0.9779 0
94 98 64 0.9779 0
83 112 63 0.5 0
46 64 63 0.5 0
71 24 63 0.6675 0
89 96 64 0.9779 0
67 68 63 0.9358 0
95 88 63 0.9358 0
95 82 63 0.9358 0
79 42 63 0.9358 0
0
