128
62 60 58 3.7767 0
110 88 86 0.5 0
105 76 47 4.6763 0
17 83 42 0.5 0
24 32 44 0.9682 0
102 47 83 1.9656 0
25 57 48 5.9971 0
78 80 82 2.2243 0
57 30 79 0.5 0
57 87 49 3.6596 0
103 48 56 3.1313 0
57 31 43 0.9662 0
105 69 80 4.6763 0
57 78 72 4.3889 0
46 45 48 5.0968 0
38 78 56 4.24 0
58 43 72 5.0147 0
82 80 45 2.2243 0
58 52 49 6.9943 0
103 84 67 2.9244 0
33 46 49 6.2663 0
105 66 65 4.6763 0
62 61 78 2.7939 0
105 58 47 4.6763 0
57 34 55 3.4733 0
55 78 58 4.7127 0
104 80 58 5.0849 0
57 43 59 5.3394 0
28 78 50 4.6635 0
39 57 47 4.9892 0
92 80 82 2.2243 0
63 74 45 2.4466 0
105 50 65 4.6239 0
105 75 71 4.6763 0
105 60 74 4.6763 0
105 58 58 4.6763 0
55 78 47 4.7136 0
105 69 55 4.6763 0
22 70 46 3.8986 0
41 78 47 4.24 0
102 85 82 2.3505 0
89 80 54 2.2243 0
57 40 46 3.8766 0
49 60 46 3.8017 0
70 80 51 2.2243 0
70 80 75 2.2243 0
90 79 69 0.7664 0
62 53 78 3.5879 0
66 74 87 0.5 0
61 90 82 0.5 0
19 41 53 1.2508 0
63 79 79 3.2305 0
103 67 46 3.3675 0
26 92 43 0.5 0
41 45 56 3.3237 0
67 41 85 0.5 0
57 92 66 0.5 0
47 79 54 3.2322 0
62 79 65 3.2322 0
23 91 56 0.5 0
27 32 56 0.5 0
62 52 60 3.0135 0
25 40 45 2.9728 0
63 62 45 2.7688 0
107 47 44 1.6887 0
106 56 82 2.9734 0
90 80 45 2.2243 0
85 80 74 1.7748 0
22 48 45 2.9046 0
57 90 74 0.9441 0
23 48 52 2.7959 0
25 40 52 2.7959 0
63 47 65 2.7688 0
63 58 72 2.7688 0
103 86 44 1.7068 0
63 45 79 2.7688 0
48 44 57 2.753 0
63 76 56 2.6978 0
107 77 82 2.6606 0
56 32 66 0.7065 0
111 88 75 0.5 0
63 51 71 2.589 0
33 61 53 2.304 0
95 80 69 2.2243 0
63 58 65 2.5442 0
107 47 73 2.2243 0
102 58 66 2.3596 0
95 80 56 2.2243 0
102 78 78 2.4666 0
102 85 76 2.3505 0
72 80 81 2.2243 0
84 80 82 2.2243 0
76 80 45 2.2243 0
70 80 45 2.2243 0
33 55 53 2.304 0
23 88 50 0.8334 0
102 61 82 2.3596 0
34 69 42 0.4498 0
55 88 62 1.0404 0
98 80 45 2.2243 0
95 80 77 2.2243 0
24 83 45 2.2683 0
98 80 82 2.2243 0
99 80 51 2.2243 0
58 33 48 2.2361 0
111 88 49 0.5 0
79 78 54 0.7285 0
102 47 47 1.8889 0
20 65 51 2.2284 0
107 85 72 2.1682 0
103 47 77 2.2243 0
93 80 50 2.2243 0
91 80 73 2.2243 0
86 80 49 2.2243 0
66 80 71 2.2243 0
107 47 81 2.2243 0
98 80 64 2.2243 0
99 80 73 2.2243 0
107 85 79 2.1682 0
54 61 52 2.2361 0
34 80 45 2.2243 0
19 81 53 1.2164 0
88 80 78 2.2243 0
63 68 45 2.1991 0
62 34 83 0.5 0
20 74 52 1.9698 0
59 32 74 0.8382 0
30 89 55 0.5 0
0
