128
85 78 68 7.2484 0
24 37 61 4.5119 0
68 32 56 9.833 0
25 89 60 4.7802 0
55 106 58 5.3556 0
32 57 56 9.833 0
120 51 64 0.5 0
93 47 55 8.7232 0
69 95 56 9.833 0
44 80 68 6.8415 0
95 68 56 9.833 0
33 77 55 8.7978 0
48 34 55 8.7222 0
47 93 55 8.7243 0
109 97 65 0.5 0
87 91 54 7.3038 0
78 42 68 7.2482 0
43 48 68 7.058 0
90 24 63 4.1258 0
57 88 68 6.9413 0
88 56 68 6.8292 0
57 32 82 1.4041 0
56 40 68 6.4527 0
86 32 55 6.3281 0
38 67 69 6.4157 0
54 7 64 0.5 0
64 64 62 0.8473 0
33 40 54 5.9451 0
12 73 63 2.4853 0
55 19 68 2.877 0
73 87 70 5.5233 0
106 55 58 5.388 0
100 88 59 5.2473 0
96 111 65 0.5 0
74 120 65 0.5 0
55 21 59 5.3132 0
34 19 63 1.7585 0
75 8 65 0.5 0
120 72 64 0.5 0
88 100 70 2.7613 0
8 51 64 0.5 0
108 33 64 1.1762 0
30 109 63 0.5 0
73 17 61 4.4866 0
21 72 62 4.864 0
37 103 61 4.527 0
73 110 61 4.4873 0
89 102 61 4.677 0
17 54 61 4.4877 0
40 29 74 1.3568 0
38 25 61 4.6783 0
102 71 75 2.1638 0
71 25 75 2.1634 0
103 37 61 4.5019 0
25 56 75 2.1621 0
109 73 60 4.5449 0
83 93 66 4.469 0
94 43 77 2.1422 0
56 101 68 4.2037 0
43 94 77 2.1503 0
31 42 66 4.3455 0
94 43 69 4.0759 0
43 94 69 4.0732 0
85 31 67 4.1845 0
43 33 68 4.2231 0
31 85 67 4.1852 0
100 56 67 4.21 0
82 66 65 4.1374 0
71 104 78 0.5 0
56 27 68 4.0738 0
71 101 70 3.8406 0
97 82 51 3.9717 0
31 57 71 3.9935 0
70 31 71 3.9924 0
96 70 71 3.9915 0
96 85 68 4.0164 0
46 38 81 1.6483 0
27 71 70 3.7385 0
46 60 65 3.7422 0
59 97 85 0.5 0
83 92 84 0.5 0
67 46 65 3.7417 0
33 91 53 3.4348 0
66 81 65 3.5989 0
23 68 53 3.6648 0
70 95 82 1.402 0
96 56 85 0.5 0
37 81 82 1.5222 0
23 55 68 3.5047 0
72 23 68 3.504 0
104 72 68 3.503 0
47 88 76 3.3434 0
88 47 75 3.4826 0
47 39 75 3.4812 0
93 85 83 0.5 0
81 90 75 3.331 0
57 31 76 3.16 0
32 70 85 0.5 0
82 37 85 0.5 0
96 57 76 3.1611 0
37 46 83 0.8037 0
36 82 76 3.0917 0
34 44 74 3.1868 0
54 50 64 3.1295 0
70 95 76 3.0763 0
57 96 76 3.1679 0
54 77 64 3.1295 0
74 77 65 3.1945 0
77 53 65 3.1935 0
88 68 73 3.0746 0
68 39 73 3.0738 0
49 71 64 3.1295 0
83 34 75 2.9563 0
58 88 49 2.7779 0
33 59 85 0.5 0
54 111 66 3.0716 0
31 70 77 2.9361 0
111 54 66 3.0677 0
95 70 85 0.5 0
91 82 77 2.8533 0
39 57 74 2.6664 0
88 58 49 2.7779 0
39 67 49 2.7779 0
39 47 49 2.7779 0
58 102 50 2.8365 0
82 101 53 2.914 0
37 88 61 2.8832 0
81 39 49 2.7779 0
0
