128
67 68 66 2.0956 0
9 69 63 1.3558 0
121 56 62 0.5 0
37 69 61 1.9503 0
95 57 66 1.3065 0
78 58 61 1.9837 0
52 69 61 1.9503 0
23 72 69 0.5 0
107 57 62 1.3065 0
26 69 61 1.9503 0
44 69 66 1.9503 0
72 64 61 1.9739 0
87 57 62 1.3065 0
115 60 69 0.5 0
31 69 66 1.9503 0
59 69 62 1.9503 0
17 68 60 0.86 0
16 67 69 0.5 0
115 60 59 0.5 0
74 62 66 1.9739 0
20 69 63 1.9503 0
64 69 61 2.1086 0
99 60 59 0.5 0
82 56 69 0.5 0
51 69 66 1.9503 0
78 58 66 1.9837 0
111 57 66 1.3065 0
103 57 66 1.3065 0
31 69 61 1.9503 0
47 69 62 1.9503 0
42 69 61 1.9503 0
26 69 66 1.9503 0
39 69 66 1.9503 0
56 69 66 1.9503 0
62 69 66 1.9503 0
99 57 62 1.3065 0
88 60 69 0.5 0
93 58 60 0.6341 0
116 57 67 1.0318 0
83 57 66 1.3065 0
12 71 69 0.5 0
83 57 61 1.3065 0
103 57 61 1.3065 0
116 57 60 1.0318 0
91 57 66 1.3065 0
87 57 66 1.3065 0
111 57 62 1.3065 0
107 57 66 1.3065 0
99 57 66 1.3065 0
17 72 69 0.5 0
71 66 65 1.2612 0
91 57 62 1.3065 0
95 57 62 1.3065 0
69 67 60 1.2371 0
75 61 60 1.2371 0
19 70 67 1.2371 0
35 70 67 1.2371 0
13 71 59 0.7293 0
120 60 64 0.5 0
12 68 67 0.9476 0
22 68 67 0.9424 0
11 70 60 0.9575 0
118 57 63 0.6462 0
72 69 69 0.5 0
11 70 67 0.9575 0
121 57 66 0.5 0
22 72 59 0.5 0
109 60 59 0.5 0
89 60 59 0.5 0
101 60 69 0.5 0
18 72 59 0.5 0
15 70 68 0.7293 0
119 60 68 0.5 0
70 64 69 0.5 0
59 72 69 0.5 0
47 72 69 0.5 0
56 72 59 0.5 0
65 72 69 0.5 0
8 67 67 0.5 0
73 66 69 0.5 0
9 68 66 0.6841 0
22 68 59 0.7293 0
110 60 69 0.5 0
82 60 69 0.5 0
92 60 69 0.5 0
106 60 69 0.5 0
78 62 69 0.5 0
86 60 59 0.5 0
98 60 69 0.5 0
120 60 61 0.5 0
85 60 69 0.5 0
89 58 64 0.6341 0
89 58 60 0.6341 0
85 58 64 0.6341 0
113 58 60 0.6341 0
109 58 64 0.6341 0
109 58 60 0.6341 0
105 58 64 0.6341 0
101 58 64 0.6341 0
97 58 60 0.6341 0
97 58 64 0.6341 0
93 58 64 0.6341 0
16 71 60 0.7987 0
78 63 62 0.5 0
69 71 61 0.5 0
72 69 62 0.5 0
56 68 59 0.7293 0
77 61 64 0.5485 0
16 68 67 0.8171 0
113 60 64 0.5 0
34 71 63 0.7987 0
7 72 65 0.5 0
14 68 59 0.7293 0
59 67 69 0.5 0
29 72 69 0.5 0
54 72 69 0.5 0
49 72 59 0.5 0
34 72 59 0.5 0
42 72 69 0.5 0
70 68 63 0.9965 0
76 65 69 0.5 0
115 60 62 0.5 0
20 71 59 0.7293 0
22 71 66 0.7987 0
45 71 59 0.7293 0
68 65 63 0.6732 0
75 66 64 0.5 0
79 62 59 0.5 0
0
