128
61 68 43 3.9165 0
111 42 62 2.5422 0
22 25 65 0.5 0
82 96 93 0.5 0
26 100 64 2.0779 0
102 81 65 6.2713 0
66 31 81 0.773 0
20 55 41 0.9396 0
83 46 45 5.932 0
63 89 72 4.1254 0
48 37 64 5.1333 0
83 81 45 5.9316 0
35 63 47 7.7904 0
90 41 85 1.1018 0
39 91 73 5.2735 0
57 49 43 3.9165 0
26 45 64 2.3 0
23 84 42 2.8017 0
48 81 43 3.9164 0
101 59 71 2.7158 0
48 37 90 0.5 0
35 43 52 3.9111 0
93 46 55 6.0481 0
35 84 52 3.9111 0
102 46 65 6.2713 0
69 40 68 2.0198 0
84 87 79 1.3759 0
93 81 55 6.0481 0
64 84 42 2.9078 0
39 36 73 5.2732 0
49 90 65 5.1333 0
80 38 85 4.1254 0
25 72 64 1.7351 0
23 43 42 2.8017 0
52 97 90 0.5 0
32 26 56 1.0146 0
28 87 63 2.8418 0
116 64 63 0.5 0
48 55 43 3.9165 0
69 61 43 3.9165 0
71 86 58 1.1018 0
80 89 85 4.1254 0
26 57 64 2.3 0
50 89 76 4.1254 0
72 38 75 4.1254 0
44 41 41 1.7301 0
83 63 55 0.5 0
72 89 75 4.1254 0
63 38 72 4.1254 0
58 78 43 3.9165 0
48 38 78 4.1254 0
60 58 43 3.9165 0
72 44 43 3.916 0
44 72 44 3.9735 0
87 41 72 1.1018 0
67 52 43 3.9165 0
72 83 43 3.9158 0
69 72 43 3.9165 0
53 64 43 3.9165 0
63 40 56 0.7222 0
48 46 43 3.9165 0
111 57 62 2.2056 0
111 70 62 2.2056 0
20 71 41 0.9396 0
31 26 69 1.9395 0
92 64 61 0.5714 0
26 35 64 2.0754 0
82 86 65 1.1018 0
80 41 62 1.1018 0
35 74 53 3.4984 0
63 43 44 3.5265 0
25 69 43 3.5143 0
96 87 80 0.9042 0
36 99 54 0.5 0
35 52 53 3.2008 0
41 85 46 3.122 0
61 87 55 0.7222 0
94 84 45 3.0554 0
104 43 55 3.0555 0
104 84 55 3.0554 0
41 42 46 3.1235 0
25 57 43 2.9469 0
55 39 70 3.1176 0
46 92 83 2.9597 0
40 103 63 0.5 0
42 51 47 3.0127 0
89 86 71 1.1018 0
94 44 45 3.0554 0
101 71 78 0.5 0
40 78 49 3.0128 0
53 86 53 1.1018 0
53 72 42 2.9086 0
101 66 71 2.7158 0
60 98 82 0.5 0
40 88 64 2.7571 0
29 63 61 2.3001 0
29 40 62 2.8418 0
71 41 56 1.1018 0
48 40 54 2.1097 0
31 39 69 2.6724 0
79 68 49 0.6052 0
40 26 64 0.6039 0
98 40 78 0.9042 0
48 88 56 2.6118 0
31 88 69 2.6725 0
55 85 44 2.7379 0
101 73 71 2.7158 0
79 59 49 0.6052 0
111 77 62 2.5422 0
58 88 66 2.6118 0
31 86 41 1.7301 0
55 34 75 2.5022 0
31 101 69 1.9395 0
75 51 43 2.5962 0
39 39 64 2.3738 0
55 42 45 2.5765 0
111 84 62 2.5422 0
111 49 62 2.5422 0
26 27 64 2.0779 0
30 54 60 2.3 0
29 75 61 2.3001 0
33 87 59 2.4496 0
82 86 57 1.1018 0
28 85 48 2.089 0
28 43 48 2.089 0
52 31 87 0.7593 0
80 39 77 2.193 0
29 69 61 2.3001 0
0
