128
63 64 65 0.5 0
113 34 65 0.5 0
113 93 64 0.5 0
15 34 65 0.5 0
15 93 63 0.1202 0
78 34 64 0.5 0
77 94 63 0.5 0
97 64 65 0.5 0
30 64 65 0.5 0
46 37 63 0.5 0
46 93 63 0.5 0
95 44 63 0.5 0
95 84 63 0.2167 0
80 72 63 0.5 0
78 53 65 0.5 0
113 55 63 0.5 0
47 74 63 0.2167 0
15 74 63 0.5 0
29 46 63 0.5 0
30 84 65 0.5 0
64 82 65 0.5 0
63 44 63 0.5 0
47 55 64 0.2167 0
112 74 63 0.1202 0
15 56 65 0.5 0
61 94 64 0.5 0
28 34 65 0.5 0
89 94 64 0.5 0
107 44 63 0.5 0
89 56 63 0.5 0
106 84 65 0.5 0
58 34 65 0.5 0
84 84 65 0.5 0
16 45 63 0.5 0
35 74 65 0.5 0
101 34 64 0.2167 0
91 74 63 0.5 0
102 54 63 0.5 0
84 43 63 0.5 0
41 83 65 0.5 0
74 63 63 0.5 0
53 85 65 0.5 0
52 65 65 0.5 0
58 54 64 0.2167 0
36 54 63 0.5 0
41 64 63 0.2167 0
27 94 64 0.5 0
91 34 63 0.5 0
57 74 65 0.5 0
53 45 65 0.5 0
108 65 63 0.5 0
74 84 63 0.5 0
70 74 63 0.5 0
68 35 63 0.5 0
18 84 65 0.5 0
100 93 64 0.2167 0
20 65 65 0.5 0
73 44 63 0.5 0
102 74 64 0.2167 0
42 46 63 0.5 0
68 54 63 0.2167 0
25 75 64 0.2167 0
24 54 63 0.5 0
36 91 63 0.5 0
36 39 63 0.5 0
85 64 63 0.5 0
69 91 64 0.2167 0
21 39 65 0.5 0
113 81 63 0.5 0
88 49 65 0.5 0
101 41 65 0.5 0
63 71 63 0.5 0
54 92 63 0.2167 0
53 58 65 0.5 0
95 52 64 0.2167 0
80 60 65 0.5 0
30 57 63 0.5 0
23 88 63 0.5 0
91 67 65 0.5 0
84 77 65 0.5 0
107 37 65 0.5 0
112 48 65 0.5 0
113 41 63 0.5 0
104 60 65 0.5 0
22 47 65 0.5 0
100 48 65 0.5 0
106 92 65 0.5 0
90 87 65 0.5 0
24 81 63 0.5 0
101 80 63 0.5 0
41 71 63 0.2167 0
82 90 63 0.5 0
57 40 63 0.5 0
48 49 65 0.5 0
73 57 65 0.5 0
58 81 63 0.5 0
85 35 65 0.5 0
75 78 65 0.5 0
25 69 65 0.5 0
36 45 65 0.5 0
52 36 65 0.5 0
51 79 65 0.5 0
35 80 63 0.5 0
107 78 63 0.5 0
35 68 63 0.5 0
97 71 65 0.5 0
90 41 65 0.5 0
39 34 65 0.5 0
78 41 65 0.5 0
35 61 63 0.5 0
71 68 65 0.5 0
25 60 65 0.5 0
46 67 63 0.5 0
90 80 63 0.5 0
47 43 65 0.5 0
107 71 63 0.5 0
62 50 65 0.5 0
78 47 65 0.5 0
60 87 64 0.2751 0
72 50 63 0.5 0
110 88 63 0.5 0
15 62 64 0.5 0
96 58 63 0.2167 0
47 86 63 0.2167 0
107 51 65 0.5 0
113 62 63 0.5 0
113 68 63 0.5 0
84 53 63 0.5 0
0
