128
70 80 66 2.2217 0
20 39 63 4.6764 0
113 34 63 0.5 0
43 112 61 1.7319 0
37 71 63 4.6764 0
115 74 70 0.5 0
97 59 63 4.6764 0
85 111 59 0.5 0
52 89 63 4.6764 0
62 108 63 4.6764 0
20 59 63 4.6764 0
94 88 59 0.5 0
99 39 63 4.2911 0
79 100 63 4.6764 0
114 64 63 4.6764 0
86 71 65 3.5969 0
65 94 63 4.6764 0
25 49 63 4.6764 0
107 56 63 4.6764 0
107 45 63 4.6764 0
45 98 64 4.1462 0
42 54 69 0.5 0
78 90 63 3.8798 0
26 83 70 0.5 0
29 82 60 1.6528 0
44 81 62 2.8565 0
89 84 67 1.5208 0
99 50 65 3.6685 0
58 74 59 0.5 0
101 73 70 0.5 0
30 57 63 3.1939 0
33 80 64 3.332 0
19 73 70 0.5 0
70 120 69 0.5 0
57 76 70 0.5 0
82 79 61 2.339 0
43 57 59 0.696 0
101 73 58 0.5 0
70 120 58 0.5 0
86 60 66 1.8638 0
42 63 65 2.7303 0
70 87 65 3.1043 0
19 73 58 0.5 0
90 64 64 2.868 0
78 65 59 0.6449 0
107 37 66 2.6606 0
60 100 66 2.6606 0
86 51 60 0.5 0
31 34 58 0.5 0
49 72 68 0.5 0
46 115 70 0.5 0
41 108 70 0.5 0
56 82 66 2.0845 0
30 34 69 0.5 0
49 71 59 0.5 0
20 67 66 2.0503 0
43 105 66 2.2345 0
77 66 70 0.5 0
84 109 70 0.5 0
27 36 66 2.1099 0
67 75 58 0.5 0
99 71 64 0.9717 0
83 107 66 1.8092 0
81 82 66 1.9798 0
70 82 61 2.1585 0
68 117 63 0.5664 0
43 107 61 1.984 0
85 57 59 0.6449 0
43 111 66 1.8384 0
73 95 62 1.8879 0
44 91 61 1.6957 0
28 64 70 0.5 0
90 83 59 0.7369 0
86 60 61 1.8638 0
83 107 61 1.8101 0
98 66 66 1.8938 0
44 86 65 1.9069 0
114 57 67 1.6528 0
16 47 70 0.5 0
86 52 69 0.5 0
78 65 65 0.6957 0
67 101 66 1.6844 0
59 117 69 0.5 0
44 91 66 1.6756 0
59 81 58 0.5 0
56 83 60 1.6528 0
19 52 67 1.6528 0
19 68 59 0.6449 0
82 94 67 1.6528 0
98 66 60 1.6528 0
58 102 61 1.7449 0
67 101 61 1.7041 0
80 68 65 1.6771 0
27 41 66 1.6793 0
107 38 60 1.6528 0
114 57 60 1.6528 0
105 65 70 0.5 0
27 41 61 1.6718 0
81 70 61 1.6616 0
46 79 67 1.6528 0
89 68 60 1.6528 0
33 66 67 1.6528 0
41 76 67 1.6528 0
66 113 67 1.6528 0
112 52 67 1.6528 0
80 84 61 1.6933 0
89 84 62 1.5215 0
100 46 60 1.6528 0
105 62 67 1.6528 0
19 47 67 1.6528 0
59 92 67 1.6528 0
27 67 58 0.0161 0
72 93 66 1.6895 0
86 76 60 1.6528 0
43 61 60 1.6528 0
59 117 58 0.5 0
86 77 67 1.6528 0
72 91 60 1.6528 0
21 66 61 1.6556 0
59 97 60 1.6528 0
104 62 60 1.6528 0
40 65 60 1.6528 0
26 36 60 1.6528 0
46 86 60 1.6528 0
19 52 60 1.6528 0
19 46 60 1.6528 0
114 71 67 1.2618 0
58 92 60 1.5927 0
0
