128
55 46 64 2.3311 0
81 94 29 4.8163 0
32 66 29 4.8163 0
91 44 28 3.1326 0
65 42 117 0.5 0
82 80 74 2.3778 0
43 70 96 2.2827 0
56 35 29 4.8163 0
50 83 57 1.9636 0
83 53 92 2.4518 0
46 93 29 3.8101 0
84 54 59 2.0185 0
96 75 29 4.8163 0
57 45 95 2.2372 0
54 85 80 2.3529 0
32 66 59 0.9017 0
76 86 52 1.8061 0
43 64 75 2.5099 0
73 45 74 2.2593 0
44 53 115 0.4262 0
67 28 53 0.7819 0
38 45 31 2.9444 0
72 34 29 4.8163 0
67 88 67 2.3911 0
45 56 49 1.0764 0
86 59 75 2.4932 0
39 79 29 4.8163 0
62 100 27 2.8006 0
87 72 49 1.5495 0
72 44 51 1.7185 0
87 57 41 1.335 0
62 89 44 1.4388 0
49 49 81 1.375 0
87 70 63 2.2526 0
43 72 48 1.5157 0
47 53 101 2.4927 0
75 46 102 2.3602 0
95 53 29 4.8163 0
45 56 63 2.2728 0
44 59 88 2.4801 0
55 45 44 1.4268 0
97 64 29 4.8163 0
62 44 83 2.4798 0
44 73 65 2.3235 0
82 38 29 4.8163 0
71 98 29 4.8163 0
56 94 29 4.8163 0
35 53 29 4.8163 0
47 79 88 2.4647 0
52 48 111 2.4607 0
67 35 63 1.3578 0
72 45 90 2.3685 0
92 85 29 4.2094 0
29 66 47 1.3731 0
46 39 29 4.127 0
51 83 69 2.4691 0
78 84 64 2.3398 0
60 88 55 1.9268 0
42 66 56 2.3019 0
62 44 104 2.471 0
67 34 43 1.4915 0
73 88 41 1.5243 0
66 43 59 2.4898 0
75 46 64 2.309 0
50 83 44 0.7482 0
85 70 85 0.5 0
40 64 109 0.5 0
81 49 47 1.4155 0
62 44 70 2.4798 0
49 50 55 1.8496 0
42 60 40 1.3628 0
87 60 51 1.6908 0
43 68 86 2.4934 0
84 78 58 2.0117 0
87 68 79 2.4776 0
85 78 39 0.8416 0
44 73 76 2.4313 0
71 43 41 1.3268 0
78 48 85 2.4927 0
89 66 39 1.3458 0
83 53 80 2.4541 0
58 87 68 2.503 0
36 66 41 1.6812 0
64 39 30 3.0983 0
63 43 50 1.689 0
47 53 76 2.5002 0
87 67 71 2.3722 0
87 61 61 2.1963 0
44 77 40 1.3436 0
82 82 46 1.2353 0
68 23 40 0.5 0
86 59 83 2.4932 0
68 44 96 2.4633 0
44 59 104 2.4801 0
83 53 72 2.4553 0
52 48 99 2.4607 0
38 88 27 2.6385 0
68 44 79 2.4684 0
67 35 53 1.4748 0
38 66 65 1.3837 0
48 51 37 0.3522 0
44 58 96 2.1686 0
47 53 69 2.5004 0
39 61 31 2.7288 0
43 64 99 2.5087 0
84 50 32 1.2332 0
47 53 89 2.4982 0
46 79 48 1.593 0
78 48 77 2.4927 0
73 87 58 2.1152 0
64 31 27 2.579 0
56 46 73 2.2772 0
48 80 74 2.4815 0
43 64 92 2.5099 0
31 75 27 2.3274 0
55 44 36 1.1703 0
86 73 75 2.4831 0
63 88 72 2.4931 0
68 44 108 2.0991 0
44 59 79 2.4801 0
82 51 65 2.0153 0
26 66 39 1.009 0
44 73 90 2.4313 0
73 85 74 0.771 0
78 48 69 2.4927 0
83 79 68 2.5083 0
78 48 97 2.4927 0
58 45 88 2.3872 0
0
