128
69 51 61 2.5596 0
64 121 70 0.5 0
65 13 63 5.2356 0
45 86 66 1.2311 0
83 88 69 1.1148 0
64 100 60 1.6566 0
47 62 68 1.4419 0
68 75 60 1.6567 0
66 30 63 5.2356 0
84 65 70 0.5 0
49 105 68 1.4326 0
79 109 70 0.5 0
63 44 64 5.5107 0
77 95 60 2.1283 0
59 86 60 1.6567 0
54 71 60 1.6567 0
58 113 65 2.206 0
76 65 60 2.0106 0
50 95 60 2.128 0
69 110 61 2.2497 0
79 77 60 2.1095 0
53 60 60 2.1515 0
45 75 66 1.2899 0
64 62 60 1.6567 0
59 22 63 3.4252 0
77 56 70 0.9564 0
68 91 60 1.6566 0
54 106 61 2.0071 0
51 54 68 1.5642 0
80 101 69 1.1984 0
86 76 70 0.5 0
48 84 60 2.1072 0
65 115 66 2.3325 0
76 104 63 1.5839 0
74 86 60 1.6566 0
46 95 70 0.8562 0
58 35 61 2.4174 0
48 77 60 2.1098 0
76 57 64 1.6547 0
58 51 61 2.5602 0
63 112 61 2.442 0
83 81 68 1.257 0
69 22 65 2.4169 0
82 70 68 1.3128 0
71 48 68 2.0248 0
69 38 61 2.4169 0
80 62 68 1.4413 0
71 113 67 2.0714 0
59 75 60 1.6567 0
81 95 67 1.3751 0
79 84 60 2.1075 0
54 81 60 1.6567 0
58 29 60 2.212 0
72 105 60 2.1328 0
66 22 60 2.212 0
74 60 60 2.1515 0
49 70 60 2.1163 0
59 108 60 2.1596 0
78 70 60 2.116 0
52 100 60 2.1467 0
75 100 60 2.1466 0
56 48 68 2.0251 0
59 65 60 1.6567 0
64 83 60 1.6567 0
59 97 60 1.6566 0
51 65 60 2.0104 0
48 99 65 1.4384 0
64 54 60 1.8985 0
59 37 67 2.0248 0
68 37 67 2.0248 0
59 28 67 2.0248 0
58 11 67 2.0248 0
58 17 67 2.0248 0
64 23 67 2.0248 0
59 57 60 1.727 0
75 108 66 1.7585 0
73 52 65 1.8956 0
81 89 64 1.2822 0
54 52 65 1.896 0
78 89 60 1.9534 0
49 89 60 1.9531 0
52 108 66 1.7593 0
44 81 68 1.2578 0
45 70 68 1.3121 0
54 55 61 1.8331 0
73 55 61 1.8327 0
56 7 58 0.5 0
59 91 60 1.6567 0
68 86 60 1.6567 0
68 80 60 1.6567 0
54 86 60 1.6567 0
59 80 60 1.6567 0
68 70 60 1.6567 0
59 70 60 1.6567 0
54 76 60 1.6567 0
64 67 60 1.6567 0
68 96 60 1.6566 0
82 75 66 1.2906 0
54 112 68 1.88 0
68 57 60 1.727 0
45 91 68 1.173 0
65 107 60 1.7941 0
57 11 60 1.4094 0
80 66 65 1.3642 0
47 66 65 1.3635 0
58 103 60 1.6617 0
79 99 65 1.4392 0
50 103 64 1.5447 0
75 81 60 1.6567 0
75 74 60 1.6567 0
54 92 60 1.6567 0
73 92 60 1.6566 0
51 57 64 1.6552 0
64 89 60 1.6567 0
68 64 60 1.6567 0
64 77 60 1.6567 0
64 72 60 1.6567 0
73 70 60 1.6567 0
68 102 60 1.6566 0
64 94 60 1.6566 0
72 8 70 0.5 0
78 104 67 1.4439 0
49 61 64 1.474 0
78 61 64 1.4734 0
76 54 68 1.5646 0
57 14 63 1.4094 0
61 116 69 1.4366 0
70 19 60 1.4091 0
0
