128
64 73 64 2.8223 0
59 10 64 2.5798 0
110 38 64 2.5961 0
12 45 64 1.8386 0
114 93 65 0.5 0
20 97 64 1.6553 0
77 117 64 1.408 0
44 41 63 2.5961 0
75 42 63 2.5961 0
49 107 63 2.5961 0
99 68 62 1.5882 0
31 68 62 1.5882 0
91 18 63 2.5961 0
87 90 63 2.5961 0
25 25 64 2.0878 0
9 70 64 1.6718 0
43 84 63 2.5961 0
63 93 63 2.5961 0
121 60 65 0.5 0
93 108 63 2.5961 0
81 65 63 2.5961 0
93 45 63 2.5961 0
52 57 63 2.5961 0
72 22 63 2.5961 0
40 14 63 1.7708 0
114 79 64 2.5961 0
25 53 63 2.5961 0
51 27 63 2.5961 0
25 81 63 2.5961 0
64 114 63 2.5961 0
108 58 63 2.5961 0
69 57 76 0.5 0
103 98 64 2.5961 0
25 39 63 2.5961 0
36 102 63 2.5961 0
99 83 64 2.5961 0
75 84 63 2.5961 0
75 105 63 2.5961 0
93 31 63 2.5961 0
50 70 63 2.5961 0
13 58 63 2.5961 0
63 47 63 2.5961 0
37 27 63 2.5961 0
87 76 63 2.5961 0
62 33 63 2.5961 0
81 30 63 2.5961 0
93 59 63 2.5961 0
55 81 63 2.5961 0
14 82 63 2.5961 0
36 53 63 2.5961 0
81 51 63 2.5961 0
49 93 63 2.5961 0
75 12 63 2.5961 0
18 70 63 2.5961 0
70 56 65 1.732 0
117 50 63 1.408 0
57 62 76 0.5 0
101 26 63 2.5961 0
40 64 65 1.5882 0
55 116 63 2.5961 0
61 22 65 1.5882 0
32 92 65 1.5882 0
36 74 63 2.5961 0
73 63 64 2.8223 0
83 15 63 2.5961 0
51 12 63 2.5961 0
110 66 64 2.5961 0
38 115 66 0.5 0
36 39 63 2.5961 0
103 42 64 2.5961 0
19 34 63 2.5961 0
56 38 63 2.5961 0
55 102 63 2.5961 0
116 71 64 2.5961 0
81 100 63 2.5961 0
69 37 63 2.5961 0
43 112 63 2.5961 0
43 98 63 2.5961 0
54 64 64 2.8223 0
101 61 64 2.5961 0
113 45 64 2.5961 0
63 54 64 2.8223 0
101 74 63 2.5961 0
18 91 63 2.5961 0
69 69 75 0.5 0
50 50 63 2.5961 0
104 52 64 2.5961 0
99 35 64 2.5961 0
93 94 63 2.5961 0
87 104 63 2.5961 0
87 55 63 2.5961 0
87 41 63 2.5961 0
105 87 64 2.5961 0
69 88 63 2.5961 0
25 67 63 2.5961 0
66 11 63 2.5961 0
75 70 63 2.5961 0
50 20 63 2.5961 0
69 109 63 2.5961 0
36 88 63 2.5961 0
56 45 63 2.5961 0
37 20 63 2.5961 0
93 66 63 2.5961 0
25 88 63 2.5961 0
36 109 63 2.5961 0
55 88 63 2.5961 0
25 74 63 2.5961 0
36 81 63 2.5961 0
36 60 63 2.5961 0
25 60 63 2.5961 0
36 46 63 2.5961 0
25 46 63 2.5961 0
87 83 63 2.5961 0
81 37 63 2.5961 0
75 77 63 2.5961 0
63 100 63 2.5961 0
25 102 64 2.0878 0
18 46 63 2.5961 0
47 63 63 2.5961 0
12 51 63 2.5961 0
10 64 64 2.5961 0
61 70 74 0.6512 0
93 101 63 2.5961 0
93 87 63 2.5961 0
93 80 63 2.5961 0
93 73 63 2.5961 0
93 52 63 2.5961 0
93 38 63 2.5961 0
0
