128
64 64 44 20.2129 0
66 75 120 0.5 0
60 50 91 6.7369 0
65 65 78 12.5856 0
53 50 67 7.671 0
83 68 23 7.3556 0
51 77 66 7.2852 0
66 53 119 0.5 0
67 72 106 3.3211 0
44 43 16 0.898 0
50 49 25 6.4308 0
44 84 16 0.898 0
77 53 22 6.1279 0
69 49 67 6.0256 0
50 72 22 6.0528 0
61 77 93 6.0261 0
79 57 65 5.3247 0
69 59 96 5.1481 0
70 79 66 5.2051 0
79 69 66 5.0545 0
77 80 27 4.6733 0
61 54 20 4.8894 0
49 64 68 4.6773 0
61 47 78 4.6947 0
59 80 22 4.5671 0
55 80 81 4.6111 0
48 80 31 4.4311 0
70 70 95 4.5451 0
48 47 55 4.4307 0
85 56 31 4.3345 0
48 60 21 4.4284 0
70 71 20 4.1193 0
63 53 109 1.389 0
71 62 19 3.8787 0
53 52 81 3.7448 0
62 65 19 3.8815 0
87 57 19 3.7799 0
78 47 32 3.7718 0
48 46 36 3.5712 0
60 81 73 3.6973 0
48 81 53 3.5991 0
86 71 35 3.4732 0
47 46 46 3.4232 0
67 55 105 3.3239 0
61 46 25 3.3189 0
66 81 84 3.3037 0
74 46 58 3.1702 0
83 72 57 3.1487 0
79 81 18 2.8764 0
83 63 59 2.9986 0
74 56 89 2.9613 0
62 73 18 2.8737 0
47 82 45 2.5708 0
79 55 74 2.8816 0
47 82 21 2.5658 0
50 58 76 2.7154 0
86 55 40 2.8074 0
87 63 35 2.7178 0
67 63 115 0.5 0
69 81 77 2.7343 0
50 72 76 2.7154 0
84 55 54 2.7346 0
69 65 103 2.6297 0
62 45 61 2.616 0
61 82 65 2.6509 0
59 45 18 2.5518 0
58 82 59 2.6077 0
73 82 58 2.5751 0
56 82 30 2.5538 0
57 45 57 2.5927 0
49 82 39 2.5617 0
69 45 76 2.5163 0
68 49 82 2.604 0
46 68 61 2.4145 0
78 82 35 2.5535 0
56 45 32 2.5533 0
46 64 28 2.4154 0
54 74 87 2.512 0
71 45 30 2.4195 0
59 75 115 0.5 0
46 55 57 2.4144 0
52 45 77 2.5098 0
46 59 62 2.415 0
46 57 30 2.4154 0
79 73 75 2.3194 0
46 74 56 2.4146 0
54 45 83 2.3889 0
77 55 82 2.4008 0
86 73 43 2.3226 0
75 73 88 2.2418 0
71 43 16 0.5526 0
85 73 50 2.3208 0
68 84 16 0.5419 0
80 63 73 2.3446 0
85 54 48 2.3199 0
74 77 18 2.2433 0
76 45 51 2.1784 0
78 45 39 2.0854 0
64 71 100 2.1652 0
63 53 100 2.1378 0
64 84 104 0.5 0
87 66 40 2.0905 0
80 42 15 0.5 0
54 65 17 1.8655 0
80 45 18 1.9282 0
53 57 86 1.9085 0
85 66 54 1.9754 0
76 82 53 1.9273 0
64 82 29 1.8542 0
87 61 41 1.9566 0
74 45 17 1.8648 0
49 66 76 1.7751 0
66 54 112 1.9652 0
63 45 103 0.7054 0
75 64 90 1.8612 0
46 54 17 1.8655 0
50 82 75 1.848 0
69 83 31 1.692 0
54 56 17 1.8655 0
80 60 17 1.8645 0
64 74 116 1.0642 0
57 60 17 1.8656 0
61 74 110 1.2208 0
69 54 18 1.8653 0
73 45 23 1.8318 0
68 63 110 0.8825 0
65 73 112 1.6826 0
86 59 49 1.7811 0
0
