128
76 80 60 0.7377 0
31 20 61 1.9132 0
96 20 61 1.913 0
14 86 61 1.9169 0
118 63 61 1.9172 0
51 120 62 0.5 0
42 59 60 1.1681 0
107 103 64 0.5 0
63 9 61 1.9181 0
12 47 61 1.9092 0
73 45 61 0.6326 0
80 115 61 1.9089 0
46 90 60 1.1681 0
97 46 61 1.2825 0
31 107 61 1.913 0
101 82 61 1.4368 0
53 34 61 1.0368 0
21 65 61 1.463 0
67 99 61 1.2009 0
88 65 60 1.1681 0
33 42 61 1.2645 0
89 98 61 1.4777 0
77 23 61 1.4728 0
113 41 61 1.9169 0
47 12 61 1.9073 0
37 75 60 1.1681 0
20 31 61 1.913 0
64 118 61 1.9177 0
115 80 61 1.9092 0
50 104 61 1.4728 0
29 89 61 1.4777 0
102 62 61 1.3104 0
89 33 61 1.3594 0
63 85 60 1.1681 0
10 73 61 1.9185 0
46 46 60 1.1681 0
66 33 60 1.1681 0
84 51 60 1.1681 0
96 112 62 0.5 0
10 59 61 1.8912 0
110 91 61 1.9 0
88 83 60 1.1681 0
42 29 61 1.3912 0
80 12 61 1.9092 0
23 77 61 1.4731 0
41 113 61 1.9175 0
20 96 61 1.9132 0
107 31 61 1.9132 0
77 92 60 1.1681 0
64 21 61 1.4604 0
29 56 61 1.1885 0
38 98 61 1.4779 0
77 104 61 1.4731 0
60 45 62 0.5 0
54 24 61 1.3917 0
95 73 60 1.1681 0
79 37 60 1.1681 0
22 44 61 1.592 0
102 97 61 1.7936 0
112 51 61 1.7556 0
49 80 60 1.1681 0
56 112 61 1.7166 0
58 94 60 1.1681 0
30 30 61 1.6504 0
87 107 61 1.7273 0
19 54 61 1.5814 0
108 73 61 1.5814 0
71 111 61 1.6788 0
71 15 61 1.7166 0
32 65 60 1.1681 0
85 74 60 1.1681 0
87 20 61 1.7272 0
40 20 61 1.7268 0
97 30 61 1.6504 0
56 16 61 1.6766 0
38 51 60 1.1681 0
94 89 61 1.3593 0
30 97 61 1.6504 0
105 44 61 1.5926 0
61 105 61 1.4282 0
110 61 61 1.6187 0
103 54 61 1.3925 0
98 38 61 1.4777 0
93 56 59 0.6602 0
102 25 61 1.9099 0
25 102 61 1.9097 0
25 25 61 1.9097 0
117 73 61 1.9182 0
42 67 60 1.1681 0
30 81 61 1.2824 0
37 90 61 1.2694 0
46 37 60 1.1681 0
85 91 61 1.1707 0
96 107 61 1.9132 0
87 44 60 1.1681 0
81 30 61 1.2823 0
49 19 61 1.6289 0
67 42 60 1.1681 0
73 117 61 1.9185 0
54 10 61 1.9173 0
46 97 61 1.2824 0
81 85 60 1.1681 0
71 28 61 1.2262 0
52 41 60 1.1681 0
45 74 60 1.1681 0
41 81 60 1.1681 0
69 89 60 1.1681 0
101 69 61 1.2863 0
14 41 61 1.9175 0
61 38 60 1.1681 0
47 115 61 1.9092 0
12 80 61 1.9089 0
84 59 60 1.0741 0
86 14 61 1.9175 0
86 113 61 1.9169 0
41 14 61 1.9166 0
80 44 60 1.1681 0
72 37 60 1.1681 0
27 49 61 1.3391 0
55 87 61 0.792 0
59 31 60 1.1681 0
117 54 61 1.9185 0
36 33 61 1.4103 0
81 97 61 1.2824 0
22 83 61 1.5926 0
44 105 61 1.5919 0
113 86 61 1.9175 0
16 71 61 1.6788 0
0
