128
74 71 62 12.8763 0
26 64 23 0.8557 0
57 73 38 15.0434 0
104 65 105 0.5 0
87 67 81 9.4384 0
37 68 29 6.192 0
55 66 59 5.5691 0
99 67 92 5.2496 0
74 83 47 5.206 0
41 80 27 4.4388 0
71 65 79 4.2253 0
89 78 70 3.951 0
74 65 45 3.7553 0
64 88 27 3.6311 0
62 61 53 3.6031 0
50 87 26 3.4315 0
58 77 58 3.2554 0
69 88 35 3.3543 0
39 65 40 3.1722 0
65 84 52 3.2897 0
90 64 94 3.2073 0
60 63 67 2.9933 0
50 62 52 2.9113 0
75 73 44 2.804 0
64 64 74 2.6077 0
88 64 68 2.7427 0
81 84 54 2.7003 0
99 73 84 2.43 0
75 73 79 2.5208 0
43 61 34 2.6544 0
44 65 49 2.6191 0
71 60 50 2.623 0
77 60 76 2.5438 0
83 78 75 2.5036 0
57 87 25 2.4255 0
68 88 42 2.3609 0
94 77 76 2.246 0
86 82 63 2.3283 0
48 69 54 2.2341 0
58 69 67 2.2703 0
69 60 43 2.2234 0
44 60 40 2.1385 0
39 75 35 2.2287 0
59 82 54 2.1759 0
52 74 56 2.0325 0
47 65 25 2.169 0
90 71 68 2.0559 0
27 74 22 0.5 0
65 60 70 2.1261 0
34 77 25 1.9556 0
63 82 58 2.0766 0
29 65 25 2.0167 0
101 66 100 2.0507 0
45 85 31 1.9652 0
73 85 39 1.983 0
99 64 84 1.8284 0
58 74 64 1.6974 0
96 64 99 1.9274 0
45 61 45 1.8458 0
76 63 85 1.8245 0
44 73 24 1.4154 0
59 90 31 1.7016 0
71 86 54 1.7463 0
68 60 74 1.7037 0
38 71 38 1.6986 0
84 60 67 1.7228 0
78 77 77 1.6923 0
41 68 45 1.6267 0
59 59 62 1.5965 0
63 90 33 1.7119 0
97 74 79 1.6117 0
92 60 90 1.6731 0
74 79 40 1.6264 0
55 59 52 1.5874 0
75 69 84 1.4943 0
61 68 72 1.6367 0
66 59 47 1.5874 0
64 59 63 1.6319 0
72 59 72 1.5748 0
54 89 31 1.667 0
42 90 22 0.5 0
83 84 59 1.6404 0
67 71 76 1.5936 0
84 64 93 1.5227 0
49 59 46 1.5874 0
64 88 45 1.6245 0
82 59 73 1.4692 0
62 59 59 1.6104 0
53 59 48 1.5874 0
73 65 38 1.4697 0
44 87 25 1.5648 0
93 73 72 1.5024 0
78 59 81 1.5754 0
76 86 54 1.5128 0
78 59 71 1.5193 0
91 70 92 1.518 0
80 79 50 1.5267 0
79 64 49 1.4714 0
54 94 22 0.5 0
82 81 71 1.4584 0
96 73 88 1.4718 0
86 59 72 1.4254 0
31 73 25 1.4457 0
99 68 82 1.404 0
64 65 24 1.421 0
64 81 24 1.4207 0
49 80 24 1.417 0
92 67 70 1.343 0
78 64 89 1.2759 0
68 88 47 1.3432 0
40 71 42 1.3675 0
79 75 48 1.3742 0
60 83 24 1.4191 0
54 83 24 1.4174 0
47 76 24 1.4167 0
47 70 24 1.416 0
77 91 41 0.5 0
41 80 35 1.268 0
96 61 86 1.3459 0
68 85 57 1.2742 0
76 61 50 1.3056 0
72 82 36 1.3118 0
41 63 45 1.186 0
47 64 56 1.2248 0
47 62 29 1.2909 0
50 88 32 1.1546 0
43 62 29 1.2868 0
88 77 63 1.2307 0
0
