128
66 57 68 17.1602 0
63 92 21 2.9703 0
53 75 44 14.4987 0
64 61 101 13.388 0
89 52 21 2.853 0
58 37 21 2.7433 0
71 59 42 7.4765 0
48 54 21 2.8202 0
73 72 21 2.9369 0
75 77 49 6.3136 0
36 74 21 2.9338 0
75 42 21 2.355 0
67 58 21 2.958 0
48 71 23 5.0414 0
57 79 24 5.0863 0
77 57 22 3.9302 0
43 59 51 4.5047 0
60 53 46 4.3959 0
68 87 50 4.234 0
68 67 32 4.1692 0
53 62 86 3.9831 0
72 72 39 3.9292 0
70 70 86 4.0042 0
69 47 90 3.8769 0
77 56 31 3.6281 0
66 45 21 2.5742 0
59 70 86 3.7195 0
74 46 101 3.5674 0
52 56 50 3.2395 0
79 55 50 3.4569 0
72 81 21 2.6154 0
69 85 41 3.325 0
61 65 21 2.3982 0
64 77 60 3.2327 0
43 59 42 3.2264 0
63 91 44 3.0036 0
43 61 21 2.2723 0
48 80 21 3.0225 0
67 68 21 2.9584 0
61 53 21 2.6556 0
81 46 21 2.5618 0
78 67 21 2.9172 0
64 46 50 2.9599 0
50 55 92 2.8134 0
69 39 21 2.8731 0
57 76 62 2.9557 0
72 63 21 2.9398 0
60 58 39 2.9193 0
74 53 89 2.8775 0
65 76 30 2.8887 0
40 67 21 2.7408 0
65 76 21 2.7942 0
59 91 51 2.7916 0
72 61 28 2.7378 0
74 67 51 2.7879 0
76 70 92 2.6722 0
69 79 36 2.7563 0
68 86 21 2.7763 0
83 62 21 2.6303 0
50 69 61 2.7029 0
50 57 43 2.6851 0
45 62 34 2.6878 0
62 50 88 2.6236 0
38 66 49 2.6551 0
54 43 21 2.2517 0
57 54 87 2.4811 0
65 44 101 2.5195 0
59 86 57 2.5184 0
68 54 116 2.4672 0
42 77 21 2.4256 0
60 43 21 2.4427 0
44 67 30 2.3004 0
62 62 34 2.3 0
54 52 21 2.415 0
53 58 21 2.2875 0
74 50 21 2.1586 0
70 50 48 2.337 0
56 69 21 2.3069 0
67 51 21 2.2637 0
49 54 98 2.3201 0
78 62 52 2.2675 0
60 59 21 2.2599 0
50 61 55 2.1875 0
58 46 52 2.263 0
66 81 55 2.181 0
57 87 20 1.9812 0
69 74 56 2.1924 0
61 90 38 2.1699 0
39 64 43 2.2056 0
52 64 21 2.1795 0
74 80 40 2.1944 0
83 53 21 2.1741 0
52 85 20 2.005 0
73 63 87 2.0086 0
77 71 98 2.026 0
41 66 54 2.0726 0
62 54 116 1.9992 0
78 52 102 1.9721 0
57 92 42 2.0694 0
49 65 30 2.0483 0
56 82 60 1.9648 0
61 71 20 1.9715 0
58 48 20 1.9835 0
62 71 29 1.9858 0
62 84 20 1.9672 0
64 36 20 1.9625 0
69 44 97 1.9144 0
54 58 39 1.9465 0
76 68 45 1.8473 0
87 58 21 1.9565 0
53 90 53 1.9586 0
71 59 116 1.7911 0
74 49 95 1.8626 0
54 92 48 1.928 0
49 87 56 1.8993 0
48 59 38 1.822 0
65 85 36 1.8159 0
38 71 52 1.841 0
79 54 37 1.7729 0
62 81 30 1.804 0
51 65 92 1.7802 0
66 59 117 1.7984 0
53 54 83 1.7591 0
55 51 52 1.7087 0
55 68 81 1.6585 0
81 59 55 1.7554 0
71 48 108 1.6532 0
51 77 61 1.7318 0
0
