128
67 61 56 4.4848 0
37 55 106 4.3619 0
42 77 23 6.2252 0
69 40 25 7.5799 0
74 84 25 8.241 0
55 67 78 6.4765 0
90 59 22 4.8903 0
40 51 22 5.1024 0
57 85 24 7.2331 0
77 61 24 7.2331 0
50 72 40 4.8196 0
52 61 91 6.5333 0
87 73 24 6.2429 0
83 47 24 6.2364 0
54 42 23 6.2252 0
55 62 20 3.2016 0
64 54 23 6.2252 0
65 69 23 5.9047 0
55 65 53 4.8332 0
38 44 90 0.9743 0
53 71 22 5.2174 0
50 56 30 3.0749 0
67 53 72 0.9166 0
56 53 65 1.3455 0
74 70 43 0.7034 0
52 54 22 4.3848 0
34 68 82 0.0627 0
36 61 21 4.0619 0
46 63 21 4.1567 0
50 63 63 3.2568 0
48 53 99 3.6994 0
64 62 72 3.539 0
57 63 67 3.7446 0
47 63 30 3.4634 0
60 55 54 3.1808 0
34 69 31 1.7387 0
64 92 30 3.2336 0
63 61 82 3.2446 0
77 73 20 3.2016 0
41 41 34 0.5 0
39 70 74 0.7246 0
66 92 20 3.0579 0
90 53 29 2.8581 0
35 69 24 2.7123 0
43 59 97 2.7419 0
33 57 33 0.9398 0
46 41 30 2.6725 0
54 66 30 2.8186 0
46 86 27 2.7883 0
46 72 86 1.5912 0
44 68 68 1.8602 0
36 55 29 2.8825 0
47 71 31 2.4556 0
55 65 37 2.5917 0
65 63 64 2.7345 0
74 50 28 2.6881 0
59 60 59 2.7127 0
74 71 28 2.7057 0
85 81 30 2.6796 0
85 83 20 2.673 0
44 42 22 2.673 0
92 65 28 2.6252 0
79 39 31 2.4556 0
45 86 20 2.6219 0
58 50 35 0.5759 0
71 67 50 1.9712 0
66 62 35 0.8739 0
45 48 94 2.3797 0
54 36 31 2.4556 0
60 71 31 2.4556 0
50 67 69 2.3951 0
38 49 31 2.4236 0
72 52 64 0.5 0
81 69 37 0.5 0
56 60 31 2.4556 0
64 78 32 1.4477 0
52 71 48 2.3835 0
67 57 77 2.0274 0
54 65 43 2.3369 0
61 35 19 2.1937 0
46 69 90 2.2412 0
60 76 19 2.1937 0
62 34 31 2.1417 0
37 52 95 0.5271 0
47 47 19 2.1937 0
67 77 19 2.1937 0
76 51 19 2.1937 0
79 40 19 2.1937 0
90 51 19 2.1937 0
40 64 28 1.8674 0
69 55 35 0.8892 0
59 62 26 1.9509 0
69 54 59 2.0551 0
45 71 57 0.5 0
54 72 31 2.1014 0
51 49 30 1.7218 0
93 66 19 2.0539 0
43 65 94 1.8044 0
68 54 53 2.0824 0
63 77 27 2.0484 0
54 95 34 0.5 0
93 60 31 1.966 0
39 85 34 0.5 0
46 46 26 1.9742 0
43 56 62 0.704 0
46 51 29 1.8386 0
55 52 31 1.8411 0
67 73 32 1.4477 0
60 47 28 1.9915 0
52 91 31 1.8745 0
85 56 28 1.9908 0
35 72 19 1.9297 0
39 81 32 1.4477 0
71 64 62 1.8176 0
60 65 31 1.8038 0
62 56 35 0.5759 0
42 70 80 0.5132 0
45 59 55 0.4629 0
45 69 73 1.7786 0
41 68 20 1.9497 0
48 69 52 1.794 0
52 55 73 0.4341 0
48 80 33 0.9398 0
47 69 63 1.6034 0
40 47 92 1.7779 0
41 44 27 1.57 0
71 55 30 1.7361 0
65 50 35 0.7763 0
0
