128
74 80 64 2.1268 0
10 50 63 1.119 0
23 103 66 0.5 0
118 48 62 0.5 0
49 48 63 1.119 0
109 100 63 0.5 0
43 77 65 2.9416 0
83 48 63 1.119 0
110 74 64 1.119 0
14 77 63 0.7127 0
57 100 63 1.119 0
93 89 65 2.9416 0
29 57 63 1.119 0
62 63 64 1.119 0
100 57 64 1.119 0
38 98 66 1.6229 0
78 101 63 1.119 0
83 65 63 1.119 0
56 83 65 2.9416 0
87 76 65 2.9416 0
23 88 64 1.119 0
66 46 64 0.5 0
116 61 64 1.119 0
26 72 63 1.119 0
46 91 65 2.9416 0
46 61 64 1.119 0
108 87 64 1.119 0
33 82 65 2.9416 0
79 92 65 2.9416 0
17 63 63 1.119 0
97 104 65 0.5 0
37 49 63 1.119 0
21 49 63 1.119 0
106 48 63 1.119 0
101 68 63 1.119 0
72 59 63 1.119 0
64 92 63 1.119 0
64 73 64 1.119 0
94 47 63 0.6747 0
88 101 64 1.119 0
72 87 65 2.9416 0
101 80 63 1.119 0
68 101 64 1.119 0
35 68 63 1.119 0
54 68 63 1.119 0
101 97 64 1.119 0
73 50 64 1.119 0
91 96 65 2.9416 0
93 80 65 2.9416 0
87 85 65 2.9416 0
39 92 65 2.9416 0
55 90 65 2.9416 0
46 84 65 2.9416 0
79 85 65 2.9416 0
28 95 63 1.119 0
58 51 64 0.6625 0
89 58 64 0.793 0
47 104 63 0.5 0
20 97 63 1.119 0
37 60 63 1.119 0
80 78 65 2.6145 0
73 71 63 1.119 0
29 48 63 1.119 0
108 58 64 1.119 0
36 75 65 2.2882 0
17 71 64 1.119 0
26 64 64 1.119 0
91 65 63 1.119 0
32 89 65 2.277 0
55 58 64 0.793 0
12 57 64 1.119 0
18 82 63 1.119 0
113 51 64 1.119 0
114 68 63 1.119 0
21 57 63 1.119 0
66 80 64 1.1302 0
31 104 63 0.5 0
50 79 65 2.3049 0
95 71 64 1.119 0
46 69 64 1.119 0
111 81 64 1.119 0
43 97 64 2.1268 0
79 58 64 0.793 0
34 96 64 2.1058 0
40 86 64 2.1268 0
70 65 63 1.119 0
58 75 64 1.119 0
87 91 64 2.1268 0
85 96 64 2.1268 0
73 97 63 1.119 0
27 101 64 1.119 0
43 49 63 1.119 0
108 93 64 1.119 0
40 65 64 1.119 0
97 62 64 1.119 0
63 98 64 1.119 0
79 69 64 1.119 0
69 82 66 1.9337 0
76 63 63 1.119 0
60 69 64 1.119 0
93 52 64 1.119 0
65 53 64 0.5 0
50 101 64 1.119 0
32 62 64 1.119 0
100 89 63 1.119 0
25 79 63 0.8243 0
10 64 66 0.5 0
51 73 63 1.119 0
16 90 65 0.5 0
51 94 64 1.7103 0
101 49 63 1.119 0
108 65 66 0.5 0
32 53 63 1.119 0
106 98 64 1.119 0
64 49 63 1.119 0
119 55 62 0.5 0
68 91 64 1.5367 0
73 93 64 1.3582 0
16 47 64 0.6747 0
79 50 64 1.119 0
17 55 64 1.119 0
13 69 63 1.119 0
87 50 64 1.119 0
85 61 64 1.119 0
37 104 62 0.5 0
87 70 63 1.119 0
98 53 64 1.119 0
97 99 64 1.119 0
0
