128
58 69 64 0.7892 0
90 13 65 0.5 0
90 115 63 0.5 0
40 19 63 1.0555 0
40 115 65 0.5 0
90 50 66 0.5 0
87 82 64 1.0555 0
63 39 63 1.0555 0
63 99 63 1.0555 0
35 48 64 0.6375 0
36 86 63 1.0555 0
64 11 64 1.0555 0
69 120 63 0.5 0
84 32 64 0.5967 0
76 61 63 1.0555 0
37 66 63 1.0555 0
51 53 63 1.0555 0
69 81 63 1.0555 0
80 100 64 1.0555 0
45 35 63 1.0555 0
44 101 63 1.0555 0
54 117 63 1.0555 0
54 84 64 1.0555 0
55 23 63 1.0555 0
72 25 63 1.0555 0
75 46 63 1.0555 0
90 65 65 0.5 0
44 77 63 1.0555 0
63 51 63 1.0555 0
80 112 64 1.0555 0
78 13 62 0.5476 0
48 65 64 1.0555 0
69 108 64 1.0555 0
54 105 63 1.0555 0
72 93 64 1.0555 0
87 22 64 1.0555 0
41 56 63 1.0555 0
52 8 66 0.5 0
75 71 63 1.0555 0
34 30 63 0.5 0
87 93 63 1.0555 0
48 92 63 1.0555 0
87 42 64 1.0555 0
54 42 64 1.0555 0
75 34 63 1.0555 0
45 44 64 1.0555 0
54 33 63 1.0555 0
64 20 63 1.0555 0
63 90 64 1.0555 0
63 30 64 1.0555 0
90 105 64 0.5 0
87 58 64 1.0555 0
45 26 64 1.0555 0
37 38 63 1.0555 0
52 15 63 1.0555 0
60 111 64 1.0555 0
60 78 63 1.0555 0
34 96 65 0.5 0
35 76 64 0.6375 0
84 72 64 0.5967 0
57 58 64 1.0555 0
48 110 63 1.0555 0
51 74 64 1.0555 0
75 86 64 1.0555 0
54 96 64 1.0555 0
44 86 64 1.0555 0
72 55 63 1.0555 0
70 16 63 1.0555 0
66 74 63 1.0555 0
81 18 64 1.0555 0
81 26 64 1.0555 0
45 14 64 1.0555 0
64 117 63 1.0555 0
73 10 64 1.0555 0
72 114 63 1.0555 0
72 102 63 1.0555 0
72 40 64 1.0555 0
39 92 64 1.0555 0
41 107 64 1.0555 0
83 106 64 1.0555 0
58 17 64 1.0555 0
57 49 64 1.0555 0
69 32 63 1.0555 0
84 50 62 0.5476 0
69 47 64 1.0555 0
79 78 64 0.5 0
45 50 64 1.0555 0
54 111 63 1.0555 0
54 90 64 1.0555 0
69 87 63 1.0555 0
51 59 63 1.0555 0
63 105 63 1.0555 0
63 84 64 1.0555 0
63 45 63 1.0555 0
58 11 64 1.0555 0
40 32 64 1.0555 0
51 47 63 1.0555 0
49 20 64 1.0555 0
41 72 64 1.0555 0
75 107 63 1.0555 0
86 101 64 1.0555 0
84 64 64 0.5967 0
54 66 64 1.0555 0
44 61 63 1.0555 0
34 59 62 0.5 0
75 80 64 1.0555 0
40 48 63 1.0555 0
87 112 64 1.0555 0
90 75 66 0.5 0
78 52 66 0.5 0
37 81 64 1.0555 0
40 25 63 1.0555 0
75 98 64 1.0555 0
72 75 64 1.0555 0
66 95 64 1.0555 0
49 29 63 1.0555 0
60 35 64 1.0555 0
60 26 63 1.0555 0
79 92 65 0.5 0
76 18 64 1.0555 0
54 78 64 1.0555 0
44 113 63 1.0555 0
44 95 63 1.0555 0
51 101 63 1.0555 0
51 38 64 1.0555 0
66 26 64 1.0555 0
48 83 64 1.0555 0
57 101 63 1.0555 0
0
