128
64 63 69 12.4283 0
63 63 125 18.6769 0
64 63 12 14.2406 0
64 63 41 12.4283 0
66 64 94 11.3644 0
40 57 29 9.4272 0
87 57 29 9.4272 0
41 56 51 9.2709 0
43 54 100 8.3481 0
42 55 78 8.8201 0
86 56 49 9.2709 0
86 57 70 8.8201 0
85 56 90 8.3694 0
41 69 89 7.7845 0
85 70 101 7.3694 0
40 67 65 7.5129 0
90 65 118 6.6087 0
84 71 83 6.9186 0
38 58 118 6.6087 0
84 69 60 5.8094 0
43 69 40 5.5606 0
42 75 117 5.6008 0
87 52 117 5.6008 0
84 69 40 5.5606 0
50 49 39 5.407 0
69 46 54 3.8452 0
40 72 103 5.2367 0
49 50 63 5.2877 0
46 73 76 5.1157 0
75 48 34 5.1023 0
76 49 100 4.7925 0
77 50 60 5.1012 0
54 47 28 4.6092 0
55 47 50 4.3645 0
82 71 25 4.7101 0
45 71 25 4.7101 0
48 46 116 4.593 0
85 76 116 4.593 0
52 49 90 4.3886 0
74 48 45 4.4574 0
67 46 85 2.9048 0
89 71 71 4.5116 0
76 50 78 4.3886 0
46 71 51 4.2142 0
87 51 103 4.3518 0
77 77 92 4.2327 0
56 47 100 3.8942 0
65 80 84 3.3184 0
72 47 24 4.3645 0
53 79 92 2.9682 0
49 76 99 4.2327 0
53 64 83 4.1526 0
53 64 55 4.1526 0
37 53 65 4.1078 0
61 80 101 3.3184 0
80 74 69 4.0798 0
53 48 73 4.0359 0
73 48 90 3.9432 0
73 48 69 3.9432 0
58 46 60 3.8452 0
66 45 102 3.2548 0
36 68 77 3.7253 0
74 65 55 3.8005 0
50 77 85 3.7825 0
59 72 55 3.7446 0
67 45 39 3.7963 0
33 63 40 3.7155 0
69 72 55 3.7446 0
64 53 55 3.7461 0
80 72 49 3.7107 0
63 44 31 3.4685 0
76 80 115 3.5851 0
59 45 42 3.6728 0
70 43 115 3.5851 0
61 42 115 3.5851 0
79 46 115 3.5851 0
94 64 39 3.5489 0
61 80 92 3.3184 0
93 64 58 3.5219 0
61 45 70 3.326 0
36 69 23 3.5054 0
91 69 23 3.5054 0
76 77 77 3.4088 0
68 46 76 3.375 0
75 78 101 3.2319 0
56 47 81 3.4681 0
63 44 23 3.4513 0
57 72 83 3.3194 0
53 66 27 3.3497 0
37 69 48 3.4247 0
53 66 103 3.3497 0
62 53 83 3.2759 0
67 45 62 3.3798 0
90 69 51 3.3397 0
35 64 99 3.3271 0
93 63 80 3.1813 0
91 60 103 3.2934 0
49 75 67 3.2187 0
72 70 28 3.3194 0
36 58 90 3.2555 0
35 69 34 3.1824 0
64 80 76 2.9525 0
71 57 55 3.1635 0
58 55 104 3.1635 0
68 80 95 3.1336 0
65 45 94 2.7978 0
64 52 28 2.8546 0
36 50 40 2.9512 0
34 68 114 2.5772 0
60 46 89 2.9048 0
90 70 31 2.9484 0
92 66 93 2.9662 0
65 45 47 2.8564 0
75 65 81 2.899 0
88 49 60 2.8556 0
75 63 28 2.8004 0
38 50 89 2.856 0
74 78 84 2.8074 0
68 80 103 2.7814 0
66 53 105 2.8056 0
86 49 80 2.7851 0
59 73 29 2.7367 0
49 74 60 2.7895 0
69 73 82 2.7367 0
55 57 28 2.4509 0
60 73 105 2.7367 0
83 48 38 2.7564 0
70 73 106 2.6067 0
0
