128
61 63 56 4.7283 0
119 76 54 0.5 0
9 75 76 0.5 0
21 63 56 4.7283 0
93 64 56 3.9037 0
117 51 52 0.715 0
41 64 60 4.1489 0
10 52 77 0.5 0
111 61 55 3.2324 0
78 50 52 0.6505 0
28 64 77 0.5 0
78 78 54 0.5 0
72 63 56 4.7283 0
83 64 56 4.7283 0
32 63 56 4.7283 0
50 63 56 4.7283 0
11 74 64 1.2329 0
17 64 74 1.3614 0
11 53 64 1.2329 0
104 65 55 3.8293 0
44 79 54 0.5 0
42 50 51 0.5 0
39 62 75 0.5 0
51 66 71 0.5 0
28 63 68 1.2504 0
11 64 66 0.872 0
27 65 63 3.0972 0
12 59 73 2.2408 0
113 68 55 2.9556 0
18 77 53 0.5 0
99 59 55 2.9556 0
16 74 74 1.219 0
12 68 73 2.2408 0
18 62 64 2.5893 0
43 58 54 2.4594 0
16 52 56 0.7916 0
44 69 54 2.4594 0
12 59 66 2.2408 0
57 64 66 1.2504 0
42 64 70 1.2504 0
33 64 73 1.2504 0
89 58 54 2.3301 0
38 69 54 2.3301 0
18 51 76 0.5 0
98 69 54 2.3301 0
67 69 54 2.3301 0
56 69 54 2.3301 0
27 69 54 2.3301 0
78 72 53 1.3732 0
49 63 67 1.2504 0
16 67 61 2.2445 0
12 68 65 2.2408 0
24 64 74 1.2504 0
15 59 60 2.0899 0
35 61 63 2.1332 0
55 64 62 2.0967 0
16 74 60 1.219 0
16 53 67 1.219 0
17 75 67 0.7374 0
11 53 70 1.2329 0
105 58 56 1.8922 0
17 70 56 1.7957 0
78 58 56 1.8922 0
89 69 53 1.8135 0
77 69 56 1.8922 0
38 58 56 1.8922 0
67 58 53 1.8135 0
56 58 53 1.8135 0
27 58 53 1.8135 0
42 64 53 1.8135 0
83 57 53 1.8135 0
113 77 52 0.5539 0
15 67 69 1.7952 0
16 60 70 1.7452 0
119 58 51 0.5 0
18 56 56 1.592 0
64 64 64 1.085 0
49 70 53 1.6463 0
114 56 53 1.5425 0
33 66 64 1.4579 0
16 53 74 1.219 0
82 71 53 1.5425 0
22 63 70 1.2504 0
119 58 58 0.5 0
38 64 72 1.2504 0
66 65 61 1.5382 0
39 63 67 1.2504 0
10 75 71 0.7251 0
62 70 53 1.3222 0
47 51 54 0.4387 0
11 74 74 1.2329 0
48 56 53 1.2203 0
116 63 53 1.4389 0
23 61 65 1.3848 0
53 64 67 1.2504 0
116 58 56 1.3758 0
66 61 61 1.3981 0
74 70 53 1.3931 0
33 64 69 1.2504 0
28 64 74 1.2504 0
21 70 54 1.3433 0
83 50 54 0.5 0
11 53 74 1.2329 0
11 74 68 1.2329 0
47 64 64 1.3691 0
16 53 63 1.219 0
32 70 54 1.3222 0
108 70 56 1.3222 0
116 72 53 1.3414 0
35 57 53 1.3222 0
18 64 70 1.2654 0
94 57 55 1.3222 0
30 60 64 1.1253 0
93 70 54 1.3222 0
60 64 63 1.3072 0
16 74 70 1.219 0
16 74 64 1.219 0
46 64 69 1.2504 0
78 61 60 1.2851 0
51 64 64 1.2732 0
48 77 52 0.5 0
22 67 65 1.1253 0
41 75 51 0.5 0
44 63 66 1.2504 0
30 64 71 1.2504 0
26 64 71 1.2504 0
16 53 59 1.219 0
11 70 69 1.2329 0
0
