128
69 85 37 2.7922 0
64 63 114 3.2848 0
53 21 53 2.6407 0
24 67 73 2.2093 0
99 47 73 2.4658 0
77 112 86 0.5 0
81 44 18 2.4644 0
36 58 18 1.7773 0
47 99 73 2.4786 0
54 29 90 2.323 0
99 83 60 2.2755 0
29 80 42 2.7946 0
85 84 97 2.2528 0
35 56 104 2.7934 0
82 32 50 2.32 0
84 43 104 2.8719 0
31 47 48 0.7591 0
63 64 20 3.61 0
102 61 42 2.662 0
74 105 60 1.8623 0
52 87 98 2.477 0
52 41 33 2.3349 0
105 75 84 3.1661 0
32 40 72 2.2718 0
88 74 18 2.4644 0
47 98 42 2.7946 0
52 88 18 2.4644 0
75 26 74 1.9486 0
32 84 86 2.3463 0
89 93 78 2.3202 0
42 58 37 2.7922 0
72 96 92 3.2595 0
79 48 37 2.758 0
84 92 49 2.3999 0
90 63 98 1.563 0
103 62 62 2.4693 0
51 76 33 2.3506 0
65 42 101 2.46 0
74 86 18 2.4644 0
91 36 87 2.0377 0
22 58 57 2.3834 0
95 45 50 2.32 0
33 95 53 2.7136 0
21 53 83 2.6941 0
62 41 18 2.4644 0
53 24 71 2.4621 0
80 68 33 2.4782 0
25 66 94 2.9074 0
96 79 43 2.3986 0
66 25 42 2.662 0
32 42 94 2.7019 0
40 32 48 2.3259 0
27 76 59 2.451 0
40 75 98 2.4769 0
66 104 77 2.3228 0
75 33 89 2.4139 0
93 34 62 2.4741 0
46 73 18 2.4644 0
46 43 18 2.4644 0
49 42 98 2.3751 0
98 47 94 2.821 0
69 80 105 0.7254 0
65 24 62 2.4693 0
40 87 44 3.3379 0
65 101 50 2.4354 0
51 100 59 2.451 0
51 60 106 2.3318 0
34 93 74 2.5231 0
84 58 18 2.4644 0
73 54 106 2.4988 0
55 31 45 3.2343 0
87 95 64 2.2718 0
43 95 86 2.3463 0
106 74 53 2.6407 0
28 80 73 2.4786 0
67 41 34 2.4275 0
31 55 92 3.2595 0
40 32 64 2.2743 0
52 75 104 2.4954 0
60 52 29 2.069 0
79 103 80 2.2693 0
28 44 60 2.2705 0
76 67 106 2.318 0
92 71 32 2.7442 0
93 83 87 2.3738 0
61 102 94 2.9074 0
98 84 75 2.2752 0
71 92 104 2.7934 0
80 28 63 2.3313 0
43 84 32 2.9413 0
76 71 18 2.4644 0
42 45 39 2.3063 0
82 85 39 2.3063 0
85 95 94 2.7019 0
103 74 71 2.4621 0
56 53 18 2.4644 0
60 79 18 2.4644 0
71 56 28 2.3469 0
97 58 88 2.2976 0
87 30 78 2.423 0
62 103 62 2.4752 0
41 86 93 2.4989 0
33 94 84 3.3066 0
68 51 18 2.4644 0
44 34 87 2.3738 0
43 29 75 2.2752 0
28 67 50 1.7333 0
26 53 72 2.1934 0
59 91 39 2.359 0
36 68 39 2.359 0
66 73 28 2.4144 0
54 61 28 2.4144 0
60 51 106 2.318 0
103 61 76 1.0394 0
86 41 43 2.3516 0
72 95 44 2.4696 0
52 22 84 3.1661 0
46 57 18 2.4644 0
32 55 44 2.4696 0
94 33 53 3.2197 0
56 96 48 2.4589 0
36 91 64 2.5213 0
90 53 38 1.7539 0
102 58 52 2.4809 0
69 25 52 2.4809 0
62 90 18 2.4644 0
87 40 92 3.489 0
85 56 102 2.2831 0
0
