128
64 79 56 5.8339 0
65 10 63 2.1554 0
14 43 63 1.9847 0
113 44 63 2.0566 0
17 89 65 1.8868 0
111 95 67 0.5 0
49 115 63 2.1108 0
84 111 57 2.0609 0
49 43 56 1.2351 0
82 44 57 1.794 0
32 20 63 2.1107 0
97 70 56 1.2379 0
95 20 63 2.176 0
34 69 57 0.8128 0
10 66 63 2.1752 0
31 104 57 2.2451 0
88 89 56 1.2896 0
65 30 57 1.794 0
64 55 57 1.794 0
119 68 61 0.5 0
68 101 58 2.1668 0
31 50 56 1.2351 0
49 18 57 1.794 0
49 94 56 1.8223 0
67 117 64 1.9978 0
111 83 56 1.2378 0
64 93 56 5.8339 0
78 19 57 1.794 0
100 102 63 2.2178 0
49 61 57 1.794 0
99 50 57 1.794 0
83 60 57 1.794 0
105 32 57 2.0922 0
28 34 57 1.794 0
33 85 57 0.8144 0
110 61 57 1.794 0
22 61 56 1.2369 0
88 30 57 1.794 0
45 77 56 1.0938 0
18 76 56 1.2379 0
82 77 56 1.2858 0
44 29 57 1.794 0
23 98 63 2.3618 0
64 43 57 1.794 0
58 110 57 1.7937 0
38 110 64 2.0294 0
11 55 63 2.1603 0
20 32 64 2.0834 0
73 85 54 3.8429 0
12 79 63 2.1226 0
100 92 56 1.2378 0
39 42 57 1.794 0
56 36 57 1.794 0
116 56 63 2.1193 0
98 81 56 1.2378 0
62 20 57 1.794 0
75 33 57 1.794 0
55 11 63 2.1315 0
75 94 54 3.3608 0
79 11 68 0.5 0
93 61 57 1.794 0
91 100 56 1.2378 0
22 45 57 1.794 0
93 42 57 1.794 0
76 52 57 1.794 0
89 51 57 1.794 0
40 52 57 1.794 0
56 49 57 1.794 0
109 51 57 1.794 0
78 115 63 2.1292 0
24 89 56 1.2379 0
39 18 57 2.085 0
88 18 57 2.1046 0
54 26 57 1.794 0
36 61 57 1.794 0
108 71 56 1.2379 0
50 85 56 1.8223 0
35 28 57 1.794 0
38 95 57 0.8145 0
83 14 63 2.0496 0
18 53 57 1.794 0
43 111 57 2.0402 0
44 14 63 1.9959 0
72 61 56 1.2351 0
104 41 57 1.794 0
68 110 57 1.7937 0
91 110 67 0.596 0
27 75 56 1.2379 0
108 91 57 1.6405 0
57 86 56 3.0161 0
109 35 66 0.9253 0
63 116 57 1.951 0
107 95 63 2.1329 0
102 28 66 0.7932 0
28 26 57 2.0544 0
55 70 57 1.318 0
18 39 57 2.0648 0
76 78 55 2.8302 0
27 56 57 1.794 0
97 24 57 2.0922 0
43 102 56 1.2379 0
55 102 57 1.3179 0
40 88 56 1.4203 0
33 107 63 2.7229 0
89 70 56 1.2379 0
92 108 59 1.2489 0
17 87 57 1.5316 0
72 11 63 2.1149 0
75 13 57 2.1042 0
101 57 57 1.794 0
28 102 62 2.5509 0
68 12 57 2.0605 0
58 116 66 0.8446 0
59 62 57 1.0548 0
73 42 58 0.7861 0
69 21 57 1.794 0
114 76 56 1.2378 0
21 33 57 2.0881 0
31 94 56 1.2379 0
58 12 57 2.0732 0
52 114 57 2.0624 0
75 114 57 2.0707 0
12 58 57 2.0851 0
12 73 57 1.5408 0
37 77 57 0.8144 0
98 33 57 1.794 0
15 45 57 2.0422 0
75 25 57 1.794 0
0
