128
92 62 61 0.6184 0
34 15 61 0.5 0
34 107 68 0.5 0
85 118 63 0.5 0
35 61 61 0.6183 0
92 16 61 0.6178 0
92 91 61 0.6177 0
63 101 66 0.8119 0
35 84 61 0.6179 0
35 39 61 0.6178 0
92 39 62 0.5882 0
53 118 60 0.5 0
79 101 61 0.6322 0
48 101 61 0.6322 0
69 116 62 0.6037 0
94 106 66 0.5 0
92 78 61 0.6177 0
43 116 68 0.5 0
36 97 61 0.6751 0
35 26 61 0.6174 0
92 50 61 0.6184 0
59 110 61 0.6322 0
92 29 61 0.6181 0
77 111 68 0.5 0
35 49 61 0.6183 0
35 74 61 0.6177 0
69 106 61 0.6322 0
86 107 61 0.6322 0
40 107 61 0.7698 0
48 111 62 0.9548 0
59 117 68 0.5 0
89 99 61 0.6322 0
41 101 68 0.5 0
57 102 61 0.9627 0
79 114 61 0.929 0
53 107 68 0.5 0
73 103 68 0.5 0
65 111 67 0.5 0
84 103 68 0.5 0
94 70 61 0.5 0
85 111 68 0.5 0
51 116 67 0.5 0
45 118 61 0.5 0
35 91 61 0.6178 0
41 101 61 0.6322 0
76 118 68 0.5 0
75 108 61 0.6322 0
92 105 61 0.6322 0
53 108 61 0.6322 0
63 105 61 0.6322 0
47 104 68 0.5 0
56 101 68 0.5 0
35 55 61 0.6186 0
92 56 61 0.6186 0
92 23 61 0.618 0
35 67 61 0.618 0
92 85 61 0.6176 0
35 33 61 0.6175 0
56 112 66 0.9747 0
35 105 61 0.6322 0
90 101 68 0.5 0
67 117 68 0.5 0
78 105 66 0.7742 0
73 102 61 0.6322 0
92 44 61 0.6182 0
34 101 67 0.5 0
83 111 62 0.7904 0
64 112 61 0.6322 0
41 107 68 0.5 0
68 103 66 0.9475 0
52 103 65 0.9289 0
44 111 66 0.8661 0
44 105 64 0.91 0
60 106 68 0.5 0
59 116 62 0.6037 0
43 113 61 0.7879 0
36 20 60 0.5 0
89 107 68 0.5 0
81 116 67 0.5 0
70 112 61 0.6322 0
68 101 61 0.9475 0
85 101 62 0.6912 0
75 114 65 0.8102 0
75 118 61 0.5 0
81 106 62 0.8307 0
48 105 62 0.8501 0
70 113 67 0.5 0
49 111 68 0.5 0
53 103 61 0.6322 0
77 100 67 0.5 0
55 118 65 0.5 0
94 96 62 0.5 0
37 79 62 0.5 0
93 34 63 0.5 0
35 44 63 0.5 0
81 101 66 0.8193 0
94 101 64 0.5 0
44 109 61 0.9527 0
47 116 65 0.6227 0
39 104 65 0.5 0
55 113 61 0.6603 0
79 109 61 0.6322 0
74 112 61 0.6322 0
92 66 61 0.6182 0
52 111 65 0.9248 0
72 107 66 0.5 0
89 104 65 0.6511 0
44 101 65 0.91 0
51 114 61 0.8081 0
59 102 65 0.7872 0
85 105 65 0.8685 0
65 117 64 0.5 0
61 113 67 0.5 0
56 106 65 0.51 0
79 115 65 0.6889 0
74 101 65 0.8724 0
82 107 68 0.5 0
94 74 63 0.5 0
82 112 66 0.9121 0
92 101 61 0.6322 0
66 107 67 0.5 0
63 101 62 0.8119 0
37 101 62 0.7962 0
92 72 61 0.618 0
60 103 61 0.6322 0
62 105 65 0.722 0
89 103 62 0.9483 0
66 113 64 0.8523 0
0
