128
63 63 63 55.7448 0
104 91 96 0.5 0
83 106 99 0.5 0
83 78 117 0.5 0
108 80 98 0.5 0
96 98 98 0.5 0
104 103 79 0.5 0
89 82 113 0.5 0
97 86 106 0.5 0
88 98 104 0.5 0
102 98 91 0.5 0
84 111 91 0.5 0
61 95 113 0.5 0
104 83 101 0.5 0
83 113 88 0.5 0
91 100 100 0.5 0
80 86 115 0.5 0
85 66 118 0.5 0
95 105 90 0.5 0
66 75 121 0.5 0
84 98 106 0.5 0
68 91 115 0.5 0
85 115 81 0.5 0
89 68 116 0.5 0
71 105 104 0.5 0
99 65 110 0.5 0
104 71 105 0.5 0
97 75 110 0.5 0
91 105 94 0.5 0
99 104 86 0.5 0
75 94 112 0.5 0
82 92 111 0.5 0
81 108 97 0.5 0
117 85 73 0.5 0
116 71 88 0.5 0
112 92 79 0.5 0
106 88 95 0.5 0
103 100 86 0.5 0
94 113 69 0.5 0
80 105 101 0.5 0
87 117 65 0.5 0
117 65 87 0.5 0
58 101 108 0.5 0
86 117 70 0.5 0
62 117 87 0.5 0
69 107 102 0.5 0
72 99 109 0.5 0
84 58 118 0.5 0
120 74 74 0.5 0
108 99 76 0.5 0
116 77 85 0.5 0
85 116 77 0.5 0
73 58 121 0.5 0
88 85 112 0.5 0
67 78 120 0.5 0
52 110 97 0.5 0
82 101 104 0.5 0
75 109 98 0.5 0
57 106 103 0.5 0
68 111 97 0.5 0
52 103 105 0.5 0
90 103 97 0.5 0
68 81 119 0.5 0
104 104 74 0.5 0
98 110 56 0.5 0
75 116 86 0.5 0
67 84 118 0.5 0
99 98 94 0.5 0
107 68 102 0.5 0
63 64 122 0.5 0
76 71 120 0.5 0
105 77 102 0.5 0
104 93 93 0.5 0
72 117 85 0.5 0
101 73 107 0.5 0
91 113 77 0.5 0
105 96 88 0.5 0
109 83 94 0.5 0
77 104 103 0.5 0
118 79 77 0.5 0
111 67 97 0.5 0
87 91 109 0.5 0
78 62 120 0.5 0
78 48 118 0.5 0
54 100 108 0.5 0
96 108 82 0.5 0
78 118 78 0.5 0
120 78 63 0.5 0
66 53 121 0.5 0
115 75 88 0.5 0
51 95 111 0.5 0
98 83 106 0.5 0
108 46 97 0.5 0
108 97 80 0.5 0
54 68 121 0.5 0
69 98 110 0.5 0
112 93 50 0.5 0
101 108 63 0.5 0
101 63 108 0.5 0
66 97 111 0.5 0
73 121 65 0.5 0
109 89 89 0.5 0
113 85 85 0.5 0
46 89 113 0.5 0
97 110 73 0.5 0
64 121 73 0.5 0
61 113 94 0.5 0
47 101 105 0.5 0
73 112 94 0.5 0
70 70 121 0.5 0
70 56 121 0.5 0
94 63 113 0.5 0
99 109 70 0.5 0
91 97 102 0.5 0
101 54 107 0.5 0
70 109 99 0.5 0
58 88 116 0.5 0
55 108 100 0.5 0
59 92 114 0.5 0
63 107 102 0.5 0
63 102 107 0.5 0
111 96 71 0.5 0
55 79 119 0.5 0
93 86 108 0.5 0
78 113 90 0.5 0
92 89 107 0.5 0
119 74 49 0.5 0
85 103 100 0.5 0
0
