128
64 64 63 8.4575 0
50 40 82 13.1788 0
50 87 82 13.1788 0
37 62 44 12.6987 0
90 64 83 12.7991 0
77 40 45 12.8147 0
77 87 45 12.8147 0
55 77 37 5.1117 0
31 88 58 2.2019 0
36 77 63 5.149 0
35 50 65 4.7667 0
89 80 64 5.1381 0
89 47 64 5.1381 0
33 81 51 6.5609 0
65 46 96 6.278 0
65 81 96 6.278 0
93 63 34 1.71 0
65 33 65 5.0722 0
65 94 65 5.0722 0
45 64 87 4.8844 0
43 81 38 6.52 0
58 90 38 6.4526 0
58 37 38 6.4526 0
89 72 38 6.3786 0
89 55 38 6.3786 0
99 73 67 6.3515 0
99 54 67 6.3515 0
48 72 96 6.3226 0
48 55 96 6.3226 0
95 81 53 6.1927 0
95 46 53 6.1927 0
37 38 66 6.165 0
78 54 96 6.09 0
63 99 53 6.2001 0
63 28 53 6.2001 0
33 45 54 6.1186 0
37 89 66 6.165 0
77 74 96 5.9211 0
44 44 38 5.7739 0
54 99 66 5.9937 0
54 28 66 5.9937 0
55 50 37 5.1117 0
74 47 87 4.8109 0
79 65 37 4.6834 0
73 81 87 4.6879 0
25 73 36 4.304 0
51 68 55 3.4963 0
104 63 72 4.0238 0
108 64 83 3.9185 0
47 93 99 3.8731 0
47 34 99 3.8731 0
82 64 99 3.8731 0
54 82 99 3.8731 0
54 46 99 3.8731 0
80 108 31 0.5 0
65 49 35 3.6278 0
74 102 36 3.7199 0
74 25 36 3.7199 0
98 63 99 3.6228 0
89 48 75 3.6179 0
51 59 55 3.4963 0
32 68 60 3.5958 0
73 64 76 3.3457 0
92 92 37 3.6681 0
92 35 37 3.6681 0
76 56 37 3.6847 0
37 78 73 3.6033 0
57 53 61 3.6929 0
32 79 39 3.7001 0
91 44 35 3.6278 0
91 83 35 3.6278 0
64 62 76 3.6634 0
24 54 35 3.4929 0
64 81 35 3.6278 0
79 64 69 3.4484 0
65 28 41 3.5924 0
65 99 41 3.5924 0
43 98 69 3.3696 0
43 29 69 3.3696 0
89 79 74 3.536 0
42 103 83 3.4832 0
42 24 83 3.4832 0
57 75 63 3.5419 0
88 57 99 3.4364 0
34 45 43 3.5254 0
41 55 86 3.413 0
83 48 84 3.445 0
74 73 55 3.4628 0
74 54 55 3.4628 0
67 40 87 3.4556 0
66 77 54 3.4018 0
66 50 54 3.4018 0
95 88 44 3.1691 0
37 97 75 3.3076 0
37 30 75 3.3076 0
74 73 35 3.2587 0
59 73 76 3.3171 0
59 54 76 3.3171 0
48 24 75 3.3475 0
48 103 75 3.3475 0
27 48 45 3.3403 0
74 94 61 3.1042 0
74 33 61 3.1042 0
95 40 44 3.1691 0
82 79 86 3.2482 0
32 58 61 3.1375 0
87 71 99 3.0886 0
26 76 44 3.2697 0
68 88 84 3.1654 0
45 82 98 3.1824 0
45 45 98 3.1824 0
82 27 35 3.1007 0
82 100 35 3.1006 0
85 39 60 3.1515 0
85 88 60 3.1514 0
75 62 57 3.137 0
40 73 84 3.1347 0
56 38 99 3.0045 0
36 46 73 3.0293 0
105 70 76 3.0864 0
105 63 91 2.9846 0
42 100 90 3.0194 0
42 27 90 3.0194 0
35 47 35 2.9587 0
57 49 69 2.99 0
65 48 85 2.9815 0
50 73 44 2.8489 0
71 103 44 2.8345 0
0
