128
63 67 63 16.5823 0
19 64 73 7.2615 0
109 55 52 5.3169 0
32 61 59 10.9938 0
104 55 76 4.4878 0
44 57 74 6.5035 0
95 55 57 5.3169 0
80 55 52 5.4073 0
93 55 69 5.3169 0
109 55 66 5.3169 0
80 55 73 5.4073 0
17 55 52 5.2458 0
17 67 53 4.9466 0
32 67 75 4.9466 0
32 56 76 4.4878 0
48 56 51 4.4878 0
18 54 65 4.3994 0
83 82 81 0.5 0
84 54 62 4.3994 0
83 83 46 0.5 0
77 79 76 3.6267 0
46 83 80 0.9563 0
45 68 51 3.9387 0
46 85 47 0.5 0
43 68 71 3.9387 0
77 79 51 3.6267 0
119 60 81 0.5 0
52 80 76 3.5683 0
51 80 51 3.5683 0
47 53 64 3.3915 0
71 53 77 3.3915 0
22 53 76 3.3915 0
56 53 77 3.3915 0
15 68 62 3.2301 0
100 57 49 2.4721 0
71 53 49 2.4721 0
69 81 77 2.5605 0
78 66 77 2.6188 0
48 70 77 2.5288 0
78 80 68 2.6188 0
90 56 49 2.4721 0
78 64 49 2.4721 0
115 59 76 1.2854 0
115 50 80 0.8679 0
88 55 78 2.4721 0
96 57 78 2.4721 0
78 71 50 2.6188 0
78 80 59 2.6188 0
70 81 50 2.5605 0
49 81 69 2.362 0
15 55 78 2.4721 0
113 54 74 2.5156 0
56 54 49 2.4721 0
59 81 77 2.5605 0
64 53 78 2.4721 0
59 81 49 2.4721 0
104 52 59 2.3836 0
41 66 78 2.4721 0
40 54 49 2.4721 0
25 69 49 2.4721 0
28 52 70 2.3836 0
44 52 57 2.3836 0
36 52 70 2.3836 0
49 81 58 2.362 0
77 72 78 2.4721 0
25 53 49 2.4721 0
50 64 78 2.4721 0
65 52 49 2.3836 0
103 58 60 2.2933 0
77 52 65 2.3836 0
101 52 64 2.3836 0
52 52 71 2.3836 0
16 52 73 2.3836 0
50 52 58 2.3836 0
111 58 78 2.2933 0
14 62 59 2.2222 0
10 72 82 0.5 0
38 70 49 1.9229 0
119 60 60 0.5 0
27 70 69 1.9229 0
43 70 64 1.9229 0
21 70 60 1.9229 0
23 70 65 1.9229 0
43 70 59 1.9229 0
96 50 47 0.8679 0
74 59 79 1.4642 0
117 50 59 0.5 0
117 61 46 0.5 0
42 62 48 1.4642 0
114 58 60 1.6343 0
59 75 84 0.5 0
79 73 73 1.6109 0
27 61 84 0.5 0
33 50 47 0.8679 0
64 77 82 0.5594 0
54 74 79 1.4642 0
49 75 79 1.4642 0
74 82 71 1.5526 0
73 82 56 1.5526 0
79 74 55 1.6109 0
49 82 64 1.5526 0
80 59 59 1.5987 0
94 50 80 0.8679 0
26 70 79 1.4642 0
98 52 79 1.4642 0
110 52 79 1.4642 0
79 61 79 1.4642 0
48 75 74 1.3174 0
55 51 55 1.3758 0
75 82 64 1.5526 0
65 82 49 1.5526 0
64 82 78 1.5526 0
53 58 79 1.4642 0
50 52 79 1.4642 0
38 52 79 1.4642 0
53 74 48 1.4642 0
41 51 64 1.3758 0
118 61 68 0.5 0
60 51 51 1.3758 0
90 51 51 1.3758 0
14 62 48 1.4642 0
13 70 78 1.5338 0
13 70 68 1.5338 0
101 52 48 1.4642 0
72 73 79 1.4642 0
30 70 48 1.4642 0
24 58 48 1.4642 0
35 53 48 1.4642 0
0
