128
72 62 61 2.8178 0
13 86 67 1.0726 0
116 88 69 0.5 0
103 27 60 2.4601 0
50 17 70 0.5 0
41 81 63 5.704 0
85 81 63 5.715 0
71 30 59 1.2477 0
103 52 60 2.4856 0
55 44 66 1.8789 0
48 61 66 2.143 0
103 85 60 2.4596 0
72 44 65 1.8789 0
52 70 64 4.8751 0
75 72 64 4.8751 0
24 85 60 2.4596 0
77 17 70 0.5 0
56 27 59 0.9677 0
58 87 69 0.5 0
56 56 59 1.6835 0
72 16 58 0.5 0
108 40 68 0.5 0
72 85 60 2.0619 0
57 85 58 0.9785 0
100 39 62 0.8712 0
31 84 63 3.4692 0
96 84 61 3.4692 0
74 51 60 2.0947 0
113 85 59 1.6835 0
57 32 70 0.5 0
71 24 67 0.9873 0
53 16 60 0.5 0
14 85 59 1.6835 0
86 69 67 1.6883 0
75 84 75 0.5 0
56 39 59 1.6835 0
76 56 66 2.0344 0
55 62 61 2.8178 0
42 69 60 1.8253 0
53 51 66 2.0947 0
57 23 68 0.7771 0
79 22 60 0.5 0
71 39 59 1.6835 0
84 68 60 1.8422 0
72 34 70 0.5 0
103 45 65 1.5692 0
103 35 60 2.3321 0
111 82 68 0.6348 0
95 76 67 1.4713 0
46 64 60 2.2122 0
79 61 63 2.143 0
53 86 64 0.9151 0
102 85 66 2.4613 0
70 82 68 0.802 0
32 76 67 1.4713 0
23 79 70 0.5 0
50 22 64 0.6898 0
24 85 66 2.2785 0
53 51 60 2.0947 0
90 73 60 1.9098 0
31 77 59 1.6835 0
38 72 66 1.8466 0
103 45 60 2.2069 0
56 31 65 1.285 0
51 56 60 2.2216 0
76 56 60 2.2216 0
76 86 68 0.9398 0
37 73 60 1.9098 0
74 51 66 2.0947 0
55 44 60 1.9965 0
58 79 70 0.5 0
46 74 60 2.0443 0
72 85 66 2.0619 0
58 58 70 0.5 0
51 56 66 2.0344 0
44 66 65 1.899 0
113 86 65 1.4535 0
82 65 65 2.0219 0
57 79 62 0.802 0
56 37 65 1.285 0
72 60 67 1.8515 0
71 32 66 1.285 0
72 44 60 1.9965 0
103 31 64 1.9222 0
71 24 61 0.9873 0
56 58 66 1.8099 0
55 63 67 1.8515 0
50 88 57 0.5 0
71 78 60 1.7894 0
59 19 61 0.5 0
75 17 64 0.7252 0
82 73 60 1.7601 0
45 73 66 1.8746 0
73 65 67 1.8515 0
89 72 65 1.8466 0
48 86 67 1.4535 0
95 82 67 1.8515 0
55 17 66 0.6333 0
78 78 74 0.4071 0
82 74 67 1.8515 0
56 76 60 1.8099 0
56 34 59 1.621 0
56 76 67 1.8099 0
71 78 67 1.7894 0
103 50 65 1.7676 0
26 80 59 1.6835 0
50 21 58 0.7217 0
17 86 63 1.4535 0
97 78 59 1.6835 0
71 56 59 1.6835 0
101 79 63 1.1781 0
78 23 66 0.5 0
102 80 59 1.6835 0
93 75 63 1.6511 0
34 75 63 1.6511 0
108 84 59 1.6522 0
19 84 59 1.6522 0
92 78 59 1.5651 0
56 24 63 0.9873 0
71 34 59 1.621 0
76 86 63 1.4535 0
57 82 67 0.802 0
71 17 68 0.6614 0
56 85 62 1.4395 0
18 81 68 0.7413 0
103 26 65 1.5008 0
109 86 66 1.4535 0
79 86 60 1.4535 0
0
