128
69 41 33 6.1732 0
29 102 87 0.5 0
100 88 88 0.5 0
28 30 87 0.3151 0
37 93 35 4.1574 0
91 93 35 4.1574 0
99 29 88 0.5 0
25 66 72 5.8152 0
61 27 70 4.4428 0
102 63 70 5.8152 0
39 60 32 6.263 0
64 99 71 1.2275 0
30 31 55 1.4264 0
88 59 32 6.263 0
97 31 53 1.4264 0
71 89 32 6.6248 0
95 99 65 1.2275 0
86 27 70 4.5471 0
36 99 63 1.2275 0
42 44 31 8.1889 0
85 81 31 8.1889 0
42 81 31 8.1889 0
84 44 31 8.1889 0
41 27 70 4.5471 0
82 102 87 0.5 0
53 99 51 1.2275 0
56 89 32 6.6248 0
78 99 54 1.2275 0
47 99 84 1.1064 0
98 82 55 0.823 0
29 53 53 0.823 0
29 82 53 0.823 0
57 31 50 1.1831 0
73 20 87 0.9758 0
98 51 51 0.823 0
98 45 84 0.823 0
29 46 84 0.823 0
29 84 84 0.823 0
75 30 52 0.9185 0
57 41 29 5.4504 0
71 28 81 3.8169 0
51 20 87 0.9758 0
80 99 70 1.2275 0
53 28 81 3.8169 0
98 83 73 0.823 0
98 43 67 0.823 0
29 43 69 0.823 0
66 102 88 0.5 0
98 67 48 0.823 0
29 85 68 0.823 0
50 99 66 1.2275 0
29 67 48 0.823 0
96 99 51 1.2275 0
97 99 83 1.2275 0
88 20 87 0.9758 0
42 31 47 1.1831 0
30 99 75 1.2275 0
30 99 51 1.2275 0
71 27 70 4.4428 0
97 31 40 1.3938 0
51 27 70 4.4428 0
97 74 86 0.5 0
40 23 85 1.6203 0
29 30 40 0.9185 0
87 28 80 4.0773 0
100 59 89 0.5 0
40 28 80 4.0773 0
92 70 35 4.0093 0
67 99 49 1.2275 0
74 99 80 1.2275 0
29 40 46 0.823 0
62 28 82 3.8169 0
42 99 47 1.2275 0
87 69 26 3.8191 0
85 30 45 0.9185 0
52 31 40 1.1831 0
58 99 83 1.2275 0
55 47 43 1.1813 0
100 68 79 3.6668 0
29 51 42 0.823 0
42 69 26 3.5169 0
82 94 35 3.4696 0
46 94 35 3.4696 0
29 43 58 0.823 0
35 70 34 3.5586 0
67 99 61 1.2275 0
42 99 75 1.2275 0
100 73 72 3.4431 0
98 44 43 0.823 0
98 36 75 0.823 0
28 58 87 0.5 0
29 53 72 1.7865 0
98 85 45 0.823 0
91 99 75 1.2275 0
86 99 60 1.2275 0
45 99 57 1.2275 0
29 36 79 0.823 0
47 31 58 1.1831 0
29 72 57 0.823 0
36 99 83 1.2275 0
97 31 65 1.4264 0
75 31 43 1.1831 0
83 31 56 1.1831 0
53 35 36 3.1495 0
29 85 42 0.823 0
44 68 43 1.2535 0
98 89 62 0.823 0
83 68 43 1.2532 0
98 60 55 0.823 0
53 99 75 1.2275 0
58 99 43 1.2275 0
79 29 82 3.1989 0
65 31 45 1.1831 0
61 35 36 3.1495 0
93 37 36 3.1495 0
35 35 36 3.1495 0
77 35 36 3.1495 0
29 92 61 0.823 0
98 55 81 1.0698 0
58 99 59 1.2275 0
84 99 47 1.2275 0
28 60 62 2.0827 0
30 31 67 1.4264 0
98 41 54 0.823 0
28 71 87 0.5 0
99 71 64 2.7943 0
27 57 68 2.9503 0
75 49 43 1.2326 0
0
