128
63 63 72 15.0485 0
64 114 39 0.268 0
114 64 39 0.268 0
64 13 39 0.268 0
13 64 39 0.268 0
99 101 87 0.5 0
28 99 86 0.5824 0
99 28 86 0.5824 0
63 103 66 5.8141 0
103 63 66 5.8141 0
28 28 86 0.5824 0
24 64 66 5.8141 0
63 24 66 5.8141 0
63 39 107 0.6589 0
80 80 79 8.5743 0
48 81 79 7.9218 0
81 48 79 7.9218 0
47 46 79 7.9218 0
64 93 76 7.3482 0
64 34 76 7.3482 0
93 64 76 7.3482 0
34 63 76 7.3482 0
69 62 109 0.5 0
57 33 40 0.5 0
33 71 39 0.5 0
94 57 39 0.1643 0
57 94 39 0.1643 0
64 64 42 2.7916 0
64 104 44 4.4093 0
64 23 44 4.4093 0
104 64 44 4.4093 0
23 64 44 4.4093 0
52 56 104 0.8818 0
75 48 101 0.8389 0
64 107 55 4.7688 0
64 20 55 4.7688 0
20 63 55 4.7688 0
107 63 55 4.7688 0
82 66 83 4.5428 0
46 68 83 4.5428 0
65 82 83 4.5428 0
65 45 83 4.5428 0
84 101 87 0.5 0
54 44 99 0.8136 0
85 27 87 0.5 0
28 85 86 0.5824 0
101 48 87 0.5 0
89 37 82 3.6457 0
99 88 86 0.5824 0
42 100 86 0.5 0
90 90 82 3.6457 0
62 63 100 0.821 0
28 41 86 0.5824 0
49 27 87 0.5 0
39 90 82 3.6457 0
38 37 82 3.6457 0
37 75 82 3.6457 0
75 37 82 3.6457 0
74 57 94 0.8487 0
37 53 82 3.6457 0
57 40 84 3.5559 0
48 59 84 3.535 0
64 64 50 3.1342 0
68 40 98 0.7959 0
90 73 83 3.2674 0
73 90 83 3.2674 0
91 55 83 3.1635 0
55 91 83 3.1635 0
35 45 83 2.9331 0
74 57 104 0.8496 0
109 72 78 0.5 0
66 14 65 2.8316 0
113 66 65 2.8316 0
43 70 75 3.066 0
51 35 83 2.9331 0
92 82 83 2.9331 0
82 92 83 2.9331 0
14 66 65 2.8316 0
61 113 65 2.8316 0
92 45 83 2.9331 0
71 45 73 2.9331 0
82 69 73 2.9331 0
65 82 73 2.9331 0
83 59 74 2.9331 0
59 44 74 2.9331 0
76 76 67 2.9331 0
52 48 107 0.8378 0
36 83 82 2.9331 0
52 54 94 0.7452 0
50 77 68 2.9331 0
77 50 68 2.9331 0
45 57 73 2.9331 0
69 20 75 1.9444 0
73 107 79 0.5 0
23 58 76 2.3464 0
71 42 107 0.761 0
71 51 85 2.5271 0
56 56 40 0.7172 0
58 107 75 1.9444 0
58 50 85 2.5271 0
75 56 85 2.6518 0
70 75 85 2.5271 0
69 108 74 1.7801 0
60 15 61 2.4461 0
59 76 85 2.5271 0
75 70 85 2.5271 0
64 106 75 2.5372 0
59 20 75 1.9727 0
107 59 75 1.9727 0
21 64 75 2.5372 0
58 62 107 0.7167 0
64 23 76 2.5372 0
104 64 76 2.5372 0
53 72 85 2.5271 0
40 61 85 2.5271 0
53 54 85 2.5393 0
86 59 85 2.5271 0
74 46 93 0.6127 0
48 93 83 2.2204 0
112 60 61 2.4461 0
15 60 61 2.4461 0
67 112 61 2.4461 0
71 56 40 0.7172 0
56 71 40 0.7172 0
72 101 87 0.5 0
59 40 95 0.7975 0
56 61 94 0.9953 0
25 69 77 2.3906 0
0
