128
75 55 77 6.6347 0
37 86 47 8.9807 0
65 33 38 8.6032 0
47 71 95 11.6556 0
65 102 75 8.4835 0
78 78 22 0.5 0
84 76 55 6.8402 0
43 49 66 6.5051 0
67 87 91 10.9789 0
28 72 66 8.5722 0
48 64 26 4.6134 0
60 93 45 8.5688 0
51 78 34 10.2632 0
39 101 83 5.7108 0
83 51 27 5.2084 0
30 84 83 8.3799 0
67 65 88 9.0129 0
78 88 73 8.9203 0
64 38 64 5.2953 0
87 51 49 4.9928 0
49 47 40 6.746 0
82 70 75 8.1253 0
44 56 80 7.9568 0
75 89 53 7.7206 0
29 89 63 7.6323 0
46 91 93 7.3455 0
43 62 40 7.0376 0
61 51 80 7.0826 0
59 102 59 6.9874 0
70 80 40 6.4723 0
46 98 54 6.4779 0
33 68 81 5.9502 0
42 50 52 6.0299 0
77 43 34 5.8762 0
82 64 40 3.4312 0
83 52 65 5.1781 0
52 101 85 5.7323 0
50 41 57 5.321 0
78 35 46 5.4261 0
35 71 52 5.2708 0
35 59 63 5.4153 0
36 100 69 5.1869 0
87 62 52 5.1607 0
61 50 22 0.8544 0
51 105 71 5.0163 0
65 73 101 5.0144 0
69 64 22 0.8544 0
56 43 30 4.9802 0
68 41 26 4.7806 0
74 44 71 4.868 0
83 52 39 4.6922 0
47 93 38 4.6271 0
71 99 62 4.5977 0
85 63 63 4.3319 0
37 73 40 4.4855 0
83 42 53 4.4115 0
79 72 44 4.2344 0
79 76 87 4.2695 0
80 67 28 2.438 0
55 45 71 4.2852 0
56 39 47 4.1621 0
26 79 54 4.1325 0
54 57 89 4.079 0
38 61 51 3.9935 0
43 58 105 3.8941 0
86 35 22 0.8544 0
50 51 29 3.812 0
83 60 32 3.7551 0
42 85 103 3.7361 0
44 104 64 3.7373 0
56 84 102 3.7487 0
74 40 61 3.5051 0
87 80 66 3.6634 0
56 94 100 3.6727 0
84 43 44 3.6831 0
34 60 73 3.6646 0
35 98 57 3.632 0
59 36 55 3.4887 0
70 74 26 1.5412 0
72 77 79 3.5228 0
51 45 80 3.4116 0
64 76 27 3.3566 0
36 60 90 3.3142 0
74 25 43 3.3953 0
78 102 75 3.2645 0
54 63 83 3.3229 0
75 74 95 3.0986 0
60 62 99 3.2926 0
80 81 45 3.0952 0
79 77 65 3.2016 0
69 100 53 2.9832 0
34 94 76 3.1956 0
45 108 79 3.1466 0
24 83 72 3.1344 0
59 100 92 3.034 0
64 45 71 3.0038 0
84 60 24 2.8701 0
37 72 22 0.9589 0
43 74 46 2.9634 0
69 64 101 2.8991 0
70 55 22 0.8544 0
24 72 78 2.9106 0
61 59 22 0.8544 0
58 77 105 2.9122 0
53 37 36 2.8734 0
35 79 58 2.7979 0
78 44 24 2.8701 0
76 32 22 0.8544 0
76 72 36 2.64 0
35 93 90 2.7397 0
65 93 58 2.8346 0
29 76 45 2.7537 0
57 29 71 0.6903 0
81 43 62 2.6434 0
91 42 22 0.8544 0
31 96 85 2.776 0
63 86 35 2.6751 0
32 67 92 2.5784 0
47 40 48 2.6159 0
69 35 50 2.5447 0
39 54 21 0.2379 0
79 96 63 2.6287 0
72 90 42 2.6894 0
40 96 62 2.68 0
84 85 61 2.5279 0
59 44 39 2.6409 0
89 55 57 2.6706 0
25 60 66 2.5811 0
0
