128
60 70 63 2.4114 0
121 61 66 0.5 0
8 62 65 0.7076 0
91 56 63 2.4114 0
33 56 63 2.4114 0
105 75 67 0.5 0
79 70 63 2.4114 0
23 75 67 0.5 0
42 70 63 2.4114 0
67 56 63 2.4114 0
48 56 63 2.4114 0
109 60 63 2.4114 0
97 71 63 2.4114 0
79 56 63 2.4114 0
21 63 65 1.345 0
27 70 63 2.4114 0
57 59 65 1.1746 0
67 71 63 2.4114 0
116 69 66 0.5 0
103 57 63 2.4114 0
20 68 63 2.4114 0
51 75 67 0.5 0
107 70 61 0.8956 0
23 55 61 0.8956 0
33 71 63 2.4114 0
91 70 63 2.4114 0
110 66 63 2.4114 0
103 70 63 2.4114 0
97 56 63 2.4114 0
54 70 63 2.4114 0
85 70 63 2.4114 0
85 56 63 2.4114 0
48 70 63 2.4114 0
73 71 63 2.4114 0
73 56 63 2.4114 0
27 56 63 2.4114 0
42 56 63 2.4114 0
17 61 63 2.4114 0
54 56 63 2.4114 0
60 56 63 2.4114 0
119 65 61 0.8956 0
11 69 67 0.5 0
11 67 61 0.8956 0
117 60 63 0.7034 0
22 58 65 1.4035 0
121 67 67 0.5 0
16 66 65 1.4035 0
38 72 65 1.4035 0
38 58 65 1.4035 0
106 64 65 1.3462 0
38 54 65 1.3258 0
10 60 61 0.8956 0
38 68 65 1.2042 0
119 65 65 0.707 0
94 59 65 1.2031 0
88 59 65 1.2031 0
82 59 65 1.2031 0
76 59 65 1.2031 0
70 59 65 1.2031 0
45 61 67 0.5 0
82 75 67 0.5 0
51 61 67 0.5 0
88 75 67 0.5 0
51 59 65 1.1746 0
30 59 65 1.1746 0
45 59 65 1.1746 0
70 68 65 1.1746 0
8 64 61 0.8956 0
63 75 67 0.5 0
7 67 66 0.5 0
109 72 66 0.5 0
29 75 67 0.5 0
93 75 67 0.5 0
12 59 67 0.5 0
114 62 67 0.5 0
62 61 67 0.5 0
10 67 64 0.7025 0
116 67 61 0.8956 0
101 75 67 0.5 0
45 74 66 0.7883 0
57 74 66 0.7883 0
70 75 67 0.5 0
22 60 61 0.8956 0
13 67 63 0.7335 0
114 60 63 0.7342 0
20 57 61 0.8956 0
23 72 66 0.8956 0
88 75 61 0.5 0
64 61 61 0.5 0
57 75 61 0.5 0
99 61 66 0.5 0
36 61 61 0.5 0
51 75 61 0.5 0
24 75 61 0.5 0
117 67 64 0.7284 0
107 70 65 0.8388 0
37 68 61 0.8956 0
66 61 67 0.5 0
39 75 61 0.5 0
13 60 65 0.7599 0
114 67 65 0.7596 0
82 74 61 0.8179 0
77 74 66 0.8179 0
31 67 67 0.5 0
65 67 67 0.5 0
63 75 61 0.5 0
10 60 65 0.7289 0
105 63 61 0.8383 0
37 53 61 0.8179 0
101 53 66 0.7894 0
45 74 61 0.7883 0
118 59 67 0.5 0
8 65 64 0.6941 0
119 62 63 0.6945 0
38 59 61 0.8956 0
15 65 62 0.7756 0
30 53 66 0.8179 0
45 53 66 0.8179 0
57 53 66 0.8179 0
51 53 66 0.8179 0
24 53 66 0.8179 0
45 67 67 0.5 0
57 67 67 0.5 0
88 53 67 0.5 0
51 67 67 0.5 0
64 53 67 0.5 0
94 53 67 0.5 0
76 67 67 0.5 0
0
