128
64 62 67 3.4949 0
10 62 66 2.7068 0
122 65 63 0.5 0
35 26 68 0.7328 0
36 91 66 1.4102 0
67 28 65 1.9459 0
95 54 66 2.7592 0
38 54 67 2.2959 0
76 91 70 0.5 0
101 82 69 0.5 0
30 72 66 2.9408 0
50 39 66 3.0604 0
19 45 66 2.6591 0
60 82 66 2.2694 0
45 76 66 2.9747 0
33 39 66 2.969 0
81 60 66 2.7805 0
93 69 66 2.7723 0
112 74 65 1.7205 0
113 55 65 1.4606 0
24 60 66 2.9712 0
67 43 66 1.3832 0
52 58 67 2.7675 0
57 48 66 2.9825 0
16 73 65 2.0969 0
52 27 67 1.9358 0
39 68 67 2.7015 0
59 69 66 3.4184 0
72 85 67 1.9938 0
79 38 64 0.5 0
47 32 66 3.4184 0
25 49 66 3.4184 0
59 56 66 3.3536 0
72 62 66 3.1705 0
58 34 66 2.2247 0
32 64 67 2.6253 0
27 84 63 0.8736 0
18 52 66 3.0888 0
52 72 66 3.0398 0
31 79 66 3.0434 0
88 62 66 2.7955 0
43 41 66 2.8829 0
104 75 65 1.7275 0
25 67 66 2.8071 0
104 53 65 1.6654 0
17 59 66 2.8102 0
45 63 67 2.2327 0
22 73 66 2.7969 0
67 69 66 2.6453 0
46 94 63 0.5 0
78 28 63 0.5 0
42 85 66 1.358 0
96 75 66 2.6315 0
23 37 64 1.3185 0
95 61 65 2.4105 0
28 55 68 2.5447 0
52 85 66 1.161 0
45 52 67 1.7982 0
117 69 65 1.603 0
59 92 63 0.5 0
74 40 67 0.9913 0
45 69 67 2.3764 0
31 30 67 1.5327 0
37 48 67 2.1304 0
31 45 66 2.3181 0
56 63 67 2.3121 0
12 55 65 2.153 0
40 32 67 2.1035 0
36 74 66 2.2232 0
38 60 67 2.0425 0
50 66 67 2.1264 0
67 56 65 1.9946 0
41 93 65 1.7021 0
37 83 65 1.6603 0
118 61 68 0.7602 0
44 57 67 2.0496 0
51 52 67 2.0267 0
32 51 67 2.0656 0
46 47 67 2.0084 0
33 58 68 1.9971 0
56 78 66 1.9346 0
66 36 63 0.8947 0
58 23 63 0.8525 0
51 45 67 1.9423 0
49 82 65 1.8184 0
63 30 67 1.8697 0
77 66 65 1.6738 0
65 83 67 1.862 0
117 59 65 1.5703 0
101 47 67 0.6199 0
62 45 66 1.8391 0
32 88 67 1.4059 0
57 89 66 0.8871 0
109 53 65 1.7132 0
84 66 65 1.7199 0
26 52 76 0.5 0
76 90 63 0.7967 0
26 43 65 1.6928 0
90 56 67 1.6873 0
55 42 65 1.5548 0
75 88 65 1.6089 0
30 85 65 1.5281 0
58 24 68 0.9917 0
99 80 64 1.0938 0
99 49 65 1.4236 0
67 36 69 0.5 0
74 30 67 0.5 0
63 39 67 0.6148 0
100 55 64 1.4026 0
72 41 64 1.3742 0
87 57 64 1.4026 0
69 83 64 1.3777 0
38 42 64 1.4026 0
31 56 64 1.4025 0
88 67 64 1.4026 0
56 25 66 1.4057 0
25 35 70 0.5 0
34 28 65 1.3574 0
36 34 66 1.4089 0
27 52 72 1.367 0
31 60 64 1.4025 0
25 55 64 1.4026 0
26 78 64 1.4026 0
76 58 65 1.3263 0
27 33 63 0.8947 0
98 70 64 1.2099 0
76 39 64 1.183 0
25 35 67 1.132 0
0
