128
66 66 61 1.0623 0
27 21 67 0.5544 0
101 20 66 0.5 0
27 108 67 0.5 0
101 107 67 0.5 0
29 60 62 1.4658 0
63 26 61 1.0623 0
63 103 61 1.0623 0
98 52 62 1.5125 0
88 84 61 1.0623 0
41 87 61 1.0623 0
48 44 62 1.2558 0
78 42 65 1.2404 0
29 40 62 1.5125 0
82 105 61 1.0623 0
84 23 61 1.0623 0
47 67 61 1.0623 0
45 22 61 1.0623 0
66 85 61 1.0623 0
99 70 66 1.0623 0
44 106 61 0.8107 0
96 35 61 1.0623 0
82 59 62 0.8548 0
29 77 62 1.4658 0
63 48 61 1.0623 0
29 94 62 1.4658 0
99 94 65 1.0859 0
78 75 66 1.0623 0
78 92 66 1.0623 0
53 79 61 1.0623 0
52 96 61 1.0623 0
53 33 65 1.1631 0
55 57 61 1.0623 0
73 31 62 1.4561 0
38 32 61 1.0623 0
87 70 61 1.0623 0
39 51 61 1.0623 0
74 52 64 1.1631 0
34 105 61 1.0623 0
73 101 62 1.4561 0
40 76 61 1.0623 0
101 82 61 0.5 0
91 44 61 1.0623 0
86 34 61 1.0623 0
94 23 61 1.0623 0
91 101 61 1.0623 0
57 70 61 1.0623 0
79 84 62 1.4011 0
54 22 62 1.3186 0
74 22 66 1.0623 0
29 51 62 1.5125 0
69 75 61 1.0623 0
29 31 62 1.5125 0
35 68 61 1.0623 0
61 35 61 1.0623 0
65 57 61 1.0623 0
53 105 61 1.0623 0
93 60 61 1.0623 0
36 22 61 1.0623 0
41 96 61 1.0623 0
62 93 61 1.0623 0
74 61 64 1.1631 0
70 42 61 1.0623 0
49 52 65 1.2404 0
99 44 66 1.0623 0
94 78 61 1.0623 0
41 61 61 1.0623 0
29 86 62 1.4658 0
82 51 61 1.0623 0
98 103 62 1.5125 0
90 92 61 1.0623 0
51 87 61 1.0623 0
57 42 61 1.0623 0
39 43 61 1.0623 0
79 66 62 1.4011 0
98 87 62 1.5125 0
101 30 68 0.5 0
29 101 66 1.0623 0
29 70 66 1.0623 0
29 23 62 1.5125 0
79 35 62 1.4011 0
101 61 68 0.5 0
84 78 61 1.0623 0
73 70 62 1.4267 0
73 92 62 1.4561 0
49 26 65 1.2404 0
99 79 66 1.0623 0
47 75 61 1.0623 0
69 22 61 1.0623 0
45 33 61 1.0623 0
94 69 61 1.0623 0
60 78 61 1.0623 0
89 52 61 1.0623 0
84 43 61 1.0623 0
82 95 61 1.0623 0
54 48 62 1.1477 0
75 108 68 0.5 0
47 101 61 1.0623 0
47 57 61 1.0623 0
99 26 65 1.0859 0
73 84 62 1.4561 0
47 92 61 1.0623 0
60 61 61 1.0623 0
35 83 61 1.0623 0
35 57 61 1.0623 0
98 58 62 1.5125 0
99 74 61 0.9768 0
78 26 65 1.2404 0
69 49 61 1.0623 0
63 41 61 1.0623 0
40 102 61 1.0623 0
78 105 65 1.2404 0
67 35 61 1.0623 0
60 85 61 1.0623 0
35 96 61 1.0623 0
53 41 68 0.5 0
57 100 61 0.8059 0
47 83 61 1.0623 0
53 66 61 1.0623 0
74 78 64 1.1631 0
49 39 66 0.8687 0
59 53 61 0.9768 0
98 31 62 1.5125 0
44 49 61 1.0623 0
89 76 61 1.0623 0
89 25 61 1.0623 0
40 70 61 1.0623 0
69 96 61 1.0623 0
0
