128
62 101 76 17.1318 0
61 14 49 4.9745 0
103 55 42 4.0822 0
23 48 59 6.453 0
100 54 90 2.967 0
30 71 88 7.7454 0
27 78 51 8.4426 0
91 91 67 13.3737 0
34 88 70 13.1229 0
95 26 69 3.2389 0
83 86 92 11.2632 0
47 99 50 11.1493 0
76 101 49 10.945 0
105 57 68 7.0929 0
44 85 93 10.8987 0
88 28 37 3.187 0
38 21 67 3.1875 0
39 29 36 3.1997 0
99 73 81 9.223 0
24 67 71 9.0129 0
103 72 60 8.9961 0
63 87 101 8.6702 0
99 35 52 5.0767 0
85 19 54 4.6405 0
97 83 47 7.6593 0
26 56 37 3.2371 0
27 41 83 2.371 0
23 62 54 7.0431 0
46 18 50 4.9937 0
28 40 44 4.5036 0
35 88 41 6.3899 0
105 57 53 6.2678 0
23 51 73 6.1338 0
71 11 65 2.584 0
61 111 53 5.8839 0
35 25 55 5.0528 0
82 109 65 5.7999 0
85 103 83 5.6751 0
77 20 39 3.8574 0
104 45 61 5.7144 0
93 71 96 5.5472 0
41 107 66 5.4353 0
102 70 44 5.5413 0
60 100 38 5.5271 0
28 35 54 5.4222 0
54 11 66 1.9069 0
100 37 79 2.4969 0
25 58 84 5.2936 0
87 92 39 5.4124 0
26 37 66 5.1241 0
39 100 85 5.1721 0
24 51 46 5.199 0
103 58 82 5.3089 0
72 99 97 5.057 0
102 45 47 4.8069 0
60 19 36 3.5483 0
25 65 41 4.8098 0
103 44 73 4.7186 0
76 16 49 4.8572 0
93 96 48 4.7987 0
93 26 54 4.8195 0
30 93 51 4.7051 0
54 13 58 4.4139 0
54 98 98 4.6446 0
98 31 62 4.6862 0
33 31 45 4.6225 0
68 17 41 4.441 0
53 18 42 4.5246 0
86 23 44 4.4133 0
67 12 58 4.4124 0
38 71 99 4.4052 0
41 24 43 4.3318 0
32 27 65 4.2801 0
42 18 60 4.3145 0
74 79 105 4.2458 0
29 76 37 4.0746 0
98 88 85 4.2611 0
98 62 92 4.1979 0
71 114 60 4.2526 0
77 14 59 4.2105 0
49 112 60 4.183 0
93 30 44 4.1223 0
38 105 76 4.1375 0
28 84 87 3.9433 0
53 78 105 3.8969 0
39 85 52 3.9683 0
20 78 63 3.9301 0
26 39 76 3.9654 0
97 38 40 3.5634 0
62 94 53 3.8991 0
100 35 71 3.8644 0
91 22 63 3.8167 0
46 101 93 3.6805 0
106 81 71 3.6642 0
85 88 50 3.6631 0
23 79 81 3.6227 0
102 48 83 3.628 0
32 100 57 3.6109 0
94 96 85 3.5526 0
59 83 89 3.5943 0
74 90 61 3.5345 0
84 17 64 3.4339 0
77 84 77 3.309 0
26 48 85 3.3831 0
47 23 36 3.3078 0
85 73 102 3.4409 0
32 93 87 3.4101 0
89 106 57 3.3743 0
30 60 94 3.358 0
80 103 92 3.4234 0
18 57 64 3.4379 0
98 76 37 3.4134 0
50 88 62 3.2679 0
83 110 76 3.4092 0
49 83 78 3.3192 0
64 109 43 3.259 0
67 83 89 3.3575 0
30 30 73 3.3097 0
63 102 98 3.264 0
48 14 65 3.2107 0
100 47 38 3.0952 0
60 11 64 3.2483 0
32 38 36 3.0165 0
27 47 38 3.2294 0
105 85 58 3.1736 0
45 93 36 3.1916 0
18 71 59 3.0989 0
109 68 71 3.1096 0
0
