128
80 92 61 0.5 0
11 42 64 0.5 0
117 42 66 0.5 0
22 99 60 0.7816 0
55 121 60 0.5 0
114 78 60 0.9997 0
12 71 60 0.9997 0
50 93 60 0.5 0
104 103 60 0.5 0
82 118 62 0.5 0
37 112 60 0.9997 0
29 81 60 0.7212 0
112 59 60 0.9303 0
97 86 60 0.9997 0
69 106 60 0.7036 0
89 104 60 0.9997 0
12 57 67 0.8792 0
15 86 60 0.9367 0
36 95 60 0.9997 0
53 107 60 0.9997 0
68 119 60 0.9997 0
112 92 62 0.5 0
103 76 60 0.9952 0
43 103 60 0.9997 0
79 108 60 0.9997 0
117 53 68 0.5 0
22 74 60 0.9997 0
90 94 60 0.9997 0
29 106 60 0.9997 0
47 116 60 0.9997 0
110 69 60 0.9997 0
26 90 60 0.9997 0
115 49 60 0.9997 0
92 114 62 0.5 0
12 50 60 0.9997 0
100 95 60 0.9997 0
61 112 60 0.9997 0
107 85 60 0.981 0
73 98 60 0.9997 0
116 63 68 0.5 0
12 62 60 0.9997 0
97 107 60 0.9997 0
81 100 60 0.9997 0
36 86 62 0.5 0
73 113 60 0.9997 0
43 91 60 0.9997 0
54 99 60 0.9997 0
22 83 60 0.9997 0
13 49 69 0.5 0
13 79 60 0.9997 0
29 98 60 0.9997 0
18 67 60 0.9997 0
36 104 60 0.9997 0
54 114 60 0.9997 0
95 100 60 0.9997 0
19 93 60 0.9997 0
86 111 60 0.6856 0
107 96 60 0.8935 0
117 65 61 0.5 0
61 119 60 0.9997 0
44 110 60 0.9997 0
47 98 60 0.9997 0
14 56 60 0.9997 0
114 85 62 0.5 0
75 120 61 0.5 0
91 88 60 0.9997 0
117 72 62 0.5 0
67 112 60 0.9997 0
32 90 60 0.9997 0
115 48 66 0.9317 0
104 90 60 0.9997 0
102 82 60 0.9997 0
115 58 65 0.9317 0
108 79 60 0.9997 0
76 103 60 0.9997 0
115 43 60 0.857 0
85 91 60 0.9997 0
59 106 62 0.5 0
117 55 59 0.5 0
87 99 60 0.9997 0
41 98 60 0.9997 0
84 106 60 0.9997 0
49 103 60 0.9997 0
95 92 60 0.9997 0
11 63 68 0.5 0
12 52 65 0.8792 0
38 90 60 0.9997 0
18 78 60 0.9997 0
17 72 60 0.9997 0
109 74 60 0.9997 0
49 111 60 0.9997 0
12 44 60 0.9997 0
111 88 60 0.9997 0
41 116 62 0.5 0
93 110 60 0.9997 0
40 107 60 0.9997 0
78 96 60 0.9997 0
74 108 60 0.9997 0
33 109 60 0.9997 0
32 85 60 0.9997 0
26 102 60 0.9997 0
25 95 60 0.9997 0
25 78 60 0.9997 0
12 47 65 0.9317 0
78 116 59 0.5 0
115 53 63 0.9317 0
27 85 60 0.9997 0
110 64 60 0.8749 0
12 43 69 0.5 0
84 115 60 0.9997 0
115 69 60 0.9997 0
115 63 64 0.9317 0
17 61 62 0.5 0
22 88 60 0.9997 0
83 96 60 0.9997 0
34 99 60 0.9997 0
71 102 60 0.9997 0
57 110 60 0.9997 0
56 103 60 0.9997 0
52 118 60 0.9997 0
99 90 60 0.9997 0
103 99 60 0.8825 0
100 103 60 0.9009 0
82 111 60 0.9997 0
31 102 60 0.9997 0
29 93 60 0.9997 0
47 107 60 0.9997 0
112 82 60 0.8843 0
0
