128
82 56 64 3.8015 0
15 92 74 0.5 0
22 40 58 3.5263 0
113 91 55 0.5 0
36 62 91 0.5 0
24 72 59 4.6555 0
111 40 57 2.5159 0
78 92 54 0.5 0
85 78 61 7.3746 0
52 52 55 1.2536 0
25 39 86 2.3694 0
28 56 75 4.6719 0
34 87 89 0.8244 0
111 69 57 2.5159 0
28 59 62 7.5375 0
85 44 61 7.3746 0
29 71 85 4.0778 0
33 88 69 2.3556 0
28 70 71 5.6592 0
22 87 58 3.5263 0
61 39 59 1.1458 0
33 39 74 2.3556 0
97 59 56 1.7719 0
111 53 57 2.5159 0
66 52 56 1.3552 0
22 87 70 3.1274 0
22 40 70 3.1274 0
99 89 55 1.3273 0
25 88 85 2.3694 0
29 56 85 4.1049 0
108 81 56 1.3372 0
33 39 57 2.3556 0
60 46 63 2.5835 0
99 37 55 1.2706 0
36 82 54 0.5 0
92 55 58 3.4045 0
21 50 57 3.3431 0
94 71 57 3.3431 0
92 87 58 3.4045 0
52 42 57 1.4115 0
22 51 70 3.1274 0
92 65 67 1.0848 0
111 61 57 2.5159 0
35 82 79 0.9824 0
100 47 55 1.063 0
33 39 87 2.3556 0
33 88 61 2.3556 0
33 88 77 2.3556 0
78 64 54 0.8195 0
79 92 69 0.5 0
33 74 57 2.4981 0
90 57 65 2.7935 0
17 63 72 1.1195 0
81 68 65 2.6969 0
95 48 57 2.6432 0
95 40 57 2.6432 0
25 88 77 2.3694 0
20 80 57 2.7311 0
94 90 70 0.5 0
80 54 57 2.6595 0
90 87 66 2.4893 0
15 77 73 0.3763 0
80 87 65 2.6595 0
80 87 57 2.6595 0
90 69 65 2.6491 0
18 58 56 2.3352 0
115 86 62 0.5 0
33 74 78 2.4981 0
35 45 66 0.9824 0
111 85 57 2.5159 0
111 77 57 2.5159 0
96 81 56 2.3352 0
35 47 80 0.9824 0
22 77 70 2.5613 0
33 62 72 2.4981 0
25 74 79 2.4712 0
60 56 57 1.3456 0
33 68 58 2.4981 0
33 74 63 2.4981 0
95 64 57 2.3466 0
18 67 56 2.3352 0
25 39 80 2.3694 0
33 39 80 2.3556 0
33 39 68 2.3556 0
67 43 54 0.8195 0
111 47 56 2.3352 0
33 88 85 2.3556 0
35 48 55 0.9824 0
21 63 70 2.3278 0
23 80 89 0.9554 0
17 71 72 1.1195 0
26 39 64 1.9531 0
35 79 89 0.9824 0
35 48 89 0.9824 0
23 48 89 0.9554 0
20 57 71 2.1274 0
23 48 81 0.9554 0
52 47 62 0.9329 0
91 51 66 2.0926 0
103 74 55 0.9899 0
29 64 88 1.8323 0
35 48 72 0.9824 0
35 80 72 0.9824 0
103 66 55 0.9899 0
29 89 81 1.8638 0
94 36 69 0.5 0
63 51 62 1.8341 0
68 46 58 1.0894 0
17 45 56 1.8921 0
26 88 63 1.9531 0
28 89 71 1.8638 0
28 38 70 1.8638 0
31 38 63 1.8638 0
56 50 63 1.8855 0
27 38 75 1.8638 0
17 73 56 1.8921 0
103 54 55 0.9899 0
33 61 88 1.8323 0
25 61 88 1.8323 0
34 51 67 1.4903 0
28 38 59 1.8638 0
55 44 62 1.8341 0
24 76 88 1.4633 0
79 62 67 1.4814 0
80 69 59 1.6812 0
33 52 56 1.7507 0
25 52 81 1.7671 0
106 92 54 0.5 0
0
