128
71 77 67 3.6458 0
43 13 65 1.7912 0
8 67 65 0.7129 0
104 23 67 0.5 0
32 112 64 0.5 0
118 64 65 1.7911 0
74 121 66 0.5 0
71 37 65 2.3338 0
105 101 66 0.9413 0
40 57 65 2.3338 0
16 36 64 1.3259 0
41 86 65 2.3338 0
75 54 86 2.5911 0
94 52 65 2.3338 0
50 70 83 3.0371 0
74 7 67 0.5 0
56 106 65 1.9833 0
16 88 65 1.8327 0
80 101 65 2.0207 0
57 50 75 3.1501 0
99 75 65 2.1637 0
42 34 65 2.2722 0
112 42 65 1.8472 0
61 19 65 1.9833 0
77 55 67 3.0138 0
84 23 65 1.9833 0
50 71 67 3.5775 0
72 76 84 3.208 0
22 56 65 1.9833 0
112 86 65 1.8308 0
28 23 64 1.3259 0
31 74 65 2.3338 0
88 88 65 2.3338 0
31 98 65 1.9833 0
93 35 65 2.0214 0
93 109 65 1.8011 0
58 85 65 2.3338 0
78 68 74 3.3297 0
30 41 65 2.0451 0
50 57 83 3.0371 0
58 39 65 2.3338 0
69 95 65 2.3338 0
50 56 67 3.5775 0
70 50 75 3.1501 0
57 77 75 3.1501 0
45 115 64 1.3259 0
90 67 65 2.3338 0
63 49 86 2.5438 0
82 42 65 2.3338 0
72 111 65 1.9833 0
12 47 65 1.808 0
47 96 65 2.1967 0
101 63 65 2.1553 0
72 16 65 1.9833 0
101 88 65 1.9833 0
30 63 65 2.3338 0
16 73 65 1.9833 0
116 53 65 1.8278 0
116 75 65 1.8202 0
58 121 63 0.5 0
77 87 65 2.3338 0
30 86 65 2.0451 0
104 35 65 1.9833 0
48 25 65 2.0001 0
94 19 65 1.8119 0
91 99 65 1.9833 0
79 63 67 3.5326 0
64 30 65 2.3338 0
82 77 65 2.3338 0
31 53 65 2.3338 0
10 58 65 1.8186 0
106 53 65 1.9833 0
40 107 65 1.9833 0
56 77 67 3.5776 0
56 50 67 3.5776 0
46 46 65 2.3338 0
71 50 67 3.5741 0
26 32 65 1.9833 0
55 11 65 1.8431 0
37 23 65 1.9833 0
79 64 87 1.7011 0
71 77 76 3.317 0
77 71 66 3.3417 0
22 46 65 1.9833 0
80 31 65 2.1966 0
40 72 65 2.3338 0
63 78 86 2.5438 0
78 59 74 3.3297 0
63 113 65 1.9833 0
81 114 65 1.8319 0
81 13 65 1.8319 0
108 69 65 1.9833 0
50 70 75 3.1501 0
50 57 75 3.1501 0
65 9 64 1.3259 0
78 68 82 2.9538 0
70 50 83 3.0346 0
22 99 65 1.712 0
53 31 65 2.3338 0
75 54 79 3.0597 0
53 116 65 1.8278 0
58 93 65 2.3338 0
57 77 83 3.0348 0
57 50 83 3.0348 0
103 43 65 1.9833 0
97 28 65 1.9833 0
100 97 65 1.9833 0
39 49 65 2.3338 0
78 59 83 2.9059 0
92 59 65 2.3338 0
19 63 65 1.9833 0
65 79 71 2.8322 0
63 49 79 2.67 0
49 64 79 2.6699 0
29 106 65 1.6002 0
11 80 65 1.4207 0
40 79 65 2.3338 0
23 71 65 2.0141 0
65 78 80 2.7462 0
21 83 65 1.9833 0
73 25 66 1.0633 0
87 105 65 1.9833 0
49 64 69 2.698 0
63 49 69 2.698 0
106 77 65 1.9833 0
91 46 65 2.3338 0
88 39 65 2.3338 0
72 104 65 2.0052 0
0
