128
61 63 65 1.2105 0
118 68 45 0.5 0
12 67 48 1.9388 0
90 35 46 0.8067 0
86 90 47 0.9593 0
114 55 82 0.5 0
36 44 54 1.9673 0
42 80 48 1.9795 0
112 78 69 0.5 0
67 45 47 0.9797 0
111 48 52 1.3609 0
65 77 47 1.2638 0
51 60 48 1.9694 0
106 84 47 1.3027 0
23 83 62 0.8525 0
15 52 61 1.9254 0
114 63 70 2.8423 0
65 73 82 0.5 0
65 52 80 0.5 0
22 82 46 0.5912 0
68 79 67 0.5 0
50 71 61 1.688 0
21 45 46 0.5902 0
48 51 62 1.0189 0
113 75 55 1.3509 0
65 50 59 0.9784 0
11 71 64 0.5 0
38 85 63 0.5 0
101 39 47 1.31 0
78 38 52 0.5 0
74 87 49 0.8497 0
61 63 77 1.2139 0
115 60 53 0.8835 0
13 56 48 1.9593 0
116 75 81 0.5 0
51 60 59 1.9694 0
17 77 58 1.912 0
111 49 66 0.8591 0
62 70 55 1.3696 0
46 48 46 0.5788 0
23 45 61 1.7235 0
62 57 50 1.2604 0
25 82 54 1.9829 0
63 73 73 1.3338 0
63 54 70 1.1612 0
33 83 49 1.9774 0
12 61 58 1.7105 0
50 70 47 1.599 0
47 51 53 1.9964 0
42 80 60 1.9795 0
27 44 53 1.9274 0
17 77 49 1.912 0
33 83 59 1.9769 0
97 90 48 0.5422 0
113 51 75 1.1701 0
117 65 83 0.5 0
114 54 61 1.3142 0
63 63 70 2.8323 0
61 66 47 1.0769 0
48 74 53 1.9349 0
18 49 54 1.7449 0
115 71 63 0.9434 0
69 79 57 0.5 0
113 75 47 1.3536 0
63 73 65 1.3408 0
117 54 45 0.5 0
115 69 78 1.3019 0
62 57 58 1.2621 0
41 46 49 1.9103 0
73 41 47 1.1898 0
32 43 47 1.5583 0
31 43 60 1.5626 0
42 45 62 0.7117 0
115 69 51 1.3031 0
81 37 47 1.352 0
113 75 74 1.3509 0
114 54 69 1.3128 0
14 73 53 1.8722 0
12 67 58 1.9388 0
62 57 80 1.261 0
64 51 52 1.3141 0
42 80 54 1.9843 0
13 56 54 1.9635 0
61 63 55 1.2139 0
62 70 79 1.3707 0
116 63 47 1.0527 0
114 54 53 1.3128 0
108 43 46 0.9528 0
115 57 75 1.3301 0
51 66 59 1.9493 0
69 82 49 1.0969 0
64 76 59 1.0837 0
116 63 62 1.0491 0
51 66 50 1.9492 0
18 50 47 1.0195 0
110 80 49 1.3239 0
38 82 51 1.9581 0
38 82 57 1.9579 0
94 37 52 0.5 0
21 80 51 1.8862 0
21 80 61 1.8852 0
113 51 47 1.1668 0
20 47 49 1.9646 0
111 77 62 0.9153 0
47 51 48 1.9971 0
47 51 58 1.9971 0
25 82 59 1.98 0
25 82 49 1.9793 0
36 44 59 1.9656 0
36 44 49 1.9649 0
14 73 59 1.8732 0
44 48 61 1.9484 0
27 44 48 1.9248 0
41 46 54 1.9136 0
20 47 58 1.9646 0
13 56 59 1.96 0
14 73 48 1.8732 0
50 56 51 1.8712 0
50 56 56 1.8708 0
27 44 58 1.9249 0
48 74 58 1.9333 0
50 70 55 1.9429 0
48 74 48 1.9323 0
12 68 53 1.8419 0
12 60 51 1.852 0
80 89 50 0.6228 0
15 52 50 1.9246 0
115 57 47 1.3307 0
0
