128
64 65 40 12.7664 0
64 32 107 2.2755 0
63 95 107 2.2755 0
31 61 84 3.9441 0
95 54 83 4.3229 0
42 44 40 13.6206 0
84 43 40 13.6206 0
42 83 40 13.6206 0
83 85 40 13.6206 0
92 80 101 4.328 0
62 31 77 3.9359 0
73 95 78 4.3229 0
44 90 76 4.3092 0
39 39 100 3.3076 0
35 80 101 4.328 0
63 31 36 9.6256 0
96 64 36 9.6256 0
62 96 44 9.3311 0
95 73 69 4.3229 0
87 43 106 2.5506 0
83 37 71 4.3091 0
37 44 71 4.3091 0
29 63 35 8.1071 0
32 73 69 4.3229 0
96 58 101 4.2988 0
90 83 83 4.3092 0
31 58 101 4.2988 0
80 92 101 4.328 0
47 92 101 4.328 0
60 96 68 4.0717 0
77 59 68 0.6929 0
77 36 92 1.8201 0
60 48 64 1.5055 0
47 64 61 2.6032 0
71 76 67 1.0455 0
83 90 68 4.3092 0
44 37 82 4.3091 0
45 64 32 5.5941 0
45 64 48 5.53 0
92 50 66 2.9418 0
51 35 65 2.5282 0
85 66 48 5.53 0
61 42 48 5.2905 0
33 67 49 5.1373 0
52 99 32 5.2381 0
72 100 32 5.1167 0
56 78 60 2.7761 0
73 32 82 4.3229 0
32 73 83 4.3229 0
61 96 83 4.0038 0
51 29 99 2.0358 0
80 35 101 4.328 0
67 33 62 2.0605 0
32 54 68 4.3229 0
95 73 81 4.3229 0
73 32 70 4.3229 0
98 54 48 4.8305 0
73 29 48 4.8305 0
71 49 61 2.7761 0
37 83 83 4.3092 0
90 44 83 4.3091 0
31 69 101 4.2988 0
96 69 101 4.2988 0
28 56 47 4.7214 0
96 61 67 3.6368 0
78 71 61 2.7761 0
98 75 47 4.6381 0
52 29 47 4.6381 0
83 90 79 4.3092 0
69 96 101 4.2988 0
82 68 31 4.5863 0
54 32 83 4.3229 0
59 82 49 4.5221 0
54 95 76 4.3229 0
44 37 69 4.3091 0
50 56 77 0.5 0
35 47 101 4.328 0
73 95 68 4.3229 0
90 83 73 4.3092 0
37 83 73 4.3092 0
95 54 73 4.3229 0
90 44 72 4.3091 0
83 37 82 4.3091 0
37 44 83 4.3091 0
92 47 101 4.328 0
54 32 72 4.3229 0
58 96 101 4.2988 0
69 31 101 4.2988 0
58 31 101 4.2988 0
47 35 101 4.328 0
53 71 75 0.5 0
32 54 78 4.3229 0
49 93 68 4.2745 0
99 78 32 4.2206 0
49 28 32 4.2206 0
31 66 76 4.0038 0
96 65 75 3.9359 0
27 76 31 3.976 0
49 93 84 3.9222 0
100 50 31 3.6761 0
77 27 31 3.6761 0
72 50 77 0.5 0
26 73 43 3.9133 0
96 64 84 3.8747 0
64 31 68 3.872 0
57 90 31 3.7874 0
78 56 61 2.7761 0
62 102 30 3.5784 0
31 64 67 3.6646 0
55 53 30 3.5784 0
27 50 31 3.6761 0
66 92 31 3.6089 0
54 54 50 3.5142 0
76 57 30 3.5784 0
84 59 30 3.5784 0
72 53 50 3.5142 0
49 97 50 3.4074 0
56 77 30 3.5784 0
79 58 50 3.5142 0
75 98 50 3.5142 0
69 79 50 3.5142 0
97 66 50 3.5251 0
61 30 50 3.5251 0
64 79 77 0.5 0
42 86 61 1.9655 0
52 52 63 1.9696 0
78 72 77 0.283 0
88 88 100 3.3076 0
0
