128
64 58 65 0.5 0
24 106 64 0.5 0
103 106 63 0.5 0
9 53 74 0.5 0
105 24 64 0.5 0
114 66 78 0.5 0
63 98 63 0.5 0
63 19 63 0.2395 0
27 22 65 0.5 0
34 72 63 0.5 0
89 78 63 0.5 0
91 50 64 0.7792 0
39 46 65 0.6047 0
10 74 63 0.5 0
55 77 64 0.5 0
110 80 63 0.5 0
112 52 63 0.5 0
67 38 63 0.5 0
37 91 65 0.5 0
23 57 63 0.2395 0
72 81 63 0.5 0
91 94 64 0.5 0
91 33 63 0.1791 0
15 73 78 0.5 0
27 37 63 0.5 0
48 58 64 0.5 0
111 66 64 0.7372 0
79 58 64 0.5 0
22 81 63 0.5 0
56 47 63 0.2395 0
9 61 63 0.5 0
99 70 65 0.5 0
79 71 65 0.5 0
67 70 65 0.5 0
101 57 63 0.5 0
75 47 65 0.5 0
44 81 64 0.5 0
99 41 64 0.5 0
14 50 63 0.5 0
35 57 65 0.5 0
59 30 64 0.5 0
26 95 63 0.5 0
60 87 65 0.5 0
46 70 63 0.5 0
103 95 65 0.5 0
64 109 64 0.5 0
21 70 64 0.5 0
98 85 63 0.1188 0
37 34 64 0.5 0
69 27 64 0.5 0
28 47 65 0.5 0
33 102 65 0.5 0
64 46 68 0.5 0
34 82 63 0.5 0
113 58 73 0.5 0
69 91 65 0.5 0
88 41 65 0.5 0
96 25 64 0.5 0
64 78 68 0.5 0
13 69 70 0.4321 0
104 49 65 0.5 0
101 32 63 0.5 0
15 56 69 0.5924 0
109 65 72 0.7385 0
48 47 64 0.5 0
80 80 65 0.5 0
56 55 63 0.5 0
89 70 65 0.5 0
87 86 63 0.5 0
38 77 68 0.5 0
96 101 63 0.2395 0
93 58 65 0.5 0
101 78 63 0.5 0
32 28 63 0.5 0
16 55 77 0.5 0
28 87 64 0.5 0
27 75 65 0.5 0
83 49 63 0.5 0
68 51 63 0.2395 0
17 63 63 0.2395 0
59 70 63 0.2395 0
59 39 64 0.2395 0
114 59 65 0.5 0
24 29 63 0.2395 0
69 102 64 0.5 0
42 53 63 0.2395 0
33 42 64 0.5 0
72 57 65 0.5 0
9 74 73 0.5 0
21 50 64 0.5 0
17 76 63 0.5 0
86 57 65 0.5 0
113 73 64 0.5 0
10 55 65 0.7041 0
93 80 68 0.5 0
66 85 63 0.5 0
62 50 64 0.7956 0
13 60 74 0.5 0
29 54 63 0.2395 0
109 62 78 0.5 0
15 75 71 0.5 0
94 74 65 0.5 0
9 68 65 0.5 0
69 45 63 0.5 0
33 96 63 0.5 0
40 40 63 0.5 0
98 92 63 0.5 0
87 47 68 0.5 0
97 48 63 0.5 0
62 75 63 0.5 0
34 50 63 0.2395 0
59 94 65 0.5 0
83 75 63 0.5 0
107 57 63 0.5 0
38 83 68 0.5 0
50 81 64 0.5 0
40 72 63 0.5 0
106 71 63 0.0384 0
15 71 65 0.5924 0
115 66 71 0.5 0
23 100 64 0.5 0
41 86 63 0.5 0
93 86 65 0.5 0
17 55 63 0.5 0
66 32 64 0.5 0
60 81 65 0.5 0
53 70 64 0.2395 0
38 51 68 0.5 0
0
