128
64 74 64 0.8809 0
7 54 64 0.5 0
122 64 64 0.5 0
32 76 79 0.5 0
90 51 63 0.2821 0
42 51 63 0.2821 0
95 78 64 0.5 0
106 64 85 0.5 0
21 53 84 0.5 0
66 50 64 0.5 0
10 77 64 0.5 0
44 74 64 0.8809 0
24 64 63 0.5 0
51 59 77 0.5 0
108 52 67 0.5 0
81 66 63 0.5 0
17 70 79 0.7887 0
111 78 65 0.5 0
33 59 76 0.5 0
28 78 65 0.5 0
54 62 63 0.5 0
102 65 63 0.2187 0
22 50 63 0.5 0
111 64 72 0.7057 0
78 53 66 0.8345 0
45 71 77 0.5 0
18 58 73 0.6504 0
69 62 65 0.5 0
37 63 65 0.5 0
12 65 65 0.5 0
82 78 63 0.5 0
32 53 67 0.9087 0
54 51 65 0.5 0
19 73 68 0.6199 0
54 74 67 0.796 0
92 68 63 0.5 0
99 53 64 0.8809 0
74 74 68 0.5 0
44 58 70 0.6382 0
31 68 72 0.5 0
113 68 63 0.5 0
103 74 64 0.8809 0
117 54 65 0.5 0
31 66 82 0.5 0
35 74 67 0.8345 0
88 60 63 0.5 0
109 60 63 0.5 0
18 58 64 0.6504 0
45 65 63 0.5 0
88 74 66 0.8345 0
19 61 81 0.5 0
113 62 81 0.5 0
61 66 65 0.5 0
48 69 70 0.6382 0
23 73 84 0.5 0
61 56 63 0.5 0
48 57 63 0.5 0
32 52 79 0.5 0
23 69 74 0.5 0
96 61 64 0.5 0
24 54 69 0.5 0
106 63 78 0.6621 0
14 51 63 0.2821 0
117 74 65 0.5 0
42 58 77 0.5 0
71 55 63 0.5 0
71 78 63 0.5 0
74 67 63 0.5 0
85 53 66 0.8345 0
18 68 63 0.5 0
31 68 65 0.5 0
25 72 63 0.5 0
47 52 68 0.5 0
17 55 79 0.5985 0
20 75 75 0.5 0
77 60 63 0.2821 0
31 60 68 0.5 0
24 57 79 0.5 0
8 70 63 0.5 0
41 58 63 0.5 0
106 63 68 0.6621 0
17 78 64 0.5 0
39 54 68 0.5 0
110 68 80 0.5 0
42 69 68 0.6382 0
78 74 64 0.8809 0
115 61 65 0.5 0
51 69 63 0.2821 0
50 58 71 0.6382 0
27 53 64 0.8809 0
31 75 73 0.5 0
8 60 65 0.5 0
103 59 64 0.5 0
34 58 63 0.5 0
51 78 63 0.5 0
58 78 64 0.5 0
94 54 68 0.5 0
39 78 63 0.5 0
51 71 76 0.5 0
38 70 63 0.5 0
31 60 82 0.5 0
36 50 63 0.5 0
70 72 64 0.5 0
59 53 67 0.7605 0
98 75 68 0.5 0
71 52 68 0.5 0
20 68 84 0.5 0
25 75 69 0.5 0
31 54 73 0.5 0
109 73 63 0.5 0
17 57 85 0.5 0
33 70 77 0.5 0
22 68 68 0.5 0
18 69 72 0.6504 0
58 71 63 0.2821 0
21 54 75 0.7169 0
106 68 65 0.5 0
23 71 79 0.6255 0
111 64 66 0.7057 0
82 61 65 0.5 0
93 56 63 0.5 0
49 74 66 0.8345 0
21 53 66 0.5502 0
31 74 64 0.8809 0
83 76 68 0.5 0
86 69 64 0.5 0
54 56 63 0.5 0
33 63 72 0.5 0
0
