128
64 64 74 12.9195 0
33 64 24 3.5186 0
100 64 19 0.5 0
64 95 24 3.5086 0
63 33 24 3.5086 0
63 64 45 14.6336 0
63 64 111 5.2042 0
63 64 96 7.9908 0
89 64 32 4.7807 0
63 39 42 4.1454 0
64 88 42 4.1451 0
39 64 42 4.1498 0
66 58 25 5.3349 0
89 64 50 2.2342 0
59 68 25 5.0195 0
38 64 32 4.7807 0
64 89 32 4.7753 0
63 38 32 4.7748 0
88 64 42 4.1498 0
70 68 27 3.9487 0
54 57 61 3.5638 0
55 72 61 3.5234 0
72 55 61 3.5229 0
94 64 24 3.5186 0
64 46 37 3.5086 0
63 41 23 3.433 0
41 64 23 3.433 0
86 64 23 3.433 0
72 72 60 3.3611 0
64 87 23 3.433 0
56 59 28 3.3285 0
64 52 60 3.0247 0
75 64 60 3.0215 0
64 75 61 2.9944 0
63 45 48 2.8255 0
52 65 60 2.9335 0
82 64 48 2.7001 0
81 64 35 2.7368 0
46 64 35 2.7349 0
64 81 35 2.7047 0
66 90 55 0.5 0
38 63 54 0.9655 0
58 57 88 2.4875 0
64 55 88 2.4875 0
45 62 47 2.51 0
62 82 47 2.5007 0
64 89 50 2.2345 0
63 38 50 2.2338 0
73 60 30 2.3422 0
38 64 50 2.2342 0
60 54 30 2.3426 0
71 59 88 2.2596 0
56 68 88 2.2639 0
66 72 88 2.1502 0
72 66 88 2.1489 0
58 57 22 2.1646 0
59 52 64 2.0317 0
64 74 30 1.9625 0
66 72 22 1.8303 0
53 65 30 1.8639 0
60 72 88 1.8273 0
54 63 87 1.7587 0
58 52 57 1.8295 0
67 59 105 1.7729 0
75 63 19 0.5 0
55 61 22 1.8329 0
52 56 67 1.8292 0
69 54 32 1.8273 0
54 74 67 1.8006 0
74 54 67 1.8001 0
51 62 65 1.7211 0
62 58 105 1.7747 0
69 65 105 1.774 0
63 30 30 1.4997 0
55 52 68 1.4775 0
30 64 30 1.4906 0
97 64 30 1.4856 0
66 66 21 1.4172 0
46 61 41 1.5022 0
58 73 31 1.6663 0
73 62 24 1.5911 0
68 38 26 1.4407 0
76 60 56 1.5937 0
38 59 26 1.4403 0
89 59 26 1.4403 0
64 97 30 1.4952 0
60 76 57 1.5984 0
81 66 43 1.5029 0
72 75 66 1.4518 0
66 47 43 1.4929 0
66 81 43 1.4929 0
75 72 66 1.4517 0
79 61 39 1.5022 0
61 46 43 1.4928 0
59 89 26 1.4407 0
66 69 105 1.4381 0
58 61 105 1.4359 0
82 61 42 1.5022 0
61 82 42 1.4928 0
67 51 65 1.3271 0
68 56 91 1.4547 0
72 66 21 1.4172 0
46 66 44 1.5029 0
76 60 64 1.3867 0
71 72 32 1.4719 0
62 94 37 1.439 0
65 33 37 1.4369 0
69 55 86 1.3864 0
33 62 37 1.4087 0
94 62 37 1.4068 0
58 66 105 1.4362 0
61 69 105 1.4354 0
70 70 90 1.3016 0
68 76 57 1.2872 0
54 70 31 1.1355 0
76 68 56 1.286 0
60 76 65 1.333 0
60 61 21 1.4172 0
74 68 32 1.3844 0
70 52 55 1.3621 0
51 67 65 1.3298 0
65 52 33 1.3666 0
75 64 32 1.298 0
55 56 84 1.2585 0
64 83 28 1.3359 0
83 64 28 1.3422 0
44 64 28 1.3408 0
63 44 28 1.3352 0
0
