128
55 86 66 7.9973 0
95 40 105 0.5 0
41 34 34 3.8022 0
63 40 81 6.2946 0
102 88 99 0.5 0
31 84 32 3.9672 0
45 41 52 9.8015 0
77 87 88 5.9309 0
45 85 50 9.2795 0
81 40 96 4.2939 0
53 40 69 7.825 0
66 87 79 6.9333 0
43 50 32 3.6351 0
31 44 33 4.1463 0
72 40 90 5.2801 0
49 42 36 4.7742 0
48 87 33 4.0711 0
88 87 94 4.3332 0
41 74 30 1.0125 0
33 43 44 3.6451 0
46 79 36 3.6555 0
37 77 33 3.4155 0
33 37 38 3.2804 0
34 88 42 3.1209 0
42 92 36 3.2379 0
44 49 40 3.0931 0
35 80 42 2.9403 0
35 91 31 2.9596 0
37 50 37 2.8928 0
88 40 101 2.608 0
46 34 40 2.5752 0
37 34 43 2.657 0
42 40 65 2.566 0
34 37 31 2.4735 0
96 86 97 2.1917 0
44 84 63 2.4951 0
56 90 77 2.4233 0
48 35 31 2.3058 0
38 48 43 2.4431 0
51 83 39 2.3239 0
36 51 31 2.1605 0
45 91 61 2.1177 0
48 33 62 2.1096 0
40 76 39 1.9606 0
39 93 42 1.8702 0
47 92 40 2.0534 0
55 84 77 1.9837 0
49 80 30 1.9506 0
56 38 58 1.9521 0
49 79 60 1.9801 0
59 81 75 1.9513 0
55 81 56 1.9493 0
35 92 37 1.9061 0
49 48 30 1.9578 0
44 92 30 1.9516 0
55 90 55 1.9599 0
54 42 80 1.9094 0
45 76 30 1.8309 0
64 38 90 1.7988 0
44 45 64 1.8294 0
50 93 58 1.7142 0
53 34 60 1.7496 0
65 83 70 1.7482 0
32 79 37 1.7214 0
56 35 78 1.7795 0
45 39 30 1.6755 0
51 89 40 1.5906 0
65 89 69 1.6157 0
60 93 73 1.4832 0
34 36 47 1.6418 0
56 43 59 1.4744 0
51 36 42 1.5221 0
42 35 63 1.5386 0
42 32 43 1.5418 0
63 41 72 1.5695 0
32 48 39 1.4705 0
33 84 46 1.5508 0
31 89 37 1.4014 0
33 39 50 1.5265 0
30 84 39 1.1996 0
52 45 42 1.4638 0
57 86 54 1.4193 0
68 90 88 1.3489 0
44 76 41 1.4534 0
93 41 103 1.2384 0
42 51 45 1.3389 0
51 47 61 1.3799 0
70 82 86 1.3669 0
45 82 30 1.3871 0
61 35 74 1.3366 0
45 34 66 1.2952 0
41 88 61 1.1959 0
49 49 43 1.217 0
36 32 30 1.1279 0
82 90 94 1.3708 0
53 41 42 1.2967 0
81 85 95 1.3573 0
52 38 79 1.3315 0
69 85 89 1.3355 0
75 84 80 1.2157 0
29 42 39 1.2726 0
61 45 74 1.2279 0
71 92 85 1.299 0
35 48 47 1.2017 0
62 80 72 1.2502 0
41 37 41 1.1695 0
34 46 50 1.2258 0
49 49 37 1.2795 0
50 35 37 1.2402 0
52 39 30 1.1262 0
36 32 37 1.2243 0
31 76 29 0.9723 0
29 38 30 1.0346 0
35 90 47 1.2434 0
57 86 81 1.1966 0
38 77 45 1.2338 0
43 94 42 1.2288 0
64 43 89 1.1966 0
86 86 87 0.8343 0
34 84 38 1.0703 0
30 90 30 1.2065 0
66 35 88 1.1526 0
45 89 66 1.0782 0
34 33 34 1.0636 0
84 83 89 1.1826 0
74 91 81 1.1606 0
39 97 29 0.5 0
47 80 64 1.16 0
0
