128
78 81 64 1.6994 0
13 38 65 0.5 0
115 38 65 0.5 0
17 90 62 0.5 0
59 41 64 1.6994 0
115 90 63 0.5 0
45 78 64 1.6994 0
91 55 64 1.4747 0
15 64 63 1.0562 0
36 51 64 1.4742 0
115 64 67 0.5 0
82 35 63 0.8173 0
99 76 63 0.8019 0
60 86 64 1.6994 0
99 39 63 0.8038 0
25 77 63 1.1459 0
29 36 63 1.2376 0
86 69 64 1.6994 0
111 51 63 1.1234 0
46 37 64 1.6994 0
19 49 63 1.1651 0
35 69 63 1.4212 0
112 75 63 1.0508 0
102 62 63 1.1423 0
70 40 64 1.6994 0
27 59 63 0.9395 0
41 60 64 1.6994 0
104 85 63 1.271 0
13 79 67 0.5 0
86 43 64 1.6994 0
70 86 64 1.6994 0
99 48 63 1.0771 0
41 44 64 1.6994 0
109 40 63 1.5259 0
23 85 63 1.271 0
28 48 63 1.0771 0
105 71 63 1.1246 0
16 72 63 1.1079 0
19 57 63 1.1541 0
25 69 63 1.1391 0
111 59 63 1.1129 0
91 63 64 1.4781 0
53 84 64 1.6994 0
112 84 63 1.0585 0
21 40 62 0.518 0
86 50 64 1.6994 0
15 84 63 1.0585 0
34 80 64 0.5 0
41 67 64 1.6994 0
96 69 63 0.955 0
111 67 63 1.1025 0
53 39 64 1.6994 0
84 75 64 1.6994 0
15 43 63 1.0928 0
102 54 63 1.1492 0
35 41 63 1.3771 0
93 76 63 1.3064 0
41 54 64 1.6994 0
93 37 63 1.081 0
42 73 64 1.6994 0
84 59 62 0.77 0
36 63 64 1.4781 0
91 47 64 1.4763 0
105 79 63 1.1353 0
97 83 67 0.5 0
86 56 64 1.6994 0
86 62 64 1.6994 0
29 81 63 1.2224 0
78 40 65 0.9866 0
29 73 63 1.1497 0
85 38 64 1.6994 0
19 79 63 0.8015 0
22 63 65 0.9928 0
25 54 63 1.1492 0
98 81 63 1.2224 0
34 76 63 1.3064 0
41 39 64 1.6994 0
49 81 64 1.6994 0
41 49 64 1.6994 0
65 86 64 1.6994 0
65 40 64 1.6994 0
14 53 65 0.518 0
105 48 63 0.8046 0
31 54 63 0.955 0
96 57 63 1.1641 0
28 64 63 1.0573 0
79 37 64 1.6994 0
113 45 65 0.518 0
26 41 63 0.8015 0
82 79 64 1.6994 0
74 84 64 1.6994 0
75 39 64 1.6994 0
22 44 63 1.1415 0
92 69 63 1.4212 0
102 43 63 0.8015 0
92 41 63 1.3771 0
18 40 63 1.5259 0
108 89 67 0.5 0
109 87 63 1.2078 0
18 87 63 1.2078 0
104 37 67 0.5 0
36 47 64 1.4763 0
36 55 64 1.4747 0
36 59 64 1.4751 0
91 59 64 1.4751 0
91 51 64 1.4742 0
14 59 65 0.518 0
14 78 62 0.518 0
108 82 63 1.1598 0
96 65 63 1.1641 0
31 58 63 1.1641 0
108 74 63 1.1489 0
19 65 63 1.1432 0
22 60 63 1.1297 0
107 64 67 0.5 0
96 41 63 1.3295 0
31 41 63 1.3295 0
115 54 67 0.5 0
101 68 65 0.9357 0
98 34 66 0.5 0
112 55 63 1.0534 0
109 45 63 0.8015 0
15 47 63 1.0632 0
24 37 65 0.9654 0
107 56 65 0.8637 0
34 37 63 1.081 0
105 38 64 0.921 0
21 72 65 0.8247 0
0
