128
49 55 43 2.7544 0
126 121 89 0.5 0
139 31 67 0.5 0
82 58 123 2.6171 0
88 117 30 1.3691 0
62 118 91 1.4467 0
140 83 33 0.5 0
99 28 30 1.3691 0
86 27 80 2.619 0
103 98 117 2.5992 0
51 101 50 2.2245 0
92 117 69 2.3986 0
127 108 56 2.5383 0
113 32 112 0.5 0
50 31 68 2.5631 0
128 49 39 0.5 0
71 31 44 2.479 0
113 30 59 2.6196 0
74 33 105 2.5945 0
88 111 96 2.6056 0
47 81 32 2.6205 0
122 26 85 2.3634 0
115 112 31 1.5263 0
75 114 49 2.5075 0
150 62 46 0.5 0
82 88 122 2.6188 0
55 114 69 2.6134 0
102 116 48 2.605 0
113 113 102 2.6245 0
101 47 117 2.6059 0
92 26 53 2.3581 0
103 73 124 0.8916 0
117 34 35 2.5782 0
62 105 31 1.5949 0
61 26 85 2.363 0
95 33 97 2.6024 0
115 117 76 2.5821 0
74 107 111 1.8421 0
144 91 54 0.5 0
58 40 30 1.3691 0
70 29 62 2.6025 0
127 100 34 2.4704 0
53 40 52 2.5816 0
39 87 49 2.0329 0
139 62 28 0.5 0
103 26 74 2.363 0
75 117 72 2.5815 0
83 27 32 2.5567 0
38 68 46 2.6214 0
127 37 54 2.6151 0
104 116 87 2.5967 0
110 29 96 2.6123 0
85 42 111 2.5925 0
88 72 122 2.619 0
135 113 74 0.5 0
127 29 70 2.6164 0
102 116 33 2.5991 0
99 107 105 2.6068 0
75 114 33 2.4968 0
99 85 122 2.6226 0
146 48 55 0.5 0
119 108 44 2.6086 0
53 96 35 2.5918 0
46 66 31 2.2141 0
101 60 124 2.3215 0
85 99 113 2.4312 0
87 117 56 2.602 0
79 116 87 2.6046 0
80 29 92 2.6136 0
104 28 41 2.6218 0
83 27 63 2.6215 0
59 109 56 2.6 0
113 112 55 2.5729 0
141 76 47 0.5 0
70 32 31 2.3495 0
62 117 79 2.6259 0
64 108 42 2.6005 0
60 39 41 2.6069 0
92 115 84 2.622 0
45 106 60 2.2304 0
70 113 102 2.6117 0
126 115 71 2.6209 0
40 49 51 2.0903 0
134 62 42 0.5 0
87 117 44 2.602 0
106 38 111 2.6221 0
92 56 117 2.64 0
114 27 71 2.6273 0
51 51 32 2.5797 0
144 105 56 0.5 0
49 89 43 2.6127 0
67 28 97 2.3705 0
46 75 41 2.7836 0
64 34 54 2.6107 0
116 117 87 2.622 0
99 27 86 1.687 0
117 34 46 2.5782 0
132 94 48 0.5 0
75 26 77 2.3635 0
102 117 62 1.7885 0
99 27 64 2.3868 0
111 116 66 2.5345 0
126 42 36 2.5883 0
63 27 75 2.548 0
41 98 53 2.1145 0
126 102 48 2.6569 0
71 115 63 2.6256 0
83 27 42 2.5551 0
92 26 37 2.3581 0
44 37 59 1.4893 0
87 105 106 2.5594 0
127 43 47 2.7096 0
86 35 103 1.8877 0
111 113 46 2.514 0
110 27 87 2.5504 0
135 73 28 0.5 0
139 113 63 0.5 0
79 29 53 1.6824 0
133 52 28 0.5 0
142 54 44 0.5 0
126 117 82 1.6796 0
93 42 108 2.6119 0
141 69 37 0.5 0
100 27 55 2.5688 0
80 50 120 2.4531 0
150 85 47 0.5 0
77 38 111 2.5984 0
102 117 79 2.6228 0
0
