128
63 73 65 10.9655 0
32 31 62 7.2026 0
107 62 64 9.9795 0
77 31 57 2.9656 0
28 99 57 3.1135 0
34 73 63 8.548 0
87 72 65 10.9914 0
47 87 63 9.1608 0
57 53 63 8.6189 0
36 47 62 8.1529 0
93 49 62 8.1529 0
57 27 64 3.6771 0
50 37 62 7.6758 0
75 41 61 6.8463 0
32 94 66 6.4823 0
43 60 65 5.8573 0
107 44 60 5.8405 0
76 85 60 5.5423 0
65 32 59 5.1293 0
87 36 59 5.1293 0
30 59 66 4.7987 0
75 83 71 4.6609 0
61 89 59 4.4185 0
102 76 58 4.1214 0
48 70 58 4.1214 0
103 75 71 4.2321 0
98 37 58 4.1214 0
29 86 58 4.1214 0
63 88 71 4.116 0
43 27 59 3.6521 0
62 40 64 3.6666 0
47 74 68 3.5675 0
113 49 67 3.5964 0
97 82 72 3.5028 0
94 59 70 3.4267 0
86 57 69 3.3958 0
97 83 58 3.4255 0
28 84 68 3.1711 0
114 51 57 3.1135 0
30 57 57 3.1135 0
89 85 57 3.1135 0
86 59 57 3.1135 0
94 61 57 3.1135 0
45 54 57 3.1135 0
39 96 57 3.1135 0
66 46 57 3.1135 0
50 62 57 3.1135 0
36 62 57 3.1135 0
100 80 65 3.0484 0
82 47 67 2.9929 0
48 26 66 2.9102 0
68 89 64 2.8045 0
67 46 67 2.7012 0
87 85 72 2.7675 0
51 26 59 2.6462 0
105 49 68 2.6292 0
75 69 73 2.6142 0
82 49 57 2.4814 0
55 62 71 2.5124 0
59 42 56 2.1057 0
48 47 56 2.1057 0
99 68 73 2.4001 0
27 64 58 2.1633 0
27 40 58 2.1633 0
100 39 65 2.351 0
45 51 68 2.3687 0
27 41 67 2.1633 0
41 25 66 2.0778 0
85 41 66 2.1672 0
75 68 58 2.2709 0
42 31 67 2.2424 0
48 67 69 2.1961 0
43 63 56 2.1057 0
74 77 56 2.1057 0
36 86 70 2.2212 0
93 85 63 2.23 0
27 51 68 2.1633 0
81 87 67 2.2019 0
68 84 56 2.1057 0
27 51 56 2.1057 0
35 91 56 2.1057 0
41 33 56 2.1057 0
48 46 68 2.108 0
99 69 56 2.1057 0
56 30 56 2.1057 0
38 82 56 2.1057 0
64 40 56 2.1057 0
68 90 56 2.1057 0
30 93 56 2.1057 0
45 77 56 2.1057 0
73 31 62 2.005 0
94 36 64 2.1181 0
110 72 56 2.1057 0
104 52 56 2.1057 0
60 62 56 2.1057 0
56 92 70 2.0176 0
54 79 56 2.1057 0
114 71 77 0.5 0
41 96 69 2.0471 0
81 31 62 2.0245 0
117 57 56 1.7979 0
110 71 73 2.0658 0
64 60 71 1.8978 0
120 60 75 0.5 0
92 85 69 2.0383 0
88 86 65 2.0326 0
74 75 74 1.8457 0
39 81 70 1.9193 0
70 89 72 1.9279 0
107 75 63 1.9113 0
100 53 70 1.8957 0
103 35 63 1.8104 0
85 87 61 1.8436 0
58 92 65 1.8211 0
41 39 68 1.7432 0
116 56 71 1.7957 0
59 26 57 1.7383 0
25 102 73 0.5692 0
82 82 74 1.6642 0
56 81 74 1.6901 0
73 89 67 1.6905 0
34 99 56 1.6775 0
83 88 56 1.5433 0
59 35 67 1.6613 0
25 23 70 0.5 0
27 100 71 1.6233 0
68 82 74 1.6642 0
72 28 58 1.534 0
0
