128
75 69 63 2.9037 0
12 63 58 4.1877 0
40 106 57 2.6117 0
52 32 58 4.1371 0
120 57 75 0.5 0
97 47 59 3.746 0
26 37 58 4.2326 0
97 79 58 4.1332 0
63 90 59 4.175 0
26 87 72 1.4106 0
75 49 59 4.9955 0
88 57 80 2.0611 0
85 85 83 0.5 0
114 59 58 3.487 0
26 90 58 4.2291 0
44 93 72 0.8884 0
101 66 74 2.1579 0
99 67 59 5.2639 0
15 77 58 4.2179 0
19 50 75 0.5 0
83 72 79 1.9509 0
15 50 59 4.2159 0
62 40 73 0.7993 0
40 35 75 0.5 0
78 45 76 2.0278 0
117 70 71 1.4438 0
63 37 58 4.1784 0
81 82 57 2.0278 0
37 32 58 4.1568 0
97 82 74 1.987 0
75 77 59 4.9955 0
44 89 55 0.9394 0
96 44 76 1.0199 0
46 106 69 2.1915 0
77 62 58 4.256 0
51 100 56 2.1915 0
15 67 72 1.5969 0
97 56 58 4.256 0
77 58 73 1.3417 0
67 83 73 0.7993 0
35 94 58 3.7378 0
26 40 72 1.4141 0
74 75 70 3.1727 0
114 68 58 3.4879 0
53 35 71 1.5918 0
54 94 58 3.7783 0
56 92 73 0.5313 0
19 79 72 1.4786 0
98 52 72 1.9746 0
88 45 80 2.0278 0
79 81 77 2.2134 0
74 53 70 3.1727 0
106 58 58 3.4847 0
20 84 60 3.3149 0
20 43 60 3.3149 0
69 84 57 3.2482 0
95 72 77 2.0447 0
110 57 72 0.5 0
87 73 55 1.2324 0
36 92 72 1.575 0
88 46 56 2.2403 0
95 60 77 2.0447 0
99 75 67 2.1174 0
16 56 72 1.3135 0
88 81 80 2.0611 0
45 34 68 1.4358 0
79 63 77 2.2134 0
99 45 68 2.0278 0
67 44 69 1.4705 0
75 57 64 2.7618 0
116 58 72 2.1038 0
50 106 57 2.6117 0
61 88 69 1.4871 0
99 56 66 2.5359 0
116 57 65 2.4516 0
33 35 69 0.5736 0
81 71 57 2.5544 0
81 55 57 2.5544 0
68 44 61 2.4899 0
89 68 56 2.2403 0
75 68 71 2.3673 0
51 106 64 2.1015 0
99 70 70 2.4726 0
79 51 77 2.2134 0
116 70 66 2.4516 0
89 57 56 2.2403 0
85 62 56 2.2403 0
107 70 57 2.4769 0
45 33 61 2.4437 0
17 75 67 1.6012 0
99 58 72 2.3061 0
92 73 57 2.3439 0
19 48 70 1.4807 0
50 92 68 0.966 0
14 70 61 2.4162 0
75 62 71 2.3673 0
92 62 57 2.3439 0
58 37 67 1.5552 0
85 78 56 2.2403 0
67 83 67 1.4677 0
38 106 63 2.1906 0
71 42 56 2.2403 0
88 69 80 2.0611 0
91 51 56 2.2403 0
88 75 80 2.0611 0
88 63 80 2.0611 0
88 51 80 2.0611 0
15 60 66 1.5967 0
95 66 77 2.0447 0
95 54 77 2.0447 0
116 66 74 2.158 0
90 81 56 2.2403 0
29 38 67 1.5599 0
45 30 56 2.2403 0
79 75 77 2.2134 0
79 69 77 2.2134 0
84 50 56 2.2403 0
75 69 56 2.2403 0
11 71 56 2.2403 0
79 57 77 2.2134 0
99 50 66 2.1174 0
20 69 55 0.9394 0
75 81 68 2.1645 0
75 47 68 2.1645 0
23 43 67 1.5961 0
95 78 77 2.0447 0
40 93 66 0.8884 0
38 100 56 2.1096 0
0
