128
67 54 63 2.9385 0
23 97 63 2.9385 0
110 99 64 0.5 0
20 35 63 2.9385 0
109 27 65 0.5 0
66 97 63 2.9385 0
107 61 63 2.9385 0
20 65 63 2.9385 0
61 27 63 2.9385 0
91 38 63 2.9385 0
45 54 63 2.9385 0
44 97 63 2.9385 0
87 97 63 2.9385 0
107 85 63 2.9385 0
88 54 63 2.9385 0
20 81 63 2.9385 0
36 35 63 2.9385 0
31 54 63 2.9385 0
56 47 63 2.9385 0
71 35 63 2.9385 0
101 97 63 2.9385 0
106 34 63 2.9385 0
95 28 63 2.9385 0
20 45 63 2.9385 0
28 25 65 1.378 0
106 73 66 0.9228 0
96 53 63 2.9385 0
20 89 63 2.9385 0
20 73 63 2.9385 0
56 39 63 2.9385 0
52 97 63 2.9385 0
33 28 63 2.9385 0
53 54 63 2.9385 0
24 52 63 2.9385 0
107 93 63 2.9385 0
103 55 63 2.9385 0
92 47 63 2.9385 0
107 77 63 2.9385 0
107 69 63 2.9385 0
68 28 63 2.9385 0
60 53 63 2.9385 0
81 54 63 2.9385 0
80 97 63 2.9385 0
38 54 63 2.9385 0
37 97 63 2.9385 0
74 54 63 2.9385 0
73 97 63 2.9385 0
20 58 63 2.9385 0
30 97 63 2.9385 0
59 97 63 2.9385 0
56 32 63 2.9385 0
102 28 63 2.9385 0
94 97 63 2.9385 0
24 28 63 2.9385 0
90 32 63 2.0731 0
26 58 63 1.9493 0
108 56 65 1.4546 0
18 51 65 0.9513 0
107 100 68 0.5 0
102 92 65 1.2658 0
26 93 65 1.2776 0
50 50 65 1.2108 0
102 60 65 1.157 0
23 40 68 0.5 0
87 48 64 1.1927 0
57 59 67 0.5 0
63 59 67 0.5 0
17 95 67 0.5 0
107 101 61 0.5 0
18 40 62 0.9513 0
18 53 62 0.9513 0
107 29 64 1.0732 0
104 65 65 0.9724 0
106 98 61 0.9068 0
85 50 62 1.0871 0
19 94 61 0.9227 0
107 98 64 1.057 0
54 43 66 0.9114 0
23 41 65 0.8942 0
98 58 68 0.5 0
108 56 61 0.8321 0
48 102 66 0.5 0
92 57 68 0.5 0
110 81 68 0.5 0
34 101 68 0.5 0
49 59 66 0.5 0
83 102 67 0.5 0
41 101 68 0.5 0
97 101 68 0.5 0
96 42 66 0.5 0
103 90 62 0.9739 0
23 61 66 0.9228 0
85 51 66 0.9211 0
63 56 66 0.9158 0
57 56 66 0.9158 0
21 40 61 0.9228 0
89 44 66 0.8892 0
93 32 66 0.9228 0
23 48 66 0.9228 0
106 89 66 0.9228 0
106 81 66 0.9228 0
21 85 66 0.9228 0
27 55 66 0.9228 0
21 77 66 0.9228 0
21 69 66 0.9228 0
99 56 66 0.9228 0
92 55 66 0.9228 0
49 55 66 0.9228 0
48 98 66 0.9228 0
89 50 66 0.9228 0
19 40 68 0.5 0
57 28 66 0.914 0
104 65 62 0.9724 0
18 50 62 0.9513 0
57 43 66 0.9228 0
23 32 66 0.8832 0
92 52 66 0.9228 0
71 31 66 0.9228 0
36 31 66 0.9228 0
20 39 66 0.9228 0
20 31 66 0.9228 0
56 51 66 0.9228 0
92 43 66 0.9228 0
24 56 66 0.9228 0
102 60 61 0.6824 0
91 29 66 0.8709 0
20 49 66 0.9228 0
23 92 66 0.9228 0
0
