128
71 79 65 0.9945 0
52 52 12 1.986 0
52 49 118 0.5 0
77 78 106 0.5 0
56 48 81 0.9945 0
71 48 45 0.9945 0
68 80 29 0.8842 0
47 68 49 0.8842 0
49 73 99 0.9625 0
79 59 13 2.0986 0
75 50 103 0.9938 0
79 56 73 0.9945 0
48 71 74 0.9945 0
52 75 12 1.986 0
80 68 47 0.8841 0
66 81 87 0.5647 0
56 48 60 0.9945 0
50 52 35 0.9938 0
81 66 91 0.5647 0
83 62 118 0.5 0
49 54 99 0.9625 0
68 47 25 0.8842 0
61 81 117 0.4702 0
70 74 13 2.072 0
62 81 47 0.6635 0
49 73 31 0.9625 0
80 59 32 0.8841 0
46 66 116 0.6725 0
73 49 87 0.9625 0
79 56 57 0.9945 0
56 79 61 0.9945 0
79 71 77 0.9945 0
48 56 70 0.9945 0
67 45 116 0.5 0
68 47 69 0.8842 0
47 59 85 0.8842 0
62 81 103 0.6635 0
68 48 13 2.0986 0
63 63 13 2.072 0
79 71 25 0.9945 0
62 46 99 0.6635 0
81 64 105 0.7623 0
46 60 24 0.9623 0
54 49 47 0.9625 0
52 77 86 0.9938 0
80 68 62 0.8842 0
60 81 75 0.9623 0
73 78 51 0.9625 0
47 59 58 0.8842 0
56 48 25 0.9945 0
77 53 115 0.8851 0
76 75 37 0.7454 0
52 76 112 0.7454 0
68 47 57 0.8842 0
78 74 118 0.5 0
75 77 94 0.9938 0
71 79 77 0.9945 0
48 71 61 0.9945 0
79 56 45 0.9945 0
61 47 37 0.9506 0
59 80 21 0.8842 0
52 77 42 0.9938 0
47 64 11 0.9781 0
56 48 109 0.9945 0
79 56 93 0.9945 0
46 64 37 0.7623 0
46 64 106 0.7623 0
73 49 35 0.9625 0
54 49 91 0.9625 0
79 68 13 2.0986 0
69 80 112 0.7728 0
78 54 23 0.9625 0
46 64 94 0.7623 0
59 80 33 0.8842 0
54 78 51 0.9625 0
48 71 21 0.9945 0
47 59 45 0.8842 0
66 46 79 0.5647 0
59 80 93 0.8842 0
49 54 111 0.9625 0
81 60 83 0.9623 0
59 48 13 2.0986 0
59 79 13 2.0986 0
64 46 89 0.7623 0
54 49 71 0.9625 0
78 73 87 0.9625 0
76 52 65 0.7454 0
47 68 85 0.8842 0
71 79 101 0.9945 0
64 81 57 0.7623 0
67 81 39 0.9623 0
67 46 107 0.9623 0
79 71 111 0.9945 0
80 68 34 0.8841 0
79 71 101 0.9945 0
71 79 21 0.9945 0
54 61 14 1.0641 0
81 63 22 0.7623 0
59 69 13 2.072 0
54 78 71 0.9625 0
72 58 13 2.072 0
49 54 79 0.9625 0
49 54 51 0.9625 0
54 78 103 0.9625 0
78 73 55 0.9625 0
62 81 67 0.6635 0
62 46 51 0.6635 0
71 48 97 0.9945 0
79 56 101 0.9945 0
73 49 79 0.9625 0
46 64 69 0.7623 0
49 54 27 0.9625 0
79 71 69 0.9945 0
54 78 79 0.9625 0
81 64 73 0.7623 0
48 71 41 0.9945 0
50 53 62 0.8852 0
48 59 13 2.0986 0
80 59 111 0.8842 0
81 60 65 0.9623 0
59 80 85 0.8842 0
73 78 43 0.9625 0
49 73 91 0.9625 0
46 64 77 0.7623 0
48 71 109 0.9945 0
75 50 52 0.9938 0
59 80 111 0.8842 0
78 54 83 0.9625 0
0
