128
63 93 65 1.7361 0
103 24 63 0.9001 0
24 24 63 0.9001 0
103 69 64 0.9001 0
63 46 64 0.8264 0
24 69 63 0.9001 0
27 105 63 0.5 0
101 105 64 0.5 0
77 24 64 0.9001 0
50 24 63 0.9001 0
79 73 63 0.9001 0
48 72 64 0.9001 0
87 51 65 0.5 0
27 47 64 0.9001 0
82 102 63 0.9001 0
45 53 63 0.9001 0
105 45 63 0.5 0
45 102 64 0.9001 0
100 87 63 0.9001 0
27 87 64 0.9001 0
65 32 71 0.5 0
36 63 69 0.9589 0
77 40 65 0.5 0
93 63 65 1.7361 0
52 38 63 0.9001 0
37 27 64 0.9001 0
90 27 64 0.9001 0
77 87 65 0.5 0
52 84 63 0.9001 0
35 75 64 0.9001 0
92 77 63 0.5 0
62 24 63 0.9001 0
70 105 64 0.5 0
76 51 63 0.9001 0
67 81 63 0.9001 0
27 35 64 0.9001 0
100 35 64 0.9001 0
25 58 64 0.9001 0
103 56 63 0.9001 0
56 103 63 0.9001 0
81 61 63 0.9001 0
92 100 64 0.9001 0
35 54 64 0.9001 0
68 37 63 0.9001 0
74 96 63 0.9001 0
35 99 64 0.6785 0
44 63 63 0.9001 0
52 94 63 0.9001 0
103 96 64 0.9001 0
24 96 63 0.9001 0
53 48 64 0.9001 0
102 78 63 0.9001 0
26 78 63 0.9001 0
60 33 64 0.9001 0
95 52 63 0.9001 0
75 32 63 0.9001 0
87 71 64 0.9001 0
32 67 63 0.9001 0
83 81 63 0.5 0
75 80 63 0.9001 0
71 45 64 0.9001 0
60 84 64 0.9001 0
68 29 64 0.9001 0
45 79 63 0.9001 0
70 88 63 0.9001 0
41 70 63 0.9001 0
96 71 63 0.9001 0
64 102 63 0.9001 0
59 40 63 0.9001 0
53 31 64 0.9001 0
34 63 65 1.7361 0
44 27 64 0.9001 0
31 24 63 0.9001 0
97 27 64 0.9001 0
84 24 63 0.9001 0
24 41 63 0.9001 0
88 57 63 0.9001 0
99 42 63 0.6785 0
82 54 63 0.9001 0
81 47 64 0.9001 0
52 77 63 0.9001 0
101 62 64 0.9001 0
101 50 64 0.9001 0
40 58 64 0.9001 0
56 89 64 0.9001 0
47 46 63 0.9001 0
29 53 63 0.9001 0
56 25 64 0.9001 0
86 65 63 0.9001 0
76 103 64 0.9001 0
98 100 63 0.9001 0
63 34 65 1.7361 0
39 103 63 0.9001 0
103 30 63 0.9001 0
27 29 64 0.9001 0
29 73 64 0.9001 0
57 97 64 0.9001 0
51 100 64 0.9001 0
71 24 63 0.9001 0
69 99 64 0.9001 0
29 100 64 0.9001 0
27 64 63 0.9001 0
105 39 64 0.5 0
84 76 64 0.9001 0
97 57 64 0.9001 0
81 68 64 0.9001 0
65 86 64 0.9001 0
48 58 65 0.5 0
29 93 65 0.5 0
81 29 65 0.5 0
24 52 64 0.9001 0
40 52 64 0.9001 0
87 103 64 0.9001 0
54 43 63 0.9001 0
64 41 64 0.9001 0
95 105 65 0.5 0
103 83 64 0.9001 0
42 75 64 0.9001 0
24 83 63 0.9001 0
30 58 63 0.9001 0
57 80 63 0.9001 0
36 70 64 0.9001 0
76 45 63 0.9001 0
73 38 63 0.9001 0
75 91 63 0.9001 0
70 93 64 0.9001 0
50 52 63 0.9001 0
24 101 64 0.9001 0
0
