128
64 65 64 1.5983 0
120 50 62 0.5 0
7 71 64 0.5 0
106 103 66 0.5 0
62 11 64 1.0046 0
55 115 62 0.5 0
88 37 64 1.5983 0
34 48 64 1.5983 0
37 87 65 0.5904 0
98 72 64 1.5983 0
75 95 63 1.5983 0
59 38 64 1.5983 0
27 70 64 1.5983 0
84 58 63 1.5983 0
55 92 63 1.5983 0
112 85 64 1.5983 0
75 24 63 1.5983 0
93 92 63 1.5983 0
104 52 63 1.5983 0
44 65 64 1.5983 0
80 75 64 1.5983 0
39 103 63 1.5983 0
71 111 63 1.5983 0
114 67 64 1.2224 0
72 47 64 1.5983 0
87 106 64 1.5983 0
55 77 63 1.5983 0
55 52 63 1.5983 0
68 83 64 1.5983 0
55 22 64 1.5983 0
44 36 62 0.5904 0
26 83 64 1.5983 0
98 25 66 0.5 0
51 104 64 1.5983 0
76 36 63 1.5983 0
40 76 63 1.5983 0
63 100 64 1.5983 0
92 50 64 1.5983 0
17 75 63 1.5983 0
83 88 64 1.5983 0
44 45 64 1.5983 0
26 57 62 0.5904 0
18 65 64 1.5983 0
92 82 64 1.5983 0
65 30 63 1.5983 0
44 55 64 1.5983 0
72 57 64 1.5983 0
88 67 64 1.5983 0
34 63 64 1.5983 0
76 66 63 1.5983 0
55 62 63 1.5983 0
29 92 63 1.5983 0
102 95 64 1.5983 0
44 95 64 1.5983 0
83 29 64 1.5983 0
99 60 63 1.5983 0
103 83 63 1.5983 0
111 58 64 1.5913 0
107 74 64 1.5983 0
96 104 64 1.5983 0
100 40 63 0.5 0
96 32 64 1.5983 0
59 108 63 1.5983 0
68 73 63 1.5983 0
66 18 64 1.5983 0
106 65 64 1.5983 0
83 98 64 1.5983 0
51 34 64 1.5983 0
80 50 64 1.5983 0
64 50 64 1.5983 0
44 85 64 1.5983 0
79 109 63 1.5983 0
68 38 63 1.5983 0
67 93 63 1.5983 0
51 69 64 1.5983 0
119 76 67 0.5 0
109 92 64 1.5983 0
59 83 63 1.5983 0
84 43 64 1.5983 0
76 81 64 1.5983 0
71 101 63 1.5983 0
51 84 64 1.5983 0
51 44 64 1.5983 0
91 99 64 1.5983 0
33 83 63 1.5983 0
34 73 63 1.5983 0
92 25 64 0.9551 0
88 77 64 1.5983 0
59 28 64 1.5983 0
96 42 64 1.5983 0
93 60 64 1.5983 0
114 48 65 0.7722 0
36 96 65 0.5904 0
11 70 63 1.5983 0
59 68 64 1.5983 0
71 33 63 1.5983 0
59 58 64 1.5983 0
40 91 63 1.5983 0
40 51 63 1.5983 0
47 108 63 1.5983 0
59 18 64 1.5983 0
75 105 63 1.5983 0
40 61 64 1.5983 0
72 77 64 1.5983 0
116 53 63 1.022 0
74 86 63 1.5983 0
59 48 64 1.5983 0
23 63 64 1.5983 0
32 55 65 0.5904 0
115 78 62 0.8262 0
47 78 65 0.5904 0
120 73 61 0.5 0
73 17 65 0.5904 0
17 70 64 1.5983 0
88 62 63 1.5983 0
59 88 64 1.5983 0
44 80 63 1.5983 0
59 43 63 1.5983 0
44 40 63 1.5983 0
83 103 63 1.5983 0
83 93 63 1.5983 0
80 40 63 1.5983 0
76 61 64 1.5983 0
72 42 63 1.5983 0
51 99 63 1.5983 0
70 25 63 1.5983 0
68 53 63 1.5983 0
101 90 64 1.5983 0
0
