128
60 64 63 2.7063 0
114 67 63 2.7063 0
65 12 64 2.7063 0
59 116 63 2.7063 0
91 37 64 2.7063 0
50 37 65 1.1074 0
73 90 62 0.931 0
87 61 63 2.7063 0
69 45 63 2.7063 0
55 84 64 2.7063 0
104 51 63 2.7063 0
77 24 63 2.7063 0
51 19 63 2.7063 0
75 70 63 2.7063 0
59 102 63 2.7063 0
60 30 63 2.7063 0
53 48 63 2.7063 0
84 49 64 2.7063 0
102 67 64 2.7063 0
69 80 63 2.7063 0
80 36 63 2.7063 0
69 59 63 2.7063 0
69 101 63 2.7063 0
60 40 63 2.7063 0
94 49 64 2.7063 0
67 111 63 2.7063 0
69 31 63 2.7063 0
77 60 63 2.7063 0
60 72 63 2.7063 0
60 56 63 2.7063 0
102 59 64 2.7063 0
64 93 65 1.6984 0
53 26 63 2.7063 0
113 60 63 2.7063 0
69 66 63 2.7063 0
69 52 63 2.7063 0
69 38 63 2.7063 0
60 48 63 2.7063 0
69 24 63 2.7063 0
60 23 63 2.7063 0
59 109 63 2.7063 0
53 33 63 2.7063 0
53 41 63 2.7063 0
69 87 63 2.7063 0
93 58 64 2.7063 0
78 52 63 2.7063 0
59 95 63 2.7063 0
69 73 63 2.7063 0
108 70 63 2.7063 0
69 94 63 2.7063 0
60 88 63 2.7063 0
60 80 63 2.7063 0
69 17 63 2.7063 0
60 16 63 2.7063 0
55 76 64 2.7063 0
108 56 64 2.7063 0
107 63 63 2.7063 0
55 68 64 2.7063 0
55 60 64 2.7063 0
100 46 64 2.7063 0
98 54 63 2.7063 0
97 63 63 2.7063 0
95 42 63 2.7063 0
89 53 63 2.7063 0
89 45 63 2.7063 0
86 33 63 2.7063 0
85 40 64 2.7063 0
83 56 64 2.7063 0
82 28 64 2.7063 0
80 44 63 2.7063 0
76 31 64 2.7063 0
65 117 63 2.0887 0
52 54 64 1.8936 0
75 47 65 1.6984 0
55 91 65 1.6984 0
64 84 65 1.6984 0
64 76 65 1.6984 0
76 40 65 1.6984 0
64 106 62 1.6984 0
92 65 65 1.6984 0
64 68 65 1.6984 0
64 36 65 1.6984 0
78 77 68 0.5 0
75 19 64 1.758 0
68 106 65 1.6984 0
59 35 65 1.6984 0
55 15 65 1.6984 0
64 100 65 1.6984 0
64 60 65 1.6984 0
64 44 65 1.6984 0
76 65 65 1.6984 0
74 79 65 1.6984 0
74 43 62 1.6984 0
74 36 65 1.6984 0
55 99 65 1.6684 0
74 82 62 1.4907 0
75 91 68 0.5 0
55 105 65 1.2362 0
75 85 68 0.5 0
96 68 65 1.1185 0
119 64 68 0.5 0
62 121 68 0.5 0
113 74 67 0.5 0
52 64 65 1.1733 0
74 96 68 0.5 0
114 74 61 0.5 0
76 75 65 0.8677 0
64 52 66 0.6906 0
94 67 62 1.0333 0
73 89 65 1.1246 0
48 25 68 0.5 0
59 11 68 0.5 0
104 72 65 1.118 0
49 23 65 1.1104 0
73 14 68 0.5 0
65 21 68 0.5 0
55 112 68 0.5 0
57 44 68 0.5 0
70 115 68 0.5 0
74 84 65 1.1035 0
53 80 62 1.0262 0
63 105 68 0.5 0
76 77 61 0.9805 0
60 11 64 0.8664 0
56 52 68 0.5 0
54 94 63 1.0232 0
67 120 68 0.5 0
55 105 61 0.6906 0
0
