128
67 60 63 7.3816 0
27 94 63 7.3816 0
100 33 63 7.3816 0
44 80 63 7.3816 0
87 43 63 7.3816 0
55 69 63 6.5545 0
79 54 64 5.0521 0
33 84 67 3.6966 0
38 91 67 3.4354 0
39 90 59 3.3501 0
72 50 59 3.0762 0
32 84 59 3.0434 0
75 47 68 2.7333 0
64 70 68 2.5699 0
77 45 59 2.5047 0
97 42 69 2.3422 0
64 70 58 2.3422 0
54 78 58 2.3422 0
47 71 69 2.3422 0
56 77 69 2.3422 0
58 61 69 2.3422 0
91 35 69 2.3422 0
71 52 69 2.3422 0
97 42 58 2.3422 0
90 34 58 2.3422 0
101 21 72 0.5 0
26 106 72 0.5 0
112 34 72 0.5 0
86 52 69 2.0146 0
85 53 58 1.9003 0
77 60 58 1.7534 0
78 63 72 0.5 0
16 93 72 0.5 0
26 106 56 0.5 0
57 61 58 1.7207 0
77 60 69 1.7534 0
45 71 58 1.5574 0
112 34 57 0.5 0
48 89 72 0.5 0
55 79 63 1.5411 0
44 88 70 1.3343 0
35 96 69 1.5574 0
101 22 56 0.5672 0
99 25 69 1.5249 0
28 102 69 1.5248 0
26 107 64 0.5 0
79 42 69 1.5085 0
93 51 72 0.5 0
108 28 72 0.5 0
93 30 70 1.3343 0
108 34 69 1.4594 0
19 93 69 1.4593 0
61 74 58 1.4594 0
71 69 72 0.5 0
54 84 72 0.5 0
17 94 56 0.8265 0
61 74 69 1.4594 0
46 70 64 1.443 0
61 65 70 1.3343 0
94 46 70 1.3343 0
52 80 70 1.3343 0
80 46 70 1.3343 0
69 67 70 1.3343 0
50 76 70 1.3343 0
108 34 57 1.3343 0
35 95 57 1.3343 0
78 51 57 1.3343 0
100 24 59 1.4106 0
27 103 59 1.4105 0
67 52 57 1.3343 0
74 63 70 1.3343 0
27 86 57 1.3123 0
66 53 70 1.3343 0
86 36 70 1.3343 0
66 70 63 1.2635 0
27 87 70 1.3343 0
37 80 70 1.3343 0
33 90 70 1.3343 0
48 68 57 1.2144 0
94 38 57 1.3343 0
50 75 57 1.3343 0
82 56 57 1.3343 0
82 50 57 1.3343 0
61 66 57 1.3343 0
33 89 57 1.3343 0
75 56 70 1.3343 0
74 46 63 1.3125 0
73 55 57 1.3343 0
20 99 72 0.5 0
38 86 70 1.3343 0
37 85 57 1.3343 0
44 88 57 1.3343 0
77 56 57 1.3343 0
98 43 64 1.0838 0
83 49 70 1.3343 0
35 80 57 1.3343 0
24 101 70 1.145 0
103 26 70 1.145 0
32 99 70 1.2145 0
69 50 64 1.1165 0
34 80 62 1.2797 0
61 57 70 1.2635 0
93 51 56 0.5 0
89 33 65 1.133 0
41 74 70 1.2471 0
91 49 70 1.0511 0
37 95 62 1.0185 0
74 67 56 0.5 0
106 39 72 0.5 0
112 34 62 0.5 0
52 82 57 1.1981 0
50 84 70 0.9695 0
103 26 57 1.145 0
24 101 57 1.145 0
77 43 65 0.9696 0
19 94 57 1.3343 0
57 60 64 0.9532 0
51 64 72 0.5 0
58 77 60 1.1165 0
49 67 70 1.1001 0
96 27 70 1.1003 0
58 77 65 1.1165 0
63 73 62 0.9205 0
97 26 57 0.986 0
30 101 57 0.9859 0
106 29 70 0.802 0
103 42 72 0.5 0
83 56 70 0.9042 0
0
