128
66 62 65 2.0244 0
6 62 63 0.5 0
121 70 63 0.5 0
35 62 63 0.9612 0
95 65 64 0.5171 0
50 61 63 0.9186 0
21 62 64 0.5529 0
82 63 63 0.574 0
108 66 63 0.9049 0
74 70 64 0.5 0
13 62 64 0.5751 0
72 62 65 1.9957 0
115 67 64 0.9573 0
43 62 64 0.8866 0
58 61 63 0.578 0
28 61 63 0.6775 0
89 64 63 0.5751 0
102 66 64 0.9755 0
67 70 63 0.5 0
61 62 64 1.5859 0
77 63 64 1.2509 0
61 62 71 0.5 0
70 67 63 0.578 0
54 64 65 0.5 0
55 61 64 0.991 0
17 62 64 0.5671 0
31 63 66 0.5 0
39 62 64 0.9259 0
25 62 64 0.5329 0
62 61 68 0.7667 0
111 69 65 0.5 0
119 68 66 0.5 0
9 64 65 0.5 0
31 62 63 0.9932 0
65 63 71 0.5 0
112 67 63 0.5754 0
85 64 66 0.5 0
105 66 63 0.5732 0
67 66 63 0.578 0
47 63 65 0.5 0
99 65 64 0.5082 0
46 61 63 0.8792 0
74 67 62 0.5 0
92 64 64 0.9638 0
69 65 64 0.7677 0
69 59 63 0.8378 0
76 65 68 0.5 0
118 68 62 0.5 0
86 64 63 0.9182 0
9 61 64 0.5 0
75 67 65 0.5 0
76 61 68 0.5 0
70 70 65 0.5 0
73 66 64 0.8821 0
121 67 63 0.5 0
117 70 64 0.5 0
76 59 63 0.5 0
28 64 64 0.5 0
64 60 71 0.5 0
109 67 66 0.5 0
80 63 64 0.6218 0
75 65 63 0.578 0
75 61 63 0.578 0
75 64 66 0.5742 0
97 65 63 0.5765 0
76 59 66 0.5 0
72 68 63 0.578 0
68 68 63 0.578 0
11 62 63 0.5764 0
65 59 63 0.5457 0
15 62 63 0.5719 0
19 62 63 0.5608 0
23 62 63 0.5436 0
52 62 66 0.5 0
69 62 63 0.578 0
34 62 66 0.5 0
33 62 64 0.9777 0
52 61 64 0.9373 0
41 61 63 0.8265 0
63 65 67 0.5 0
64 65 62 0.5 0
110 67 64 1 0
58 62 67 0.5 0
84 63 64 0.9893 0
48 61 64 0.899 0
88 64 66 0.5 0
71 66 67 0.5 0
57 64 63 0.5 0
37 64 65 0.5 0
41 63 66 0.5 0
29 62 64 0.5078 0
61 64 69 0.5 0
72 65 63 0.578 0
37 62 64 0.9435 0
107 68 65 0.5 0
7 63 66 0.5 0
49 64 64 0.5 0
8 63 62 0.5 0
10 62 66 0.5 0
45 62 66 0.5 0
45 64 64 0.5 0
19 63 66 0.5 0
105 66 66 0.5 0
15 63 66 0.5 0
66 69 65 0.5 0
64 64 63 0.9853 0
82 64 66 0.5 0
113 67 66 0.5 0
73 65 68 0.5 0
67 59 63 0.9419 0
117 68 64 0.7717 0
97 65 66 0.5 0
27 62 66 0.5 0
23 64 65 0.5 0
27 62 63 0.5209 0
69 64 66 0.8962 0
77 66 66 0.5 0
89 66 65 0.5 0
121 69 65 0.5 0
41 64 64 0.5 0
7 64 64 0.5 0
7 61 65 0.5 0
63 64 71 0.5 0
65 64 69 0.5 0
119 70 65 0.5 0
97 67 65 0.5 0
77 63 68 0.5 0
56 64 66 0.5 0
0
