128
52 69 59 5.3352 0
111 38 64 2.3215 0
109 100 64 0.5 0
58 10 64 2.3265 0
69 117 64 2.3266 0
19 33 63 2.3121 0
82 45 55 8.2957 0
82 82 55 8.2957 0
28 104 63 2.3278 0
10 69 64 2.3262 0
45 45 55 8.2959 0
117 69 64 2.3268 0
89 16 64 2.3227 0
32 85 59 4.5904 0
45 82 55 8.2959 0
38 16 63 2.3224 0
89 111 64 2.3224 0
63 76 45 4.999 0
45 114 64 2.3266 0
104 83 60 2.8902 0
75 71 46 6.1083 0
71 52 46 6.1083 0
53 55 46 6.0838 0
11 52 64 2.323 0
52 71 46 6.1083 0
16 89 64 2.3211 0
69 75 57 5.335 0
75 58 57 5.3349 0
116 52 64 2.3236 0
75 11 64 2.3234 0
58 52 57 5.3351 0
94 94 60 3.406 0
94 33 60 3.406 0
33 33 60 3.4056 0
23 44 60 2.8906 0
95 85 59 4.5909 0
85 32 59 4.5908 0
95 42 59 4.5908 0
85 95 59 4.5907 0
42 95 59 4.5905 0
32 42 59 4.5905 0
42 32 59 4.5904 0
58 117 64 2.3264 0
99 23 64 2.3278 0
99 104 64 2.3276 0
28 23 63 2.3276 0
114 82 64 2.3271 0
69 50 59 3.7586 0
77 69 59 3.7586 0
50 58 60 3.634 0
58 77 59 3.6341 0
33 94 60 3.4056 0
18 80 61 1.9692 0
80 109 61 1.9688 0
47 18 61 1.969 0
109 47 61 1.9686 0
80 18 61 1.9682 0
108 94 64 2.3121 0
44 104 60 2.8905 0
49 63 52 2.9869 0
38 111 63 2.3227 0
78 62 42 2.794 0
23 83 60 2.8911 0
44 23 60 2.891 0
83 104 60 2.8908 0
104 44 60 2.8906 0
83 23 60 2.8903 0
13 45 64 2.3264 0
62 50 42 2.7941 0
23 99 63 2.3276 0
104 28 64 2.3276 0
60 73 53 2.7017 0
78 59 48 2.5684 0
82 13 64 2.3269 0
114 45 64 2.327 0
82 114 64 2.3268 0
45 13 64 2.3265 0
13 82 64 2.3263 0
23 28 63 2.3279 0
104 99 64 2.3279 0
81 52 45 2.3547 0
75 81 45 2.3547 0
52 81 45 2.3539 0
117 58 64 2.3269 0
69 10 64 2.3265 0
10 58 64 2.3261 0
116 75 64 2.3237 0
75 116 64 2.3233 0
52 116 64 2.3232 0
52 11 64 2.3231 0
11 75 64 2.3229 0
19 94 63 2.3121 0
16 38 63 2.3228 0
111 89 64 2.3228 0
108 33 64 2.3121 0
33 19 63 2.312 0
94 108 64 2.312 0
33 108 63 2.312 0
94 19 64 2.312 0
100 36 61 2.3075 0
100 91 61 2.3075 0
91 27 61 2.3075 0
91 100 61 2.3074 0
36 100 61 2.3071 0
27 91 61 2.307 0
27 36 61 2.307 0
36 27 61 2.307 0
71 79 49 2.2493 0
56 79 52 2.164 0
73 62 48 2.1736 0
62 54 48 2.1738 0
62 79 53 1.8966 0
64 48 51 2.0077 0
79 64 51 2.0077 0
51 46 45 2.061 0
80 93 53 2.0064 0
80 34 53 2.0064 0
93 80 53 2.0064 0
93 47 53 2.0064 0
47 93 53 2.0065 0
47 34 53 2.0065 0
34 80 53 2.0064 0
34 47 53 2.0064 0
48 63 44 1.9809 0
70 79 42 1.8978 0
54 63 41 1.7863 0
18 47 61 1.9686 0
47 109 61 1.9684 0
0
