128
67 58 64 20.9445 0
65 64 100 13.9903 0
78 108 44 3.6598 0
33 28 50 4.8 0
85 89 47 6.6788 0
62 91 46 5.724 0
74 99 52 7.6784 0
33 28 69 4.8 0
72 45 90 7.4946 0
72 81 47 6.8485 0
71 44 107 6.8267 0
39 39 59 4.7987 0
57 47 88 6.1366 0
82 54 108 5.9273 0
41 47 43 2.6527 0
82 63 88 5.7514 0
83 73 45 5.4837 0
56 47 107 5.4256 0
38 44 78 1.4741 0
83 54 96 5.1092 0
86 102 45 4.8997 0
66 88 57 4.9005 0
45 49 51 4.9782 0
44 48 75 4.8086 0
51 58 86 4.8236 0
39 39 70 4.7987 0
80 85 58 4.848 0
39 39 46 4.7987 0
60 77 46 4.8059 0
83 52 85 4.5015 0
62 42 98 4.3823 0
64 102 44 4.4071 0
43 47 64 4.4157 0
75 73 86 4.3281 0
82 66 109 4.1251 0
84 94 60 4.0495 0
66 75 84 4.0857 0
55 70 85 3.9139 0
51 56 110 3.8724 0
51 52 96 3.7725 0
52 48 44 3.5824 0
82 62 43 3.468 0
84 64 100 3.5143 0
56 68 43 3.468 0
33 31 60 3.4187 0
93 96 43 3.468 0
64 97 60 3.2534 0
91 80 43 3.2154 0
80 45 100 3.1274 0
70 109 43 3.1165 0
65 40 82 3.1003 0
81 70 81 3.0072 0
79 52 43 2.94 0
77 72 111 2.9037 0
73 46 43 2.8343 0
72 70 42 2.4601 0
64 45 43 2.7053 0
56 84 43 2.7506 0
54 45 98 2.5754 0
54 58 43 2.6964 0
49 56 102 2.705 0
64 70 42 2.4601 0
86 58 80 2.5783 0
95 89 43 2.5906 0
51 64 111 2.5586 0
75 41 80 2.6222 0
81 71 95 2.3237 0
50 51 81 2.472 0
50 65 81 2.4244 0
81 45 81 2.4101 0
81 102 61 2.2425 0
60 50 42 2.4601 0
80 97 42 2.4601 0
50 65 91 2.4244 0
81 71 103 2.3237 0
88 79 50 2.279 0
63 97 53 2.3573 0
91 97 50 2.1604 0
62 41 111 2.2825 0
85 65 79 2.2128 0
59 75 81 2.1775 0
59 41 80 2.2894 0
85 97 53 2.2682 0
41 40 78 2.1362 0
52 46 79 2.2455 0
83 47 91 2.1239 0
33 24 57 2.1217 0
57 98 43 2.0502 0
44 52 42 2.0839 0
52 45 50 2.1165 0
69 82 62 2.0338 0
34 36 53 1.8571 0
74 76 79 1.952 0
39 33 52 1.9541 0
74 103 62 2.0338 0
70 99 62 2.0338 0
74 81 62 2.0338 0
31 25 62 2.026 0
80 45 111 2.0124 0
70 77 90 1.9469 0
77 61 112 1.8958 0
61 52 112 1.8958 0
63 83 51 1.9015 0
33 33 44 1.9918 0
72 76 110 1.9162 0
81 80 51 1.9451 0
39 33 65 1.9541 0
66 51 112 1.8958 0
81 107 50 1.8721 0
63 47 112 1.8958 0
54 69 112 1.8958 0
48 58 94 1.8001 0
63 39 90 1.7467 0
74 56 112 1.8958 0
85 50 78 1.8659 0
40 47 57 1.7712 0
38 31 45 1.8583 0
34 36 65 1.8571 0
29 27 57 1.8472 0
58 75 89 1.712 0
49 64 106 1.8265 0
63 83 41 1.4522 0
60 40 105 1.7865 0
81 44 106 1.7023 0
59 62 41 1.4522 0
72 103 41 1.4522 0
77 75 93 1.5997 0
48 57 79 1.7772 0
0
