128
69 73 65 3.7754 0
54 10 54 0.8694 0
18 47 73 3.521 0
106 28 73 0.785 0
21 99 54 0.785 0
98 51 43 4.5803 0
70 26 83 4.497 0
55 111 73 3.4756 0
114 82 75 0.9977 0
87 105 39 0.5 0
27 64 44 4.2854 0
35 87 83 4.3997 0
82 96 83 4.4685 0
57 100 44 4.5618 0
60 42 49 2.1456 0
98 51 84 4.5803 0
86 24 50 3.4592 0
41 24 77 3.4592 0
29 35 49 3.4016 0
105 79 49 3.5235 0
62 53 83 3.3162 0
35 87 44 4.3997 0
55 70 45 3.659 0
98 76 84 4.5884 0
27 64 83 4.2854 0
74 61 44 3.1268 0
18 80 73 3.521 0
72 111 54 3.4756 0
35 40 83 4.4098 0
39 106 57 2.4609 0
69 54 61 3.7754 0
57 27 44 4.5618 0
112 64 72 2.817 0
85 88 45 2.2873 0
101 95 67 1.5569 0
18 80 54 3.521 0
55 70 82 3.659 0
53 64 63 3.614 0
88 21 70 2.4609 0
18 47 54 3.521 0
57 100 83 4.5618 0
39 21 57 2.4609 0
72 111 73 3.4756 0
100 33 53 3.3706 0
55 16 73 3.4756 0
72 16 54 3.4756 0
73 67 85 2.7377 0
112 64 55 2.817 0
41 103 77 3.4592 0
100 94 53 3.3706 0
88 106 57 2.4609 0
43 48 48 1.2172 0
26 95 71 2.7735 0
26 32 71 2.7735 0
109 47 71 2.6056 0
78 43 48 1.245 0
85 39 82 2.2873 0
57 27 83 4.5618 0
15 64 72 2.817 0
15 64 55 2.817 0
109 47 56 2.6056 0
69 73 46 3.7754 0
74 60 73 3.5055 0
70 26 44 4.497 0
70 101 44 4.497 0
70 101 83 4.497 0
55 111 54 3.4756 0
28 51 44 4.2822 0
28 51 83 4.2822 0
93 39 44 4.3487 0
93 88 83 4.3487 0
45 31 44 4.4499 0
45 96 44 4.4499 0
72 16 73 3.4756 0
74 82 78 2.1454 0
55 57 45 3.659 0
28 76 44 4.2821 0
28 76 83 4.2821 0
101 63 44 4.199 0
101 63 83 4.199 0
99 34 81 2.129 0
47 50 78 2.0517 0
84 71 49 2.1912 0
60 85 78 2.1456 0
60 85 49 2.1456 0
91 113 74 0.5 0
82 31 44 4.4752 0
45 31 83 4.4499 0
45 96 83 4.4499 0
98 76 43 4.5884 0
84 71 78 2.1912 0
82 31 83 4.4752 0
82 96 44 4.4685 0
74 45 78 2.1454 0
42 64 78 1.8671 0
42 63 49 1.8671 0
35 40 44 4.4098 0
93 88 44 4.3487 0
93 39 83 4.3487 0
61 76 56 2.5593 0
88 106 70 2.4609 0
84 56 49 2.1912 0
53 62 75 3.1207 0
69 54 46 3.7754 0
60 42 78 2.1456 0
55 57 57 3.659 0
69 73 81 3.7754 0
61 49 69 2.2001 0
69 54 77 3.7754 0
69 73 55 3.7754 0
84 56 78 2.1912 0
61 53 51 3.4915 0
55 70 73 3.659 0
109 80 66 1.2673 0
55 70 57 3.659 0
41 103 50 3.4592 0
41 24 50 3.4592 0
86 103 77 3.4592 0
86 103 50 3.4592 0
86 24 77 3.4592 0
100 94 74 3.3706 0
53 64 51 3.614 0
55 57 81 3.659 0
55 57 69 3.659 0
55 16 54 3.4756 0
105 48 49 3.5235 0
105 48 78 3.5235 0
105 79 78 3.5235 0
0
