128
64 64 64 0.5841 0
121 60 65 0.5 0
7 60 65 0.5 0
94 92 63 0.5 0
33 91 64 0.5 0
34 37 63 0.5 0
94 37 64 0.5 0
92 65 64 0.6137 0
36 64 64 0.5863 0
60 92 65 0.5 0
64 38 63 0.5 0
111 79 64 0.5 0
17 78 63 0.5 0
105 52 63 0.6151 0
23 51 64 0.6128 0
50 53 63 0.5075 0
78 53 65 0.5 0
50 75 65 0.5 0
78 76 65 0.5 0
64 78 63 0.6151 0
106 66 64 0.6151 0
22 65 63 0.5975 0
31 77 63 0.6151 0
97 78 63 0.6151 0
65 51 63 0.6151 0
91 52 64 0.5 0
38 52 64 0.496 0
72 87 63 0.5 0
80 65 63 0.6073 0
52 64 63 0.6117 0
116 69 65 0.5 0
103 42 65 0.5 0
25 85 65 0.5 0
40 73 64 0.6151 0
88 74 64 0.6151 0
13 69 64 0.5 0
26 42 63 0.6151 0
102 87 63 0.5 0
71 70 63 0.6151 0
16 58 64 0.6151 0
30 57 63 0.6151 0
112 58 64 0.6151 0
98 58 64 0.6151 0
58 71 63 0.6107 0
56 83 63 0.5 0
58 57 64 0.6151 0
38 83 64 0.5 0
71 58 63 0.6151 0
44 60 65 0.5 0
85 58 63 0.6151 0
91 84 64 0.6151 0
29 69 64 0.6151 0
104 74 64 0.6151 0
57 49 63 0.6151 0
84 48 63 0.5 0
64 86 63 0.6151 0
98 48 63 0.3546 0
70 94 65 0.5 0
23 74 64 0.6151 0
112 50 65 0.5 0
98 69 63 0.6151 0
46 69 63 0.6129 0
71 80 64 0.6151 0
45 48 65 0.5 0
72 49 65 0.5 0
23 58 63 0.6151 0
105 59 64 0.5371 0
16 50 63 0.5 0
30 50 65 0.5 0
67 44 65 0.5 0
105 81 63 0.6151 0
31 84 63 0.6151 0
110 71 63 0.6151 0
82 71 64 0.6151 0
61 44 63 0.6151 0
73 64 64 0.5841 0
7 67 63 0.5 0
12 63 63 0.6111 0
38 58 63 0.6151 0
56 77 64 0.6151 0
44 54 64 0.6151 0
78 59 63 0.5371 0
65 72 64 0.6151 0
113 64 63 0.6102 0
28 63 63 0.6073 0
64 58 63 0.6151 0
92 58 63 0.6151 0
86 66 63 0.6073 0
58 63 63 0.6073 0
121 66 63 0.5 0
97 42 63 0.6151 0
97 84 64 0.6151 0
35 70 63 0.6151 0
23 80 63 0.6151 0
52 70 63 0.6098 0
101 63 63 0.6073 0
19 70 63 0.6151 0
94 73 64 0.6151 0
21 45 64 0.5 0
43 78 63 0.5 0
107 46 63 0.3844 0
42 65 63 0.609 0
52 58 65 0.5 0
73 75 63 0.6149 0
32 42 64 0.5 0
37 78 63 0.6151 0
96 53 63 0.6151 0
38 93 64 0.5 0
84 53 65 0.5 0
17 64 64 0.6151 0
59 87 64 0.6151 0
90 79 63 0.6151 0
77 70 63 0.6151 0
61 82 65 0.5 0
19 54 63 0.6151 0
47 64 64 0.573 0
70 53 63 0.6151 0
68 90 63 0.6151 0
26 47 64 0.6151 0
14 74 64 0.5 0
84 77 65 0.5 0
98 89 65 0.5 0
34 54 63 0.6151 0
36 87 63 0.6151 0
102 46 63 0.6151 0
46 74 63 0.6151 0
117 61 63 0.6073 0
60 67 65 0.5 0
0
