128
58 63 30 9.3234 0
95 66 112 0.5 0
35 61 101 1.8658 0
92 61 69 1.8658 0
91 75 30 7.082 0
79 44 30 8.5042 0
35 66 68 1.8658 0
60 89 30 8.5042 0
37 63 30 9.3234 0
78 63 30 9.3234 0
50 32 32 2.5901 0
42 82 30 8.5042 0
55 44 30 8.5042 0
78 87 30 8.5042 0
92 66 92 1.8658 0
39 46 32 6.4884 0
92 54 27 6.2998 0
67 34 27 6.2998 0
92 66 53 1.8658 0
68 76 33 5.4806 0
35 66 83 1.8658 0
34 61 52 1.1471 0
68 52 34 4.4727 0
95 63 34 4.4727 0
54 77 25 4.2841 0
92 61 81 1.8658 0
58 31 34 3.9075 0
44 37 26 3.9574 0
88 63 41 3.6934 0
69 64 41 3.6934 0
49 64 41 3.6934 0
92 61 101 1.8658 0
48 93 25 3.544 0
53 32 25 3.6429 0
54 78 35 3.4648 0
48 93 34 3.544 0
48 54 35 3.4648 0
67 46 24 3.2762 0
97 64 25 3.3551 0
70 96 35 3.4648 0
67 43 35 3.4648 0
91 45 35 3.4648 0
74 32 35 3.4648 0
45 36 35 3.4648 0
33 51 24 3.2762 0
32 75 35 3.3012 0
32 75 25 3.3012 0
49 54 24 3.2762 0
75 76 24 3.2762 0
71 96 24 3.2762 0
68 72 24 3.2762 0
68 81 24 3.2762 0
71 53 24 3.2762 0
48 70 24 3.2762 0
35 61 90 1.8658 0
91 44 24 3.1121 0
33 66 112 0.5 0
92 66 61 1.8658 0
89 86 24 2.8432 0
35 61 77 1.8658 0
34 66 59 1.1471 0
79 33 24 2.6074 0
90 85 34 2.6956 0
87 53 36 2.4569 0
78 76 36 2.4569 0
35 66 95 1.8658 0
50 72 36 2.4569 0
31 53 36 2.4569 0
36 67 47 0.8579 0
63 37 36 2.4569 0
90 59 112 0.5 0
62 77 23 2.2683 0
83 78 23 2.2683 0
96 54 36 2.4569 0
67 30 36 2.4569 0
42 53 23 2.2683 0
44 45 23 2.2683 0
94 69 75 0.5 0
35 60 109 0.9931 0
92 62 48 1.8658 0
62 51 23 2.2683 0
90 67 23 2.2683 0
64 98 23 2.2683 0
83 53 23 2.2683 0
68 59 23 2.2683 0
35 65 43 2.1549 0
87 38 23 2.1583 0
36 43 23 2.2683 0
42 61 42 2.001 0
51 86 23 2.2683 0
59 69 46 0.5 0
88 39 36 2.2025 0
92 66 72 1.8658 0
92 66 84 1.8658 0
35 62 62 1.8658 0
62 66 42 2.001 0
91 69 106 0.5 0
82 34 36 2.0126 0
80 69 46 0.5 0
60 29 23 2.1443 0
36 69 106 0.5 0
92 66 99 1.8658 0
92 61 59 1.8658 0
35 61 47 1.8658 0
81 61 43 1.6777 0
56 66 42 2.001 0
54 97 24 2.001 0
54 97 36 2.001 0
55 61 42 2.001 0
63 61 42 2.001 0
78 66 42 2.001 0
31 51 30 1.9997 0
40 66 42 2.001 0
76 61 42 2.001 0
35 64 55 1.8658 0
79 32 30 1.7107 0
62 102 38 0.5 0
92 62 64 1.8658 0
92 66 79 1.8658 0
35 62 71 1.8658 0
92 61 86 1.8658 0
92 61 76 1.8658 0
92 61 54 1.8658 0
92 66 67 1.8658 0
35 61 95 1.8658 0
35 66 88 1.8658 0
35 66 100 1.8658 0
35 66 78 1.8658 0
0
