128
95 65 63 4.4921 0
32 26 61 4.4921 0
35 96 62 4.8224 0
84 107 62 4.8271 0
95 26 61 4.4921 0
32 61 61 4.4921 0
57 114 61 4.7834 0
96 89 67 3.0215 0
92 45 69 1.7723 0
34 79 68 2.7802 0
43 107 62 4.8271 0
70 114 61 4.7834 0
35 45 67 2.1723 0
95 53 63 4.4921 0
92 96 62 4.8224 0
32 73 61 4.4921 0
32 37 65 4.4921 0
95 41 63 4.4921 0
95 81 63 4.4921 0
32 83 61 4.4921 0
32 52 66 4.2241 0
96 73 67 3.4842 0
96 33 67 3.4842 0
50 110 67 3.2722 0
77 110 67 3.2722 0
34 67 67 3.1802 0
90 103 68 2.7802 0
31 89 67 3.0215 0
96 73 59 2.7802 0
40 101 68 2.7802 0
65 116 68 2.7802 0
93 34 59 2.7802 0
37 20 72 0.5 0
92 88 59 2.5072 0
27 45 56 0.5 0
97 59 68 2.4763 0
97 47 68 2.4763 0
98 20 72 0.5 0
36 45 56 0.5 0
54 120 72 0.5 0
97 23 68 2.3485 0
34 23 68 2.3485 0
49 114 59 2.2909 0
78 114 59 2.2909 0
30 45 64 2.2327 0
92 59 59 2.1723 0
92 47 59 2.1723 0
35 33 59 2.1723 0
35 30 67 2.1723 0
92 27 68 2.1723 0
35 60 68 2.1723 0
53 116 68 1.9706 0
74 116 68 1.9706 0
57 111 69 1.7723 0
36 104 58 1.7428 0
31 101 72 0.5 0
88 112 72 0.5 0
29 73 69 1.4684 0
51 109 59 1.9371 0
76 109 59 1.9371 0
59 117 69 1.7723 0
91 103 58 1.7723 0
27 62 72 0.5 0
38 110 72 0.5 0
34 73 69 1.7723 0
44 111 69 1.7723 0
83 111 69 1.7723 0
71 112 69 1.7723 0
30 90 59 1.8062 0
30 35 58 1.7723 0
28 51 57 0.9606 0
33 99 69 1.7723 0
37 93 69 1.7723 0
97 90 60 1.8062 0
92 57 69 1.7723 0
36 104 65 1.7428 0
30 31 69 1.7723 0
40 101 58 1.7723 0
92 85 69 1.7723 0
35 85 69 1.7723 0
30 83 69 1.7723 0
101 47 56 0.5 0
88 97 69 1.603 0
37 52 56 0.2566 0
99 97 71 0.5 0
91 93 69 1.7723 0
34 38 58 1.7723 0
92 78 69 1.7723 0
92 68 69 1.7723 0
92 62 69 1.7723 0
92 50 69 1.7723 0
92 38 69 1.7723 0
35 89 58 1.7723 0
35 67 58 1.7723 0
97 60 58 1.7723 0
97 48 58 1.7723 0
40 108 69 1.7723 0
87 108 69 1.7723 0
101 40 72 0.5 0
30 63 69 1.7723 0
95 96 69 1.7723 0
84 104 69 1.7723 0
30 58 69 1.7723 0
30 46 69 1.7723 0
101 83 72 0.5 0
64 118 58 1.592 0
86 100 59 1.4693 0
64 118 63 1.592 0
101 33 56 0.5 0
29 67 58 1.4684 0
101 67 72 0.5 0
101 53 72 0.5 0
46 105 69 1.3315 0
31 95 69 1.4938 0
29 23 69 1.4684 0
98 33 61 1.4684 0
91 88 64 1.5063 0
86 100 64 1.4693 0
36 88 64 1.5063 0
92 22 67 1.3406 0
98 37 58 1.4684 0
29 78 65 1.4684 0
29 77 69 1.4684 0
29 69 69 1.4684 0
91 70 58 1.1645 0
98 83 69 1.4684 0
29 67 63 1.4684 0
98 79 69 1.4684 0
0
