128
66 63 61 1.5733 0
17 91 62 1.7809 0
18 35 66 1.4168 0
65 117 62 1.7709 0
65 10 62 1.7708 0
111 90 66 1.3494 0
110 36 62 1.7783 0
79 90 63 3.589 0
76 36 63 3.589 0
45 90 63 3.589 0
45 40 63 3.589 0
95 66 63 3.589 0
31 67 63 3.589 0
47 18 65 1.194 0
94 45 61 1.5733 0
111 54 65 1.3494 0
95 27 65 1.4768 0
62 81 61 1.5733 0
15 53 60 0.8415 0
95 100 65 1.4794 0
50 110 62 1.7247 0
80 109 65 1.194 0
32 27 65 1.4768 0
59 27 61 1.5733 0
28 46 61 1.5733 0
80 18 65 1.194 0
52 56 61 1.5733 0
111 74 65 1.3494 0
98 84 61 1.5733 0
64 98 61 1.5733 0
79 70 61 1.5733 0
32 100 66 1.4794 0
78 55 61 1.5733 0
48 72 60 0.5654 0
16 77 66 1.3494 0
61 41 61 1.5733 0
31 84 61 1.5733 0
16 64 66 1.3494 0
55 91 63 3.589 0
94 56 63 3.589 0
52 33 63 3.589 0
41 54 61 1.5733 0
67 52 61 1.5733 0
31 58 63 3.589 0
87 87 63 3.589 0
71 20 61 1.5733 0
27 35 61 1.5733 0
103 95 62 1.7326 0
84 38 63 3.589 0
41 25 61 1.5733 0
55 14 62 1.7345 0
58 72 61 1.5733 0
83 26 61 1.5733 0
42 101 61 1.5733 0
42 64 61 1.5733 0
106 63 61 1.5733 0
70 76 61 1.5733 0
67 89 61 1.5733 0
70 109 61 1.5733 0
110 46 61 1.5733 0
37 77 61 1.5733 0
59 108 61 1.5733 0
87 100 61 1.5733 0
102 41 61 1.5733 0
27 92 61 1.5733 0
16 44 66 1.3494 0
66 33 61 1.5733 0
57 49 61 1.5733 0
53 79 61 1.5733 0
26 77 61 1.5733 0
55 64 61 1.5733 0
85 76 61 1.5733 0
84 61 61 1.5733 0
76 103 61 1.5733 0
110 81 61 1.5733 0
36 95 61 1.5733 0
70 44 61 1.5733 0
86 50 61 1.5733 0
103 32 62 1.7301 0
17 71 61 1.5733 0
38 33 61 1.5733 0
102 77 61 1.5733 0
37 47 61 1.5733 0
93 76 61 1.5733 0
74 63 61 1.5733 0
71 30 63 2.6665 0
58 115 66 1.4687 0
74 96 62 2.5811 0
17 83 61 1.5733 0
102 51 61 1.5733 0
18 59 61 1.5733 0
52 21 61 1.5733 0
88 23 66 1.4409 0
44 107 66 1.4277 0
81 83 62 2.5811 0
38 40 65 2.5664 0
52 103 61 1.5733 0
23 54 61 1.5733 0
64 19 61 1.5733 0
59 57 61 1.5733 0
50 48 61 1.5733 0
77 48 61 1.5733 0
96 33 61 1.5733 0
96 94 61 1.5733 0
38 68 62 2.4964 0
16 52 66 1.3494 0
45 77 61 1.5733 0
112 64 69 0.5 0
72 13 67 0.5654 0
23 64 61 1.5733 0
37 87 61 1.5733 0
55 98 62 2.3973 0
74 116 67 0.5 0
106 89 61 1.5733 0
84 106 62 1.7516 0
30 74 63 2.3233 0
25 96 66 1.4533 0
25 31 66 1.4533 0
36 102 62 1.76 0
89 61 62 2.2433 0
72 14 62 1.7345 0
18 47 61 1.5733 0
89 32 61 1.5733 0
23 70 61 1.5733 0
70 70 61 1.5733 0
18 41 61 1.5733 0
106 69 61 1.5733 0
97 73 62 2.0098 0
0
