128
52 63 59 20.1987 0
107 80 95 0.5 0
100 33 43 3.7988 0
88 63 54 14.6547 0
67 34 51 12.1357 0
82 75 78 9.7097 0
73 84 49 10.12 0
28 31 45 3.5831 0
24 66 48 8.9963 0
32 43 48 8.3718 0
33 82 47 7.6069 0
47 27 47 7.4297 0
52 89 47 7.3568 0
27 65 78 5.7955 0
92 42 46 6.9732 0
94 97 97 0.5 0
95 68 106 0.5 0
58 65 87 5.6729 0
81 82 107 0.5 0
92 83 45 6.0885 0
75 47 63 6.0899 0
76 60 71 5.3524 0
72 80 65 5.2198 0
51 41 44 5.0806 0
81 24 44 5.0806 0
27 54 57 5.1113 0
78 47 44 5.0806 0
84 43 56 4.7266 0
21 52 44 4.6223 0
102 74 44 4.6083 0
60 88 58 4.4221 0
54 24 58 4.5724 0
50 37 56 4.4 0
29 76 58 4.3945 0
102 52 44 4.2506 0
72 56 43 4.0727 0
90 69 96 1.4974 0
83 81 61 4.2646 0
91 89 90 1.4977 0
42 87 55 4.1177 0
33 56 43 4.0727 0
105 64 43 3.9035 0
27 67 62 4.053 0
72 67 43 4.0727 0
83 34 44 4.084 0
99 78 89 1.3465 0
63 94 43 3.7513 0
80 80 98 1.4154 0
22 79 43 3.3659 0
40 91 43 3.3589 0
51 88 59 3.2753 0
36 82 60 3.2585 0
59 80 42 3.0649 0
41 41 58 3.2623 0
43 47 42 3.0649 0
33 47 60 3.2823 0
42 37 42 3.0649 0
80 78 92 3.0305 0
70 52 72 3.104 0
78 22 53 3.1828 0
36 71 42 3.0649 0
94 77 85 3.122 0
89 84 55 3.0769 0
60 46 42 3.0649 0
88 70 90 2.9638 0
84 90 42 3.0649 0
84 77 42 3.0649 0
70 67 75 3.0621 0
43 78 42 3.0649 0
69 48 42 3.0649 0
87 86 87 2.8857 0
29 58 65 2.9676 0
92 31 42 2.7368 0
69 74 73 2.8476 0
62 22 61 2.8451 0
63 42 65 2.8082 0
62 93 51 2.8528 0
99 78 51 2.9159 0
62 84 66 2.835 0
82 53 69 2.8183 0
42 37 52 2.8378 0
64 21 42 2.7917 0
23 36 43 2.7442 0
67 87 62 2.6828 0
30 64 69 2.5809 0
57 40 63 2.5361 0
66 47 70 2.4876 0
86 47 63 2.4955 0
86 89 50 2.3884 0
102 40 43 2.4524 0
99 48 51 2.4332 0
31 72 66 2.4269 0
65 79 71 2.3386 0
78 73 41 2.057 0
27 33 52 2.3868 0
32 52 65 2.3915 0
72 22 42 2.2488 0
58 25 42 2.3586 0
23 61 60 2.3629 0
16 58 42 2.3432 0
105 58 48 2.266 0
82 29 51 2.2352 0
36 64 41 2.057 0
68 59 76 2.2639 0
94 80 57 2.1755 0
73 22 59 2.2123 0
55 32 61 2.1249 0
95 32 48 2.2394 0
42 84 63 2.2052 0
71 95 41 2.057 0
20 54 52 2.1076 0
93 46 57 2.1872 0
22 78 50 2.1475 0
34 33 42 2.0993 0
55 34 41 2.057 0
78 39 41 2.057 0
100 59 41 2.057 0
63 75 41 2.057 0
44 85 41 2.057 0
39 52 41 2.057 0
105 68 49 2.0934 0
68 73 41 2.057 0
22 37 49 2.0449 0
77 94 41 2.057 0
85 51 41 2.057 0
83 41 41 2.057 0
59 21 52 2.1114 0
67 62 41 2.057 0
0
