128
64 63 74 26.7195 0
26 63 60 12.5102 0
101 57 60 12.1848 0
74 28 59 11.5742 0
96 81 59 11.314 0
51 27 63 10.6712 0
37 85 58 10.5935 0
33 40 61 10.396 0
28 65 97 6.2336 0
100 35 64 8.7088 0
77 92 56 8.4314 0
89 65 106 6.1577 0
65 22 77 8.2465 0
59 94 57 7.8211 0
89 42 54 6.562 0
98 70 75 6.3411 0
32 76 74 6.2314 0
84 90 70 6.0315 0
32 52 75 6.0231 0
92 44 74 5.8638 0
50 41 53 5.5541 0
96 55 78 5.4577 0
21 80 53 5.3802 0
48 92 69 5.4031 0
31 64 79 5.2501 0
91 82 77 5.2285 0
111 71 53 5.2086 0
68 95 68 5.0682 0
75 32 77 4.817 0
41 54 52 4.5462 0
84 36 71 4.8038 0
20 47 53 4.6088 0
88 67 52 4.5462 0
61 38 52 4.5462 0
41 70 52 4.5462 0
40 85 76 4.5128 0
61 19 52 4.5462 0
79 21 74 4.4266 0
42 39 74 4.312 0
55 31 79 4.2854 0
52 18 76 4.0782 0
47 96 53 3.8826 0
94 64 84 3.8242 0
58 94 73 3.8442 0
24 80 65 3.7306 0
103 42 52 3.7081 0
76 45 51 3.5384 0
92 74 84 3.4722 0
109 72 63 3.4491 0
50 81 51 3.5384 0
84 18 67 3.5374 0
83 51 51 3.5384 0
82 81 51 3.5384 0
68 84 51 3.5384 0
43 32 51 3.5384 0
75 93 75 3.4537 0
39 45 80 3.4256 0
14 72 51 3.1765 0
89 93 51 3.352 0
36 73 84 3.2707 0
84 40 80 3.3218 0
35 63 89 3.1693 0
82 88 80 3.2748 0
14 55 51 3.1752 0
35 56 84 3.241 0
90 49 84 3.0916 0
63 17 62 2.8864 0
48 97 61 2.9949 0
52 91 78 2.9955 0
24 30 66 2.9095 0
12 63 51 2.6582 0
91 56 87 2.6824 0
109 80 51 2.7168 0
45 17 72 2.6511 0
33 51 50 2.5305 0
39 80 83 2.5563 0
22 48 65 2.7215 0
68 93 78 2.7039 0
85 64 97 2.7348 0
102 70 50 2.5305 0
115 63 51 2.6009 0
109 47 50 2.5305 0
48 34 76 2.6486 0
49 50 50 2.5305 0
68 98 50 2.5305 0
39 62 50 2.5305 0
54 33 50 2.5305 0
69 43 50 2.5305 0
101 48 73 2.6195 0
42 21 48 0.5147 0
88 95 60 2.5955 0
42 46 50 2.5305 0
74 80 50 2.5305 0
86 33 50 2.5305 0
80 39 50 2.5305 0
85 17 59 2.4035 0
113 54 50 2.5305 0
49 25 77 2.5846 0
88 59 50 2.5305 0
50 21 50 2.5305 0
57 26 50 2.5305 0
79 74 50 2.5305 0
97 37 50 2.5027 0
30 75 50 2.5305 0
89 32 58 2.3447 0
100 80 74 2.3792 0
61 83 50 2.5305 0
49 88 50 2.5305 0
49 74 50 2.5305 0
87 78 87 2.5323 0
62 30 50 2.5305 0
96 69 50 2.5305 0
45 63 50 2.5305 0
27 50 50 2.5305 0
82 58 50 2.5305 0
55 86 50 2.5305 0
46 87 81 2.5129 0
33 86 72 2.4723 0
106 75 69 2.3144 0
103 61 76 2.2548 0
77 97 67 2.3517 0
90 68 89 2.3009 0
107 68 70 2.2193 0
89 23 47 0.5 0
24 40 50 2.1909 0
39 51 86 2.3278 0
18 77 61 2.2369 0
75 90 82 2.2566 0
0
