128
63 97 77 8.3893 0
57 10 49 0.5804 0
115 48 50 0.6771 0
34 47 77 8.6232 0
17 91 49 0.9523 0
71 26 97 3.6236 0
109 96 49 0.5 0
34 80 77 8.6232 0
87 33 62 3.8777 0
63 30 77 8.3893 0
100 76 63 3.8836 0
10 61 50 0.6771 0
40 111 50 0.6771 0
83 114 49 0.8419 0
29 22 50 0.5014 0
87 94 53 3.8844 0
100 51 63 3.8836 0
51 27 53 3.8549 0
25 65 96 3.9146 0
44 98 97 2.8077 0
27 51 53 3.8566 0
42 27 102 0.5 0
40 94 53 3.8834 0
22 63 77 6.3549 0
65 102 53 3.9035 0
79 12 50 0.6771 0
27 76 56 3.8688 0
71 101 97 3.6236 0
117 70 49 0.5804 0
106 30 49 0.8524 0
40 33 92 3.8845 0
71 28 50 1.602 0
33 87 96 3.8828 0
51 100 62 3.8904 0
76 100 63 3.8628 0
37 34 60 2.7639 0
102 65 54 3.9041 0
44 30 75 3.7054 0
28 47 96 3.2978 0
94 40 53 3.8834 0
55 24 97 2.0353 0
94 87 62 3.8779 0
76 27 63 3.8628 0
40 94 69 3.8845 0
18 34 49 0.7365 0
25 65 63 3.9027 0
95 20 50 0.6771 0
57 119 49 0.5 0
33 40 53 3.8829 0
33 87 63 3.8785 0
27 76 97 3.7395 0
46 99 79 2.8805 0
111 83 50 0.6771 0
11 77 49 0.7631 0
97 108 48 0.5 0
25 65 53 3.9043 0
56 103 99 1.7238 0
33 87 53 3.8829 0
27 103 50 0.6771 0
65 25 53 3.9035 0
102 62 63 3.9221 0
41 15 50 0.6771 0
62 102 64 3.9025 0
62 25 64 3.9025 0
70 119 52 0.5 0
40 94 91 3.8845 0
51 27 83 3.8904 0
33 40 96 3.8828 0
12 47 49 0.8949 0
62 25 96 3.9146 0
27 51 62 3.8924 0
51 27 62 3.8904 0
27 76 65 3.8924 0
87 33 53 3.8844 0
51 100 71 3.8904 0
94 87 53 3.8834 0
62 102 96 3.9146 0
40 33 83 3.8845 0
94 40 62 3.8779 0
87 94 62 3.8777 0
76 100 54 3.8527 0
100 76 54 3.8557 0
100 51 54 3.8557 0
25 61 88 3.8988 0
51 100 53 3.8549 0
51 100 94 3.8754 0
33 40 63 3.8785 0
51 27 92 3.8833 0
27 76 88 3.8924 0
27 51 88 3.8924 0
51 100 85 3.8904 0
40 94 79 3.8845 0
40 33 53 3.8834 0
51 27 71 3.8904 0
40 33 68 3.8845 0
26 55 96 3.8372 0
76 27 54 3.8527 0
43 96 61 3.799 0
68 102 89 3.7057 0
68 25 89 3.7057 0
26 56 69 3.6151 0
34 89 87 3.4734 0
34 38 87 3.4734 0
114 60 50 0.6771 0
44 31 60 3.2693 0
67 12 50 0.6771 0
99 99 50 0.6771 0
111 39 50 0.6771 0
25 72 72 3.0435 0
49 115 50 0.6771 0
60 103 88 2.8087 0
60 24 88 2.8087 0
46 30 98 2.7317 0
72 102 70 2.9322 0
72 25 70 2.9322 0
85 20 49 0.5941 0
86 106 50 0.6771 0
50 15 50 0.6771 0
24 59 58 2.6991 0
58 103 57 2.5639 0
58 24 57 2.5639 0
26 30 49 0.5941 0
98 28 50 0.6771 0
27 71 82 2.6258 0
63 113 50 0.6771 0
24 95 50 0.6771 0
101 58 51 2.6098 0
24 69 88 2.5863 0
0
