128
64 64 64 1.1541 0
121 61 66 0.5 0
7 61 63 0.5 0
93 64 64 0.7432 0
36 64 64 1.1541 0
79 62 64 1.1541 0
20 64 64 1.1541 0
107 64 64 0.7432 0
49 62 64 1.1541 0
116 69 63 0.5 0
28 64 64 1.1541 0
86 63 64 1.5722 0
115 60 63 0.6833 0
56 68 64 0.5 0
72 68 64 0.5 0
12 62 64 1.1541 0
71 61 63 0.8155 0
57 61 63 0.8155 0
42 64 64 1.1541 0
99 63 63 0.6833 0
121 67 65 0.5 0
86 70 66 0.5 0
113 65 64 0.9454 0
70 64 64 1.1541 0
58 64 64 1.1541 0
81 68 63 0.5 0
47 68 65 0.5 0
13 68 64 0.5 0
119 63 64 0.7054 0
15 64 64 1.1541 0
31 62 64 1.1541 0
52 64 64 1.1541 0
46 64 64 1.1541 0
82 64 64 1.1541 0
76 64 64 1.1541 0
25 62 64 1.1541 0
39 62 64 1.1541 0
67 62 64 1.1541 0
61 62 64 1.1541 0
32 68 63 0.5 0
24 68 63 0.5 0
85 68 63 0.9438 0
73 62 64 1.1541 0
55 62 64 1.1541 0
117 66 64 0.7372 0
102 66 65 0.5 0
61 68 63 0.5 0
39 68 65 0.5 0
87 58 66 0.5 0
67 68 64 0.5 0
103 62 65 0.5 0
96 64 64 0.7432 0
90 64 64 0.7432 0
110 64 64 0.7432 0
104 64 64 0.7432 0
87 67 68 0.5 0
85 67 66 0.9438 0
85 59 63 0.9438 0
85 60 68 0.5 0
31 65 64 0.7935 0
49 65 64 0.7935 0
79 65 64 0.7935 0
73 65 64 0.7935 0
25 65 64 0.7935 0
39 65 64 0.7935 0
67 65 64 0.7935 0
61 65 64 0.7935 0
55 65 64 0.7935 0
44 68 63 0.5 0
18 68 65 0.5 0
101 64 64 0.7432 0
117 61 64 0.7372 0
44 61 63 0.8155 0
18 61 63 0.8155 0
34 62 63 0.6833 0
22 62 63 0.6833 0
113 62 64 0.9454 0
115 67 63 0.6833 0
120 67 62 0.5 0
8 63 65 0.5 0
21 68 63 0.5 0
11 66 63 0.5 0
35 68 63 0.5 0
28 68 65 0.5 0
77 68 63 0.5 0
85 66 63 0.6833 0
85 60 66 0.9438 0
17 61 66 0.5 0
64 68 64 0.5 0
52 68 64 0.5 0
42 68 65 0.5 0
83 61 63 0.8155 0
121 61 62 0.5 0
44 61 66 0.5 0
85 64 68 0.5 0
87 62 68 0.5 0
52 61 63 0.8155 0
15 61 63 0.8155 0
28 61 63 0.8155 0
76 61 63 0.8155 0
9 61 64 0.8155 0
64 61 63 0.8155 0
88 67 64 0.5 0
35 61 66 0.5 0
21 61 66 0.5 0
115 63 66 0.5 0
115 63 62 0.5 0
46 61 64 0.8155 0
42 61 64 0.8155 0
82 61 66 0.5 0
58 61 66 0.5 0
28 61 66 0.5 0
17 67 63 0.5 0
120 60 64 0.5 0
20 61 64 0.8155 0
36 61 64 0.8155 0
87 70 63 0.5 0
119 66 63 0.9356 0
119 61 63 0.9356 0
85 65 66 0.9438 0
44 66 66 0.5 0
22 66 62 0.5 0
34 66 62 0.5 0
22 66 66 0.5 0
44 66 63 0.7272 0
115 60 66 0.5 0
98 66 65 0.5 0
99 63 66 0.5 0
0
