128
57 76 51 6.3033 0
98 50 101 2.5675 0
80 30 61 4.9253 0
52 71 104 2.857 0
94 91 82 2.7322 0
30 58 28 5.4673 0
78 43 27 4.3587 0
86 85 30 4.7131 0
45 43 64 3.642 0
63 39 98 2.4841 0
110 58 73 2.7662 0
80 97 61 4.8526 0
80 80 108 2.5904 0
59 46 40 6.5119 0
57 91 81 2.6267 0
39 68 78 2.8757 0
35 66 52 5.9314 0
53 72 29 5.7388 0
85 34 90 2.5391 0
102 76 97 2.7087 0
70 56 112 2.1522 0
74 93 93 2.77 0
86 40 44 4.3509 0
48 44 85 2.7547 0
99 39 73 1.732 0
71 87 39 4.6944 0
106 79 73 2.7259 0
35 83 36 2.6732 0
87 84 52 4.5998 0
61 33 72 2.2557 0
46 75 69 5.2399 0
59 81 38 6.4816 0
37 43 40 2.7951 0
54 54 29 5.9705 0
46 57 97 2.9277 0
55 53 51 6.0319 0
62 95 57 2.5863 0
38 68 28 5.701 0
48 66 52 5.7186 0
81 46 107 2.4801 0
58 33 57 2.544 0
109 57 88 2.857 0
38 57 70 3.5514 0
49 81 93 2.6876 0
40 83 55 2.8246 0
66 45 51 5.3601 0
101 42 86 2.7478 0
65 76 109 2.6558 0
47 51 70 5.225 0
68 83 51 5.0532 0
87 89 97 2.6109 0
86 33 76 2.532 0
36 49 54 2.5868 0
76 96 77 2.2392 0
58 49 105 2.6713 0
98 64 106 1.7498 0
109 70 88 2.8215 0
70 33 89 2.5535 0
94 89 64 2.6594 0
58 61 109 2.7152 0
86 41 33 4.6651 0
70 41 37 4.5868 0
49 75 42 4.6583 0
87 87 42 4.6073 0
82 43 53 4.5325 0
45 38 48 2.6855 0
64 48 29 4.6244 0
71 79 25 1.7823 0
63 89 97 2.6163 0
49 92 44 2.6269 0
90 41 99 2.5727 0
43 58 30 4.5298 0
44 55 47 4.4169 0
43 72 89 2.8296 0
50 91 65 1.3385 0
75 40 46 4.2638 0
64 77 27 4.2501 0
91 77 106 2.5268 0
76 38 100 2.3593 0
77 87 47 4.3046 0
57 37 86 2.5871 0
66 94 69 1.8573 0
94 38 62 1.6638 0
39 51 63 4.069 0
49 53 39 4.1488 0
62 31 46 2.0168 0
52 92 55 2.6461 0
104 81 88 2.7205 0
70 32 79 2.748 0
106 49 71 2.769 0
60 96 45 1.8393 0
110 70 74 2.7888 0
44 83 63 3.8804 0
106 62 96 2.8112 0
40 57 80 2.9062 0
50 48 97 2.7417 0
30 75 28 3.7296 0
77 83 27 3.625 0
46 68 98 2.9709 0
41 63 87 2.8525 0
33 56 48 3.5109 0
38 75 63 3.6346 0
34 61 62 3.3549 0
67 48 108 2.5445 0
56 92 70 2.6408 0
87 93 74 1.8377 0
106 47 81 2.8655 0
52 37 74 1.8833 0
98 84 94 2.6299 0
85 95 87 1.5731 0
28 67 32 3.436 0
50 86 82 2.7098 0
105 49 90 2.5891 0
67 68 112 2.6184 0
37 83 44 2.8117 0
66 31 64 1.8733 0
34 44 32 2.6607 0
52 36 62 2.6435 0
42 82 27 1.1406 0
38 70 71 3.319 0
102 85 77 2.7299 0
79 38 38 3.2649 0
73 74 111 2.565 0
70 95 82 2.6615 0
108 76 83 2.9291 0
41 72 45 3.2556 0
79 32 85 2.6903 0
70 86 105 1.22 0
0
