128
63 71 63 2.3387 0
120 50 67 0.5 0
8 59 68 0.7199 0
93 58 59 3.5875 0
35 58 59 3.5875 0
116 75 67 2.1042 0
77 58 68 3.4661 0
51 61 70 2.9715 0
17 68 58 2.0548 0
84 69 59 3.5875 0
58 58 59 3.5875 0
34 68 69 3.2959 0
102 68 71 1.5065 0
42 69 59 3.5875 0
111 52 59 1.9864 0
104 73 56 0.9155 0
93 69 68 3.4661 0
77 69 68 3.4661 0
48 58 59 3.5875 0
19 64 69 1.7764 0
106 56 70 1.3098 0
75 58 59 3.5875 0
43 58 68 3.4661 0
93 69 59 3.5875 0
84 58 59 3.5875 0
75 69 59 3.5875 0
14 56 62 2.0529 0
93 58 68 3.4661 0
57 69 59 3.5875 0
50 69 68 3.4661 0
58 58 68 3.4661 0
34 70 61 3.4312 0
114 74 56 1.2099 0
42 69 68 3.4661 0
58 69 68 3.4661 0
85 69 68 3.4661 0
85 58 68 3.4661 0
35 58 68 3.4661 0
12 70 67 1.7974 0
70 71 65 3.0618 0
70 56 65 3.0618 0
105 76 65 0.7703 0
115 54 71 1.2099 0
103 56 62 1.3736 0
49 71 61 2.8487 0
9 63 57 0.9317 0
25 64 59 0.9882 0
17 58 68 2.0548 0
25 59 65 0.8733 0
53 63 57 2.2178 0
111 52 68 1.9864 0
109 72 71 0.8173 0
42 62 57 2.2178 0
25 68 65 0.8733 0
10 70 60 1.242 0
29 62 58 2.1687 0
53 55 63 2.215 0
17 59 58 2.0548 0
14 62 71 2.0529 0
48 66 57 2.2178 0
29 62 69 2.012 0
64 55 63 2.215 0
36 65 57 2.2178 0
116 75 60 2.1042 0
42 55 62 2.1252 0
17 69 68 2.0548 0
102 64 55 0.5 0
14 71 62 2.0529 0
29 58 65 2.0713 0
103 71 65 1.3736 0
116 52 67 2.1042 0
116 52 60 2.1042 0
68 71 59 2.0061 0
68 56 59 2.0061 0
48 55 65 2.0902 0
40 63 71 2.0338 0
90 64 71 2.0338 0
82 64 71 2.0338 0
74 64 71 2.0338 0
45 64 71 2.0338 0
111 75 68 1.9864 0
111 75 59 1.9864 0
101 56 56 1.0009 0
96 64 71 1.9054 0
19 69 63 1.7764 0
19 58 63 1.7764 0
102 59 71 1.5065 0
12 67 57 1.7974 0
12 60 57 1.7974 0
12 57 67 1.7974 0
103 69 58 1.4403 0
28 69 63 1.7513 0
97 72 64 1.7044 0
97 55 64 1.7044 0
10 66 70 1.375 0
105 51 65 0.7703 0
20 64 58 1.6628 0
107 55 56 1.2099 0
28 67 59 1.6578 0
101 61 57 1.0998 0
71 68 70 1.5421 0
71 59 70 1.5421 0
28 67 68 1.5203 0
42 57 57 1.4474 0
14 67 71 1.4233 0
63 71 58 1.4035 0
101 74 61 0.8928 0
96 64 57 1.384 0
7 59 62 0.5 0
103 58 58 1.4403 0
87 73 63 1.2112 0
87 54 63 1.2112 0
78 73 63 1.2112 0
78 54 63 1.2112 0
89 62 56 1.2099 0
103 74 69 0.7962 0
66 71 69 1.2803 0
66 56 69 1.2803 0
39 73 63 1.2112 0
114 54 56 1.2099 0
106 71 70 1.3098 0
104 52 59 0.6693 0
21 60 67 1.261 0
10 57 60 1.242 0
82 64 56 1.2099 0
77 63 56 1.2099 0
73 64 56 1.2099 0
58 64 72 1.0259 0
0
