128
64 63 66 1.8951 0
103 104 64 0.5 0
26 104 64 0.5 0
105 25 65 0.5 0
24 25 64 0.5039 0
102 66 66 1.8951 0
24 65 64 0.5039 0
65 103 64 0.5 0
67 24 64 0.5 0
46 40 66 1.8951 0
46 86 66 1.8951 0
86 45 66 1.8951 0
82 86 66 1.8951 0
42 66 66 1.8951 0
102 87 66 1.8951 0
83 66 78 0.5 0
26 44 65 0.9365 0
65 45 66 1.8951 0
25 85 65 0.7239 0
63 86 66 1.8951 0
86 25 64 0.5039 0
102 39 66 1.8951 0
43 104 64 0.5 0
85 104 64 0.5 0
82 59 66 1.8951 0
55 74 66 1.8951 0
73 74 66 1.8951 0
75 35 66 1.8951 0
35 30 66 1.8951 0
57 30 66 1.8951 0
55 97 66 1.8951 0
97 52 66 1.8951 0
75 97 66 1.8951 0
30 56 66 1.8951 0
92 74 66 1.9185 0
35 97 66 1.8951 0
35 80 66 1.8951 0
54 56 66 1.8951 0
92 97 66 1.8951 0
41 54 66 1.8951 0
91 58 76 0.8176 0
86 33 66 1.8951 0
35 44 66 1.8951 0
47 30 66 1.8951 0
102 77 66 1.8951 0
29 72 66 1.8951 0
92 87 66 1.8951 0
82 69 66 1.8951 0
98 30 66 1.8951 0
93 61 66 1.8951 0
55 44 66 1.8951 0
73 55 66 1.8951 0
102 97 66 1.8951 0
46 96 66 1.8951 0
46 75 66 1.8951 0
65 34 66 1.8951 0
91 70 76 0.8176 0
30 37 66 1.8951 0
55 84 66 1.8951 0
63 97 66 1.8951 0
63 74 66 1.8951 0
94 39 66 1.8951 0
78 45 66 1.8951 0
50 66 66 1.8951 0
29 92 66 1.8951 0
35 64 66 1.8951 0
63 52 66 1.8951 0
75 88 66 1.8951 0
68 92 66 1.8951 0
77 64 66 1.8951 0
85 97 66 1.8951 0
82 79 66 1.8951 0
84 53 74 0.8775 0
83 75 76 0.5 0
35 51 66 1.8951 0
88 53 66 1.0782 0
77 25 64 0.5039 0
68 82 66 1.8951 0
41 90 66 1.8951 0
29 79 66 1.8951 0
56 50 66 1.8951 0
35 86 66 1.8951 0
46 46 66 1.8951 0
35 70 66 1.8951 0
102 45 66 1.8951 0
29 66 66 1.8951 0
78 51 66 1.8951 0
72 28 65 1.0118 0
68 71 66 1.8951 0
102 55 66 1.8951 0
97 84 66 1.8951 0
97 69 66 1.8951 0
58 89 66 1.8951 0
41 37 66 1.8951 0
29 85 66 1.8951 0
46 62 66 1.8951 0
58 60 66 1.8951 0
83 53 66 1.9311 0
68 50 66 1.8951 0
46 56 66 1.8951 0
60 42 66 1.8951 0
60 36 66 1.8951 0
41 48 66 1.8951 0
55 68 66 1.8951 0
83 92 66 1.8951 0
81 35 66 1.8951 0
51 88 66 1.8951 0
77 30 66 1.8951 0
75 79 66 1.8951 0
26 31 65 0.9365 0
84 61 76 0.8176 0
83 74 66 1.9311 0
30 50 66 1.8951 0
30 43 66 1.8951 0
35 38 66 1.8951 0
63 68 66 1.8951 0
63 58 66 1.8951 0
97 96 66 1.8951 0
93 92 66 1.8951 0
93 44 66 1.8951 0
42 32 66 1.8951 0
54 79 66 1.8951 0
51 51 66 1.8951 0
30 61 66 1.8951 0
69 42 66 1.8951 0
69 37 66 1.8951 0
69 31 66 1.8951 0
68 97 66 1.8951 0
0
