128
64 64 64 0.9245 0
14 92 65 0.5 0
15 36 63 0.8523 0
114 91 64 0.5 0
112 36 63 0.8523 0
81 93 64 0.5 0
31 65 63 0.9245 0
48 35 63 0.5 0
96 64 63 0.9245 0
80 36 64 0.8523 0
48 92 63 0.5 0
65 83 63 0.9245 0
31 84 64 0.9245 0
15 55 64 0.9245 0
114 72 65 0.5 0
47 54 63 0.5 0
63 45 64 0.9245 0
48 74 64 0.9245 0
15 74 64 0.9245 0
97 83 63 0.5 0
112 54 64 0.9245 0
81 74 64 0.9245 0
32 44 65 0.5 0
79 54 65 0.5 0
96 42 64 0.9245 0
91 53 63 0.9245 0
108 81 63 0.9245 0
43 64 63 0.9245 0
85 63 64 0.9245 0
107 64 64 0.9245 0
74 45 63 0.9245 0
59 74 64 0.9245 0
37 75 63 0.9245 0
58 55 63 0.9245 0
27 54 64 0.5 0
59 93 65 0.5 0
92 74 64 0.9245 0
102 93 63 0.5 0
106 45 63 0.9245 0
26 36 63 0.8523 0
54 84 64 0.9245 0
26 75 63 0.9245 0
69 55 63 0.9245 0
42 84 64 0.9245 0
38 36 64 0.8523 0
91 91 64 0.8523 0
101 55 64 0.9245 0
75 65 63 0.9245 0
58 36 63 0.8523 0
69 36 64 0.8523 0
86 44 63 0.9245 0
54 65 63 0.9245 0
37 52 63 0.9245 0
72 90 64 0.9245 0
52 45 63 0.5 0
23 90 63 0.9245 0
18 45 64 0.9245 0
18 65 63 0.9245 0
71 75 64 0.6345 0
102 73 64 0.6049 0
17 83 64 0.9245 0
85 83 63 0.5 0
38 93 65 0.5 0
103 36 64 0.8523 0
43 44 64 0.5 0
76 82 63 0.6972 0
89 36 64 0.8523 0
114 44 65 0.5 0
24 61 64 0.9245 0
24 82 63 0.9245 0
25 43 64 0.8338 0
65 90 64 0.9245 0
38 59 64 0.8242 0
31 91 63 0.8523 0
107 89 64 0.9245 0
91 81 64 0.9245 0
24 68 64 0.9245 0
65 71 63 0.9245 0
80 48 63 0.9245 0
49 60 64 0.8142 0
108 74 63 0.9245 0
91 60 64 0.9245 0
90 67 63 0.9245 0
53 51 64 0.9245 0
79 60 64 0.9245 0
97 89 63 0.9245 0
85 55 64 0.9245 0
48 86 63 0.9245 0
32 38 64 0.9245 0
102 79 63 0.9245 0
114 63 63 0.5 0
24 49 63 0.9245 0
52 39 64 0.9245 0
85 89 63 0.9245 0
47 48 63 0.9245 0
31 50 63 0.9245 0
95 48 63 0.9245 0
70 61 64 0.9245 0
43 78 63 0.9245 0
68 49 64 0.9245 0
107 58 63 0.9245 0
106 51 64 0.9245 0
37 65 64 0.9245 0
54 90 63 0.9245 0
31 59 64 0.9245 0
74 51 64 0.9245 0
65 77 64 0.9245 0
97 36 63 0.8523 0
75 39 63 0.9245 0
64 39 63 0.9245 0
60 87 63 0.9245 0
37 87 63 0.9245 0
59 68 64 0.9245 0
59 61 63 0.9245 0
101 61 64 0.9245 0
58 48 63 0.9245 0
86 77 63 0.9245 0
69 42 64 0.9245 0
64 58 64 0.9245 0
43 90 64 0.9245 0
112 86 63 0.9245 0
63 52 64 0.9245 0
96 71 63 0.7857 0
111 48 63 0.9245 0
111 68 63 0.9245 0
30 71 64 0.9245 0
58 42 63 0.7989 0
44 39 63 0.9245 0
0
