128
70 73 61 2.9984 0
15 48 68 4.624 0
112 48 68 4.624 0
24 85 68 4.4243 0
103 85 68 4.4243 0
50 42 68 4.608 0
83 41 54 1.8144 0
50 85 68 4.608 0
70 50 69 4.1123 0
85 78 67 4.3029 0
22 67 54 1.5507 0
105 67 54 1.5507 0
50 67 54 1.5533 0
33 48 53 0.9641 0
22 70 68 4.5703 0
105 70 68 4.5703 0
85 49 67 4.3029 0
50 57 68 4.5726 0
30 50 67 4.3973 0
98 55 60 3.0254 0
50 70 68 4.5726 0
77 88 54 1.5891 0
117 83 52 0.5 0
12 81 54 1.1762 0
105 39 54 1.5865 0
39 80 53 0.9641 0
22 39 54 1.5865 0
77 60 54 1.5533 0
77 70 68 4.5726 0
60 47 53 0.9641 0
105 57 68 4.5703 0
15 79 68 4.624 0
112 79 68 4.624 0
77 42 68 4.608 0
77 85 68 4.608 0
57 83 55 2.6413 0
22 57 68 4.5703 0
103 42 68 4.4243 0
77 57 68 4.5726 0
95 82 54 1.4074 0
15 56 55 2.2754 0
112 56 55 2.2754 0
42 78 67 4.3029 0
42 49 67 4.3029 0
24 42 68 4.4243 0
30 77 67 4.3973 0
97 77 67 4.3973 0
97 50 67 4.3973 0
56 57 55 2.3184 0
71 45 54 1.972 0
83 70 55 2.1153 0
44 57 54 1.972 0
70 77 69 4.1123 0
57 50 69 4.1123 0
57 78 69 4.1123 0
44 45 54 1.972 0
86 54 54 1.972 0
22 88 54 1.5865 0
105 88 54 1.5865 0
30 73 54 1.972 0
14 45 54 1.972 0
70 83 60 3.0123 0
30 56 54 1.972 0
86 82 54 1.972 0
57 73 61 2.9984 0
30 84 54 1.972 0
115 74 55 0.8166 0
15 71 55 2.2754 0
112 44 54 1.972 0
98 83 60 3.0254 0
29 44 60 3.0254 0
99 73 54 1.972 0
70 54 61 2.9984 0
94 45 53 0.9849 0
84 55 60 3.1231 0
43 55 60 3.1231 0
84 83 60 3.1231 0
84 44 60 3.1231 0
43 83 60 3.1231 0
112 73 61 2.9984 0
84 72 61 3.1231 0
43 72 61 3.1231 0
57 54 61 2.9984 0
43 44 60 3.1231 0
57 83 62 3.0123 0
54 40 57 1.5577 0
57 44 63 3.0123 0
29 83 60 3.0254 0
29 72 60 3.0254 0
98 72 60 3.0254 0
29 55 60 3.0254 0
70 44 60 3.0123 0
98 44 61 3.0254 0
15 83 60 2.9353 0
112 83 60 2.9353 0
15 44 60 2.9353 0
15 73 61 2.9984 0
15 54 61 2.9984 0
112 54 61 2.9984 0
112 44 60 2.9353 0
50 88 54 1.5891 0
57 44 55 2.6413 0
22 60 54 1.5507 0
105 60 54 1.5507 0
71 70 55 2.3184 0
71 57 55 2.3184 0
56 70 55 2.3184 0
45 76 53 0.9641 0
112 71 55 2.2754 0
100 49 53 0.7182 0
87 87 75 0.5 0
20 87 61 2.1065 0
20 40 61 2.1065 0
107 87 61 2.1065 0
107 40 61 2.1065 0
77 39 54 1.5891 0
87 58 75 0.5 0
39 51 53 0.9641 0
50 60 54 1.5533 0
44 70 55 2.1153 0
77 67 55 1.5533 0
66 79 53 0.744 0
23 78 71 2.0966 0
104 78 71 2.0966 0
111 85 54 1.972 0
98 42 55 2.0486 0
17 86 71 2.06 0
110 86 71 2.06 0
0
