128
64 70 88 21.933 0
64 57 43 18.4266 0
65 23 74 4.1932 0
64 36 87 10.3214 0
64 35 64 10.4222 0
42 52 74 7.7008 0
85 52 74 7.7367 0
41 48 32 7.4918 0
67 27 29 4.3181 0
87 49 32 7.2799 0
56 34 32 7.1884 0
76 36 32 7.1343 0
42 64 31 6.4839 0
86 64 32 5.9002 0
52 48 64 5.6408 0
63 32 47 5.6906 0
63 96 100 5.6766 0
39 59 44 5.584 0
54 76 30 5.476 0
77 74 30 5.476 0
55 45 76 5.3905 0
51 60 64 5.3571 0
89 57 43 5.1449 0
66 78 30 5.2277 0
76 49 63 5.2009 0
73 45 75 5.1168 0
64 45 101 4.9766 0
77 60 65 4.7871 0
50 46 87 4.8278 0
77 45 90 4.7332 0
44 70 42 4.4175 0
55 45 96 4.115 0
83 71 40 4.1292 0
44 35 31 3.8896 0
42 85 91 3.7598 0
73 78 39 3.7055 0
54 78 40 3.6604 0
73 37 52 3.6634 0
54 38 53 3.6214 0
73 93 98 3.6249 0
53 92 98 3.608 0
84 87 92 3.4684 0
76 35 78 3.3925 0
48 34 76 1.9218 0
50 38 81 3.4537 0
42 49 44 3.4366 0
65 54 109 3.4679 0
66 24 54 3.3797 0
63 80 39 3.3638 0
61 88 107 3.3851 0
73 47 98 3.3536 0
85 65 47 3.2978 0
87 38 28 3.1241 0
71 67 63 3.1786 0
48 41 40 3.054 0
64 96 90 3.1438 0
47 51 94 3.0174 0
56 26 73 2.8228 0
66 32 37 3.0414 0
57 67 62 3.027 0
48 91 92 2.9121 0
85 47 43 3.0015 0
69 88 106 3.0025 0
50 35 68 2.9327 0
87 82 87 2.9505 0
40 80 85 2.8112 0
81 42 40 2.791 0
47 87 98 2.7329 0
78 34 68 2.6411 0
55 94 91 2.7787 0
60 59 111 2.7685 0
77 75 45 2.7716 0
78 39 84 2.7571 0
77 41 68 2.6969 0
45 74 28 2.5945 0
82 52 92 2.6326 0
45 74 35 2.6681 0
63 16 85 0.5 0
77 46 27 2.4524 0
64 69 62 2.4563 0
57 50 103 2.5484 0
71 36 44 2.6008 0
51 75 46 2.6184 0
79 88 99 2.4778 0
82 52 85 2.6164 0
66 35 27 2.4524 0
50 43 27 2.4524 0
67 79 45 2.4905 0
77 92 90 2.5572 0
81 57 27 2.4524 0
51 51 100 2.3869 0
70 51 104 2.5887 0
65 83 110 2.5271 0
45 53 85 2.4741 0
44 66 49 2.5048 0
66 61 112 2.5055 0
72 58 109 2.5286 0
35 56 27 2.4524 0
77 65 27 2.4524 0
51 49 27 2.4524 0
79 68 67 2.4137 0
79 52 98 2.4815 0
51 68 27 2.4524 0
48 69 68 2.3907 0
53 32 79 2.4539 0
71 95 91 2.263 0
68 41 27 2.4524 0
49 58 27 2.4524 0
61 42 27 2.4524 0
35 57 36 2.3837 0
73 28 72 2.4136 0
71 18 84 0.5 0
59 21 83 1.1516 0
60 22 68 2.3019 0
55 37 44 2.3714 0
58 78 46 2.3582 0
89 66 41 2.2183 0
46 88 85 2.2266 0
51 39 92 2.1439 0
81 46 83 2.3491 0
86 81 95 2.2765 0
58 54 108 2.3423 0
53 59 108 2.3342 0
59 25 27 2.267 0
46 62 71 2.2883 0
40 78 91 2.2561 0
64 22 84 1.9721 0
57 25 83 2.3117 0
0
