128
63 63 82 12.9745 0
81 73 21 6.9577 0
45 63 24 8.3708 0
76 48 39 6.9664 0
76 79 50 6.9664 0
45 64 49 8.3708 0
65 65 107 10.4581 0
59 86 30 3.9111 0
64 42 20 5.3587 0
45 64 67 8.3708 0
61 44 50 6.8032 0
85 55 60 3.7298 0
76 78 73 7.7472 0
82 58 73 7.5444 0
58 82 73 7.5444 0
64 44 72 7.3668 0
83 60 30 6.9248 0
61 44 34 6.8032 0
49 77 33 6.979 0
49 50 58 6.979 0
76 48 55 6.9664 0
51 79 54 6.9664 0
67 83 21 6.9248 0
83 67 59 6.9248 0
76 48 23 6.9664 0
60 83 42 6.9248 0
49 50 41 6.979 0
76 79 34 6.9664 0
51 48 21 6.9664 0
83 67 44 6.9248 0
65 83 59 6.7153 0
49 49 77 6.3219 0
76 47 81 6.1408 0
47 76 81 6.1408 0
52 81 20 5.8933 0
84 69 82 5.5519 0
43 63 82 5.5519 0
68 85 82 4.8846 0
77 46 69 4.7371 0
84 55 48 4.6433 0
57 42 83 4.3629 0
47 79 67 4.1838 0
81 58 18 4.2017 0
67 41 60 4.0911 0
41 68 36 3.9111 0
41 59 37 3.9111 0
44 51 30 3.664 0
81 79 61 3.4712 0
72 72 95 3.476 0
72 56 96 3.476 0
44 76 44 3.664 0
86 70 71 3.3894 0
58 41 62 3.6503 0
43 75 18 3.3654 0
58 55 97 3.476 0
57 72 96 3.476 0
67 42 84 3.5362 0
52 43 68 3.3654 0
52 52 119 0.5 0
55 55 112 3.476 0
51 63 36 3.1392 0
42 73 58 3.3039 0
54 85 84 3.3039 0
85 54 84 3.3039 0
86 71 32 3.1285 0
71 86 42 3.1285 0
87 64 17 3.1938 0
67 87 32 3.0871 0
77 83 84 3.0859 0
68 40 42 2.9376 0
55 50 68 3.0642 0
68 87 49 2.9376 0
42 53 84 2.8779 0
51 74 119 0.5 0
72 41 31 2.8164 0
68 87 70 2.9376 0
42 53 17 2.8779 0
53 85 63 2.8779 0
77 53 118 0.5 0
73 76 61 2.8167 0
52 74 44 2.7287 0
75 75 85 2.6746 0
76 84 63 2.8384 0
43 51 69 2.8384 0
54 76 64 2.8167 0
41 55 75 2.8164 0
76 54 64 2.8167 0
65 79 33 2.6992 0
61 48 62 2.7875 0
52 53 31 2.7287 0
58 87 52 2.6767 0
82 78 85 2.5283 0
55 73 114 2.4681 0
72 53 71 2.6254 0
87 58 40 2.6767 0
49 83 44 2.5078 0
58 78 27 2.593 0
40 57 58 2.4159 0
56 78 85 2.5283 0
69 49 63 2.593 0
73 41 47 2.3905 0
49 44 32 2.5078 0
79 59 85 2.5283 0
42 75 72 2.452 0
42 52 50 2.452 0
83 78 42 2.5078 0
83 49 31 2.5078 0
54 64 98 2.4681 0
85 75 66 2.452 0
73 54 103 2.4681 0
54 73 103 2.4681 0
76 77 117 0.5 0
83 49 64 2.5078 0
73 55 113 2.4681 0
48 56 85 2.5283 0
42 75 25 2.452 0
78 83 22 2.5078 0
55 54 105 2.4681 0
65 54 97 2.4681 0
73 65 95 2.4681 0
65 73 95 2.4681 0
40 70 77 2.4159 0
78 59 54 2.2949 0
75 67 71 2.4301 0
57 40 25 2.4159 0
54 41 43 2.3905 0
62 54 115 2.3951 0
54 62 115 2.3951 0
0
