128
63 64 64 0.5 0
115 91 63 0.5 0
13 37 63 0.5 0
86 83 65 0.5 0
42 43 65 0.5 0
40 63 64 0.5 0
24 52 64 0.5 0
71 78 63 0.5 0
101 85 63 0.5 0
34 32 65 0.5 0
52 58 65 0.5 0
53 69 63 0.5 0
35 53 65 0.5 0
81 74 63 0.5 0
62 74 65 0.5 0
21 43 64 0.5 0
45 52 63 0.5 0
71 69 65 0.5 0
94 80 63 0.5 0
29 46 65 0.5 0
78 81 63 0.5 0
108 88 63 0.5 0
40 36 63 0.5 0
47 65 65 0.5 0
56 63 63 0.5 0
88 77 63 0.5 0
29 56 65 0.5 0
45 59 63 0.5 0
36 47 63 0.5 0
35 59 63 0.5 0
93 86 64 0.5 0
59 69 63 0.5 0
40 56 63 0.5 0
76 76 65 0.5 0
65 69 65 0.5 0
30 51 63 0.5 0
68 73 63 0.5 0
16 41 65 0.5 0
24 47 63 0.5 0
76 71 64 0.5 0
41 48 63 0.5 0
83 79 65 0.5 0
97 83 65 0.5 0
52 65 65 0.5 0
103 89 64 0.5 0
38 40 64 0.5 0
90 81 65 0.5 0
49 61 63 0.5 0
72 74 65 0.5 0
40 52 65 0.5 0
36 36 65 0.5 0
48 55 64 0.5 0
20 47 65 0.5 0
33 49 65 0.5 0
56 71 65 0.5 0
98 87 65 0.5 0
111 90 65 0.5 0
56 67 65 0.5 0
44 64 63 0.5 0
66 76 64 0.5 0
44 55 65 0.5 0
32 55 63 0.5 0
49 68 64 0.5 0
39 44 63 0.5 0
68 68 63 0.5 0
44 49 65 0.5 0
39 33 65 0.5 0
38 60 65 0.5 0
82 82 63 0.5 0
59 64 65 0.5 0
42 60 65 0.5 0
85 76 65 0.5 0
105 86 63 0.5 0
80 77 65 0.5 0
90 84 63 0.5 0
86 80 63 0.5 0
37 56 65 0.5 0
27 49 63 0.5 0
53 61 63 0.5 0
38 50 63 0.5 0
61 67 65 0.5 0
64 72 63 0.5 0
27 54 63 0.5 0
18 44 63 0.5 0
41 39 65 0.5 0
75 80 64 0.5 0
93 83 65 0.5 0
56 60 64 0.5 0
61 71 65 0.5 0
32 58 64 0.5 0
66 66 65 0.5 0
69 76 65 0.5 0
42 53 63 0.5 0
106 89 65 0.5 0
54 66 63 0.5 0
31 48 63 0.5 0
46 61 65 0.5 0
23 49 65 0.5 0
35 50 63 0.5 0
36 33 63 0.5 0
73 70 63 0.5 0
75 74 63 0.5 0
38 53 63 0.5 0
64 67 63 0.5 0
58 72 63 0.5 0
28 52 65 0.5 0
100 88 63 0.5 0
50 57 63 0.5 0
49 64 63 0.5 0
38 46 65 0.5 0
43 45 63 0.5 0
78 74 63 0.5 0
23 45 65 0.5 0
51 62 65 0.5 0
100 83 65 0.5 0
47 58 65 0.5 0
74 77 63 0.5 0
88 82 63 0.5 0
92 79 65 0.5 0
69 71 65 0.5 0
54 63 65 0.5 0
38 58 63 0.5 0
59 66 63 0.5 0
14 39 65 0.5 0
82 77 63 0.5 0
78 79 65 0.5 0
40 58 65 0.5 0
35 55 63 0.5 0
0
