128
63 83 63 0.5025 0
106 41 35 0.6599 0
21 41 93 0.5 0
21 51 35 0.6599 0
108 65 80 0.5 0
23 87 87 0.5 0
105 87 37 0.5 0
63 41 47 0.6982 0
25 87 48 0.5 0
81 44 76 0.5331 0
48 44 76 0.5331 0
21 61 65 0.951 0
93 83 63 0.5025 0
78 83 38 0.5331 0
50 83 38 0.5331 0
107 42 64 0.5 0
44 83 76 0.5331 0
21 64 91 0.7367 0
106 64 36 0.7366 0
24 41 55 0.7479 0
82 42 35 0.5 0
105 87 80 0.5 0
21 72 35 0.6599 0
78 83 76 0.5331 0
82 43 55 0.5 0
21 84 67 0.5 0
29 44 76 0.5331 0
64 41 66 0.6982 0
106 72 65 0.951 0
107 48 80 0.5 0
21 73 78 0.8771 0
64 86 46 0.6982 0
39 44 62 0.394 0
105 87 53 0.5 0
35 83 63 0.5025 0
35 83 38 0.5331 0
106 57 65 0.951 0
103 41 50 0.7479 0
60 83 78 0.5 0
93 44 63 0.5025 0
21 56 78 0.8771 0
21 86 35 0.6599 0
93 83 38 0.5331 0
78 85 62 0.5 0
93 83 76 0.5331 0
52 44 63 0.5025 0
48 83 63 0.5025 0
96 44 76 0.5331 0
21 48 65 0.951 0
29 83 76 0.5331 0
106 85 65 0.951 0
24 41 42 0.7479 0
21 76 91 0.7367 0
64 42 35 0.6486 0
21 73 65 0.951 0
60 44 76 0.5331 0
106 76 78 0.8771 0
75 44 63 0.5025 0
21 52 91 0.7367 0
106 76 36 0.7366 0
106 52 36 0.7366 0
63 85 35 0.6486 0
74 42 45 0.5 0
21 62 36 0.7366 0
24 86 58 0.7479 0
24 41 84 0.7479 0
38 44 76 0.5331 0
69 83 76 0.5331 0
30 44 64 0.5 0
84 44 63 0.5025 0
64 41 56 0.6982 0
106 57 78 0.8771 0
106 41 73 0.5 0
21 47 78 0.8771 0
20 82 80 0.5 0
23 41 70 0.7479 0
103 86 45 0.7479 0
105 66 72 0.5 0
105 49 69 0.5 0
64 86 55 0.6982 0
21 65 78 0.8771 0
53 83 76 0.5331 0
82 41 47 0.5 0
63 86 71 0.6982 0
103 41 42 0.7479 0
21 43 35 0.6599 0
43 43 69 0.3634 0
89 43 71 0.3634 0
103 85 73 0.6486 0
103 41 58 0.7479 0
80 41 69 0.7479 0
103 41 80 0.5 0
100 43 68 0.3634 0
73 41 55 0.1471 0
71 83 38 0.5331 0
27 83 39 0.5 0
22 78 72 0.5 0
106 65 65 0.951 0
22 55 70 0.5 0
84 83 63 0.5025 0
72 83 63 0.5025 0
21 79 36 0.7366 0
20 84 93 0.5 0
22 68 71 0.5 0
24 41 63 0.7479 0
22 70 86 0.3036 0
22 58 86 0.3036 0
35 43 69 0.5 0
54 43 71 0.3634 0
105 78 70 0.3036 0
103 86 59 0.7479 0
80 41 41 0.7479 0
36 85 77 0.5 0
57 85 39 0.5 0
22 87 73 0.5 0
56 85 63 0.5 0
23 49 85 0.5 0
25 83 63 0.5025 0
68 45 62 0.5 0
43 84 39 0.5 0
85 84 39 0.5 0
100 83 39 0.5 0
87 83 76 0.5331 0
87 44 76 0.5331 0
59 45 64 0.5 0
46 44 63 0.5025 0
99 83 63 0.5025 0
41 83 63 0.5025 0
0
