128
91 98 54 1.0073 0
36 16 71 0.9023 0
16 91 72 0.5711 0
107 29 69 0.5 0
59 58 53 0.5 0
12 50 53 0.9968 0
49 115 53 0.9336 0
118 66 54 0.5872 0
74 11 53 0.9968 0
72 118 74 0.5 0
89 48 53 0.5 0
39 82 53 0.5 0
112 89 72 0.9848 0
39 39 53 0.5 0
66 86 53 0.5 0
16 34 74 0.5 0
12 75 53 0.9968 0
34 109 72 0.6429 0
88 15 72 0.5587 0
64 34 53 0.5 0
88 72 54 0.5 0
59 10 72 0.5711 0
117 51 73 0.5 0
89 26 54 1.5046 0
25 100 53 0.9968 0
71 110 53 0.9968 0
9 62 72 0.9278 0
111 44 53 0.9968 0
50 20 54 1.5046 0
105 81 54 1.5046 0
91 111 71 0.817 0
32 60 53 0.5 0
21 31 54 0.9023 0
53 117 72 0.5 0
118 71 72 0.5 0
50 96 53 0.5 0
33 20 54 0.9555 0
101 61 54 0.5 0
54 74 53 0.5 0
72 68 53 0.5 0
23 83 54 1.5046 0
104 102 64 0.5 0
105 30 53 0.9968 0
86 113 56 0.7506 0
60 10 54 1.356 0
18 64 54 1.5046 0
35 111 57 0.6897 0
12 77 70 0.9596 0
75 53 53 0.5 0
13 48 70 0.7661 0
63 118 60 0.995 0
73 11 72 0.5528 0
26 26 71 0.6838 0
37 100 54 1.5046 0
52 45 54 0.5 0
59 108 54 1.5046 0
97 22 65 0.7518 0
81 87 53 0.5 0
25 100 69 0.6167 0
106 96 53 0.9968 0
112 41 66 0.8503 0
25 45 55 0.5 0
78 37 53 0.218 0
45 57 54 0.5 0
116 54 58 0.7644 0
15 39 63 0.7456 0
72 24 52 0.5 0
86 15 54 1.2674 0
81 105 54 1.5046 0
50 12 64 0.5417 0
42 70 53 0.5 0
16 91 61 0.9023 0
10 69 62 0.8343 0
118 63 66 1.0498 0
33 30 54 1.5046 0
102 39 54 1.5046 0
68 98 53 0.5 0
115 80 63 0.4119 0
46 105 54 1.5046 0
44 114 65 0.4784 0
11 57 62 0.8656 0
76 116 63 0.3881 0
107 69 54 0.7347 0
65 46 53 0.1958 0
66 9 64 0.6433 0
111 90 59 0.9876 0
109 59 54 1.5046 0
86 61 53 0.5 0
98 92 54 1.5046 0
95 108 60 0.6897 0
30 93 54 1.5046 0
41 15 54 1.2674 0
16 39 54 1.3263 0
29 71 53 0.2265 0
41 24 54 1.5046 0
96 32 54 1.5046 0
115 76 53 0.9968 0
52 32 53 0.5 0
74 79 54 0.5 0
80 13 64 0.6931 0
20 74 54 1.5046 0
19 54 54 1.5046 0
37 50 54 0.5 0
59 19 54 1.5046 0
68 18 54 1.5046 0
51 84 54 0.5 0
91 82 53 0.5 0
81 22 54 1.5046 0
63 118 71 0.9119 0
111 36 57 0.9023 0
27 38 54 1.3861 0
64 74 54 0.5 0
30 105 61 0.7219 0
10 60 54 1.1896 0
22 30 63 0.7715 0
30 22 63 0.9955 0
99 21 53 0.5 0
107 95 67 0.7516 0
13 81 62 0.5351 0
51 65 53 0.5 0
99 103 53 0.9968 0
116 80 74 0.5 0
45 13 72 0.8637 0
90 16 63 0.8131 0
87 39 53 0.5 0
53 118 62 0.5 0
105 50 54 0.5478 0
99 104 73 0.0632 0
0
