128
81 63 63 12.8503 0
14 72 71 4.7873 0
45 63 63 12.8503 0
112 70 71 5.1116 0
16 54 54 3.3242 0
112 58 56 5.1116 0
17 54 72 3.6577 0
64 71 71 5.7951 0
64 71 56 5.7951 0
64 57 71 5.7951 0
64 56 56 5.7951 0
19 75 52 1.4733 0
104 55 74 2.7715 0
103 72 53 2.6634 0
112 70 56 5.1116 0
112 58 71 5.1116 0
14 72 60 4.7873 0
14 56 63 4.857 0
95 71 73 3.7794 0
30 78 78 0.5 0
95 71 54 3.7794 0
32 73 55 3.7794 0
33 73 72 3.7794 0
32 55 72 3.8252 0
32 54 55 3.7794 0
95 57 54 3.7794 0
95 59 73 3.7794 0
30 73 64 3.7617 0
29 54 64 3.4561 0
13 61 71 3.4384 0
13 62 56 3.246 0
115 64 63 3.0112 0
55 74 74 2.7715 0
103 72 74 2.6636 0
73 74 53 2.7715 0
73 53 74 2.7715 0
105 65 74 2.7715 0
105 65 53 2.7715 0
22 74 68 2.7715 0
22 74 57 2.7715 0
104 55 53 2.7715 0
90 53 73 2.7715 0
98 64 53 2.7715 0
58 64 74 2.7715 0
55 74 54 2.7715 0
55 55 74 2.7715 0
55 54 53 2.7715 0
58 74 63 2.7715 0
23 53 60 2.7715 0
87 74 74 2.7715 0
75 74 74 2.7715 0
14 65 65 2.293 0
25 53 73 2.2119 0
22 54 67 2.2466 0
25 53 54 2.2095 0
58 64 52 1.7636 0
40 52 75 1.7636 0
26 74 73 2.1579 0
115 54 63 2.0877 0
73 53 52 1.7636 0
85 75 52 1.7636 0
13 68 53 2.0391 0
40 75 74 1.7636 0
114 74 63 2.0384 0
49 75 52 1.7636 0
58 52 62 1.7636 0
88 52 53 1.7636 0
47 52 75 1.7636 0
49 74 75 1.7636 0
38 75 52 1.7636 0
98 53 74 1.8481 0
72 75 69 1.7636 0
72 69 75 1.7636 0
116 64 52 1.7636 0
116 64 75 1.7636 0
98 65 72 1.8283 0
84 53 75 1.7636 0
21 75 74 1.7636 0
78 52 52 1.7636 0
58 52 67 1.7636 0
69 75 65 1.7636 0
70 52 67 1.7636 0
90 75 69 1.6764 0
54 75 68 1.7636 0
54 68 75 1.7636 0
11 52 69 1.7636 0
90 75 52 1.7636 0
79 53 75 1.7636 0
101 61 75 1.7636 0
93 65 75 1.7636 0
26 75 53 1.7636 0
91 52 57 1.5982 0
11 52 57 1.7636 0
47 52 52 1.7636 0
55 68 52 1.7636 0
92 65 52 1.7636 0
40 53 52 1.7636 0
83 52 52 1.7636 0
70 61 52 1.7636 0
70 52 61 1.7636 0
14 75 53 1.7636 0
64 52 64 1.7636 0
71 75 59 1.7636 0
71 68 52 1.7636 0
80 75 53 1.7636 0
44 75 53 1.7636 0
71 64 75 1.7636 0
81 75 73 1.7636 0
89 75 57 1.7636 0
45 75 73 1.7636 0
93 54 68 1.6473 0
36 68 75 1.6579 0
34 61 74 1.4441 0
35 68 52 1.3966 0
119 74 78 0.5 0
99 52 52 1.3158 0
109 51 51 0.7558 0
35 59 52 1.4257 0
117 52 78 0.5 0
92 74 60 1.3881 0
93 72 66 1.4274 0
32 67 70 1.4035 0
107 78 50 0.5 0
95 66 69 1.3062 0
104 60 55 1.2478 0
104 60 72 1.2478 0
21 72 62 1.2824 0
21 52 52 1.3408 0
0
