128
87 66 55 17.0415 0
49 84 82 18.0308 0
52 42 54 17.4679 0
81 46 84 17.6721 0
50 82 47 15.6133 0
46 50 87 15.1356 0
79 77 82 11.355 0
71 57 13 3.1267 0
72 90 62 10.4606 0
79 41 45 9.8942 0
37 64 63 9.4356 0
71 70 114 3.2263 0
36 61 43 8.5333 0
98 67 80 8.3403 0
78 60 31 8.2268 0
71 87 98 8.1251 0
75 87 43 7.9725 0
56 51 29 7.5816 0
58 31 78 7.7279 0
57 72 13 3.4895 0
73 97 80 7.4596 0
63 49 115 2.3271 0
90 67 96 6.8118 0
30 65 80 6.7913 0
61 77 27 6.6516 0
83 35 61 6.6352 0
48 69 117 0.9333 0
76 68 99 6.4877 0
32 102 61 2.5865 0
61 76 103 5.6712 0
71 74 37 5.8406 0
39 95 62 5.7699 0
51 61 39 5.7077 0
51 66 101 5.6277 0
38 67 98 5.5993 0
63 51 101 5.4074 0
68 52 39 5.481 0
67 75 68 5.2846 0
52 67 28 5.0171 0
34 48 69 5.139 0
43 30 80 5.239 0
71 70 13 3.2263 0
61 36 92 4.9583 0
55 97 62 4.7094 0
49 58 11 1.2998 0
52 66 65 4.7536 0
73 57 104 4.6794 0
71 34 65 4.7063 0
27 52 78 4.5732 0
34 81 63 4.3712 0
70 54 65 4.6813 0
29 61 92 4.58 0
91 44 58 4.5157 0
60 54 13 3.0447 0
52 30 90 4.2967 0
99 55 72 4.2721 0
66 99 91 4.2501 0
53 60 114 2.6765 0
81 92 90 4.2616 0
39 36 72 4.2896 0
46 20 62 3.6765 0
67 74 94 4.3263 0
66 96 48 3.9959 0
109 69 62 3.6482 0
60 53 72 4.071 0
31 54 54 3.8626 0
99 59 91 3.8023 0
63 100 73 3.874 0
84 91 75 3.7923 0
93 78 73 3.6354 0
58 42 101 3.8089 0
55 56 105 3.7627 0
48 28 71 3.729 0
68 54 25 3.6435 0
60 73 114 3.1687 0
73 60 114 3.1401 0
33 58 100 3.5195 0
102 66 39 3.4835 0
82 59 103 3.5879 0
73 33 56 3.562 0
59 87 102 3.505 0
72 69 24 3.4344 0
53 64 56 3.471 0
53 63 74 3.4619 0
94 48 66 3.3605 0
24 60 60 3.4239 0
66 73 58 3.0637 0
91 63 34 3.2605 0
69 55 49 3.2768 0
50 76 103 3.2924 0
45 53 36 3.1445 0
32 71 90 3.0999 0
52 34 98 3.1701 0
47 59 30 3.3132 0
94 76 88 3.2591 0
75 98 92 3.1848 0
101 55 83 3.2645 0
50 77 27 3.2112 0
54 60 21 3.0587 0
84 85 69 3.1972 0
26 54 87 3.073 0
35 94 52 3.2175 0
54 67 114 3.1141 0
72 48 104 3.1339 0
44 59 104 3.2034 0
54 60 13 3.0569 0
27 62 53 3.0476 0
58 55 114 3.0688 0
34 88 57 3.1753 0
73 66 71 3.1322 0
104 67 68 3.0303 0
47 27 39 3.0518 0
81 72 35 2.9046 0
80 78 99 3.0305 0
66 40 99 2.9815 0
67 54 114 3.0904 0
62 98 55 3.0815 0
54 72 20 3.0584 0
92 46 49 2.9055 0
67 83 34 2.9296 0
54 48 105 2.8423 0
75 48 33 2.8145 0
48 99 57 2.8745 0
51 41 32 2.9309 0
85 52 39 2.9285 0
68 72 48 2.888 0
69 31 74 2.9114 0
65 74 13 2.9053 0
0
