128
51 64 64 16.6245 0
120 60 75 0.5 0
86 64 64 16.6251 0
11 61 79 1.2884 0
15 63 51 3.5483 0
33 52 53 6.1006 0
33 75 53 6.1006 0
120 65 55 0.5 0
69 76 53 5.6676 0
70 51 53 5.6676 0
23 73 77 0.7048 0
32 52 69 5.2138 0
32 74 71 4.8572 0
69 50 68 4.349 0
15 64 70 2.6991 0
113 73 76 0.5 0
69 77 69 4.0675 0
114 57 63 0.8924 0
114 70 64 0.8924 0
27 64 79 1.886 0
110 56 72 1.5532 0
33 64 51 3.7369 0
99 52 51 3.5993 0
106 56 60 3.5845 0
34 62 77 3.7758 0
69 57 75 3.7814 0
106 71 59 3.5845 0
69 66 77 3.661 0
99 75 51 3.5993 0
105 71 71 3.5918 0
60 49 51 3.6191 0
23 58 50 2.9886 0
104 55 71 3.5918 0
70 66 50 3.5178 0
43 50 50 3.4973 0
23 72 50 2.9886 0
15 64 62 2.6991 0
81 49 50 3.0737 0
44 78 50 3.0737 0
58 78 50 3.0737 0
79 78 50 3.0737 0
19 54 77 0.9476 0
89 49 50 3.0737 0
32 78 63 2.981 0
23 65 50 2.9886 0
15 64 77 2.9185 0
37 48 62 2.644 0
65 48 61 2.644 0
51 48 51 2.6193 0
31 71 62 2.6223 0
100 61 49 2.5099 0
72 79 62 2.644 0
65 79 61 2.644 0
118 67 71 0.884 0
93 79 52 2.644 0
63 57 49 2.5099 0
73 59 49 2.5099 0
99 68 49 2.5099 0
51 79 50 2.3022 0
86 79 50 2.3024 0
21 59 78 1.7126 0
27 51 61 2.183 0
116 58 55 0.7473 0
71 73 75 2.4102 0
100 60 78 2.3029 0
32 60 59 2.3308 0
17 70 49 2.3281 0
100 76 72 2.2787 0
100 51 58 2.2787 0
100 70 77 2.2779 0
36 70 77 2.2778 0
120 63 64 0.5 0
95 48 55 2.2061 0
32 66 58 2.1435 0
65 72 76 2.1057 0
102 52 65 2.1336 0
40 48 69 2.0985 0
37 55 76 1.8412 0
32 61 69 2.1435 0
104 62 72 2.1155 0
99 50 71 1.9159 0
109 56 66 2.0506 0
109 71 65 2.0506 0
104 74 65 1.9885 0
30 68 78 1.9619 0
39 78 71 1.99 0
117 59 70 0.523 0
115 69 55 0.7451 0
22 64 79 1.8832 0
99 55 76 1.8413 0
23 69 78 1.7126 0
26 59 78 1.7126 0
62 79 70 1.8495 0
64 62 79 1.769 0
99 65 79 1.8419 0
62 47 66 1.6361 0
105 60 66 1.8223 0
101 76 60 1.7708 0
118 67 60 0.884 0
61 71 48 1.502 0
41 57 48 1.502 0
30 56 76 1.7043 0
16 57 49 1.8203 0
30 56 62 1.6955 0
40 69 48 1.502 0
18 69 78 1.7126 0
93 54 48 1.502 0
27 75 60 1.6355 0
63 64 48 1.502 0
59 47 58 1.6361 0
39 51 73 1.7033 0
14 58 78 1.6186 0
42 80 57 1.6361 0
47 47 55 1.6361 0
55 47 55 1.6361 0
36 80 67 1.6361 0
27 75 65 1.6355 0
73 61 79 1.6014 0
76 48 70 1.5377 0
78 80 56 1.6361 0
73 47 60 1.6361 0
75 80 67 1.6361 0
64 51 73 1.7034 0
74 51 73 1.7034 0
24 52 50 1.5301 0
118 60 60 0.884 0
31 48 62 1.6026 0
96 79 57 1.6983 0
0
