128
71 98 68 2.1243 0
24 35 65 1.7063 0
97 30 65 1.0342 0
16 90 65 0.5 0
116 75 65 1.785 0
46 68 63 0.6366 0
59 28 65 1.5463 0
86 61 63 0.4458 0
13 61 65 1.6685 0
43 98 65 1.4841 0
100 99 64 0.5 0
115 49 65 1.3567 0
80 30 66 3.1413 0
45 46 63 0.7487 0
87 82 63 0.7487 0
28 75 63 0.7487 0
42 30 69 0.8628 0
31 56 64 0.7487 0
97 48 63 0.7487 0
12 76 65 1.8342 0
102 64 63 0.7487 0
29 95 67 1.4769 0
87 99 64 1.2566 0
15 46 69 1.1713 0
102 84 64 0.7487 0
41 82 64 0.7487 0
57 91 63 0.6926 0
80 97 67 3.2828 0
115 60 65 1.6397 0
108 37 63 0.7487 0
92 71 64 0.7487 0
56 101 70 0.5 0
33 44 63 0.7487 0
87 42 63 0.7487 0
113 88 63 0.5 0
43 57 64 0.7487 0
34 31 66 1.7519 0
70 29 65 2.128 0
50 36 63 0.7487 0
25 85 63 0.7487 0
104 74 63 0.7487 0
21 53 63 0.7487 0
94 90 63 0.7487 0
105 54 64 0.7487 0
49 28 66 1.4527 0
37 71 64 0.7487 0
88 52 64 0.7487 0
95 58 64 0.7487 0
63 38 63 0.5 0
59 99 65 1.5832 0
107 93 68 0.5 0
37 90 63 0.7487 0
18 83 71 0.5 0
41 38 63 0.7487 0
10 52 64 0.5252 0
21 70 64 0.7487 0
99 39 63 0.7487 0
24 45 64 0.7487 0
21 89 69 1.174 0
90 28 64 1.2566 0
95 79 63 0.7487 0
105 45 64 0.7487 0
12 69 69 1.235 0
46 89 63 0.6366 0
33 83 63 0.7487 0
65 91 64 0.6926 0
11 56 65 2.2645 0
17 85 65 1.5447 0
110 68 63 0.7487 0
38 51 63 0.7487 0
24 92 65 1.7054 0
15 39 63 0.5 0
47 76 64 0.5 0
18 41 67 1.4792 0
109 81 63 0.7487 0
49 99 66 1.5803 0
121 67 63 0.5 0
11 71 65 2.2645 0
115 66 65 1.6397 0
102 92 63 0.7487 0
104 34 69 0.5 0
37 96 69 0.7682 0
92 36 63 0.7487 0
94 98 64 0.812 0
87 89 64 0.7487 0
21 77 63 0.7487 0
34 101 63 0.5 0
65 99 67 1.6146 0
113 41 67 0.5 0
73 91 63 0.6926 0
86 75 65 0.5 0
95 65 63 0.7487 0
114 83 68 0.5 0
115 55 65 1.7848 0
13 50 65 1.8512 0
57 36 64 0.7487 0
29 33 66 1.5805 0
42 26 63 0.7216 0
44 29 65 1.5276 0
75 38 63 0.5 0
104 34 64 0.949 0
54 28 65 1.64 0
28 50 63 0.7487 0
99 70 64 0.7487 0
87 67 64 0.7487 0
107 60 63 0.7487 0
107 88 64 0.7487 0
15 82 68 1.715 0
35 77 64 0.7487 0
15 45 65 1.7875 0
38 97 65 1.4959 0
13 66 65 1.6481 0
93 43 64 0.7487 0
39 45 64 0.7487 0
54 99 65 1.4952 0
20 89 65 1.7097 0
41 76 63 0.7487 0
31 89 63 0.7487 0
37 57 63 0.7487 0
34 38 63 0.7487 0
69 38 65 0.5 0
65 28 67 1.4763 0
39 30 66 1.4709 0
51 92 64 0.7487 0
86 36 63 0.7487 0
31 70 64 0.7487 0
23 59 63 0.5 0
34 96 67 1.5952 0
0
