128
64 66 70 14.0318 0
73 19 45 4.8106 0
44 101 47 6.5531 0
63 92 55 14.6617 0
64 34 55 14.0318 0
60 65 107 9.8872 0
80 98 72 9.0769 0
46 98 72 8.9266 0
70 58 49 7.9846 0
58 70 48 7.8342 0
70 68 92 7.2458 0
60 23 74 7.0612 0
70 45 74 7.0656 0
83 100 48 6.9108 0
56 63 90 6.0835 0
64 101 75 6.0533 0
55 56 53 5.9688 0
56 47 75 6.0597 0
69 86 75 6.0533 0
55 85 75 5.9688 0
72 31 75 5.9688 0
72 74 46 5.8184 0
79 48 115 0.5 0
73 56 111 4.9609 0
73 21 68 4.9609 0
54 35 75 4.9609 0
54 19 46 4.8271 0
42 95 58 4.8951 0
78 76 118 0.5 0
73 71 112 4.2221 0
53 48 45 3.9531 0
74 52 61 3.9531 0
53 21 64 3.9531 0
86 103 60 3.8872 0
53 53 113 3.8399 0
53 52 63 3.9531 0
74 62 103 3.9531 0
86 94 60 3.8872 0
74 46 44 3.8027 0
74 18 57 3.8193 0
64 52 113 3.7913 0
46 104 58 3.5295 0
72 18 78 3.0297 0
73 72 103 3.2143 0
53 72 95 3.2143 0
53 72 85 3.2143 0
52 76 58 2.9452 0
75 77 60 2.9452 0
63 37 78 3.0297 0
52 81 44 2.9452 0
52 44 65 2.9452 0
52 29 68 2.9452 0
74 60 85 3.0599 0
52 81 66 2.9452 0
52 60 44 2.9452 0
75 71 56 2.9452 0
54 104 43 2.7948 0
52 20 56 2.9452 0
63 20 43 2.7948 0
75 78 78 2.9452 0
75 82 68 2.9452 0
61 48 43 2.7948 0
75 54 78 2.9452 0
87 91 43 2.7948 0
75 83 43 2.7948 0
46 91 44 2.8167 0
41 91 49 2.8167 0
71 104 43 2.7948 0
78 91 44 2.8434 0
60 55 43 2.7948 0
65 17 49 2.8114 0
52 40 43 2.7948 0
52 28 43 2.7948 0
82 91 54 2.8167 0
60 17 59 2.8114 0
68 17 62 2.8114 0
40 105 63 2.5216 0
55 105 78 2.5216 0
78 105 56 2.5216 0
52 105 62 2.5216 0
58 105 67 2.5216 0
68 105 67 2.5216 0
73 105 63 2.5216 0
49 75 118 0.5 0
60 73 87 2.2064 0
91 109 80 0.5 0
49 14 81 0.2878 0
90 88 82 0.5 0
60 73 93 2.2064 0
52 59 81 2.1048 0
75 73 84 2.2064 0
52 73 114 2.2064 0
52 75 79 2.1147 0
68 59 98 2.052 0
52 59 98 2.052 0
76 79 53 1.9373 0
50 15 72 0.7956 0
74 59 96 2.052 0
57 96 79 2.0218 0
53 17 79 2.0218 0
39 93 43 1.8714 0
51 48 57 1.9373 0
76 42 65 1.9373 0
52 28 79 2.0218 0
70 95 79 2.0218 0
68 59 87 2.052 0
51 78 52 1.9373 0
38 108 82 0.5 0
76 37 69 1.9373 0
39 104 57 1.8714 0
79 36 40 0.5 0
77 29 41 0.7791 0
76 64 112 1.9373 0
76 23 78 1.9373 0
68 16 73 1.8035 0
76 59 91 1.9373 0
65 59 93 2.052 0
51 22 79 1.9373 0
62 93 79 2.0218 0
59 16 52 1.8035 0
76 49 52 1.9373 0
51 70 59 1.9373 0
51 38 66 1.9373 0
73 105 79 2.0218 0
87 91 79 2.0218 0
87 105 79 2.0218 0
62 81 79 2.0218 0
58 80 42 1.7869 0
0
