128
72 75 62 1.8305 0
32 18 65 1.2658 0
112 34 70 0.5 0
27 104 68 0.5 0
30 61 66 1.3272 0
74 19 65 1.3299 0
94 113 60 0.5 0
46 85 64 2.4273 0
94 55 65 1.3493 0
54 42 60 0.8368 0
74 102 63 3.3604 0
97 83 65 2.2381 0
20 39 62 0.6786 0
78 42 61 1.3447 0
95 27 61 0.8983 0
53 15 61 0.8972 0
54 64 71 0.5 0
39 101 63 2.5935 0
102 43 63 2.6203 0
88 100 63 3.3604 0
69 87 63 3.3604 0
27 82 68 0.5 0
44 35 72 0.5 0
78 60 70 0.7228 0
39 44 61 0.958 0
44 66 60 0.8368 0
30 92 63 2.5721 0
84 84 63 1.8286 0
62 63 60 0.7231 0
87 36 72 0.5 0
22 50 68 0.9261 0
40 30 60 0.618 0
23 28 65 1.3026 0
82 116 67 0.5 0
103 105 67 0.5 0
106 94 60 0.5 0
87 22 67 1.2549 0
43 14 65 1.3419 0
50 46 72 0.5 0
63 17 68 1.0415 0
89 37 61 0.5649 0
82 73 66 1.3447 0
84 59 62 0.9348 0
82 110 62 1.9051 0
56 94 68 0.5 0
67 64 71 0.5 0
91 76 62 2.0325 0
98 92 65 2.347 0
65 38 61 0.5 0
115 39 60 0.5 0
47 36 61 1.1809 0
81 78 63 3.3604 0
73 61 60 0.8368 0
93 88 63 3.3604 0
100 34 68 1.5083 0
52 104 62 0.5 0
42 66 69 0.9177 0
39 78 61 1.3447 0
40 55 61 0.5 0
84 45 70 0.8785 0
29 102 61 1.3447 0
48 92 63 2.6246 0
112 42 67 0.9487 0
43 42 69 1.1983 0
35 84 66 1.3234 0
53 66 64 1.2758 0
88 47 60 0.641 0
62 104 68 0.5 0
97 101 63 2.0442 0
92 110 66 1.3447 0
80 32 61 0.9055 0
48 50 63 0.5 0
108 34 61 0.5494 0
37 65 63 1.2265 0
46 99 62 2.3167 0
102 36 63 2.5371 0
52 16 71 0.5 0
25 55 60 0.8368 0
79 36 70 0.9523 0
66 101 62 2.1721 0
39 83 63 2.6491 0
72 113 68 0.5 0
95 27 69 0.8569 0
28 81 60 0.8368 0
81 21 61 0.9071 0
22 36 71 0.5 0
61 64 68 0.997 0
32 99 64 2.3887 0
67 18 61 0.9021 0
50 42 65 1.252 0
61 92 66 1.3447 0
32 85 62 2.3263 0
67 63 65 1.2807 0
85 42 61 1.3447 0
21 46 61 0.9099 0
87 58 70 0.7228 0
64 92 62 2.1889 0
78 42 69 1.0924 0
98 50 68 1.0869 0
63 81 66 1.1029 0
70 112 60 0.5 0
34 25 60 0.618 0
27 23 68 0.9444 0
77 61 65 1.3052 0
20 42 69 0.9605 0
27 23 60 0.8368 0
91 108 62 2.0891 0
110 44 61 0.8559 0
37 16 69 0.9256 0
39 37 60 0.8368 0
46 67 65 1.2108 0
98 50 62 1.1175 0
51 36 71 0.5 0
26 56 69 0.6874 0
87 30 60 0.6114 0
60 17 61 0.907 0
87 106 65 1.9393 0
50 14 65 1.3377 0
80 21 70 0.7228 0
74 94 66 0.8436 0
26 57 64 1.304 0
89 23 60 0.8368 0
37 16 60 0.8368 0
34 58 60 0.618 0
70 43 61 0.5 0
43 42 61 1.3447 0
112 37 64 0.8841 0
81 49 60 0.6536 0
0
