128
61 69 64 0.9903 0
121 57 63 0.5 0
7 71 65 0.5 0
95 79 63 0.5 0
34 73 63 0.5 0
82 61 63 0.5 0
102 61 63 0.5 0
77 78 63 0.5 0
57 85 63 0.5 0
114 71 63 0.5 0
48 70 64 1.3389 0
21 69 63 0.5 0
57 56 63 0.5 0
92 67 63 0.7862 0
72 67 63 0.831 0
103 72 63 0.831 0
66 80 63 0.5 0
86 75 63 0.831 0
16 77 63 0.5 0
111 59 63 0.5 0
55 77 64 0.8275 0
66 60 63 0.5 0
13 65 63 0.5 0
80 69 63 0.7412 0
54 63 63 0.831 0
117 64 63 0.5 0
68 73 63 0.831 0
54 70 65 1.3686 0
108 66 63 0.5 0
40 69 63 0.5 0
15 71 63 0.831 0
96 62 63 0.831 0
27 72 63 0.5 0
86 68 66 0.5 0
98 68 63 0.831 0
92 74 63 0.831 0
109 75 63 0.5 0
88 62 63 0.6279 0
74 73 63 0.831 0
72 59 63 0.5 0
88 81 63 0.5 0
101 78 63 0.5 0
60 61 64 0.5 0
60 80 63 0.6186 0
49 77 63 0.5 0
103 66 63 0.831 0
66 67 63 0.831 0
52 82 63 0.5 0
77 64 63 0.5 0
97 73 63 0.831 0
81 74 63 0.831 0
82 80 63 0.5 0
72 80 63 0.5 0
62 75 64 0.5 0
84 65 63 0.831 0
88 71 63 0.831 0
107 70 63 0.831 0
58 73 63 0.831 0
49 63 63 0.5 0
43 73 63 0.5 0
56 81 63 0.823 0
32 69 63 0.5 0
112 64 63 0.5 0
53 58 63 0.5 0
88 66 63 0.831 0
76 68 63 0.831 0
57 66 63 0.7637 0
58 70 64 0.8804 0
64 72 63 0.831 0
84 72 66 0.5 0
51 66 63 0.831 0
51 74 63 0.831 0
17 67 64 0.5 0
10 68 63 0.5 0
69 63 63 0.5 0
106 62 64 0.5 0
118 60 64 0.5 0
11 73 63 0.5 0
92 60 63 0.5 0
22 73 63 0.5 0
105 76 63 0.5 0
55 65 67 0.5 0
84 69 63 0.7131 0
71 76 64 0.5 0
94 70 63 0.831 0
57 60 63 0.831 0
71 71 63 0.831 0
78 72 63 0.831 0
91 78 63 0.5674 0
73 63 64 0.5 0
57 73 68 0.5 0
100 75 63 0.831 0
55 73 64 0.9371 0
62 70 68 0.5 0
55 67 64 0.8973 0
114 67 64 0.5 0
12 71 66 0.5 0
62 58 63 0.5 0
80 65 63 0.7594 0
52 67 65 0.7732 0
43 70 63 0.831 0
111 69 63 0.503 0
95 76 65 0.5 0
38 72 63 0.5 0
18 74 63 0.5 0
64 63 63 0.5 0
46 75 63 0.5 0
25 69 63 0.5 0
95 66 63 0.831 0
91 70 64 0.8479 0
67 70 63 0.831 0
101 69 63 0.831 0
63 82 63 0.5 0
89 76 63 0.831 0
52 74 67 0.5 0
52 79 65 0.5 0
99 64 64 0.5 0
106 73 65 0.5 0
58 67 67 0.5 0
61 72 63 0.831 0
85 79 64 0.5 0
68 77 63 0.5 0
35 70 64 0.5 0
110 72 64 0.5 0
104 69 65 0.5 0
66 72 66 0.5 0
64 69 64 0.8761 0
82 71 63 0.831 0
0
