128
63 60 75 12.6347 0
79 90 32 7.3907 0
64 32 32 7.9901 0
48 90 32 7.3907 0
67 40 111 2.4026 0
64 65 29 4.1345 0
49 49 33 7.5246 0
78 49 33 7.5246 0
73 84 57 4.7431 0
64 33 64 5.9029 0
63 32 49 7.3117 0
53 85 56 4.0618 0
69 79 69 7.0587 0
78 82 97 0.5 0
50 81 99 0.5 0
59 80 80 6.614 0
71 52 58 6.1877 0
56 52 58 6.1877 0
63 65 46 3.3307 0
66 49 91 5.8724 0
56 78 64 5.8648 0
76 88 46 5.5541 0
51 88 46 5.5542 0
71 78 86 4.9886 0
64 33 77 4.8272 0
63 98 38 2.7498 0
54 52 46 4.9482 0
73 52 46 4.9482 0
49 61 99 0.5 0
54 40 104 1.3574 0
61 42 106 4.6097 0
79 62 100 0.5 0
59 44 84 4.0884 0
68 42 83 3.9438 0
61 90 53 3.3599 0
64 65 38 3.7089 0
70 42 104 3.5794 0
54 63 90 3.3211 0
73 63 89 3.4605 0
68 90 73 3.3051 0
54 79 90 3.3145 0
70 97 36 3.0332 0
64 65 54 2.9524 0
58 98 43 3.1457 0
53 74 73 2.982 0
71 90 66 2.9392 0
69 84 79 2.8121 0
58 43 92 2.5666 0
56 51 87 2.6102 0
74 72 77 2.482 0
56 35 79 2.4463 0
66 88 59 2.4766 0
62 43 98 2.4982 0
73 69 66 2.4109 0
57 94 49 2.4176 0
72 48 69 2.2987 0
72 35 79 2.2278 0
64 73 86 2.2228 0
59 56 90 2.2803 0
72 50 84 2.2591 0
56 48 67 2.2458 0
72 47 79 2.1548 0
56 84 71 2.2532 0
74 78 78 2.2141 0
53 69 66 2.0192 0
88 41 25 0.5 0
57 53 100 0.5 0
53 72 79 2.0626 0
66 48 65 2.0841 0
43 43 26 1.9784 0
84 43 26 1.9784 0
79 47 44 2.0842 0
48 47 44 2.0842 0
75 71 71 2.0598 0
41 51 26 1.9784 0
86 49 26 1.9784 0
59 53 95 1.9375 0
79 56 41 1.9249 0
48 56 41 1.9249 0
70 46 74 1.9008 0
59 45 77 1.9181 0
72 42 89 1.7389 0
61 27 58 1.7975 0
72 70 83 1.8295 0
55 47 72 1.8689 0
84 54 26 1.8295 0
66 38 41 1.8039 0
74 77 60 1.805 0
75 79 93 1.7043 0
88 98 25 0.5 0
65 26 41 1.8256 0
61 85 71 1.8368 0
42 96 26 1.7488 0
85 96 26 1.7488 0
58 71 85 1.7246 0
61 38 41 1.8039 0
66 27 58 1.7975 0
55 46 41 1.7407 0
72 46 41 1.7407 0
63 88 76 1.7617 0
69 57 89 1.7305 0
57 49 92 1.7214 0
70 32 41 1.7045 0
55 55 39 1.7205 0
72 55 39 1.7205 0
73 39 109 1.5974 0
68 42 98 1.7102 0
69 34 57 1.6995 0
73 93 40 1.6441 0
54 93 40 1.6441 0
70 42 94 1.6838 0
69 78 59 1.6686 0
52 80 72 1.4373 0
55 39 109 1.6395 0
51 47 51 1.6372 0
76 47 51 1.6372 0
70 54 101 0.5 0
66 44 77 1.6157 0
66 71 64 1.5344 0
55 47 78 1.6133 0
57 33 40 1.5867 0
64 38 57 1.5785 0
41 86 26 1.5905 0
86 86 26 1.5905 0
57 31 75 1.5568 0
73 46 87 1.549 0
46 52 43 1.426 0
81 52 43 1.426 0
0
