128
63 39 57 21.1092 0
63 105 51 6.5363 0
61 57 100 4.2819 0
64 56 85 10.0138 0
67 27 100 3.5127 0
64 30 87 9.1294 0
64 79 37 0.9696 0
76 43 83 6.6521 0
51 44 83 6.6521 0
64 44 98 6.2976 0
68 62 42 5.6996 0
64 81 54 0.8822 0
55 61 42 5.3466 0
65 96 42 5.2711 0
79 56 42 5.1082 0
78 54 75 5.061 0
50 30 80 5.1134 0
49 54 75 5.0611 0
46 53 41 5.0011 0
84 46 41 4.8508 0
78 31 78 4.9028 0
70 61 71 4.5925 0
57 61 71 4.5925 0
35 37 36 0.5 0
42 43 41 4.1138 0
88 27 36 0.5 0
49 55 88 4.1342 0
78 33 89 4.0581 0
84 36 41 4.0658 0
65 108 40 3.9932 0
44 33 40 3.9196 0
79 27 40 3.6469 0
61 64 50 3.643 0
79 54 85 3.5271 0
50 17 36 0.5 0
63 94 53 3.6317 0
60 34 100 3.5127 0
73 62 51 3.5309 0
50 25 40 3.4549 0
69 23 76 3.4052 0
72 22 40 3.3394 0
48 35 89 3.3161 0
58 23 77 3.3532 0
48 58 49 3.3777 0
78 58 65 3.2493 0
64 64 61 3.2174 0
61 17 37 0.9696 0
51 27 89 3.1052 0
57 21 40 3.0635 0
50 59 66 3.107 0
64 76 47 1.3524 0
73 62 60 3.0625 0
81 56 51 3.0762 0
53 62 53 2.9682 0
64 21 39 2.9854 0
56 63 60 2.9307 0
85 49 50 2.7285 0
63 85 48 1.3524 0
81 56 59 2.6598 0
43 52 50 2.6052 0
86 40 48 2.5964 0
68 53 100 2.5048 0
76 26 85 2.519 0
60 26 101 2.5289 0
68 34 99 2.5048 0
68 60 98 2.5048 0
41 46 48 2.494 0
59 103 42 2.5048 0
67 65 54 2.3039 0
79 68 36 0.5 0
48 59 56 2.2955 0
57 40 91 2.228 0
45 55 62 2.2708 0
57 46 91 2.228 0
51 60 81 2.144 0
80 49 90 2.2569 0
79 61 94 0.5 0
41 37 46 2.1488 0
70 41 91 2.228 0
81 39 74 2.0943 0
63 72 42 1.3524 0
81 46 72 2.1998 0
62 55 38 1.9775 0
64 74 54 0.8822 0
46 30 72 2.1998 0
85 49 60 2.208 0
76 26 91 2.0423 0
76 48 38 1.9775 0
46 46 73 2.1471 0
55 53 38 1.9775 0
83 30 45 2.1634 0
76 60 81 2.1441 0
52 24 73 2.0474 0
75 24 72 2.0995 0
63 86 42 1.3524 0
46 35 74 2.0943 0
76 53 91 2.0423 0
73 48 91 2.0423 0
46 41 75 2.0416 0
85 34 48 2.0696 0
69 54 38 1.9775 0
61 66 38 1.9775 0
76 63 38 1.9775 0
47 48 91 2.0423 0
75 60 91 2.0423 0
65 98 58 2.0418 0
49 46 38 1.9775 0
78 41 38 1.9775 0
48 40 38 1.9775 0
81 29 70 1.9129 0
90 55 36 0.5 0
43 53 56 1.8605 0
77 34 38 1.9775 0
53 61 90 1.9192 0
45 28 45 1.8022 0
79 57 91 1.8935 0
63 65 67 1.8986 0
56 113 43 0.5 0
42 50 61 1.845 0
66 113 61 0.5 0
46 37 79 1.8306 0
41 48 54 1.8052 0
60 23 96 1.7185 0
54 23 82 1.6612 0
72 114 49 0.5 0
47 67 36 0.5 0
40 49 38 1.7521 0
93 37 36 0.5 0
0
