128
66 67 65 0.7918 0
26 21 63 0.1012 0
101 21 63 0.1012 0
26 106 64 0.1909 0
102 107 65 0.5 0
28 66 66 1.3156 0
63 105 65 0.8872 0
63 26 65 0.5 0
102 57 63 0.5 0
90 82 66 1.1246 0
41 41 66 1.7996 0
85 40 66 1.7996 0
46 85 65 0.6321 0
62 45 66 1.4671 0
84 101 66 0.8894 0
85 64 66 0.8929 0
44 105 66 0.8794 0
28 89 65 0.7918 0
45 21 63 0.5 0
69 87 64 0.5 0
47 60 64 0.5 0
84 21 64 0.5 0
99 93 66 1.5386 0
98 34 66 1.7996 0
30 53 66 1.7992 0
73 34 66 1.7996 0
27 34 68 0.5571 0
53 33 66 1.3923 0
97 67 66 1.5566 0
74 54 65 0.8416 0
57 93 65 0.8615 0
62 77 66 1.7996 0
94 52 66 1.7996 0
35 77 65 0.7918 0
77 75 63 0.5 0
80 90 65 0.7918 0
49 72 64 0.5 0
40 55 66 1.7913 0
30 43 66 1.7996 0
48 48 66 1.7996 0
34 99 65 0.9128 0
102 79 66 0.5 0
77 45 66 1.7996 0
59 57 64 0.5 0
40 66 65 0.7918 0
72 98 65 0.6395 0
98 44 66 1.7996 0
85 49 66 1.7996 0
36 28 63 0.1012 0
47 95 65 0.9258 0
73 21 63 0.1012 0
63 37 66 1.7996 0
93 101 66 1.0001 0
54 102 65 0.8581 0
38 90 66 0.906 0
76 107 63 0.5 0
36 33 67 1.3357 0
86 74 65 0.7918 0
90 91 65 0.7918 0
56 66 65 0.5 0
76 67 65 0.9135 0
92 25 65 0.5 0
48 40 66 1.7996 0
55 21 63 0.1012 0
88 55 67 1.9265 0
33 61 66 1.518 0
98 58 66 1.7996 0
27 76 65 0.6735 0
55 84 63 0.5 0
88 34 66 1.7996 0
54 45 66 1.7996 0
65 96 65 0.6442 0
95 76 65 0.7918 0
70 45 66 1.5378 0
36 50 66 1.7996 0
90 61 66 1.7996 0
44 29 63 0.5 0
70 73 65 0.7918 0
66 53 63 0.5 0
26 98 67 0.5 0
99 103 66 1.2424 0
73 92 65 0.7918 0
76 83 63 0.5 0
29 82 66 0.8888 0
77 60 65 0.5613 0
78 26 63 0.5 0
31 34 66 1.7996 0
66 42 67 1.939 0
58 42 67 2.0539 0
39 84 65 0.7918 0
48 34 66 1.7996 0
36 38 66 1.7692 0
43 77 64 0.5 0
97 85 65 0.8131 0
62 86 64 0.5 0
79 33 66 1.3912 0
59 99 65 0.7918 0
55 73 65 0.9428 0
70 105 65 0.7175 0
92 67 66 1.7996 0
82 83 65 0.8444 0
33 106 63 0.5 0
80 54 65 0.7918 0
43 49 66 1.7996 0
93 35 66 1.7996 0
34 21 63 0.1012 0
39 72 65 0.7918 0
36 43 66 1.7996 0
35 55 66 1.7996 0
74 41 66 1.7996 0
45 44 66 1.7996 0
30 48 66 1.7996 0
70 38 66 1.7996 0
44 37 66 1.7996 0
67 34 66 1.7996 0
98 49 66 1.7996 0
98 39 66 1.7996 0
93 57 66 1.7996 0
93 44 66 1.7996 0
59 34 66 1.7996 0
90 49 66 1.7996 0
90 39 66 1.7996 0
88 44 66 1.7996 0
82 44 66 1.7996 0
69 59 64 0.5 0
88 101 66 1.7996 0
47 55 65 0.7918 0
77 37 66 1.7996 0
0
