128
65 63 67 0.4459 0
59 109 29 0.5 0
66 19 30 0.6078 0
27 66 30 0.5 0
66 60 120 0.5 0
98 61 29 0.5 0
62 98 93 0.5 0
64 21 73 0.5 0
38 92 60 0.6004 0
92 39 58 0.5 0
41 69 92 0.4813 0
45 42 48 0.5224 0
80 86 46 0.5711 0
81 46 92 0.4923 0
31 63 64 0.6153 0
63 106 65 0.5 0
51 82 36 0.5031 0
96 67 64 0.5 0
75 46 36 0.6278 0
74 72 90 0.5 0
56 81 110 0.5 0
75 22 52 0.6408 0
49 50 80 0.5473 0
65 37 107 0.5 0
76 85 69 0.5 0
43 90 83 0.3965 0
66 44 56 0.6313 0
58 82 57 0.6424 0
56 38 30 0.6805 0
30 84 41 0.5259 0
44 101 42 0.6691 0
95 39 34 0.5 0
36 47 30 0.6696 0
81 34 75 0.603 0
59 62 100 0.4589 0
96 73 45 0.6212 0
69 89 30 0.7035 0
92 54 78 0.5 0
99 54 48 0.5046 0
29 55 46 0.6039 0
67 29 90 0.5376 0
88 81 30 0.5887 0
61 108 47 0.5 0
35 77 74 0.6223 0
82 26 35 0.3261 0
76 56 106 0.5 0
85 70 77 0.5954 0
41 49 64 0.5705 0
63 59 84 0.5443 0
48 101 70 0.6419 0
88 80 59 0.5719 0
28 71 50 0.5454 0
36 94 30 0.561 0
63 47 72 0.2689 0
62 74 78 0.4734 0
38 61 78 0.5976 0
47 83 97 0.3789 0
85 61 90 0.4991 0
76 54 50 0.5237 0
63 88 44 0.5575 0
96 52 64 0.6124 0
49 73 49 0.5 0
61 101 79 0.542 0
50 103 55 0.5363 0
88 31 47 0.5599 0
64 39 43 0.6598 0
82 30 61 0.5716 0
63 21 59 0.5 0
53 43 61 0.5447 0
31 80 60 0.5 0
54 69 62 0.564 0
49 71 103 0.3953 0
64 19 44 0.3277 0
58 68 113 0.5684 0
70 88 56 0.5 0
67 49 113 0.5919 0
50 59 90 0.2974 0
29 79 29 0.5 0
47 103 30 0.6659 0
89 43 71 0.5258 0
61 91 104 0.4613 0
71 53 63 0.6323 0
33 94 48 0.5 0
95 41 46 0.6841 0
78 35 87 0.5135 0
73 45 102 0.6193 0
74 78 79 0.4399 0
64 80 68 0.6269 0
74 25 68 0.6426 0
71 65 100 0.5 0
40 79 85 0.5929 0
37 49 53 0.6075 0
52 94 89 0.6658 0
88 43 83 0.5 0
40 90 72 0.6415 0
46 40 36 0.5678 0
97 51 36 0.2579 0
36 46 42 0.5706 0
95 72 33 0.3845 0
30 56 34 0.5646 0
79 87 35 0.6369 0
89 81 42 0.6712 0
71 29 79 0.2663 0
74 22 41 0.6117 0
99 62 40 0.5 0
53 107 39 0.5 0
95 65 53 0.3903 0
64 68 90 0.5698 0
66 62 109 0.5698 0
67 40 31 0.3494 0
84 77 69 0.5631 0
27 73 39 0.2493 0
72 45 47 0.6846 0
89 32 29 0.5 0
53 47 71 0.6138 0
57 39 51 0.5 0
59 87 32 0.6327 0
54 83 46 0.5 0
50 96 79 0.6194 0
91 62 72 0.6265 0
70 36 98 0.5 0
79 55 96 0.559 0
80 86 57 0.4861 0
47 75 30 0.5 0
66 56 74 0.5579 0
54 37 41 0.5615 0
30 62 53 0.6272 0
41 52 74 0.3623 0
0
