128
63 70 59 6.2618 0
72 17 92 1.3566 0
54 24 56 7.4125 0
67 119 49 0.5 0
63 105 79 2.0391 0
92 50 51 0.5 0
36 52 52 1.4629 0
62 104 61 6.4831 0
72 21 71 6.3213 0
36 83 51 1.6828 0
90 88 49 0.5 0
65 49 58 4.5817 0
85 71 52 3.5773 0
73 24 56 7.4095 0
51 26 91 0.9582 0
55 21 71 6.3213 0
40 70 52 3.5573 0
82 81 54 4.8252 0
43 81 54 4.9812 0
82 49 52 2.7697 0
72 30 89 1.5144 0
67 84 52 1.8323 0
64 85 66 1.5899 0
69 60 59 4.0222 0
72 27 81 3.6956 0
55 27 81 3.6945 0
86 62 52 3.6042 0
40 57 52 3.6042 0
70 110 51 2.2086 0
63 107 72 3.3708 0
55 17 92 1.3562 0
69 35 52 3.305 0
58 35 52 3.3048 0
53 112 48 0.5 0
54 19 82 3.3619 0
73 19 82 3.3619 0
64 62 52 3.2695 0
60 60 60 3.2219 0
45 45 51 0.5693 0
87 54 52 3.1004 0
56 108 52 2.716 0
65 61 66 2.8875 0
64 109 52 2.8548 0
57 80 48 0.5 0
56 81 59 1.3535 0
70 10 49 0.9531 0
57 10 49 0.9532 0
43 49 52 2.6639 0
64 102 51 2.5963 0
58 25 98 0.5 0
69 82 60 1.1242 0
65 47 66 2.5802 0
75 26 98 0.5 0
71 115 66 0.5 0
59 30 64 2.3732 0
58 32 93 0.5 0
69 77 68 0.8717 0
71 30 65 2.3728 0
69 76 50 1.0627 0
59 17 63 2.3732 0
68 17 63 2.3701 0
57 77 68 0.791 0
70 109 58 2.3913 0
59 83 53 1.1588 0
55 30 89 1.514 0
57 113 60 1.9691 0
81 34 48 0.5 0
60 119 52 0.5 0
68 33 59 2.1245 0
59 33 59 2.1245 0
69 77 62 2.0618 0
72 23 96 1.418 0
51 34 51 1.8365 0
76 34 51 1.8365 0
57 74 53 2.0823 0
76 22 90 0.9582 0
63 116 50 1.3835 0
68 16 51 1.9781 0
59 16 51 1.9793 0
69 80 54 2.0416 0
85 88 52 2.0083 0
57 74 65 1.9332 0
70 60 51 1.917 0
55 23 96 1.418 0
53 29 66 1.8141 0
68 83 64 1.9101 0
80 88 51 1.9422 0
69 112 63 1.6812 0
40 88 51 1.8234 0
59 16 78 1.831 0
68 16 78 1.831 0
89 83 51 1.8743 0
57 79 63 1.6661 0
54 108 58 1.7986 0
83 79 62 1.493 0
69 105 51 1.7849 0
69 75 54 1.7385 0
70 105 66 1.7052 0
69 51 48 0.5 0
62 31 75 0.5 0
57 79 54 1.6661 0
72 13 50 1.5884 0
67 72 51 1.6873 0
63 48 51 1.7445 0
38 64 50 1.5884 0
43 79 62 1.493 0
49 90 51 0.5 0
67 73 67 1.5282 0
46 88 52 1.65 0
79 30 50 1.5884 0
48 30 50 1.5884 0
71 54 56 1.5729 0
62 66 67 1.6891 0
40 63 54 1.6917 0
61 55 56 1.5729 0
59 29 76 1.5098 0
75 17 63 1.6716 0
68 29 76 1.5098 0
52 17 63 1.6716 0
51 20 90 0.9582 0
68 29 69 1.6074 0
59 29 69 1.6074 0
67 50 51 1.6044 0
71 60 66 1.3543 0
59 54 60 1.5187 0
64 69 50 1.5914 0
62 15 85 0.5 0
59 104 50 1.5884 0
0
