128
79 88 70 4.4291 0
32 25 51 3.2895 0
100 28 50 2.8259 0
65 35 108 1.9564 0
61 72 12 3.1264 0
27 74 65 7.8428 0
55 79 111 2.4345 0
68 34 25 3.1095 0
91 47 84 4.123 0
65 100 37 4.4999 0
37 35 77 7.9862 0
100 62 54 4.0329 0
53 92 92 7.977 0
90 93 51 7.9736 0
57 69 45 2.6755 0
65 52 101 8.1571 0
56 38 49 4.1976 0
42 80 27 4.4951 0
104 81 74 4.3569 0
37 100 57 4.2181 0
81 89 97 4.4622 0
74 28 89 4.4623 0
80 38 55 4.2095 0
50 46 24 4.4276 0
26 46 66 7.882 0
94 40 72 8.1592 0
31 87 54 8.2606 0
73 62 29 3.0942 0
64 81 101 8.0686 0
37 34 59 8.1845 0
56 34 36 8.2631 0
99 81 60 8.135 0
64 46 26 8.0863 0
52 88 32 8.0849 0
70 93 90 8.1202 0
28 97 78 3.7447 0
74 34 36 7.9346 0
94 38 54 7.8802 0
76 40 95 8.0595 0
35 88 71 7.9531 0
70 89 31 7.8935 0
91 94 70 7.8755 0
60 75 24 7.7637 0
58 38 94 7.8339 0
101 54 64 7.7995 0
57 74 80 2.8436 0
69 55 46 2.6334 0
46 54 60 2.5773 0
71 56 81 2.8094 0
46 71 57 2.3833 0
82 53 59 3.0912 0
81 73 58 2.8984 0
49 93 50 3.1449 0
41 43 43 2.9403 0
43 47 89 3.0998 0
51 60 31 2.3707 0
85 82 83 2.3882 0
79 55 105 4.3815 0
27 83 82 4.4549 0
67 76 45 2.9154 0
86 82 40 3.626 0
74 74 21 4.3285 0
39 77 40 2.961 0
55 103 84 4.6558 0
54 65 97 2.8409 0
59 49 83 3.6143 0
70 85 44 4.6255 0
48 79 42 4.4926 0
48 44 101 4.5583 0
82 42 28 4.475 0
101 47 82 4.467 0
20 72 53 4.3174 0
81 48 44 2.5871 0
106 54 51 4.3214 0
94 70 68 4.2028 0
32 60 55 2.3341 0
34 57 70 4.2107 0
77 36 76 2.4409 0
53 88 79 4.4878 0
97 85 42 4.3164 0
73 67 94 2.2827 0
45 71 69 2.4269 0
58 56 34 4.2106 0
48 52 71 2.8132 0
66 67 33 4.3554 0
90 27 61 4.2899 0
73 45 44 4.3012 0
60 23 44 4.195 0
69 73 81 2.5315 0
44 24 73 4.315 0
51 79 104 4.366 0
64 81 74 2.7083 0
24 48 79 4.3517 0
30 38 48 4.3284 0
77 84 82 4.1411 0
84 104 64 4.1373 0
60 71 93 4.3027 0
45 86 53 4.2456 0
73 63 101 4.2434 0
112 40 63 1.9417 0
72 95 43 4.1474 0
82 82 48 4.2768 0
75 44 82 4.1433 0
38 82 83 3.991 0
53 38 76 2.7001 0
106 43 59 4.2141 0
57 53 47 2.2645 0
51 46 86 4.1221 0
47 42 72 4.1805 0
44 43 52 4.1708 0
80 77 67 3.266 0
22 86 68 3.9247 0
78 98 72 3.7576 0
25 64 57 4.1056 0
66 26 97 3.1733 0
51 79 64 2.21 0
110 48 75 3.0832 0
79 34 83 4.0052 0
84 43 39 3.9388 0
54 29 49 3.9354 0
69 66 23 3.9314 0
14 72 65 3.7703 0
84 49 72 3.7601 0
50 31 78 3.7909 0
36 21 66 3.0404 0
41 94 49 3.8241 0
39 36 46 3.8092 0
20 39 55 3.0403 0
0
