128
55 85 61 17.8448 0
88 47 60 12.4479 0
38 51 62 13.9234 0
66 61 121 0.5 0
87 75 63 14.5295 0
63 50 25 0.517 0
28 77 26 1.5249 0
63 22 77 0.6641 0
101 77 26 1.0258 0
67 62 95 1.0682 0
100 50 26 1.5249 0
26 50 26 1.1152 0
58 33 49 5.1506 0
49 43 43 8.2962 0
74 79 31 3.498 0
77 84 43 7.7334 0
37 83 41 7.6862 0
30 72 66 7.8002 0
79 44 41 7.634 0
63 41 76 2.7267 0
78 96 65 6.8457 0
74 59 72 6.7595 0
92 82 39 6.7138 0
47 32 67 6.6638 0
60 64 75 6.5281 0
75 37 72 6.2932 0
34 45 38 6.2771 0
56 78 29 2.6091 0
94 46 41 5.9365 0
78 32 52 5.9619 0
54 43 73 5.7503 0
47 32 53 5.5855 0
31 76 52 5.5199 0
100 59 69 5.4707 0
84 93 52 5.4167 0
66 55 51 2.7465 0
67 41 48 5.4479 0
50 81 35 4.9435 0
70 72 74 4.7955 0
68 48 74 4.7424 0
47 67 74 4.7424 0
60 65 109 0.9891 0
100 60 56 4.5754 0
73 99 54 4.6004 0
81 30 64 4.4086 0
33 86 69 4.4709 0
88 36 46 4.3153 0
32 85 59 4.2281 0
76 59 55 4.2223 0
60 49 49 4.2155 0
70 68 55 3.921 0
55 54 70 4.0494 0
90 57 75 3.7345 0
73 51 50 3.8893 0
88 48 32 3.9207 0
43 48 32 3.9207 0
74 84 75 3.7345 0
72 93 75 3.7345 0
40 69 54 3.7381 0
37 66 75 3.7345 0
83 79 32 3.6902 0
65 33 75 3.7345 0
67 102 70 3.7581 0
81 89 75 3.7345 0
79 49 75 3.7345 0
91 32 80 0.5 0
52 48 31 3.596 0
38 80 75 3.7345 0
53 63 66 3.6771 0
37 37 45 3.672 0
52 62 56 3.6113 0
88 93 70 3.6342 0
27 67 55 3.6031 0
73 26 71 3.455 0
31 79 31 3.5989 0
97 48 31 3.5962 0
25 61 71 3.455 0
73 49 30 2.9129 0
88 34 71 3.455 0
100 42 80 0.5 0
98 79 48 3.4522 0
72 75 50 3.2702 0
53 54 51 3.2504 0
37 35 71 3.2989 0
41 94 46 3.1958 0
69 93 45 3.2219 0
56 33 74 3.1973 0
87 91 43 3.2765 0
44 39 75 3.1911 0
37 98 79 0.5 0
105 70 80 0.5 0
60 66 89 1.5363 0
39 33 59 3.085 0
67 61 87 1.7547 0
42 79 30 2.9001 0
36 90 51 3.1102 0
68 31 51 3.1348 0
52 42 55 3.0927 0
70 67 65 2.9439 0
92 89 48 3.0592 0
98 79 30 2.8998 0
98 89 80 0.5 0
80 49 30 2.9129 0
29 47 47 2.9265 0
31 49 29 2.9129 0
67 61 113 0.8682 0
100 52 50 2.9188 0
78 104 80 0.5 0
24 63 61 2.7898 0
55 26 71 2.7848 0
60 65 100 0.8058 0
61 53 76 2.7601 0
84 62 76 2.7267 0
91 78 29 2.6823 0
84 40 76 2.7267 0
101 72 51 2.6313 0
91 49 76 2.7267 0
41 73 76 2.7267 0
49 52 76 2.7267 0
94 64 76 2.7267 0
67 103 62 2.7504 0
37 93 71 2.7276 0
90 93 59 2.7263 0
57 105 78 0.8835 0
103 66 61 2.7234 0
32 60 76 2.7267 0
49 59 76 2.7267 0
59 65 118 0.7804 0
0
