128
59 65 64 13.9352 0
99 29 67 6.0047 0
98 98 60 6.6995 0
30 27 61 6.5144 0
28 97 61 7.3275 0
41 85 71 6.8801 0
80 48 71 6.0911 0
87 87 70 6.6814 0
78 78 57 7.475 0
89 39 55 5.8678 0
76 51 57 7.7291 0
45 81 57 7.2163 0
39 37 72 5.8722 0
49 47 56 6.7087 0
49 47 71 6.7087 0
39 37 55 5.8678 0
89 38 72 5.7856 0
89 89 55 5.8678 0
78 77 72 5.8722 0
42 117 64 0.5 0
113 86 74 0.5 0
86 116 69 0.5 0
117 41 61 0.5 0
13 39 70 0.5 0
44 15 74 0.5 0
108 38 56 2.5758 0
77 60 71 4.8838 0
17 87 69 3.0492 0
41 107 77 0.5 0
38 92 54 4.8599 0
77 65 54 4.7972 0
99 94 72 4.6996 0
88 17 54 0.7785 0
35 96 73 4.7722 0
99 33 55 4.6512 0
111 88 62 2.4203 0
35 26 72 4.4727 0
90 16 64 2.1724 0
44 12 58 0.5 0
25 91 72 4.2233 0
91 109 67 2.9278 0
113 41 74 0.5 0
27 32 72 3.8761 0
16 40 56 0.5 0
52 80 74 3.8564 0
78 67 64 3.9808 0
62 49 54 3.8887 0
69 49 70 3.9644 0
93 102 72 3.8047 0
41 110 53 0.5344 0
15 84 54 0.7047 0
60 49 74 3.8564 0
88 108 55 2.0538 0
38 111 65 2.5613 0
33 105 69 3.5983 0
41 14 66 1.7956 0
18 90 61 3.6482 0
28 88 53 3.6424 0
96 24 58 3.5228 0
107 93 67 3.3925 0
29 35 53 3.5117 0
40 17 57 2.5187 0
36 18 63 3.4468 0
45 74 74 3.0652 0
38 24 54 3.3896 0
36 102 54 3.3855 0
19 34 60 2.2577 0
99 37 74 3.2745 0
87 44 64 3.2807 0
41 43 63 3.3157 0
91 29 53 3.2046 0
107 33 61 3.1632 0
89 22 75 1.0924 0
101 90 53 3.2051 0
90 101 53 3.2049 0
34 107 60 3.1111 0
68 79 72 3.1133 0
107 92 58 3.1155 0
92 108 60 3.087 0
92 27 74 3.0607 0
56 80 54 2.8482 0
39 18 70 2.8707 0
67 79 54 2.9175 0
108 35 68 2.8089 0
75 68 75 2.8486 0
70 56 75 2.8486 0
58 47 63 2.7679 0
47 71 52 2.7876 0
95 20 65 2.7924 0
44 75 67 2.7735 0
31 86 75 2.8252 0
21 31 65 2.8369 0
36 87 61 2.7739 0
66 48 62 2.7181 0
52 82 66 2.5242 0
35 84 52 2.6795 0
48 57 52 2.5417 0
70 80 65 2.5258 0
88 97 75 2.5848 0
20 87 54 2.4073 0
20 36 71 2.3527 0
60 79 75 2.4746 0
92 21 71 2.5884 0
22 35 55 2.5461 0
107 88 72 2.4203 0
38 104 74 2.429 0
91 19 57 2.3581 0
27 99 72 2.1956 0
88 82 61 2.4038 0
111 38 63 2.3287 0
96 87 75 2.348 0
92 35 63 2.2613 0
42 90 62 2.2264 0
19 94 67 2.1156 0
82 41 61 2.2724 0
100 102 69 2.2268 0
80 68 71 2.1994 0
47 57 74 2.0633 0
97 106 66 2.1853 0
85 47 52 2.1998 0
82 88 61 2.1307 0
70 59 51 1.8363 0
39 109 71 2.059 0
17 36 66 2.0419 0
39 111 59 2.059 0
70 70 51 1.8363 0
46 38 66 2.0314 0
32 89 69 2.1403 0
0
