128
58 63 69 14.3225 0
106 72 65 8.1906 0
13 86 53 0.5 0
12 42 54 0.3781 0
91 59 63 10.4434 0
33 59 64 9.9349 0
20 81 69 4.3197 0
75 78 65 7.509 0
64 78 86 6.7651 0
76 48 66 6.9505 0
64 50 86 6.7651 0
112 44 70 2.3485 0
107 52 67 6.4312 0
40 75 69 6.3107 0
47 47 61 5.5698 0
51 80 59 5.0147 0
17 43 70 1.3972 0
76 65 59 5.0147 0
31 74 56 4.5112 0
65 46 59 4.9347 0
63 80 59 5.0147 0
66 65 88 4.7493 0
53 81 77 4.9347 0
28 74 66 4.8353 0
12 69 53 0.5 0
88 75 68 4.5718 0
54 46 79 4.7298 0
90 74 57 4.7274 0
23 46 69 4.3803 0
38 45 69 3.9269 0
12 55 55 0.5275 0
109 61 58 4.0068 0
65 82 72 3.9269 0
98 82 69 3.9269 0
42 73 58 4.0068 0
98 45 69 3.9269 0
66 45 72 3.9269 0
49 45 71 3.7266 0
57 59 88 3.4849 0
57 69 88 3.4849 0
87 45 69 3.432 0
77 59 70 3.4076 0
116 87 73 0.5 0
31 82 70 3.4076 0
77 67 70 3.4076 0
26 68 73 3 0
77 55 57 2.999 0
43 53 73 3.1351 0
56 48 57 2.999 0
51 83 68 2.919 0
17 49 59 1.2961 0
44 65 57 2.999 0
69 72 57 2.999 0
111 83 68 2.919 0
85 83 70 2.919 0
70 56 57 2.999 0
46 56 57 2.999 0
104 52 57 2.999 0
58 83 66 2.919 0
40 66 74 2.9195 0
60 44 67 2.919 0
44 83 64 2.919 0
30 51 53 2.796 0
18 75 55 0.5036 0
33 69 74 2.6948 0
53 74 83 2.5521 0
111 61 71 2.3997 0
17 83 58 0.9305 0
69 44 79 2.4581 0
69 59 83 2.4581 0
52 87 89 0.5 0
69 51 77 2.4581 0
69 78 77 2.4581 0
104 62 71 2.3997 0
31 47 71 2.3997 0
69 70 82 2.4581 0
96 73 71 2.3997 0
54 52 85 2.4033 0
84 68 71 2.3997 0
18 46 63 2.4051 0
105 83 71 2.3997 0
25 53 73 2.3273 0
112 44 64 2.3485 0
26 67 56 2.365 0
55 83 87 2.2546 0
111 53 58 2.2632 0
103 83 63 2.2686 0
103 44 63 2.2686 0
55 45 87 2.2546 0
112 61 65 2.1434 0
18 79 61 1.8017 0
74 45 56 1.9911 0
80 72 56 1.9911 0
102 64 56 1.9911 0
82 51 56 1.9911 0
112 82 62 2.1045 0
25 62 74 2.1374 0
50 72 56 1.9911 0
69 84 78 1.9111 0
72 50 56 1.9911 0
41 52 56 1.9911 0
57 75 56 1.9911 0
30 67 52 1.9991 0
97 69 56 2.0631 0
38 84 66 1.9111 0
72 83 56 1.9911 0
73 42 93 0.5 0
13 62 54 0.5155 0
91 51 52 1.9875 0
91 68 52 1.989 0
52 53 56 1.9911 0
18 84 62 1.9111 0
72 86 94 0.5 0
91 84 71 1.9111 0
100 75 56 1.9911 0
84 69 56 1.9911 0
77 49 56 1.9911 0
103 58 56 1.9911 0
42 84 71 1.9111 0
106 43 70 1.9111 0
77 83 56 1.9645 0
63 43 78 1.9111 0
62 84 78 1.9111 0
69 58 91 1.7257 0
57 43 72 1.9111 0
37 84 71 1.9111 0
54 43 67 1.9111 0
42 60 75 1.8665 0
0
