128
63 64 63 45.2714 0
72 34 104 5.1641 0
93 55 104 5.1641 0
111 54 79 5.0686 0
72 16 79 5.0686 0
54 16 79 5.0686 0
111 73 79 5.0686 0
80 23 89 5.0101 0
104 47 89 5.0101 0
54 33 103 4.8689 0
94 73 103 4.8689 0
102 82 91 4.854 0
45 25 91 4.854 0
103 46 36 4.6693 0
81 24 36 4.6693 0
74 17 46 4.7277 0
110 53 46 4.7277 0
24 46 91 4.6693 0
81 103 91 4.6693 0
53 16 48 4.6489 0
73 93 104 4.6601 0
34 54 104 4.6601 0
103 81 36 4.6693 0
46 24 36 4.6693 0
54 93 104 4.6601 0
34 73 104 4.6601 0
73 34 23 4.6601 0
93 54 23 4.6601 0
111 74 49 4.6489 0
94 72 23 4.511 0
74 111 80 4.4867 0
56 33 23 4.511 0
46 104 90 4.4282 0
23 46 37 4.4282 0
81 104 37 4.4282 0
16 53 47 4.4867 0
74 111 47 4.4867 0
72 94 23 4.511 0
33 55 23 4.511 0
16 73 80 4.4867 0
54 111 80 4.4867 0
16 55 80 4.4867 0
23 80 90 4.4282 0
112 63 49 4.2951 0
24 82 36 4.3501 0
45 103 36 4.3501 0
54 112 49 4.2951 0
15 73 49 4.2951 0
97 39 91 4.3501 0
88 30 91 4.3501 0
63 15 49 4.2951 0
54 95 24 4.27 0
32 73 24 4.27 0
64 112 79 4.2457 0
73 27 96 4.2286 0
100 54 96 4.2286 0
86 47 105 3.9475 0
112 53 57 3.9362 0
31 64 102 4.0289 0
63 96 102 4.0289 0
97 38 36 3.8462 0
54 26 95 3.9876 0
101 73 95 3.9875 0
82 33 98 3.8968 0
42 46 105 3.9475 0
84 82 105 3.9475 0
112 53 66 3.9362 0
89 97 91 3.8462 0
53 15 69 3.9362 0
90 31 36 3.8462 0
74 15 61 3.9362 0
112 74 68 3.9362 0
53 15 58 3.9362 0
106 57 88 3.9462 0
70 21 88 3.9462 0
96 90 91 3.8462 0
80 96 98 3.8968 0
80 31 29 3.8968 0
96 47 29 3.8968 0
31 47 98 3.8968 0
93 44 98 3.8968 0
99 63 98 3.8877 0
64 28 98 3.8877 0
33 35 91 3.8462 0
29 88 91 3.8462 0
97 63 26 3.7879 0
107 73 40 3.7051 0
27 75 97 3.6467 0
54 100 97 3.6467 0
72 100 97 3.6467 0
61 20 87 3.7052 0
63 112 47 3.6638 0
15 64 47 3.6638 0
72 25 33 3.7465 0
102 55 33 3.7465 0
56 20 40 3.7052 0
47 32 28 3.6881 0
95 80 28 3.6881 0
107 69 87 3.7052 0
46 97 97 3.6016 0
44 35 99 3.6881 0
92 83 99 3.6881 0
74 100 30 3.6467 0
27 53 30 3.6467 0
39 97 92 3.6374 0
81 40 23 3.6523 0
87 46 23 3.6523 0
27 57 97 3.6467 0
40 81 104 3.6523 0
46 87 104 3.6523 0
81 40 104 3.6523 0
17 64 83 3.5639 0
30 39 35 3.6374 0
96 89 35 3.6374 0
88 97 35 3.6374 0
38 31 35 3.6374 0
57 27 30 3.6467 0
100 70 30 3.6467 0
66 29 27 3.5469 0
19 76 41 3.4641 0
66 19 41 3.4641 0
108 61 41 3.4641 0
113 64 70 3.2872 0
31 64 24 3.447 0
63 96 24 3.447 0
32 82 98 3.3929 0
21 56 89 3.3643 0
55 108 41 3.4641 0
0
