128
53 58 62 3.1042 0
109 28 67 0.5 0
45 118 69 0.5 0
20 29 66 0.9927 0
72 33 62 4.0483 0
39 88 60 1.8871 0
45 30 59 1.0778 0
52 101 67 2.0857 0
39 45 67 2.0857 0
92 30 60 1.7714 0
39 73 67 2.0857 0
38 109 59 1.0778 0
53 77 60 1.1811 0
52 43 60 2.0857 0
36 32 62 3.7872 0
39 59 67 2.0857 0
55 31 67 2.0857 0
52 87 67 2.0857 0
39 101 65 2.3552 0
50 114 59 0.8112 0
84 31 66 2.3639 0
61 44 66 2.0043 0
105 30 60 1.7714 0
55 50 62 3.1391 0
52 73 67 2.0857 0
99 30 67 1.7714 0
61 30 60 1.7714 0
45 67 59 0.9897 0
38 53 59 1.0778 0
48 94 59 0.9897 0
23 30 60 1.7714 0
53 31 61 2.7793 0
51 113 68 0.9244 0
80 31 61 2.7793 0
40 113 67 1.0408 0
38 79 59 1.0778 0
66 39 66 2.068 0
38 82 68 1.0778 0
47 105 59 0.9897 0
27 30 68 1.0778 0
43 44 59 0.9564 0
48 86 59 0.9106 0
39 58 61 2.3552 0
39 73 61 2.3552 0
49 44 68 1.0449 0
46 30 68 0.7648 0
52 72 61 2.2285 0
36 91 70 0.5 0
91 30 67 1.7714 0
52 101 61 2.189 0
39 44 61 2.3552 0
39 86 65 2.3552 0
66 39 60 2.068 0
61 44 60 2.0043 0
52 86 61 2.189 0
52 45 65 2.2558 0
78 32 67 2.0857 0
105 30 67 1.7714 0
98 30 60 1.7714 0
46 52 59 0.9897 0
42 114 59 1.0778 0
64 29 69 0.5699 0
55 54 67 2.0857 0
86 31 60 2.0632 0
38 95 59 1.0778 0
31 31 67 2.0857 0
56 64 70 0.5 0
53 108 63 1.0461 0
63 30 65 1.7714 0
46 79 59 0.9897 0
37 37 67 1.8783 0
46 37 59 0.9897 0
39 99 60 1.9254 0
53 62 67 1.757 0
28 30 60 1.7714 0
95 30 64 1.7714 0
50 30 66 1.7714 0
68 30 67 1.7714 0
66 30 60 1.7714 0
47 115 63 1.0996 0
41 30 66 1.7714 0
53 37 68 1.0368 0
23 30 67 1.7714 0
53 68 65 1.4542 0
58 49 67 1.7452 0
53 95 61 1.1811 0
53 95 68 1.0778 0
53 81 68 1.0778 0
37 66 64 0.8395 0
38 53 68 1.0483 0
53 107 68 1.0465 0
46 61 59 0.9897 0
39 66 59 0.5618 0
38 67 68 1.0387 0
47 58 68 0.7866 0
50 65 59 0.9897 0
38 104 60 1.3473 0
50 58 67 1.5327 0
38 83 60 1.3473 0
37 107 70 0.5 0
38 96 67 1.2866 0
37 108 65 0.8231 0
46 110 59 0.9897 0
42 30 61 1.5108 0
37 38 60 1.4502 0
46 99 59 0.9897 0
46 74 59 0.9897 0
70 37 67 1.4321 0
43 93 59 0.9897 0
38 91 65 1.2681 0
38 63 61 1.2413 0
38 49 61 1.2284 0
38 69 65 1.3473 0
38 55 65 1.3473 0
59 31 64 1.3557 0
53 91 61 1.1811 0
53 81 60 1.1811 0
38 40 64 1.3444 0
53 35 65 1.291 0
47 115 67 1.0996 0
53 67 61 1.2009 0
38 68 61 1.3153 0
40 113 63 1.0408 0
47 47 59 0.9897 0
38 109 68 1.0119 0
38 96 63 1.2866 0
38 77 65 1.2549 0
38 63 65 1.2413 0
0
