128
64 85 65 6.2316 0
35 35 24 0.5 0
93 43 25 0.5 0
36 89 23 0.5 0
92 88 23 0.5 0
36 89 106 0.5 0
93 91 105 0.5 0
63 85 33 6.2316 0
40 87 84 4.7599 0
63 49 25 0.6726 0
88 88 83 3.7206 0
39 88 52 3.7206 0
88 88 51 3.7206 0
37 62 25 0.6726 0
66 87 101 1.4765 0
82 64 25 0.6726 0
64 85 82 6.5754 0
64 85 49 6.2316 0
38 81 35 2.6658 0
88 88 67 3.7206 0
39 88 68 3.7206 0
76 36 24 0.7123 0
55 65 25 0.6726 0
89 82 36 2.7442 0
51 37 25 0.6726 0
46 89 100 2.6658 0
78 86 87 4.7599 0
79 89 30 2.7442 0
51 87 86 4.7599 0
50 89 42 2.7442 0
45 50 25 0.6726 0
46 89 29 2.3589 0
78 50 24 0.7123 0
50 89 58 2.7442 0
69 61 25 0.6726 0
77 89 41 2.7442 0
89 89 98 2.7442 0
39 88 40 3.7206 0
45 73 25 0.6726 0
76 89 75 2.7442 0
50 89 74 2.7442 0
75 89 58 2.7442 0
91 56 25 0.6726 0
63 37 25 0.6726 0
77 76 25 0.6726 0
88 88 31 3.7206 0
88 88 41 3.7206 0
91 73 24 0.7123 0
39 88 31 3.7206 0
76 89 49 2.7442 0
50 89 66 2.7442 0
50 89 50 2.7442 0
66 72 25 0.6726 0
40 88 60 3.0796 0
88 87 75 3.0796 0
88 87 59 3.0796 0
60 89 100 2.7442 0
86 36 24 0.7123 0
80 90 101 1.6579 0
36 45 24 0.7123 0
58 88 73 2.9308 0
58 88 57 2.9308 0
40 89 96 2.7442 0
54 52 25 0.6726 0
38 84 75 2.7442 0
76 89 65 2.7442 0
43 89 75 2.7442 0
55 75 24 0.7123 0
89 82 46 2.7442 0
44 89 46 2.7442 0
38 83 46 2.7442 0
36 77 24 0.7123 0
50 89 34 2.7442 0
82 89 46 2.7442 0
82 89 36 2.7442 0
74 89 35 2.7442 0
47 60 27 0.7398 0
81 89 70 2.7442 0
81 89 54 2.7442 0
91 80 91 0.7284 0
82 89 78 2.7442 0
82 89 62 2.7442 0
38 82 63 2.7442 0
66 89 96 2.7442 0
82 89 96 2.7442 0
58 89 42 2.7442 0
70 89 72 2.7442 0
70 89 42 2.7442 0
89 81 86 2.6658 0
89 81 70 2.6658 0
89 81 54 2.6658 0
38 81 55 2.6658 0
91 65 25 0.6726 0
89 81 78 2.6658 0
89 81 62 2.6658 0
42 40 25 0.6726 0
71 42 25 0.6726 0
56 44 25 0.6726 0
85 78 25 0.6726 0
45 82 89 2.5827 0
75 68 25 0.6726 0
37 53 27 0.7398 0
84 45 28 0.5 0
59 81 57 2.2001 0
51 81 25 0.6726 0
61 58 24 0.7123 0
89 81 29 2.3589 0
55 89 29 2.3589 0
77 57 25 0.6726 0
71 50 25 0.6726 0
73 88 29 2.3589 0
39 81 29 2.3589 0
88 49 25 0.6726 0
59 82 74 2.2001 0
35 79 92 0.5 0
57 79 91 0.65 0
59 82 41 2.2001 0
68 82 73 2.2001 0
68 82 57 2.2001 0
68 82 41 2.2001 0
38 71 25 0.6726 0
79 43 25 0.6726 0
48 66 25 0.6726 0
63 64 25 0.6726 0
48 43 25 0.6726 0
71 81 25 0.6726 0
82 72 25 0.6726 0
90 88 90 1.7363 0
0
