128
64 72 64 0.5 0
7 57 64 0.5 0
121 60 64 0.5 0
86 36 64 0.5 0
42 36 64 0.5 0
58 109 65 0.5 0
32 80 64 0.5 0
88 94 65 0.5 0
109 81 64 0.5 0
86 72 68 0.5 0
108 42 64 0.5 0
52 55 69 0.5 0
21 41 64 0.5 0
75 54 68 0.5 0
42 97 64 0.6754 0
12 76 64 0.5 0
76 107 66 0.5 0
47 72 64 0.5 0
95 81 64 0.5 0
54 43 64 0.5 0
75 66 64 0.5 0
118 72 64 0.5 0
113 52 69 0.5 0
97 41 69 0.5 0
43 85 66 0.5 0
76 43 64 0.5 0
84 82 64 0.721 0
22 76 69 0.5 0
33 41 68 0.5 0
11 66 69 0.5 0
16 50 68 0.5 0
54 64 64 0.5 0
74 76 66 0.5 0
50 104 64 0.7172 0
67 107 64 0.6718 0
39 73 69 0.5 0
46 43 69 0.5 0
102 77 68 0.5 0
83 102 64 0.5 0
56 75 66 0.5 0
116 65 69 0.5 0
110 74 69 0.5 0
84 42 69 0.5 0
48 65 69 0.5 0
26 44 69 0.5 0
94 36 64 0.5 0
78 61 69 0.5 0
24 81 64 0.5 0
41 78 64 0.5 0
48 79 66 0.5 0
119 53 64 0.5 0
94 75 68 0.5 0
80 72 64 0.5 0
107 47 69 0.5 0
57 54 64 0.5 0
114 47 64 0.5 0
72 49 64 0.5 0
12 59 69 0.5 0
15 72 69 0.5 0
51 48 69 0.5 0
29 37 64 0.5 0
78 47 69 0.5 0
9 70 64 0.5 0
81 67 69 0.5 0
40 40 69 0.5 0
90 41 66 0.5 0
116 58 69 0.5 0
29 77 69 0.5 0
40 90 64 0.6588 0
15 45 64 0.5 0
102 40 65 0.5 0
114 77 64 0.5 0
11 52 64 0.5 0
102 82 64 0.5 0
7 64 64 0.5 0
88 87 64 0.5 0
88 77 64 0.5 0
21 47 66 0.5 0
18 77 64 0.5 0
120 66 64 0.5 0
71 56 64 0.5 0
36 36 64 0.5 0
35 75 65 0.5 0
81 40 64 0.5 0
47 39 64 0.5 0
44 70 69 0.5 0
80 78 66 0.5 0
70 73 64 0.6778 0
51 60 67 0.5 0
73 61 64 0.5 0
56 48 64 0.5 0
51 75 64 0.6573 0
45 101 66 0.5 0
115 70 68 0.5 0
29 42 65 0.5 0
12 63 65 0.5 0
77 58 65 0.5 0
55 59 64 0.5 0
80 67 64 0.5 0
102 43 69 0.5 0
50 68 64 0.5 0
98 77 65 0.5 0
52 52 65 0.5 0
106 77 65 0.5 0
72 106 64 0.7052 0
42 72 65 0.5 0
109 49 65 0.5 0
55 106 64 0.7052 0
85 97 64 0.6755 0
14 56 66 0.5 0
78 103 64 0.3774 0
49 45 65 0.1293 0
62 107 64 0.503 0
43 41 65 0.5 0
115 55 65 0.5 0
117 62 65 0.5 0
80 44 66 0.5 0
38 41 65 0.5 0
59 73 64 0.7094 0
84 74 64 0.5 0
44 81 64 0.5709 0
77 50 66 0.5 0
91 74 65 0.5 0
24 44 65 0.5 0
17 49 64 0.5 0
26 77 66 0.5 0
106 46 65 0.5 0
30 76 65 0.5 0
0
