128
74 65 78 0.546 0
7 54 63 0.5 0
34 101 66 0.5 0
122 63 62 0.5 0
47 31 62 0.2048 0
94 27 63 0.5 0
98 101 64 0.5 0
34 69 89 0.8555 0
105 61 90 0.6898 0
11 83 62 0.5 0
27 42 78 0.649 0
57 84 64 0.5 0
51 52 78 0.6202 0
92 84 84 0.5 0
72 41 64 0.5 0
110 44 72 0.3967 0
112 83 70 0.5052 0
88 47 78 0.5448 0
78 91 68 0.5374 0
12 66 84 0.5 0
42 85 78 0.966 0
23 81 78 0.5448 0
27 28 62 0.0655 0
62 60 62 0.1594 0
55 71 78 0.5 0
87 68 91 0.5 0
37 51 90 0.5529 0
109 61 73 0.5 0
15 39 66 0.5949 0
26 59 78 0.5 0
84 76 74 0.6998 0
101 74 77 0.8548 0
91 99 78 0.5 0
9 69 68 0.5287 0
48 62 90 0.5 0
43 39 75 0.6641 0
56 43 66 0.4977 0
21 93 67 0.5679 0
69 76 68 0.5015 0
90 62 78 0.5 0
108 33 62 0.1966 0
103 47 84 0.5 0
97 36 74 0.5 0
99 89 72 0.5 0
74 50 75 0.5054 0
46 94 67 0.5749 0
14 52 76 0.5 0
83 34 69 0.5 0
84 54 90 0.5071 0
32 95 79 0.5 0
99 74 91 0.5 0
118 49 62 0.2048 0
39 60 80 0.5 0
110 94 63 0.5 0
113 70 83 0.2655 0
22 61 90 0.6967 0
46 75 70 0.3622 0
116 71 71 0.411 0
33 33 71 0.5126 0
46 74 86 0.3591 0
98 48 70 0.3626 0
19 68 74 0.668 0
37 49 77 0.6822 0
86 99 62 0.2048 0
34 76 78 0.582 0
95 55 86 0.5772 0
87 89 75 0.7176 0
23 72 86 0.5814 0
26 51 86 0.5772 0
24 51 70 0.4441 0
57 61 73 0.5347 0
114 59 83 0.3848 0
83 77 86 0.5 0
109 52 78 0.581 0
82 56 78 0.9598 0
60 70 67 0.5289 0
14 78 72 0.5266 0
118 78 62 0.2048 0
48 63 77 0.8163 0
67 51 66 0.0543 0
49 78 78 0.6072 0
101 62 80 0.3506 0
117 56 69 0.5373 0
103 83 78 0.649 0
31 80 87 0.5 0
94 80 70 0.2599 0
69 59 71 0.5265 0
37 27 63 0.2178 0
32 85 78 0.9024 0
76 83 74 0.5 0
70 85 62 0.0316 0
79 63 88 0.5 0
97 51 78 0.5448 0
91 72 83 0.5 0
80 42 75 0.6855 0
52 86 72 0.5 0
92 95 69 0.4763 0
76 75 78 0.6058 0
31 59 86 0.5772 0
10 60 71 0.5 0
58 52 70 0.5 0
22 50 78 0.5448 0
24 34 69 0.556 0
32 66 79 0.5 0
45 51 70 0.4099 0
95 78 77 1.1821 0
38 94 72 0.469 0
101 31 67 0.5961 0
41 69 79 0.5 0
114 40 65 0.5 0
15 61 78 0.8665 0
107 71 70 0.4613 0
100 42 78 0.6262 0
99 98 74 0.5 0
24 76 70 0.521 0
56 77 71 0.5 0
43 48 84 0.5 0
88 38 75 0.5904 0
109 75 78 0.5794 0
50 37 68 0.5867 0
39 61 90 0.4087 0
104 69 86 0.5786 0
12 47 68 0.5581 0
25 73 78 0.5448 0
83 68 79 0.5 0
27 88 71 0.5124 0
19 58 70 0.5141 0
83 50 70 0.1595 0
0
