128
84 63 68 2.6763 0
10 64 68 1.7161 0
46 64 88 0.5 0
121 66 65 0.5 0
36 64 68 2.4994 0
104 63 78 1.9649 0
68 65 87 0.5 0
58 64 70 0.5 0
87 65 89 0.5 0
23 64 84 0.5 0
34 63 81 2.328 0
97 64 68 2.3405 0
93 64 81 2.328 0
26 63 73 2.6754 0
112 64 70 2.0796 0
41 64 75 3.4367 0
70 64 74 0.5 0
57 64 83 0.5 0
86 63 75 3.4367 0
14 63 79 0.9623 0
94 63 74 3.0314 0
19 63 66 1.5893 0
33 64 74 3.0314 0
78 66 85 0.5 0
101 64 73 2.6754 0
47 66 64 0.5 0
43 64 68 2.6763 0
117 63 80 0.5 0
40 63 82 2.6718 0
87 64 82 2.6718 0
91 63 68 2.4994 0
30 63 68 2.3405 0
20 64 72 2.3701 0
28 64 79 2.2131 0
107 63 72 2.3701 0
99 64 79 2.2131 0
73 64 67 0.5 0
103 64 67 1.9624 0
24 63 67 1.9624 0
15 63 70 2.0796 0
23 63 78 1.9647 0
117 64 68 1.7161 0
52 64 73 0.5 0
112 64 75 1.8422 0
15 63 75 1.8422 0
52 61 86 0.5 0
73 61 86 0.5 0
49 64 81 0.5 0
108 64 66 1.5892 0
76 64 73 0.5 0
57 64 89 0.5 0
110 65 82 0.5 0
18 64 78 1.4508 0
109 63 78 1.4508 0
11 63 73 1.2923 0
116 64 73 1.2923 0
82 64 88 0.5 0
74 64 82 0.5 0
50 67 85 0.5 0
53 64 68 0.5 0
66 64 71 0.5 0
29 64 86 0.5 0
46 59 80 0.5 0
43 64 86 1.1742 0
92 64 88 0.5 0
73 61 71 0.5 0
84 64 86 1.1742 0
49 61 71 0.5 0
36 64 88 0.5 0
90 66 72 1.118 0
37 61 72 1.118 0
112 64 65 1.0118 0
15 63 65 1.0118 0
61 64 87 0.5 0
62 64 73 0.5 0
91 63 85 1.0787 0
36 64 85 1.0787 0
83 69 79 0.5 0
104 65 84 0.5 0
91 61 78 1.0026 0
36 66 78 1.0026 0
58 61 86 0.5 0
58 67 86 0.5 0
74 64 89 0.5 0
71 67 71 0.5 0
97 64 83 1.1015 0
30 63 83 1.1015 0
91 66 77 1.0861 0
36 61 77 1.0861 0
49 67 70 0.5 0
46 67 80 0.5 0
57 64 74 0.5 0
77 64 69 0.5 0
79 62 86 0.5 0
48 62 85 0.5 0
80 64 82 0.5 0
53 64 82 0.5 0
115 63 65 1.0118 0
40 61 70 1.0068 0
87 66 70 1.0068 0
83 66 79 0.7559 0
83 60 80 0.8432 0
79 67 70 0.5 0
53 65 86 0.5 0
75 67 71 0.5 0
72 65 86 0.5 0
114 65 81 0.5 0
11 67 76 0.5 0
46 59 74 0.5 0
102 63 82 0.7707 0
82 67 72 0.8375 0
46 69 75 0.5 0
70 64 69 0.5 0
58 61 72 0.5 0
25 64 82 0.7707 0
114 63 78 0.8064 0
45 60 84 0.5 0
44 66 79 0.7559 0
44 62 79 0.7559 0
98 61 71 0.7191 0
29 66 71 0.7191 0
29 61 76 0.7184 0
107 67 80 0.5 0
32 68 79 0.5 0
40 62 65 0.6816 0
87 65 65 0.6816 0
45 60 71 0.8133 0
87 63 87 0.5964 0
0
