128
108 63 63 3.2141 0
7 72 60 0.5 0
52 28 66 0.8935 0
58 99 67 0.5 0
67 63 60 0.6905 0
17 38 67 0.5 0
27 96 63 0.735 0
111 97 61 0.5 0
36 63 60 0.6905 0
109 31 61 0.5441 0
74 40 67 0.5 0
76 84 65 0.5 0
52 79 60 0.6905 0
52 48 60 0.6905 0
33 29 60 0.627 0
86 64 68 0.5 0
9 53 60 0.6905 0
34 80 60 0.6905 0
34 46 60 0.6905 0
43 100 60 0.6905 0
15 85 68 0.5 0
107 82 61 0.9215 0
20 64 60 0.6905 0
51 63 65 0.5 0
79 53 60 0.6543 0
107 45 61 0.9215 0
64 33 60 0.6905 0
79 72 60 0.6297 0
67 92 60 0.6236 0
8 63 68 0.5 0
41 27 67 0.6905 0
44 71 62 0.5 0
94 63 61 0.5 0
24 33 62 0.8607 0
19 90 60 0.6905 0
57 89 62 0.5 0
35 101 68 0.5 0
45 57 60 0.6905 0
12 46 66 0.8032 0
12 81 60 0.6905 0
57 40 60 0.6905 0
77 63 60 0.6905 0
52 99 61 0.8925 0
30 88 60 0.6905 0
10 75 68 0.5 0
58 64 60 0.6905 0
75 45 60 0.6905 0
11 64 60 0.6905 0
77 49 68 0.5 0
110 74 61 0.9215 0
80 58 67 0.6905 0
113 52 61 0.5 0
66 36 68 0.5 0
46 27 60 0.6905 0
70 91 68 0.5 0
30 30 68 0.5 0
108 90 61 0.9215 0
47 101 68 0.5 0
79 75 68 0.5 0
37 54 60 0.5 0
21 92 68 0.5 0
60 96 60 0.6905 0
60 31 67 0.6905 0
15 41 60 0.6905 0
35 99 60 0.6905 0
30 39 60 0.6905 0
28 64 60 0.6905 0
10 55 68 0.5 0
70 38 61 0.8151 0
85 65 60 0.5 0
80 68 66 0.909 0
110 38 61 0.9215 0
77 79 60 0.6905 0
64 94 66 0.7849 0
38 74 60 0.6905 0
57 30 60 0.4466 0
72 87 60 0.6683 0
46 64 60 0.6905 0
39 60 66 0.5 0
107 53 61 0.9215 0
39 67 65 0.5 0
8 69 66 0.7259 0
41 100 66 0.7338 0
8 59 63 0.5931 0
50 73 60 0.6905 0
90 67 64 0.5 0
15 86 62 0.7593 0
113 85 61 0.5 0
35 28 66 0.7598 0
39 27 60 0.5214 0
19 37 61 0.7933 0
10 81 66 0.5 0
51 55 60 0.5 0
22 34 68 0.5 0
11 47 60 0.588 0
55 84 60 0.6905 0
32 98 65 0.8674 0
48 68 66 0.5 0
52 99 67 0.6905 0
40 59 61 0.8302 0
44 57 66 0.5 0
52 28 60 0.6905 0
10 77 63 0.9051 0
41 67 60 0.6905 0
87 60 64 0.5 0
80 59 61 0.9028 0
113 44 61 0.5 0
52 64 60 0.6905 0
18 89 65 0.7714 0
46 27 66 0.7784 0
113 79 61 0.5 0
10 50 64 0.8975 0
77 79 66 0.7444 0
29 30 63 0.6995 0
77 49 63 0.6667 0
72 64 60 0.6905 0
75 45 66 0.6944 0
59 35 61 0.5 0
57 46 61 0.5 0
22 93 63 0.6358 0
80 67 61 0.7878 0
64 33 65 0.7853 0
72 87 66 0.6683 0
47 100 63 0.7045 0
70 38 66 0.8151 0
49 61 61 0.5207 0
79 53 66 0.6543 0
95 64 66 0.5 0
0
