128
63 64 62 6.871 0
117 64 86 0.5 0
11 62 42 0.5 0
106 65 49 0.5 0
30 63 66 4.3529 0
85 63 93 0.5 0
79 63 79 6.0545 0
83 62 47 4.2223 0
46 63 48 4.707 0
79 63 64 7.6818 0
49 63 60 6.1595 0
72 64 51 6.0648 0
31 63 47 4.0939 0
66 63 76 5.5012 0
37 64 56 5.5022 0
57 63 50 5.4504 0
54 63 72 5.279 0
101 69 84 0.5 0
25 64 56 4.936 0
119 63 58 0.5 0
40 63 68 4.8409 0
19 64 48 3.9892 0
102 64 61 0.5 0
107 59 84 0.5 0
95 60 83 0.7539 0
84 68 54 3.0213 0
96 59 54 0.4072 0
45 63 76 2.826 0
111 69 57 0.5 0
21 64 64 2.9724 0
110 59 56 0.4072 0
97 65 47 0.5 0
104 64 77 0.5 0
109 67 84 0.9216 0
85 59 54 2.5955 0
92 69 83 0.5 0
71 63 85 2.3956 0
58 64 81 2.3471 0
93 63 75 0.5 0
101 63 90 0.5 0
97 68 55 0.4022 0
38 66 47 2.3094 0
65 61 45 2.2376 0
103 60 55 0.9202 0
87 73 73 0.5 0
23 63 70 2.2259 0
70 69 68 2.0339 0
84 69 72 2.066 0
82 65 88 1.9838 0
34 63 74 1.9611 0
70 58 68 2.035 0
61 68 71 2.0985 0
104 67 55 0.8365 0
113 65 51 0.5 0
113 64 62 0.5 0
93 65 89 0.5 0
71 58 58 2.035 0
79 58 54 1.8687 0
84 58 73 1.9823 0
75 69 72 2.006 0
111 63 90 0.5 0
64 67 47 1.9339 0
17 61 54 1.9299 0
74 58 72 1.9347 0
93 63 59 0.3219 0
46 67 71 1.8136 0
39 64 76 1.6694 0
90 70 45 0.5 0
101 63 83 0.694 0
17 66 55 1.647 0
52 63 80 1.7129 0
39 60 49 1.7864 0
114 63 56 0.9252 0
52 66 44 1.6411 0
92 65 54 0.8367 0
77 63 88 1.489 0
50 68 52 1.6211 0
44 68 54 1.6395 0
41 68 62 1.6395 0
78 67 45 1.5255 0
48 59 68 1.5313 0
67 58 55 1.5943 0
29 63 73 1.5797 0
25 66 45 1.4789 0
112 62 84 0.6983 0
59 67 77 1.5802 0
64 64 84 1.4841 0
86 71 84 0.5 0
96 66 83 0.8376 0
40 61 44 1.4371 0
18 64 59 1.4837 0
25 60 49 1.3634 0
90 64 82 0.6187 0
19 60 58 1.5387 0
65 69 54 1.4031 0
72 67 82 1.4819 0
25 61 45 1.4794 0
88 73 67 0.5 0
107 63 59 0.5 0
64 58 70 1.4549 0
56 69 58 1.4058 0
99 63 52 0.5 0
57 58 58 1.4487 0
26 67 49 1.3949 0
55 69 62 1.4227 0
56 58 64 1.4189 0
92 65 45 0.5 0
98 63 77 0.5 0
83 60 86 1.4089 0
71 69 74 1.4359 0
86 68 47 1.4256 0
61 58 55 1.378 0
59 69 55 1.3021 0
56 69 66 1.2992 0
79 69 51 1.3293 0
14 65 43 1.0033 0
59 58 68 1.3223 0
37 68 63 1.3202 0
88 73 59 0.5 0
86 72 79 0.5 0
106 63 89 0.5 0
89 59 83 0.5 0
77 63 43 1.0033 0
36 59 62 1.3336 0
14 61 45 1.2277 0
86 70 59 1.1456 0
33 68 62 1.1455 0
62 65 43 1.0033 0
0
