128
63 76 60 0.699 0
101 21 66 0.5 0
52 26 55 0.4083 0
99 107 71 0.5 0
27 106 57 0.5 0
112 65 57 0.5 0
27 63 55 0.5 0
83 50 73 0.5 0
52 50 73 0.5 0
91 84 55 0.4282 0
74 22 71 0.5 0
77 111 55 0.4282 0
52 100 62 0.5 0
99 44 55 0.4282 0
77 93 73 0.5 0
68 44 55 0.4282 0
37 84 55 0.4282 0
101 76 73 0.5 0
84 63 55 0.4282 0
112 49 71 0.5 0
85 29 55 0.4282 0
47 63 57 0.5 0
74 90 57 1.7402 0
77 69 73 0.5 0
53 30 73 0.5 0
52 85 72 0.4083 0
93 102 55 0.4282 0
52 68 73 0.5 0
100 37 72 0.4097 0
69 24 55 0.4282 0
100 60 68 0.5599 0
52 42 58 0.5 0
77 110 71 0.5 0
66 60 55 0.4282 0
100 91 67 0.4097 0
83 46 57 0.5 0
97 70 57 0.5 0
52 86 55 0.4282 0
27 92 62 0.5 0
83 36 69 0.5 0
85 82 68 0.5 0
112 50 56 0.5 0
88 21 72 0.5 0
39 98 55 0.4282 0
99 30 55 0.4282 0
78 75 57 0.5586 0
65 91 68 0.5618 0
88 99 67 0.5 0
61 21 66 0.2127 0
27 76 61 0.041 0
96 57 55 0.5 0
89 68 68 0.5 0
111 65 73 0.5 0
61 90 57 1.4042 0
37 71 55 0.4282 0
76 60 64 0.2991 0
55 54 55 0.4282 0
61 34 55 0.4282 0
100 48 67 0.4097 0
101 90 55 0.5 0
51 74 55 0.4282 0
100 80 62 0.5 0
60 76 72 0.5 0
75 35 55 0.4282 0
89 110 65 0.5 0
47 107 55 0.5 0
82 100 55 0.4282 0
92 21 59 0.2127 0
75 54 55 0.4282 0
79 21 60 0.2127 0
53 57 65 0.5 0
52 40 69 0.4083 0
52 77 65 0.4083 0
57 65 55 0.4282 0
90 38 55 0.4282 0
82 60 72 0.5 0
92 93 60 0.5 0
77 99 64 0.5 0
38 64 62 0.5 0
88 74 55 0.4282 0
27 85 55 0.5 0
74 66 55 0.4282 0
100 37 62 0.4097 0
52 32 63 0.3499 0
52 21 69 0.5 0
68 90 62 1.7402 0
88 60 63 0.5 0
54 91 65 0.6062 0
81 67 63 0.8086 0
68 71 71 0.5 0
98 107 61 0.5 0
48 95 55 0.4282 0
106 58 55 0.4282 0
86 91 73 0.5 0
84 89 62 0.5 0
91 50 59 0.5 0
86 109 55 0.4282 0
100 21 55 0.5 0
92 50 72 0.5 0
60 21 56 0.2127 0
30 97 55 0.4282 0
82 83 55 0.4282 0
100 28 72 0.4097 0
45 81 57 0.5 0
60 47 57 0.5 0
106 65 64 0.5 0
100 98 62 0.5 0
57 93 73 0.5 0
70 80 55 0.4282 0
52 69 62 0.5 0
89 75 73 0.5 0
100 85 73 0.5 0
54 79 58 0.8753 0
83 26 66 0.1547 0
69 22 63 0.5 0
86 74 63 0.5 0
66 69 55 0.4282 0
101 52 60 0.5 0
100 68 70 0.5 0
95 74 66 0.2334 0
77 27 55 0.4282 0
84 54 55 0.4282 0
43 89 57 0.5 0
84 46 66 0.5 0
98 99 70 0.5 0
74 90 69 1.1389 0
29 71 55 0.5 0
27 67 62 0.5 0
0
