128
63 63 63 18.2233 0
118 64 45 0.5 0
63 63 120 0.5 0
38 109 45 0.5 0
37 18 45 0.2205 0
50 87 54 8.9556 0
90 64 54 8.8782 0
64 64 91 8.8074 0
49 41 53 8.1446 0
51 42 68 5.3012 0
87 64 69 5.2666 0
66 84 50 5.121 0
81 52 50 5.121 0
64 42 50 5.121 0
52 84 70 5.1014 0
56 76 83 5.0157 0
80 75 50 5.121 0
57 52 85 5.0955 0
45 73 50 5.121 0
77 63 84 4.9811 0
44 55 50 4.6936 0
43 99 49 4.0791 0
104 63 49 3.9052 0
44 29 49 4.1131 0
64 64 105 4.1062 0
53 46 78 3.8438 0
74 45 49 3.346 0
81 67 76 3.298 0
42 64 49 3.1288 0
59 41 61 3.1516 0
59 85 64 2.9672 0
84 71 63 2.946 0
47 79 64 2.8432 0
70 56 83 2.8821 0
65 74 83 2.7889 0
84 55 61 2.7947 0
57 75 92 2.7449 0
102 64 68 0.5 0
74 81 53 2.8257 0
71 71 82 2.7427 0
58 81 76 2.7047 0
91 64 83 0.5 0
52 83 79 2.5577 0
47 34 63 2.4209 0
45 51 59 2.6217 0
45 75 59 2.6217 0
48 91 66 2.5844 0
58 54 96 2.5509 0
45 31 58 2.5813 0
51 77 76 2.6148 0
59 35 48 2.5792 0
80 59 77 2.6144 0
85 63 80 2.5231 0
64 85 59 2.2705 0
61 91 48 2.4519 0
53 68 82 2.5006 0
60 58 102 2.4366 0
53 59 82 2.5006 0
78 64 101 0.5 0
96 63 65 2.3335 0
60 70 101 2.4121 0
89 75 48 2.3154 0
81 75 59 2.4228 0
41 81 47 2.0974 0
55 76 47 2.0974 0
91 53 48 2.1881 0
65 52 82 2.3017 0
53 31 48 2.1381 0
99 75 45 0.5 0
78 63 47 2.0974 0
102 64 57 2.1691 0
99 69 47 2.0974 0
76 64 94 2.0982 0
70 76 47 2.0974 0
60 47 77 2.2416 0
41 47 47 2.0974 0
59 80 47 2.0974 0
41 92 47 2.0974 0
71 64 101 2.1234 0
98 57 48 2.154 0
55 100 45 0.5 0
52 97 47 2.0974 0
75 82 47 2.0974 0
55 51 47 2.0974 0
83 56 67 2.078 0
49 66 47 2.0974 0
69 50 47 2.0974 0
60 49 47 2.0974 0
44 97 58 2.0072 0
70 44 56 2.073 0
51 53 78 1.9432 0
43 61 55 2.0643 0
58 44 73 2.0661 0
40 23 47 1.8998 0
78 49 57 2.0509 0
46 48 64 1.893 0
82 71 69 1.8815 0
94 73 47 1.9214 0
69 83 58 1.8765 0
40 38 47 1.8998 0
65 42 59 1.7953 0
63 64 112 1.9295 0
40 87 47 1.8998 0
43 67 56 1.7285 0
63 78 79 1.7905 0
54 37 62 1.8997 0
75 56 79 1.8496 0
76 79 58 1.8424 0
76 71 78 1.7102 0
60 83 71 1.7874 0
48 77 70 1.7787 0
82 57 72 1.6971 0
95 64 78 0.5 0
48 50 70 1.7787 0
62 75 88 1.7123 0
50 40 76 1.568 0
59 37 56 1.5387 0
57 95 47 1.3963 0
45 94 62 1.6143 0
113 64 47 0.8005 0
59 42 68 1.624 0
54 70 88 1.4361 0
46 86 65 1.5572 0
64 53 88 1.585 0
47 93 74 0.5 0
47 35 68 1.5 0
88 57 64 1.5326 0
100 64 62 1.4403 0
0
