128
62 48 61 15.122 0
114 64 89 0.5 0
15 63 91 0.4721 0
98 64 20 0.5 0
22 64 27 0.5 0
75 51 86 11.7212 0
110 63 54 0.5039 0
51 52 87 11.0906 0
17 62 59 0.5291 0
75 59 26 3.415 0
47 59 31 4.0354 0
69 54 37 9.0748 0
93 58 60 4.1321 0
33 59 62 3.953 0
89 55 72 7.4648 0
42 56 70 7.0591 0
97 61 39 2.0197 0
33 56 82 6.5462 0
63 37 81 6.3805 0
53 57 41 6.0512 0
82 57 55 6.0512 0
96 55 85 6.1813 0
28 61 41 2.0197 0
42 57 56 5.8122 0
111 63 70 0.5039 0
90 61 27 2.0197 0
62 41 94 4.5318 0
57 58 29 4.5367 0
14 63 74 0.2031 0
82 58 43 4.4115 0
33 61 29 1.8062 0
42 59 45 4.0354 0
77 59 70 4.0354 0
88 59 93 4.0354 0
79 44 71 3.8861 0
30 59 71 3.4524 0
81 59 32 3.6429 0
36 48 90 3.6259 0
90 59 48 3.5977 0
57 47 41 3.5365 0
57 49 32 3.4312 0
67 59 24 3.2659 0
110 64 40 0.5 0
25 61 50 1.9438 0
40 59 36 3.3936 0
71 38 95 3.3707 0
104 61 64 1.6692 0
39 59 94 3.4043 0
63 58 95 3.3722 0
100 60 75 3.0276 0
90 48 91 3.3327 0
53 39 95 3.3014 0
34 59 50 3.2459 0
106 64 30 0.5 0
62 60 79 3.0276 0
104 62 47 1.0118 0
18 62 82 0.6851 0
90 60 40 3.0276 0
48 44 74 2.9945 0
53 60 74 3.0276 0
75 60 48 3.0276 0
99 60 67 3.0276 0
34 60 42 3.0276 0
103 61 55 1.5412 0
68 60 75 3.0276 0
50 60 51 3.0276 0
72 39 76 2.804 0
42 42 94 2.8001 0
97 60 53 2.749 0
29 60 55 2.8797 0
76 49 48 2.7949 0
89 60 33 2.7184 0
81 51 65 2.7738 0
111 63 80 0.5039 0
17 64 41 0.5 0
107 62 90 1.0118 0
23 62 91 0.6144 0
90 47 83 2.6214 0
18 62 68 0.8332 0
53 39 80 2.6797 0
39 62 20 0.5 0
39 60 29 2.6423 0
54 37 86 2.5849 0
71 36 87 2.5895 0
78 38 94 2.5608 0
63 49 96 2.4748 0
83 60 25 2.5044 0
63 32 71 2.4417 0
43 60 24 2.4301 0
26 60 89 2.4555 0
48 54 49 2.3795 0
26 60 65 2.2983 0
88 52 61 2.2914 0
26 62 33 1.0118 0
15 64 49 0.5 0
99 62 29 0.9623 0
23 61 73 2.0197 0
79 41 64 2.2788 0
52 60 23 2.258 0
68 61 48 2.0197 0
33 60 35 2.1401 0
85 43 94 2.3223 0
63 43 43 2.1466 0
28 63 21 0.4552 0
80 64 100 0.5 0
40 50 96 2.2234 0
25 60 78 2.214 0
38 47 83 2.0953 0
76 38 68 2.0614 0
28 51 89 2.0745 0
100 60 59 2.1675 0
59 61 48 2.0197 0
29 60 46 2.1623 0
86 52 96 2.1532 0
77 61 62 2.0197 0
42 61 80 2.0197 0
96 60 44 2.1302 0
39 49 78 2.0038 0
87 61 86 2.0197 0
81 61 76 2.0197 0
85 61 80 2.0197 0
51 61 68 2.0197 0
73 61 54 2.0197 0
80 61 96 2.0197 0
70 61 96 2.0197 0
103 61 83 2.0197 0
95 61 34 1.9568 0
103 61 89 2.0197 0
0
