128
64 63 60 3.4425 0
95 111 56 0.5 0
95 16 70 0.5 0
33 111 58 0.5 0
33 16 66 0.5 0
64 28 62 5.4744 0
63 99 61 0.7742 0
45 47 62 5.4675 0
95 79 57 0.5 0
35 81 57 0.9516 0
94 47 57 0.616 0
86 62 62 5.3695 0
86 24 62 5.3337 0
41 25 62 5.3364 0
82 45 62 5.4679 0
83 95 57 0.9516 0
41 62 62 5.3685 0
63 82 59 2.4167 0
44 97 57 0.9516 0
48 35 62 5.4033 0
78 33 62 5.4687 0
74 62 62 5.3446 0
53 22 62 5.1412 0
53 62 62 5.3175 0
78 112 58 0.5 0
65 41 61 4.4667 0
74 22 62 5.1201 0
52 110 57 0.9516 0
80 80 57 0.9516 0
48 84 57 0.9516 0
59 51 59 2.4436 0
66 110 57 0.9516 0
48 76 71 0.5 0
67 89 71 0.5 0
71 77 70 0.5 0
72 92 57 0.9516 0
93 100 57 0.9516 0
88 37 60 3.4415 0
39 39 64 3.4716 0
33 93 58 0.6087 0
92 89 57 0.9516 0
54 93 57 0.9516 0
68 51 59 2.4442 0
75 102 57 0.9516 0
75 52 60 3.01 0
42 107 57 0.9516 0
86 107 57 0.9516 0
56 43 60 2.7468 0
58 75 69 0.5 0
45 75 57 0.9516 0
34 102 57 0.9516 0
58 35 60 2.9358 0
72 75 57 0.9516 0
53 53 60 2.8202 0
54 76 57 0.9516 0
88 52 65 2.5449 0
62 47 73 0.5 0
56 31 66 2.6283 0
79 55 65 2.6921 0
59 84 70 0.5 0
87 75 57 0.9516 0
40 88 57 0.9516 0
55 102 57 0.9516 0
65 17 70 0.5273 0
72 45 60 2.6484 0
61 90 65 0.5746 0
63 93 58 1.4591 0
49 55 66 2.5493 0
86 53 59 2.4442 0
66 19 64 2.543 0
66 72 58 1.3722 0
34 72 57 0.9516 0
61 19 60 2.543 0
33 52 57 0.6088 0
39 53 65 2.5241 0
89 32 65 2.4336 0
60 57 59 2.4425 0
47 56 59 2.4426 0
79 88 57 0.9516 0
39 34 59 2.4443 0
39 53 59 2.4436 0
80 56 59 2.4431 0
71 29 68 2.2071 0
73 83 57 0.9516 0
87 83 57 0.9516 0
80 72 57 0.9516 0
95 71 57 0.5 0
70 48 70 0.5 0
48 74 64 0.8391 0
81 17 72 0.5 0
33 16 57 0.5 0
34 45 57 0.9516 0
63 88 59 2.0448 0
59 108 57 0.9516 0
46 17 70 0.5273 0
48 103 57 0.9516 0
68 103 57 0.9516 0
69 69 71 0.6529 0
55 86 57 0.9516 0
50 43 73 0.5 0
58 69 73 0.5 0
42 81 57 0.9516 0
47 91 57 0.9516 0
38 16 71 0.5 0
56 45 69 0.7951 0
62 70 59 1.9012 0
76 41 72 0.5 0
82 102 57 0.9516 0
73 109 57 0.9516 0
52 72 69 0.8971 0
69 84 66 0.386 0
89 41 66 1.6261 0
89 17 70 0.5273 0
46 18 66 1.5352 0
94 17 57 0.616 0
95 54 59 0.5 0
57 68 66 1.8051 0
77 96 57 0.9516 0
85 89 57 0.9516 0
92 106 57 0.9516 0
34 87 57 0.9516 0
38 96 57 0.9516 0
54 71 58 0.9733 0
70 73 65 0.5 0
89 95 57 0.9516 0
65 79 67 0.5 0
61 40 71 0.5 0
57 18 72 0.5 0
0
