128
41 64 79 13.4736 0
97 67 26 4.146 0
87 64 80 13.463 0
30 60 26 4.1434 0
86 66 53 11.9308 0
37 65 53 11.8363 0
51 63 27 4.5845 0
76 62 27 4.6029 0
40 58 114 0.5 0
90 59 114 0.5 0
39 74 31 3.4355 0
89 54 34 3.4934 0
30 68 34 4.2014 0
42 54 28 3.6475 0
51 64 42 4.6997 0
78 70 36 3.8636 0
51 67 63 4.3601 0
97 60 33 4.2103 0
34 56 35 3.7139 0
76 61 37 4.2304 0
40 67 104 1.015 0
49 70 34 4.019 0
85 66 107 1.2035 0
85 75 23 1.3756 0
48 57 34 4.0796 0
98 64 65 4.0652 0
98 65 41 4.063 0
80 71 26 3.8594 0
93 55 26 3.7582 0
93 72 33 3.6583 0
81 55 31 3.8637 0
75 65 66 3.6962 0
82 55 41 3.7699 0
31 69 25 3.6265 0
49 58 63 3.6505 0
46 72 26 3.6778 0
93 56 41 3.5904 0
39 62 97 3.5861 0
43 74 40 3.3568 0
43 55 41 3.493 0
79 57 65 3.5384 0
95 72 66 3.4464 0
93 56 65 3.3139 0
29 61 39 3.3911 0
90 73 25 3.3291 0
42 75 65 3.2214 0
85 74 36 3.1796 0
29 69 67 3.1299 0
86 65 98 2.8648 0
81 74 66 2.9959 0
35 74 40 2.9592 0
34 74 66 2.9688 0
30 59 66 2.9205 0
49 72 45 2.8891 0
86 54 65 2.8538 0
53 65 55 2.705 0
52 60 50 2.6071 0
94 73 41 2.6481 0
40 54 65 2.7406 0
85 59 110 1.3904 0
38 67 114 0.5 0
35 54 24 2.6162 0
39 73 24 2.6183 0
48 55 24 2.6169 0
40 59 107 0.9683 0
52 69 50 2.5649 0
86 54 24 2.5752 0
74 66 43 2.4816 0
98 59 46 2.4987 0
36 54 42 2.4567 0
47 55 47 2.4868 0
50 72 57 2.449 0
79 54 24 2.3173 0
50 57 55 2.2607 0
88 53 45 2.2862 0
44 65 111 0.9965 0
75 59 45 2.2878 0
99 68 34 2.1599 0
99 59 25 2.1657 0
87 76 65 2.2217 0
88 59 103 1.2044 0
48 74 62 2.1419 0
28 69 41 2.0708 0
92 66 114 0.5 0
53 61 68 2.0701 0
100 64 58 2.0607 0
27 64 64 2.0178 0
27 63 70 1.9059 0
50 56 41 1.808 0
93 66 106 0.5 0
86 75 30 1.9325 0
89 66 111 1.2505 0
99 70 61 1.6946 0
41 56 35 1.815 0
98 58 69 1.6836 0
100 67 48 1.7683 0
100 62 50 1.7877 0
31 56 43 1.7804 0
46 54 57 1.7631 0
28 59 33 1.7166 0
89 53 60 1.6862 0
78 73 42 1.7915 0
33 55 63 1.7626 0
97 57 57 1.7613 0
95 55 48 1.7233 0
33 74 29 1.6872 0
50 73 67 1.669 0
98 71 46 1.7114 0
74 60 71 1.6962 0
54 64 35 1.6605 0
53 60 58 1.6461 0
78 55 47 1.6425 0
89 60 99 1.59 0
74 69 61 1.7133 0
36 65 109 0.7374 0
91 76 69 1.6004 0
87 76 42 1.5917 0
44 76 46 1.5864 0
76 72 64 1.6829 0
74 69 71 1.6513 0
74 60 62 1.6494 0
73 64 60 1.6782 0
74 68 31 1.6054 0
42 53 60 1.6495 0
95 61 23 1.6391 0
99 70 71 1.6382 0
75 68 23 1.6389 0
76 57 59 1.5771 0
0
