128
68 69 68 3.2828 0
53 11 65 1.9792 0
48 108 51 5.2113 0
99 27 77 0.5 0
34 73 54 6.416 0
103 81 64 5.673 0
83 108 51 5.25 0
96 44 46 0.9731 0
32 35 53 2.3475 0
77 20 47 1.1131 0
77 14 81 1.2672 0
88 65 49 3.4982 0
29 80 83 1.8862 0
33 23 78 0.8912 0
92 29 56 2.6741 0
102 51 67 0.5 0
66 28 69 0.7049 0
49 21 47 1.0985 0
50 68 66 3.4518 0
95 72 54 6.5048 0
27 80 65 5.8785 0
78 13 65 2.2021 0
39 22 60 2.5523 0
56 16 85 0.5 0
99 79 88 0.5 0
26 50 66 0.5 0
64 14 58 2.7871 0
48 64 52 3.2169 0
80 68 66 3.5084 0
64 11 76 1.4641 0
59 84 74 0.5 0
102 82 76 4.3274 0
89 21 69 1.508 0
30 33 69 0.6867 0
44 14 79 0.9053 0
98 42 58 1.063 0
27 82 76 4.2999 0
67 79 73 2.6365 0
84 21 56 2.1237 0
91 19 83 0.5 0
74 64 56 1.8553 0
97 32 69 1.2879 0
43 16 69 1.6161 0
41 27 47 1.4416 0
28 48 51 0.5 0
41 65 49 3.4618 0
91 69 64 3.2699 0
86 28 47 1.474 0
38 68 63 3.2362 0
80 64 52 2.9748 0
49 17 55 1.5231 0
28 41 62 0.7824 0
58 64 58 1.1508 0
95 36 52 2.4032 0
60 68 67 2.9465 0
36 75 65 3.1839 0
63 17 45 0.5 0
94 76 65 3.001 0
32 31 62 1.7335 0
83 17 62 2.5013 0
53 11 76 0.911 0
46 15 63 2.3355 0
64 19 63 2.761 0
99 82 55 2.7372 0
63 74 70 2.8115 0
63 9 66 1.39 0
30 83 56 2.6093 0
35 23 71 1.4272 0
68 15 83 0.8473 0
73 66 64 2.7183 0
85 16 75 0.904 0
75 15 57 1.2229 0
71 10 69 1.2551 0
34 30 56 2.515 0
100 72 63 2.5123 0
32 43 46 0.8425 0
88 22 60 2.5807 0
40 64 56 2.3213 0
56 16 49 0.7664 0
89 64 56 2.256 0
70 16 49 0.9731 0
30 71 63 2.2405 0
25 77 56 2.1965 0
37 30 50 1.8911 0
51 63 59 1.7525 0
56 65 63 2.252 0
55 13 80 1.6951 0
90 31 49 1.9817 0
44 65 63 2.1652 0
33 27 67 1.5847 0
84 24 50 1.9078 0
93 28 62 2.1172 0
54 64 55 2.1773 0
93 23 78 0.9777 0
38 26 55 2.2139 0
31 40 49 1.8199 0
61 80 73 2.0854 0
104 76 56 2.0358 0
105 87 71 2.1296 0
35 26 62 2.0751 0
94 27 69 1.5236 0
30 31 77 0.5 0
88 27 52 2.0837 0
45 18 58 1.9221 0
42 22 55 2.0665 0
86 65 63 2.093 0
95 33 59 2.1098 0
37 19 84 0.5 0
44 71 66 2.0456 0
84 17 85 0.5 0
81 63 58 2.0672 0
55 13 57 0.6799 0
27 48 59 0.6908 0
98 46 52 0.5659 0
78 12 73 0.6834 0
46 63 58 2.0132 0
29 43 56 0.7706 0
68 10 64 1.5268 0
24 87 70 1.9528 0
39 18 77 0.8904 0
77 18 52 1.398 0
96 41 49 1.7345 0
91 24 66 1.883 0
64 14 82 1.7689 0
72 11 75 0.9795 0
82 15 68 1.8301 0
73 11 65 1.828 0
37 22 67 1.8393 0
0
