128
67 72 58 2.0556 0
21 83 96 0.5 0
21 43 34 0.832 0
107 42 34 0.5 0
106 84 95 0.5 0
23 82 53 2.3477 0
107 86 37 0.5 0
60 84 96 0.5 0
58 43 34 0.8342 0
92 81 70 3.6952 0
41 80 81 3.2663 0
48 81 44 3.6952 0
87 64 34 0.8342 0
75 82 38 1.7711 0
75 81 81 3.6952 0
29 65 34 0.8342 0
104 72 51 1.8492 0
80 43 34 0.8342 0
64 63 34 0.8342 0
105 65 79 1.0111 0
23 78 73 2.1107 0
85 72 52 1.8492 0
58 80 81 3.2658 0
39 82 62 1.7711 0
40 49 34 0.8342 0
106 61 34 0.832 0
79 69 63 3.9228 0
29 84 34 0.8342 0
93 82 38 1.7711 0
55 82 62 1.7711 0
100 80 79 4.2107 0
46 64 34 0.8342 0
59 81 50 3.6952 0
90 69 70 3.865 0
94 50 34 0.8342 0
81 81 63 3.6952 0
87 82 96 0.5 0
105 83 60 1.3399 0
70 81 57 3.6952 0
35 72 39 2.3599 0
104 72 38 1.8492 0
96 82 51 1.7711 0
65 72 41 1.8492 0
23 77 42 2.1107 0
76 56 34 0.8342 0
104 72 63 1.8492 0
61 84 34 0.8342 0
101 69 76 3.9241 0
29 83 87 1.3507 0
80 72 39 1.8492 0
34 82 49 1.7711 0
82 82 49 1.7711 0
66 82 69 1.7711 0
50 82 72 1.7711 0
91 81 81 3.6952 0
53 54 34 0.8342 0
34 82 39 2.6873 0
22 55 34 0.8342 0
40 84 96 0.5 0
66 81 81 3.6952 0
33 81 81 3.6952 0
49 81 81 3.6952 0
95 72 56 1.8492 0
93 72 38 1.8492 0
103 82 43 1.7711 0
69 46 34 0.8342 0
72 83 96 0.5 0
28 82 65 1.7711 0
54 72 34 0.8342 0
71 72 49 1.8492 0
24 81 79 3.3556 0
46 82 55 1.7711 0
100 82 91 1.7711 0
83 80 81 3.2661 0
45 82 91 1.7711 0
55 72 46 1.8492 0
31 44 34 0.8342 0
49 72 39 1.8492 0
62 72 52 2.2921 0
48 43 34 0.8342 0
32 55 34 0.8342 0
96 60 34 0.8342 0
104 51 34 0.8342 0
94 82 59 1.7711 0
22 76 61 1.1823 0
92 72 46 1.8492 0
70 82 47 1.7711 0
83 82 41 1.7711 0
85 53 34 0.8342 0
39 82 70 1.7711 0
73 65 34 0.8342 0
63 53 34 0.8342 0
58 82 39 1.7711 0
21 70 34 0.832 0
105 83 52 1.3399 0
55 63 34 0.8342 0
23 82 61 2.3477 0
58 82 91 1.7711 0
43 71 47 0.6716 0
67 82 90 1.7711 0
76 83 72 1.6794 0
89 43 34 0.8342 0
72 72 42 1.8492 0
34 82 57 1.7711 0
46 82 63 1.7711 0
89 82 50 1.7711 0
38 61 34 0.8342 0
68 82 38 1.7711 0
39 77 39 2.3599 0
56 72 39 1.8492 0
99 43 34 0.8342 0
107 86 70 0.5 0
103 82 72 2.4835 0
46 86 33 0.5 0
88 82 89 1.7711 0
94 71 64 2.4076 0
42 82 40 2.4351 0
23 82 45 2.3477 0
83 71 57 2.4266 0
45 56 34 0.8342 0
21 83 34 0.832 0
23 82 88 1.7711 0
23 82 39 2.3477 0
56 72 52 2.2921 0
49 72 45 2.0553 0
23 82 69 2.3477 0
102 81 33 0.5 0
73 72 58 2.0556 0
0
