128
70 88 64 1.999 0
16 33 62 0.5 0
90 14 65 0.5 0
17 94 62 0.5 0
56 34 65 2.8596 0
38 67 66 0.5915 0
87 57 65 0.5 0
95 109 62 0.5 0
43 100 64 1.8364 0
80 34 62 0.5 0
21 53 66 0.5 0
34 39 65 0.9286 0
89 77 64 0.5125 0
77 107 63 0.9288 0
56 93 65 2.5329 0
41 84 66 1.0744 0
70 22 63 0.8769 0
43 28 64 1.999 0
99 26 63 0.5 0
68 101 64 1.999 0
71 40 64 1.6941 0
30 95 63 0.8083 0
71 31 65 2.5239 0
82 22 63 0.9575 0
80 49 65 0.882 0
83 85 64 0.5329 0
47 95 65 3.0068 0
26 32 63 0.7769 0
46 37 64 1.5261 0
41 34 65 3.0068 0
65 35 65 2.8406 0
65 93 65 2.5844 0
43 89 65 3.0068 0
80 97 62 0.5 0
25 44 66 0.5 0
87 105 63 0.885 0
48 31 65 2.9012 0
61 25 63 0.8937 0
91 23 63 0.9312 0
57 104 63 0.5 0
71 96 65 2.2124 0
36 76 65 0.4543 0
97 101 62 0.5 0
56 100 64 1.999 0
84 113 63 0.5 0
73 25 64 1.999 0
58 28 65 2.1351 0
64 29 65 2.1844 0
74 36 65 2.1449 0
33 28 62 0.5 0
78 86 65 1.2312 0
75 89 64 1.999 0
63 100 64 1.999 0
41 95 64 1.999 0
53 27 64 1.9857 0
73 101 64 1.999 0
51 100 64 1.999 0
88 18 63 0.9911 0
51 90 64 1.7018 0
61 89 64 1.6942 0
77 44 64 0.9885 0
91 71 65 0.5 0
90 113 65 0.5 0
68 25 64 1.6485 0
51 37 64 1.5499 0
37 38 66 1.6788 0
91 108 63 0.9227 0
23 95 62 0.5 0
77 18 63 0.5 0
83 108 63 0.6317 0
76 30 64 1.5862 0
29 42 66 0.644 0
32 34 62 0.5 0
60 38 64 1.3995 0
60 96 66 1.556 0
75 42 65 1.5405 0
21 35 63 0.5 0
88 82 66 0.5 0
82 102 63 0.5 0
76 94 64 1.1423 0
82 16 63 0.5 0
22 49 66 0.9938 0
83 54 66 0.5 0
39 72 66 0.5 0
35 98 62 0.4832 0
38 80 66 0.9682 0
94 19 64 0.5 0
82 27 64 0.5 0
86 25 62 0.5 0
30 32 63 0.8092 0
83 19 63 0.9012 0
32 41 66 0.9868 0
93 103 62 0.5 0
67 40 63 0.9911 0
71 107 63 0.5 0
47 26 65 1.0987 0
47 101 65 1.0725 0
75 105 63 0.9911 0
96 23 62 0.5 0
76 22 63 0.9911 0
72 92 63 0.9911 0
70 36 63 0.9911 0
66 87 64 1.0794 0
76 98 64 1.0012 0
88 61 64 0.5 0
80 112 62 0.5 0
67 97 63 0.9911 0
77 102 63 0.9911 0
77 26 63 0.9911 0
87 110 63 0.8231 0
53 96 63 0.9911 0
42 41 66 0.5 0
37 27 62 0.5 0
66 98 66 0.9838 0
64 25 63 0.9911 0
97 105 62 0.5 0
72 105 63 0.9911 0
91 18 63 0.9911 0
88 21 63 0.9911 0
39 99 63 0.7898 0
69 92 63 0.9911 0
73 92 66 0.9216 0
70 92 66 0.966 0
81 105 63 0.9843 0
41 39 66 0.8976 0
34 31 63 0.7394 0
70 37 66 0.8591 0
81 30 62 0.5 0
0
