128
71 101 58 13.339 0
44 28 81 11.0525 0
100 53 79 13.2078 0
26 71 58 13.3315 0
79 22 48 7.2326 0
91 90 76 13.3926 0
36 37 58 13.3972 0
36 90 76 13.3921 0
91 37 58 13.3972 0
101 71 58 13.3312 0
27 53 79 13.2077 0
46 96 52 11.8415 0
64 63 92 4.9649 0
59 103 81 11.4957 0
83 28 81 11.0523 0
93 93 51 9.8311 0
106 74 82 7.7512 0
21 74 82 7.7511 0
106 52 48 7.5098 0
21 52 48 7.5093 0
48 22 48 7.2327 0
65 42 93 3.957 0
28 89 47 6.8022 0
78 106 81 6.6137 0
75 91 90 6.5197 0
78 21 64 6.413 0
49 21 63 6.4126 0
67 20 86 6.4563 0
85 45 91 5.9728 0
42 64 92 4.9649 0
42 44 90 5.9257 0
61 33 86 5.7929 0
86 63 92 4.9649 0
52 108 65 5.5604 0
93 57 46 5.484 0
34 57 46 5.4836 0
98 35 87 5.4321 0
29 35 87 5.4321 0
34 71 87 5.4484 0
93 71 87 5.4484 0
52 90 91 5.2714 0
54 92 68 5.2057 0
84 79 91 5.0703 0
42 80 92 4.9649 0
39 80 46 4.8348 0
64 85 92 4.9649 0
64 74 92 4.9649 0
64 52 92 4.9649 0
18 53 62 4.8184 0
109 53 62 4.8182 0
79 89 45 4.7864 0
89 79 45 4.7864 0
59 110 46 4.7919 0
77 35 45 4.7864 0
50 35 45 4.7864 0
25 90 60 4.7784 0
85 105 45 4.7725 0
105 85 45 4.7675 0
99 33 75 4.7138 0
28 33 75 4.7135 0
71 92 75 4.6288 0
43 105 87 4.6903 0
35 71 75 4.6355 0
92 71 75 4.6352 0
41 105 66 4.295 0
86 82 59 4.2897 0
55 17 86 4.1864 0
31 98 60 4.108 0
53 69 89 2.9023 0
36 55 63 3.9373 0
91 55 63 3.9369 0
103 90 62 3.9362 0
90 103 63 3.9382 0
44 107 75 3.8357 0
111 64 44 3.7785 0
63 92 44 3.7785 0
22 40 45 3.8064 0
105 40 45 3.8065 0
20 44 65 3.8317 0
107 44 65 3.8317 0
16 65 44 3.7785 0
20 81 44 3.7785 0
52 59 89 2.9023 0
87 48 44 3.7785 0
40 48 44 3.7785 0
90 25 44 3.7785 0
37 25 44 3.7785 0
72 37 88 3.7294 0
87 104 88 3.5971 0
105 85 88 3.657 0
22 85 88 3.6568 0
41 81 61 3.6544 0
45 55 90 3.5838 0
78 39 71 3.6175 0
49 39 71 3.6172 0
75 51 89 2.9023 0
85 45 73 3.5161 0
42 45 73 3.5158 0
20 84 70 3.4222 0
107 84 70 3.4219 0
56 111 56 3.4074 0
52 32 65 3.389 0
75 33 66 3.3894 0
53 39 89 3.4327 0
52 17 73 3.389 0
71 111 73 3.4075 0
42 90 93 3.36 0
74 73 89 2.9023 0
29 80 89 3.4327 0
98 80 89 3.4327 0
75 29 57 3.3894 0
86 106 70 3.4082 0
37 70 44 3.309 0
39 22 67 3.3127 0
86 89 93 3.2963 0
90 70 44 3.3084 0
32 100 45 3.2806 0
81 55 90 3.167 0
52 48 89 2.9023 0
80 86 54 3.056 0
26 33 44 3.1557 0
101 33 44 3.1555 0
110 77 44 3.087 0
77 110 44 3.073 0
50 110 45 3.073 0
112 64 70 2.9977 0
15 64 70 2.9976 0
111 63 88 3.1058 0
0
