128
91 73 64 4.1226 0
29 22 65 1.563 0
27 107 63 0.5 0
91 25 64 4.1226 0
35 73 64 4.1226 0
100 108 70 0.5 0
35 47 64 4.1226 0
92 48 64 4.1226 0
35 94 64 4.1226 0
92 99 64 4.1226 0
92 85 64 4.1226 0
35 35 64 4.1226 0
92 35 64 4.1226 0
35 83 64 4.1226 0
41 22 67 1.563 0
35 25 64 4.1226 0
38 108 73 0.5 0
43 108 60 0.5 0
34 103 64 3.5787 0
37 55 63 3.0454 0
94 56 63 2.6701 0
92 108 73 0.5 0
100 108 61 0.5 0
84 108 67 0.5 0
89 92 64 2.2457 0
85 105 62 1.1798 0
89 105 70 1.3735 0
101 20 67 0.5 0
94 92 62 2.0929 0
98 105 63 1.563 0
44 104 67 0.5 0
39 105 69 1.563 0
41 105 64 1.563 0
98 22 65 1.563 0
33 20 73 0.5 0
31 108 72 0.5 0
92 20 73 0.5 0
38 41 62 1.6379 0
89 42 62 1.6379 0
89 57 65 1.6622 0
95 22 69 1.563 0
86 105 66 1.563 0
96 105 67 1.563 0
33 22 70 1.563 0
41 22 62 1.563 0
89 105 62 1.563 0
32 57 65 1.5919 0
34 105 70 1.563 0
95 79 65 1.5919 0
95 42 65 1.5919 0
32 41 65 1.5919 0
90 22 70 1.563 0
93 105 70 1.563 0
38 22 70 1.3735 0
85 22 64 1.3983 0
89 79 66 1.3329 0
93 93 67 1.2116 0
32 53 62 1.3243 0
29 105 67 1.2258 0
38 41 66 1.3329 0
89 42 66 1.3329 0
91 54 67 1.2625 0
90 79 61 1.099 0
29 105 61 1.099 0
86 22 68 1.0217 0
34 53 67 1.2116 0
39 89 64 1.2409 0
39 78 64 1.2409 0
39 30 64 1.2409 0
88 53 64 1.2409 0
39 100 64 1.2409 0
94 79 61 1.099 0
94 42 61 1.099 0
34 41 61 1.099 0
98 22 61 1.099 0
29 22 61 1.099 0
93 60 69 0.5 0
90 54 61 1.099 0
95 104 61 1.099 0
98 30 67 0.5 0
39 104 61 1.0052 0
95 90 66 1.0401 0
95 30 66 1.0401 0
32 89 66 1.0401 0
32 78 66 1.0401 0
32 30 66 1.0401 0
37 99 67 1.0364 0
37 89 67 1.0364 0
37 78 67 1.0364 0
37 30 67 1.0364 0
98 69 65 0.5 0
38 99 61 0.9388 0
38 88 61 0.9388 0
89 57 61 0.9388 0
98 30 62 0.5 0
89 30 61 0.9388 0
98 94 66 0.5 0
91 108 66 0.5 0
32 57 61 0.6679 0
36 58 69 0.5 0
28 104 64 0.8181 0
31 78 63 0.7766 0
96 30 63 0.7766 0
31 30 63 0.7766 0
31 89 63 0.7766 0
94 53 67 0.8801 0
101 108 66 0.5 0
97 108 72 0.5 0
95 69 61 0.6543 0
38 68 69 0.5 0
94 68 69 0.5 0
86 23 61 0.8181 0
93 108 63 0.5 0
88 81 62 0.792 0
35 58 67 0.6543 0
98 52 66 0.5 0
97 71 68 0.5 0
41 51 66 0.5 0
41 59 66 0.5 0
96 76 63 0.7766 0
96 70 63 0.7766 0
96 60 67 0.5 0
96 94 65 0.648 0
92 106 64 0.5551 0
31 52 65 0.648 0
38 108 60 0.5 0
30 68 66 0.5 0
98 27 65 0.5 0
0
