128
60 83 70 14.7906 0
90 43 18 0.3988 0
37 43 20 0.3995 0
76 40 60 7.4841 0
88 84 21 0.8789 0
42 54 72 11.4969 0
40 83 19 0.764 0
67 62 121 0.5 0
85 54 72 11.4969 0
85 77 73 9.7873 0
62 43 28 1.7719 0
49 40 45 4.7955 0
74 86 38 3.7876 0
45 87 42 4.0233 0
38 74 73 7.5866 0
83 41 36 3.2629 0
51 40 60 7.4841 0
66 29 87 0.5 0
61 61 100 0.5262 0
58 84 25 1.7719 0
80 86 59 6.3559 0
59 40 82 3.5694 0
71 67 80 5.8206 0
64 39 52 5.8034 0
49 88 52 5.789 0
69 88 51 5.6469 0
77 38 76 5.454 0
50 38 76 5.454 0
41 82 60 5.1197 0
55 64 79 5.2843 0
42 42 30 2.5024 0
81 87 45 4.7955 0
81 40 45 4.7955 0
62 55 62 2.2645 0
56 49 81 4.71 0
72 47 81 4.71 0
76 43 21 0.8789 0
74 68 67 4.613 0
73 84 19 0.8034 0
62 47 60 4.5503 0
58 87 45 4.3674 0
78 90 78 4.1454 0
41 85 29 2.2147 0
66 57 82 4.1077 0
71 40 43 3.9847 0
52 44 19 0.764 0
42 86 78 4.0124 0
87 85 30 2.3807 0
48 72 82 3.7021 0
78 91 69 3.8798 0
72 52 62 3.7763 0
71 42 30 2.5024 0
39 45 58 3.5369 0
48 68 66 3.7401 0
100 66 86 0.5 0
53 86 37 3.5506 0
60 64 112 0.7702 0
94 67 67 3.5582 0
44 41 37 3.5506 0
95 66 76 3.5307 0
88 45 59 3.5366 0
53 41 36 3.2629 0
55 53 62 3.2724 0
76 76 61 3.4074 0
67 85 28 1.7799 0
89 79 59 3.1735 0
84 86 36 3.2629 0
89 66 82 3.1499 0
66 66 93 1.3563 0
76 84 26 1.7719 0
61 34 62 3.2275 0
88 43 25 1.7059 0
38 66 82 3.1499 0
67 39 82 3.1288 0
42 41 51 3.1149 0
41 86 69 3.0153 0
72 93 59 3.119 0
61 66 86 3.1425 0
70 98 87 0.5 0
34 74 62 2.9224 0
75 41 35 2.9751 0
48 85 31 2.7798 0
93 73 62 2.7684 0
55 65 67 2.9297 0
75 76 83 2.6943 0
59 42 44 2.7798 0
86 42 52 2.7798 0
31 63 79 2.6208 0
88 39 85 0.9589 0
39 39 85 0.9567 0
80 44 83 2.6943 0
79 85 31 2.7798 0
41 73 62 2.7684 0
82 68 83 2.6943 0
41 40 79 2.59 0
41 85 35 2.7798 0
48 45 83 2.6943 0
46 64 83 2.6943 0
75 58 83 2.6943 0
71 95 79 2.737 0
34 66 66 2.7323 0
47 80 83 2.6943 0
84 39 68 2.6231 0
43 39 68 2.6231 0
79 84 83 2.6943 0
60 30 81 1.2925 0
66 66 105 0.9699 0
48 84 21 0.8789 0
49 42 30 2.5024 0
51 97 87 0.5 0
58 92 54 2.6463 0
68 44 19 0.764 0
86 40 78 2.5881 0
31 65 73 2.5865 0
55 36 50 2.4613 0
72 59 65 2.4458 0
56 85 30 2.5024 0
87 85 51 2.3789 0
34 82 87 0.5 0
72 85 30 2.5024 0
30 74 87 0.5 0
86 42 30 2.5024 0
56 42 30 2.5024 0
79 42 30 2.5024 0
40 42 43 2.3804 0
74 36 50 2.4613 0
98 58 87 0.5 0
67 30 81 1.2925 0
0
