128
45 45 79 14.9371 0
89 89 38 8.5324 0
83 44 44 14.2329 0
39 88 39 9.5403 0
88 88 87 9.5403 0
83 45 79 14.2329 0
45 45 45 14.9371 0
39 88 83 9.5403 0
63 88 63 8.626 0
88 88 63 9.5403 0
64 71 89 6.6616 0
63 88 39 8.626 0
88 69 39 9.5403 0
39 88 60 9.5403 0
88 69 75 9.5403 0
63 88 87 8.626 0
39 62 62 8.7407 0
38 69 43 8.5324 0
38 69 87 8.5324 0
87 62 58 7.7521 0
63 76 51 7.1694 0
63 76 75 7.1694 0
71 37 62 6.9231 0
64 71 37 6.6616 0
77 91 49 6.5167 0
91 63 91 6.5167 0
36 75 72 6.5167 0
62 36 91 6.5167 0
76 91 75 6.5167 0
64 36 37 6.5167 0
54 92 75 5.5088 0
54 92 51 5.5088 0
65 35 75 5.5088 0
36 35 62 5.5088 0
92 36 61 5.5088 0
92 76 53 5.5088 0
58 35 65 5.5088 0
65 35 50 5.5088 0
61 70 63 5.1537 0
77 53 61 4.689 0
34 56 93 4.5009 0
34 34 93 4.5009 0
84 73 91 4.56 0
92 34 93 4.5009 0
74 34 93 4.5009 0
51 93 93 4.5009 0
76 93 34 4.5009 0
75 93 93 4.5009 0
34 74 56 4.5009 0
93 51 63 4.5009 0
34 48 62 4.5009 0
34 59 34 4.5009 0
71 69 67 4.3242 0
73 69 78 4.3238 0
73 69 54 4.3238 0
55 50 62 4.2836 0
74 69 44 4.3238 0
80 58 93 3.9427 0
76 68 88 3.638 0
33 62 75 3.4931 0
94 56 33 3.4931 0
46 60 93 3.7075 0
66 94 51 3.4931 0
34 80 94 3.4931 0
83 81 47 3.4897 0
94 52 93 3.4931 0
44 77 52 3.4811 0
65 94 75 3.4931 0
82 33 63 3.4931 0
94 33 33 3.4931 0
94 77 94 3.4931 0
75 68 33 3.4931 0
94 86 50 3.4931 0
94 82 75 3.4931 0
93 94 75 3.4931 0
51 94 65 3.4931 0
75 94 63 3.4931 0
44 75 64 3.4811 0
83 73 62 3.5676 0
44 76 33 3.4811 0
94 75 63 3.4931 0
46 33 63 3.4931 0
33 34 34 3.4931 0
43 62 33 3.4931 0
33 76 33 3.4931 0
43 80 94 3.4931 0
83 33 94 3.4931 0
51 34 94 3.4931 0
33 80 49 3.4931 0
94 94 49 3.4931 0
94 60 48 3.4931 0
52 94 35 3.4931 0
44 68 75 3.4811 0
80 59 33 3.3186 0
72 43 94 3.2536 0
73 51 94 2.9918 0
82 72 53 2.9831 0
56 51 94 2.8922 0
95 58 69 2.4852 0
31 97 98 0.5 0
32 59 49 2.4852 0
94 32 71 2.4852 0
33 32 71 2.4852 0
32 93 94 2.4852 0
59 41 57 2.7132 0
80 60 69 2.6945 0
79 67 65 2.6301 0
68 76 63 2.5886 0
32 43 93 2.4852 0
73 33 32 2.4852 0
59 67 46 2.6301 0
59 67 80 2.6301 0
52 87 32 2.4852 0
35 95 72 2.4852 0
94 79 32 2.4852 0
82 63 86 2.6218 0
45 95 50 2.4852 0
95 67 51 2.4852 0
45 63 51 2.6361 0
45 84 72 2.6107 0
93 45 95 2.4852 0
94 32 85 2.4852 0
47 86 94 2.5828 0
32 59 83 2.4852 0
95 53 54 2.4852 0
44 32 94 2.4852 0
49 58 32 2.4852 0
59 32 82 2.4852 0
0
