128
76 62 61 6.9192 0
36 92 92 5.5088 0
40 87 40 9.9681 0
36 36 92 5.5088 0
40 40 40 9.9592 0
41 65 71 11.5561 0
90 90 89 7.5246 0
88 42 88 9.5403 0
87 87 40 9.9681 0
87 40 40 9.9592 0
85 63 79 12.0211 0
85 63 42 12.0211 0
41 65 46 11.5561 0
62 91 71 6.5167 0
63 36 71 6.5167 0
40 40 71 9.9592 0
87 40 67 9.9592 0
40 87 76 9.9681 0
87 87 71 9.9681 0
40 51 88 9.199 0
62 91 91 6.5167 0
63 36 39 6.5167 0
62 91 39 6.5167 0
41 74 90 7.5246 0
90 72 60 7.5246 0
43 90 58 7.5246 0
59 32 95 2.2592 0
63 36 55 6.5167 0
62 91 55 6.5167 0
75 91 84 6.5167 0
78 91 55 6.5167 0
91 57 61 6.5167 0
63 36 87 6.5167 0
36 51 58 6.5167 0
49 36 91 6.5167 0
49 36 56 6.5167 0
48 89 91 5.6747 0
76 35 79 5.5088 0
35 78 59 5.5088 0
64 56 91 2.3315 0
92 76 91 5.5088 0
35 35 56 5.5088 0
78 35 53 5.5088 0
92 92 55 5.5088 0
72 60 92 5.4939 0
83 49 54 5.1675 0
59 56 33 2.1172 0
60 71 32 1.8656 0
52 67 86 5.0073 0
62 56 48 2.1172 0
64 56 76 2.3315 0
60 71 57 1.8656 0
55 93 81 4.5009 0
35 54 34 4.5009 0
73 93 66 4.5009 0
73 93 44 4.5009 0
73 34 63 4.5009 0
54 34 79 4.5009 0
53 93 47 4.5009 0
53 68 34 4.5009 0
75 34 90 4.5009 0
93 34 53 4.5009 0
74 34 34 4.5009 0
93 56 93 4.5009 0
74 93 34 4.5009 0
70 58 34 4.3473 0
59 56 63 2.1172 0
70 58 71 4.3473 0
70 58 51 4.3473 0
54 69 61 4.2768 0
82 80 53 4.1596 0
45 53 34 4.1596 0
82 81 93 4.1596 0
68 58 82 4.0685 0
62 72 45 1.0801 0
63 72 74 0.8435 0
51 94 67 3.4931 0
81 72 93 3.5718 0
56 69 77 3.4364 0
33 65 93 3.4931 0
94 82 53 3.4931 0
33 33 82 3.4931 0
51 94 33 3.4931 0
33 94 65 3.4931 0
94 45 55 3.4931 0
33 94 52 3.4931 0
94 52 33 3.4931 0
45 75 33 3.4931 0
48 63 94 3.4931 0
81 55 93 3.5818 0
94 49 77 3.4931 0
55 87 63 3.4382 0
56 69 52 3.4364 0
54 39 33 3.4931 0
53 33 67 3.4931 0
79 94 94 3.4931 0
94 77 80 3.4931 0
62 72 97 0.9694 0
33 51 47 3.4931 0
33 66 85 3.4931 0
94 52 51 3.4931 0
94 76 47 3.4931 0
33 75 81 3.4931 0
94 65 93 3.4931 0
74 33 43 3.4931 0
72 87 94 3.4382 0
72 87 74 3.4382 0
65 87 81 3.4382 0
94 75 35 3.4931 0
94 33 79 3.4931 0
56 33 47 3.4931 0
33 70 33 3.4931 0
33 52 76 3.4931 0
57 70 94 3.2689 0
47 56 59 3.374 0
71 40 48 3.4147 0
46 75 58 3.1518 0
66 57 63 3.3394 0
66 57 43 3.3394 0
81 81 83 3.1518 0
56 56 85 2.1172 0
57 70 44 3.2689 0
57 70 69 3.2689 0
46 80 52 3.1518 0
46 51 53 3.1518 0
81 53 66 3.1518 0
46 80 65 3.1518 0
46 46 59 3.1518 0
0
