128
64 62 59 10.1201 0
63 61 103 10.9504 0
64 62 19 10.1201 0
64 63 81 9.4322 0
65 63 39 8.7196 0
68 78 108 6.3454 0
69 45 109 5.3375 0
57 46 108 4.9031 0
57 80 102 4.5389 0
56 75 110 3.8953 0
63 43 101 3.531 0
61 54 71 2.9934 0
55 64 70 2.8874 0
55 64 48 2.8874 0
55 63 30 2.8874 0
72 49 101 2.8874 0
72 42 100 2.5231 0
65 71 70 2.401 0
65 71 92 2.401 0
52 86 115 0.5 0
65 53 90 2.3659 0
55 48 100 2.5231 0
59 82 112 2.3139 0
71 73 100 2.5231 0
68 55 71 2.2807 0
62 71 48 2.401 0
72 65 92 2.3055 0
72 65 70 2.3055 0
76 67 116 0.5 0
56 66 91 2.3055 0
63 71 30 2.401 0
65 53 32 2.3659 0
72 68 112 2.3139 0
72 54 112 2.3139 0
61 53 45 2.2807 0
56 58 90 2.2807 0
59 69 70 2.3055 0
65 53 49 2.3659 0
56 58 46 2.2807 0
71 83 100 2.2608 0
56 58 72 2.2807 0
59 55 32 2.2807 0
55 53 112 2.3139 0
72 59 70 2.2807 0
72 59 92 2.2807 0
72 59 48 2.2807 0
72 59 30 2.2807 0
64 83 100 2.2608 0
54 68 112 1.8795 0
76 86 115 0.5 0
54 73 101 1.8795 0
73 70 107 1.8795 0
54 60 36 1.8795 0
64 76 99 1.5152 0
73 52 107 1.8795 0
73 64 49 1.8795 0
73 64 29 1.8795 0
52 66 8 0.5 0
54 83 111 1.8795 0
67 74 8 0.5 0
54 59 41 1.568 0
59 73 8 0.5 0
54 65 11 1.5928 0
70 68 49 1.5928 0
54 59 11 1.568 0
54 59 67 1.568 0
54 59 51 1.568 0
56 57 28 1.568 0
59 54 50 1.568 0
57 68 32 1.5928 0
54 65 42 1.5928 0
76 61 116 0.5 0
69 55 29 1.568 0
75 58 8 0.5 0
60 51 8 0.5 0
75 66 8 0.5 0
70 68 30 1.5928 0
67 53 10 1.4718 0
59 70 91 1.5928 0
59 70 10 1.4718 0
59 54 90 1.568 0
58 69 28 1.5928 0
54 65 37 1.5928 0
67 71 48 1.5928 0
67 53 44 1.568 0
60 53 37 1.568 0
67 79 99 1.5152 0
57 56 10 1.4718 0
60 53 27 1.568 0
60 53 11 1.568 0
56 43 99 1.5152 0
66 48 99 1.5152 0
58 73 99 1.5152 0
60 48 99 1.5152 0
71 78 99 1.5152 0
65 71 10 1.4718 0
73 63 10 1.4718 0
72 58 10 1.4718 0
61 72 95 1.3931 0
62 52 86 1.3581 0
54 58 113 1.306 0
65 52 27 1.3581 0
65 52 76 1.3581 0
60 51 113 1.306 0
65 71 113 1.306 0
61 72 113 1.306 0
61 52 93 1.3581 0
54 63 113 1.306 0
65 52 113 1.306 0
61 72 66 1.3931 0
64 52 37 1.3581 0
64 52 41 1.3581 0
66 52 85 1.3581 0
72 62 113 1.306 0
70 86 116 0.5 0
65 52 68 1.3581 0
61 52 76 1.3581 0
61 52 66 1.3581 0
63 48 113 1.306 0
62 44 113 1.306 0
76 79 116 0.5 0
76 86 109 0.5 0
58 69 113 1.306 0
63 40 110 1.2179 0
64 84 113 1.2529 0
73 73 113 1.306 0
73 83 113 1.306 0
62 84 106 1.2529 0
0
