128
63 64 64 0.5982 0
85 118 63 0.5 0
70 8 63 0.5982 0
40 105 89 0.4275 0
30 33 90 0.5 0
104 45 89 0.5 0
19 74 64 0.5982 0
109 81 63 0.5982 0
77 91 90 0.5 0
71 31 89 0.5 0
59 97 64 0.7797 0
99 24 63 0.5982 0
38 16 63 0.5982 0
46 74 89 0.3448 0
20 42 63 0.8414 0
29 102 63 0.5982 0
110 52 63 0.9565 0
50 40 72 0.8034 0
75 59 90 0.5 0
80 43 64 0.738 0
104 77 90 0.5 0
50 15 90 0.5 0
84 90 63 0.5982 0
24 59 87 0.2464 0
64 113 85 0.7343 0
28 87 82 0.9136 0
97 96 81 0.8883 0
46 118 62 0.5 0
92 26 85 0.6127 0
47 78 68 0.9355 0
46 52 90 0.5 0
65 29 64 0.7954 0
82 74 77 0.6192 0
65 117 63 0.5982 0
100 103 63 0.5406 0
83 109 87 0.8432 0
67 14 82 0.9833 0
52 92 82 0.7362 0
104 61 79 0.8298 0
63 75 81 0.5 0
47 57 64 0.8425 0
82 18 73 0.5473 0
31 31 73 0.505 0
100 39 73 0.818 0
53 34 89 0.4674 0
81 45 82 0.723 0
54 15 70 0.8375 0
60 57 81 0.4733 0
25 58 70 0.4562 0
42 106 73 0.9821 0
73 95 75 0.8902 0
77 58 72 0.4937 0
26 45 80 0.7194 0
42 92 63 0.8935 0
41 20 78 0.8188 0
76 74 63 0.8429 0
25 72 79 0.7915 0
28 87 67 0.5468 0
88 106 73 0.8921 0
42 31 63 0.5982 0
104 66 64 0.8444 0
74 112 74 0.9636 0
75 33 75 0.8511 0
64 98 88 0.8138 0
103 79 76 0.5392 0
80 17 88 0.7554 0
56 112 73 0.9303 0
62 29 79 0.5026 0
47 52 77 0.5324 0
89 33 63 0.5982 0
100 90 68 0.8793 0
75 73 89 0.5 0
34 98 79 0.8945 0
107 40 63 0.5982 0
28 24 63 0.8767 0
50 110 84 0.7465 0
90 16 63 0.5982 0
79 86 80 0.9986 0
54 34 63 0.5464 0
72 95 64 0.8186 0
84 58 62 0.5 0
92 26 73 0.6127 0
50 89 71 0.836 0
59 74 70 0.6253 0
61 98 76 0.7758 0
103 50 75 0.8401 0
48 81 80 0.6184 0
37 110 63 0.5422 0
37 23 89 0.5 0
17 62 62 0.5 0
49 42 83 0.9048 0
106 57 90 0.5 0
89 100 63 0.9736 0
99 36 84 0.6959 0
76 112 64 0.8905 0
101 88 88 0.765 0
65 14 71 0.946 0
84 59 81 0.5 0
78 16 64 0.9094 0
72 57 63 0.9315 0
48 46 64 0.6336 0
92 111 64 0.5982 0
93 102 90 0.5 0
25 75 90 0.5 0
80 82 70 0.8696 0
29 36 63 0.7616 0
71 74 73 0.5735 0
104 67 88 0.8882 0
20 52 64 0.5982 0
56 57 71 0.6463 0
57 8 63 0.9193 0
75 33 63 0.8511 0
26 46 70 0.987 0
56 15 81 0.495 0
48 12 63 0.5982 0
55 116 63 0.5982 0
74 112 84 0.9636 0
95 99 71 0.9113 0
47 109 65 0.9868 0
49 84 90 0.5 0
66 74 63 0.8557 0
67 57 73 0.6117 0
32 95 89 0.4674 0
56 73 88 0.532 0
53 34 79 0.8776 0
104 69 73 0.9758 0
83 50 73 0.5 0
81 81 90 0.5 0
0
