128
65 51 55 9.2203 0
35 61 113 0.5 0
101 60 105 0.5 0
55 94 17 0.5 0
36 56 20 3.5673 0
99 60 18 0.5 0
64 55 94 5.1766 0
74 91 46 1.5364 0
33 56 72 4.0568 0
96 57 74 3.2924 0
68 56 22 4.3003 0
95 56 43 3.4929 0
35 55 43 5.1812 0
49 53 81 7.1326 0
79 53 82 6.7494 0
74 84 22 2.2083 0
53 79 39 1.22 0
48 53 64 7.0356 0
48 53 47 7.3239 0
82 53 49 6.7844 0
31 57 96 2.7196 0
64 53 80 6.8988 0
52 74 18 0.5305 0
78 54 68 6.3161 0
93 56 93 4.0598 0
49 55 22 4.7736 0
75 73 39 1.2004 0
82 56 23 4.3003 0
35 55 56 4.8687 0
50 59 111 0.9844 0
64 91 34 1.5364 0
97 56 61 3.6293 0
54 84 24 2.433 0
60 55 41 4.9767 0
35 55 31 4.5545 0
53 91 46 1.5364 0
62 72 47 1.4175 0
71 55 41 4.6382 0
78 56 95 4.3003 0
46 56 94 4.3003 0
94 57 29 2.9189 0
94 55 52 4.5729 0
38 55 88 4.3043 0
60 56 68 4.3003 0
87 56 60 4.1853 0
75 70 25 1.2004 0
74 84 38 2.2083 0
65 83 47 1.4833 0
53 69 33 1.22 0
59 56 20 3.8061 0
44 56 36 3.7539 0
63 61 110 0.5 0
74 67 47 1.4833 0
75 58 31 2.5577 0
53 91 36 1.5364 0
67 50 69 3.2964 0
53 68 43 1.22 0
54 57 98 3.2629 0
38 57 98 3.2924 0
74 79 47 1.4833 0
55 57 90 3.2924 0
85 57 39 3.2924 0
52 57 36 3.3036 0
88 57 70 3.1974 0
54 84 34 2.433 0
75 57 17 3.1494 0
89 57 85 3.0981 0
54 84 46 2.4911 0
70 58 105 1.3746 0
86 55 98 3.0768 0
77 94 31 0.5 0
56 49 71 2.9895 0
75 78 30 1.2004 0
57 57 28 2.8253 0
91 58 20 2.2846 0
53 66 25 1.22 0
64 91 46 1.5364 0
64 90 23 0.682 0
41 56 72 2.8462 0
37 56 65 2.7964 0
53 75 47 1.4833 0
71 57 100 2.7766 0
38 57 78 2.7624 0
73 47 45 2.4916 0
89 57 77 2.614 0
74 94 17 0.5 0
94 57 36 2.617 0
57 47 45 2.5902 0
75 88 30 1.2004 0
59 65 47 1.276 0
85 56 91 2.4257 0
76 75 17 0.6299 0
78 57 37 2.4279 0
72 53 91 2.5044 0
42 55 27 2.4869 0
53 75 29 1.22 0
75 69 33 1.2004 0
54 84 40 2.433 0
87 58 29 2.2846 0
72 58 75 2.2846 0
31 57 85 2.32 0
100 61 84 0.5 0
51 94 27 0.5 0
69 58 67 2.2846 0
70 91 40 1.2234 0
41 60 108 0.7597 0
68 63 47 1.2757 0
96 58 23 2.2846 0
74 84 46 2.2083 0
78 58 57 2.2846 0
66 58 35 2.1415 0
60 58 101 2.2846 0
97 58 99 2.2846 0
97 58 87 2.2846 0
66 61 11 0.5 0
94 58 67 2.2846 0
56 58 75 2.2846 0
43 58 55 2.2846 0
55 58 58 2.2846 0
75 67 19 1.2004 0
72 58 88 2.2846 0
32 58 79 2.2846 0
75 64 39 1.2004 0
38 50 50 2.1375 0
44 49 38 2.2198 0
66 58 15 2.2347 0
76 45 55 2.181 0
70 72 47 1.34 0
0
