128
64 74 75 16.1744 0
63 74 37 16.1744 0
101 57 107 0.5 0
29 59 108 0.5 0
78 67 97 9.6841 0
50 67 97 9.6841 0
101 57 22 0.5 0
100 57 54 0.5 0
80 66 55 8.7339 0
47 66 57 8.7339 0
27 57 21 0.5 0
64 86 98 8.4317 0
84 64 28 6.7182 0
43 64 28 6.7182 0
43 64 81 6.7182 0
93 60 75 2.6867 0
64 89 56 6.496 0
85 64 81 6.367 0
42 65 42 5.7217 0
87 63 41 5.4636 0
87 64 68 4.8184 0
62 62 56 4.7024 0
39 62 69 4.7024 0
54 81 56 4.6894 0
64 62 101 4.7024 0
74 80 55 4.5603 0
27 57 93 0.5 0
65 100 21 0.5 0
101 57 92 0.5 0
64 93 25 3.9151 0
27 57 53 0.5 0
64 93 85 3.9151 0
53 81 92 3.9151 0
37 62 102 3.7861 0
37 62 91 3.7861 0
90 61 91 3.6946 0
91 61 100 3.657 0
75 80 103 3.6369 0
36 61 51 3.657 0
80 74 24 3.6369 0
73 61 24 3.6369 0
62 74 103 3.6369 0
53 81 103 3.6369 0
63 94 44 3.2699 0
64 101 70 0.5 0
44 71 71 3.3989 0
64 94 70 3.2699 0
28 58 35 0.5 0
74 82 91 3.2699 0
92 61 60 2.8827 0
47 75 24 3.1408 0
62 60 91 2.6867 0
46 74 85 3.0118 0
92 61 52 2.8827 0
35 61 60 2.8827 0
64 95 34 2.6247 0
35 61 36 2.8827 0
82 73 44 2.8827 0
70 60 61 2.6867 0
82 73 66 2.8827 0
93 60 33 2.6867 0
82 73 85 2.8827 0
83 72 35 2.7537 0
28 58 81 0.5 0
78 60 36 2.6867 0
78 60 71 2.6867 0
56 60 50 2.6867 0
78 60 44 2.6867 0
70 60 50 2.6867 0
51 60 45 2.6867 0
55 60 25 2.6867 0
52 60 85 2.6867 0
34 60 24 2.6867 0
34 60 77 2.6867 0
93 60 24 2.6867 0
51 60 69 2.6867 0
70 60 88 2.6867 0
48 77 50 2.6247 0
57 87 23 2.629 0
75 60 84 2.6867 0
75 60 65 2.6867 0
48 77 63 2.6247 0
34 60 44 2.6867 0
79 77 61 2.6247 0
79 77 49 2.6247 0
64 95 77 2.6247 0
84 71 72 2.6247 0
65 60 23 2.629 0
73 84 23 2.629 0
69 76 104 2.629 0
65 100 108 0.5 0
57 88 87 2.4956 0
56 87 62 2.3666 0
51 81 23 2.3666 0
56 87 50 2.3666 0
100 58 67 0.5 0
100 58 83 0.5 0
45 74 45 2.2375 0
72 86 50 2.2375 0
60 92 65 2.2375 0
99 57 41 0.5 0
72 86 62 2.2375 0
68 91 47 2.1085 0
94 60 46 1.9794 0
34 61 84 2.1085 0
44 73 32 2.1085 0
64 101 93 0.5 0
94 60 81 1.9794 0
33 60 30 1.9794 0
68 91 66 2.1085 0
70 89 87 1.8504 0
94 60 69 1.9794 0
79 78 87 1.9794 0
64 96 104 1.9794 0
64 96 92 1.9794 0
28 58 67 0.5 0
64 96 64 1.9794 0
89 66 104 1.9794 0
51 69 22 1.6211 0
70 89 27 1.8504 0
51 59 33 1.6788 0
56 59 61 1.6788 0
28 57 100 0.5 0
33 59 97 1.6788 0
75 83 97 1.8504 0
47 77 104 1.8504 0
47 77 90 1.8504 0
95 59 41 1.6788 0
0
