128
57 54 68 6.2664 0
69 80 9 0.5 0
98 35 99 0.5 0
65 65 119 0.5 0
53 75 33 7.0784 0
75 44 90 5.4062 0
52 51 110 3.8897 0
62 47 82 9.0022 0
70 64 47 3.2656 0
83 58 112 0.9245 0
55 64 50 3.3634 0
57 48 97 5.5156 0
64 71 26 5.486 0
73 56 64 3.3084 0
92 46 104 1.658 0
65 55 111 3.4139 0
88 35 96 2.8488 0
67 67 37 4.6206 0
76 51 81 4.4656 0
84 44 101 3.2025 0
73 53 72 4.1147 0
56 59 57 3.9015 0
75 52 109 2.9154 0
54 70 44 3.9575 0
72 47 100 3.6073 0
61 74 11 1.2672 0
67 38 91 3.6053 0
65 74 16 3.3445 0
56 70 20 3.3564 0
68 87 27 0.5 0
58 39 92 2.882 0
69 52 92 2.9283 0
83 38 92 2.8947 0
66 45 95 2.8384 0
64 50 103 2.7118 0
67 79 23 2.5506 0
68 80 36 0.5 0
72 61 53 2.3318 0
55 45 71 2.2566 0
66 80 29 2.1625 0
67 75 35 2.1402 0
66 61 114 2.1899 0
48 57 119 0.5 0
64 35 83 2.1781 0
65 55 73 2.1621 0
50 85 33 2.0912 0
63 54 94 2.0085 0
79 58 111 2.0988 0
78 42 98 2.0073 0
60 58 76 2.0804 0
82 45 95 2.0024 0
68 79 13 1.9779 0
73 68 42 1.9345 0
73 59 58 1.9766 0
64 44 101 1.8006 0
59 83 31 1.8501 0
55 68 26 1.8797 0
65 54 99 1.8719 0
69 57 82 1.7699 0
55 62 64 1.8913 0
55 56 77 1.6644 0
94 35 98 1.4995 0
73 36 88 1.6886 0
55 58 117 0.5 0
59 72 14 1.7804 0
45 81 33 1.7345 0
48 54 115 1.5783 0
73 53 97 1.5785 0
70 41 99 1.767 0
74 44 80 1.702 0
75 47 75 1.7001 0
51 43 81 1.732 0
48 70 41 1.729 0
65 58 78 1.5312 0
53 41 94 1.618 0
76 57 77 1.6534 0
69 79 18 1.5873 0
73 52 88 1.6093 0
55 48 105 1.6323 0
57 76 24 1.5448 0
69 38 85 1.5858 0
53 50 75 1.5726 0
77 36 92 1.3938 0
52 56 115 1.4614 0
60 78 27 1.5758 0
44 71 34 1.4616 0
64 77 11 1.5606 0
61 46 70 1.3968 0
65 50 70 1.3649 0
62 65 32 1.4133 0
66 84 26 1.3115 0
73 39 84 1.3781 0
62 41 95 1.4495 0
80 55 89 0.5 0
61 71 37 1.3704 0
59 36 83 1.4242 0
68 37 80 1.2108 0
55 38 81 1.398 0
61 54 101 1.3042 0
52 56 61 1.3221 0
70 71 32 1.3462 0
77 52 88 1.3565 0
61 64 44 0.5 0
74 52 103 1.2523 0
88 47 105 1.2211 0
69 75 20 1.3023 0
54 65 56 1.2469 0
74 39 96 1.2496 0
69 55 77 1.1484 0
53 46 75 1.2727 0
62 77 31 1.2175 0
65 58 82 1.2084 0
64 55 105 1.0492 0
65 66 44 0.9767 0
68 56 86 1.1034 0
54 52 104 1.0708 0
67 65 30 1.1501 0
51 46 84 1.1939 0
59 67 42 1.1905 0
58 69 38 1.1901 0
59 66 29 1.1804 0
80 50 91 1.0424 0
60 74 20 1.1205 0
77 56 86 0.9328 0
61 46 104 1.06 0
69 74 9 0.5 0
58 65 45 0.9654 0
52 48 87 1.1125 0
0
