128
67 64 64 0.9058 0
7 64 66 0.5 0
121 63 65 0.5 0
36 102 65 0.5 0
95 102 64 0.5 0
37 55 63 0.9953 0
95 73 63 0.7386 0
26 79 63 0.7386 0
102 48 64 0.5 0
48 76 64 0.9059 0
81 49 63 0.9058 0
81 88 65 0.5 0
105 88 69 0.5 0
19 52 63 0.7505 0
53 57 63 0.7386 0
82 64 63 0.7386 0
23 94 63 0.7278 0
110 72 63 0.7386 0
45 91 64 0.9341 0
26 63 63 0.7386 0
81 102 62 0.5 0
100 61 63 0.7386 0
93 90 63 0.7386 0
37 71 63 0.7386 0
80 76 63 0.7386 0
112 57 63 0.7386 0
16 72 64 0.8513 0
36 84 63 0.7386 0
55 68 63 0.7386 0
106 98 63 0.5 0
90 55 64 0.9954 0
45 47 65 0.5 0
46 102 62 0.5 0
45 64 64 0.7158 0
74 56 63 0.9059 0
33 93 63 0.7386 0
103 82 63 0.7386 0
88 81 63 0.7386 0
15 60 63 0.7386 0
74 69 63 0.7386 0
28 52 64 0.8448 0
87 97 63 0.7386 0
91 63 63 0.7386 0
45 83 63 0.7386 0
26 71 63 0.7386 0
34 63 63 0.7386 0
103 91 63 0.7386 0
27 102 65 0.5 0
88 70 63 0.7386 0
82 56 63 0.7386 0
25 87 68 0.5 0
112 65 63 0.7386 0
102 68 63 0.7386 0
45 55 64 0.7158 0
95 81 63 0.7386 0
97 54 68 0.5 0
31 58 69 0.5 0
41 96 63 0.7386 0
23 57 63 0.7386 0
39 78 63 0.7386 0
100 99 63 0.7386 0
45 70 63 0.7386 0
59 62 63 0.9059 0
105 54 64 0.7158 0
52 72 69 0.5 0
28 85 63 0.7386 0
87 88 63 0.7386 0
40 61 63 0.7386 0
39 90 63 0.7386 0
76 62 63 0.7386 0
33 76 63 0.7386 0
104 74 63 0.7386 0
19 66 64 0.7158 0
78 71 69 0.5 0
98 55 63 0.7386 0
98 86 63 0.7386 0
96 66 63 0.7386 0
11 67 63 0.8513 0
106 59 63 0.7386 0
86 60 63 0.7386 0
22 75 63 0.7386 0
83 93 63 0.7386 0
116 61 63 0.7386 0
51 64 63 0.7386 0
99 77 63 0.7386 0
83 84 63 0.7386 0
32 57 63 0.7386 0
24 47 62 0.5 0
42 51 63 0.7386 0
38 58 69 0.5 0
51 72 63 0.7386 0
86 76 63 0.7386 0
31 69 63 0.7386 0
98 94 63 0.7386 0
23 87 63 0.7278 0
28 98 63 0.7386 0
50 51 62 0.5 0
86 51 63 0.9953 0
93 59 68 0.5 0
81 70 64 0.7158 0
47 60 63 0.7386 0
39 66 63 0.7386 0
118 68 65 0.5 0
91 76 63 0.7386 0
28 93 63 0.7386 0
106 64 63 0.7386 0
20 61 63 0.7386 0
94 59 63 0.7386 0
47 97 65 0.5 0
93 97 64 0.7158 0
17 69 69 0.5 0
70 60 63 0.9059 0
44 88 69 0.5 0
22 101 63 0.5 0
112 69 68 0.5 0
9 63 63 0.7386 0
35 99 63 0.7386 0
107 49 63 0.5 0
41 102 64 0.5 0
85 86 68 0.5 0
22 68 63 0.7386 0
81 98 65 0.5 0
85 91 68 0.5 0
42 87 63 0.7386 0
29 60 63 0.7386 0
42 75 63 0.7386 0
90 93 63 0.7386 0
37 95 63 0.7386 0
0
