128
86 64 64 0.8418 0
29 64 21 1.128 0
27 62 108 0.5 0
100 62 109 0.5 0
98 64 21 1.128 0
38 64 66 1.128 0
63 64 96 1.128 0
64 63 32 0.76 0
89 64 88 1.128 0
29 64 44 1.128 0
95 64 44 1.128 0
38 64 90 1.128 0
80 64 106 1.128 0
47 62 109 0.5 0
48 64 24 1.128 0
78 63 20 0.6215 0
107 65 93 0.5 0
98 64 74 1.128 0
21 63 93 0.5 0
28 63 78 0.9678 0
98 64 58 1.128 0
83 64 32 1.128 0
38 64 34 1.128 0
107 62 35 0.5 0
41 63 52 0.8418 0
48 64 98 1.128 0
60 64 21 1.128 0
29 64 56 1.128 0
92 64 102 1.128 0
95 64 32 1.128 0
66 66 109 0.5 0
22 62 33 0.608 0
41 63 78 0.8418 0
38 64 106 1.128 0
86 63 76 0.8418 0
86 63 52 0.8418 0
77 64 96 1.128 0
98 64 94 1.128 0
32 64 98 1.128 0
57 64 104 1.128 0
73 64 28 1.128 0
87 64 21 1.128 0
55 64 31 1.128 0
29 64 68 1.128 0
29 64 88 1.128 0
38 64 21 1.128 0
99 63 84 0.9678 0
71 64 104 1.128 0
29 64 32 1.128 0
38 64 42 1.128 0
98 64 66 1.128 0
86 63 41 0.8418 0
38 64 58 1.128 0
69 64 20 0.8607 0
92 64 70 1.128 0
89 64 28 1.128 0
86 64 98 1.128 0
92 64 78 1.128 0
92 64 54 1.128 0
35 64 80 1.128 0
92 64 62 1.128 0
47 64 31 1.128 0
32 64 50 1.128 0
98 64 38 1.128 0
98 64 50 1.128 0
32 64 62 1.128 0
32 64 38 1.128 0
35 64 72 1.128 0
35 64 28 1.128 0
45 64 104 1.128 0
89 64 36 1.128 0
66 64 25 1.128 0
81 64 25 1.128 0
101 65 102 0.5 0
40 62 98 0.6168 0
29 64 104 1.128 0
63 64 104 1.128 0
57 64 96 1.128 0
95 64 88 1.128 0
54 64 21 1.128 0
92 64 94 1.128 0
51 64 104 1.128 0
86 64 106 1.128 0
41 64 28 1.128 0
71 64 96 1.128 0
89 64 48 1.128 0
42 64 94 1.128 0
94 66 109 0.5 0
98 64 106 1.128 0
86 64 58 0.8418 0
86 63 82 0.8418 0
41 63 84 0.8418 0
56 64 26 1.128 0
72 64 23 1.128 0
92 64 21 1.128 0
99 63 27 0.9678 0
70 66 34 0.5 0
42 64 72 0.5 0
38 64 50 1.128 0
26 65 95 0.5 0
86 63 70 0.8418 0
23 66 37 0.5 0
102 63 33 0.6008 0
44 62 19 0.5 0
78 63 32 0.76 0
103 63 90 0.5341 0
63 64 28 1.128 0
35 63 24 1.1247 0
101 62 44 0.5 0
38 64 94 1.128 0
38 64 102 1.128 0
38 64 86 1.128 0
38 64 46 1.128 0
38 64 62 1.128 0
38 64 54 1.128 0
38 64 38 1.128 0
63 64 100 1.128 0
98 64 102 1.128 0
98 64 70 1.128 0
98 64 98 1.128 0
98 64 78 1.128 0
98 64 54 1.128 0
98 64 62 1.128 0
32 64 94 1.128 0
57 64 100 1.128 0
95 64 84 1.128 0
95 64 28 1.128 0
92 64 106 1.128 0
0
