128
64 64 64 0.2896 0
14 65 35 0.5 0
114 64 36 0.5 0
15 63 93 0.5 0
113 64 93 0.5 0
81 64 35 0.5 0
47 65 35 0.5 0
31 64 64 0.4247 0
97 63 64 0.4247 0
48 63 92 0.5 0
81 65 92 0.5 0
114 65 73 0.5 0
14 64 73 0.5 0
64 65 45 0.5 0
14 64 54 0.5 0
81 63 54 0.5 0
31 63 45 0.4247 0
31 64 83 0.4247 0
48 63 73 0.4247 0
80 63 73 0.4247 0
97 65 44 0.5 0
97 63 83 0.4247 0
48 63 54 0.4247 0
64 64 83 0.4247 0
112 63 54 0.5 0
69 64 93 0.5 0
37 65 93 0.5 0
92 65 54 0.5 0
25 64 35 0.5 0
70 65 35 0.5 0
102 64 93 0.5 0
70 63 54 0.5 0
103 65 73 0.5 0
108 64 83 0.4247 0
20 63 83 0.4247 0
42 64 63 0.5 0
42 63 82 0.5 0
91 63 74 0.5 0
53 63 44 0.4247 0
75 63 83 0.4247 0
42 64 45 0.4247 0
25 64 54 0.4247 0
25 63 73 0.4247 0
53 65 63 0.5 0
85 65 64 0.5 0
69 65 73 0.5 0
75 63 44 0.5 0
19 63 44 0.5 0
53 63 82 0.5 0
36 63 36 0.5 0
19 63 63 0.5 0
37 63 54 0.5 0
59 63 54 0.4247 0
92 65 35 0.5 0
109 63 64 0.4247 0
58 65 73 0.5 0
36 63 73 0.4247 0
87 63 45 0.5 0
75 63 63 0.5 0
107 63 45 0.5 0
86 64 83 0.4247 0
59 65 92 0.5 0
104 65 35 0.5 0
91 65 93 0.5 0
59 64 36 0.4247 0
102 64 55 0.4247 0
25 65 91 0.5 0
114 64 47 0.5 0
42 65 70 0.5 0
114 65 86 0.5 0
31 65 57 0.5 0
14 64 80 0.5 0
97 63 71 0.5 0
42 63 89 0.4247 0
98 63 37 0.4247 0
75 63 90 0.4247 0
26 65 79 0.5 0
30 65 39 0.5 0
96 65 89 0.5 0
58 63 86 0.5 0
20 65 50 0.5 0
74 65 77 0.5 0
87 65 39 0.5 0
97 65 77 0.5 0
81 65 45 0.5 0
92 63 60 0.5 0
103 63 79 0.5 0
19 65 69 0.5 0
98 63 50 0.4247 0
65 63 39 0.4247 0
59 63 79 0.4247 0
31 63 90 0.4247 0
80 65 80 0.5 0
70 65 86 0.5 0
92 65 67 0.5 0
85 65 76 0.5 0
54 65 51 0.5 0
47 65 86 0.5 0
36 65 48 0.5 0
64 64 58 0.5 0
53 63 69 0.4247 0
47 63 41 0.4247 0
107 65 51 0.5 0
103 63 87 0.5 0
70 64 67 0.5 0
42 65 51 0.5 0
109 63 77 0.4247 0
53 63 37 0.4247 0
25 64 46 0.4247 0
14 65 48 0.5 0
76 63 50 0.5 0
108 63 70 0.4247 0
86 63 89 0.4247 0
20 64 77 0.4247 0
64 63 89 0.4247 0
59 63 42 0.4247 0
48 64 48 0.4247 0
36 64 79 0.4247 0
65 63 77 0.5 0
42 65 57 0.5 0
80 65 86 0.5 0
114 65 80 0.5 0
36 63 61 0.5 0
36 65 67 0.5 0
114 64 67 0.5 0
91 63 80 0.5 0
85 64 70 0.5 0
15 64 87 0.4247 0
0
