128
93 86 81 2.118 0
31 23 51 2.0615 0
32 98 40 2.1165 0
96 39 28 1.1386 0
51 45 113 1.8939 0
99 30 82 2.1042 0
14 66 80 1.6474 0
80 91 20 1.6105 0
47 96 103 2.0162 0
53 50 13 2.0534 0
74 12 55 2.1053 0
67 117 71 1.7271 0
113 73 48 2.086 0
15 57 41 1.7682 0
49 18 84 2.1069 0
79 69 114 2.0962 0
81 99 50 2.0537 0
113 61 85 1.4101 0
22 36 85 1.4331 0
28 100 74 0.5932 0
71 25 28 2.054 0
81 39 108 0.9256 0
52 80 22 0.9209 0
110 42 55 0.8042 0
59 107 31 1.384 0
76 102 99 1.1656 0
38 71 111 1.5414 0
77 64 12 1.2162 0
13 80 53 1.7635 0
41 42 34 1.6852 0
93 69 32 1.3364 0
78 15 84 1.1755 0
51 99 80 2.1189 0
54 15 41 1.8717 0
99 23 57 1.5837 0
16 38 59 1.9461 0
104 102 63 0.5369 0
114 80 74 1.7628 0
26 83 97 1.7254 0
104 94 43 1.2129 0
22 75 32 2.0255 0
63 85 113 1.8029 0
39 113 59 0.6524 0
96 50 87 2.0679 0
58 28 104 1.9243 0
23 61 97 2.0654 0
86 32 45 2.0192 0
59 64 103 0.503 0
109 52 40 2.0811 0
99 71 101 0.5 0
32 21 74 1.964 0
79 41 17 1.3782 0
64 116 52 2.0199 0
55 10 63 1.4215 0
89 89 103 1.879 0
88 109 76 0.5 0
23 39 42 2.1041 0
10 55 64 1.7319 0
35 31 96 1.879 0
116 54 67 1.1798 0
37 64 20 0.4272 0
84 26 97 1.7743 0
94 55 19 1.2588 0
92 54 109 1.012 0
38 89 24 1.8791 0
70 95 35 1.9633 0
30 85 51 2.12 0
70 52 115 1.0446 0
99 86 28 1.3015 0
14 85 70 1.5602 0
46 110 42 1.5026 0
87 112 59 1.9937 0
43 26 30 1.7742 0
104 81 92 2.1138 0
59 108 91 2.0943 0
63 21 74 1.4967 0
70 76 25 0.6245 0
51 33 90 2.0151 0
87 15 68 0.7961 0
48 69 13 2.0969 0
25 101 60 1.888 0
64 90 16 1.5271 0
24 54 76 1.7256 0
100 64 45 2.0501 0
36 54 109 0.9481 0
27 74 82 1.8588 0
35 102 89 0.9765 0
105 36 42 1.4329 0
31 49 21 0.6187 0
111 38 68 1.946 0
86 90 36 1.3378 0
30 54 37 1.555 0
111 88 59 0.7931 0
68 27 46 0.8674 0
54 107 64 0.9761 0
44 111 75 2.1105 0
67 50 24 0.7673 0
40 33 45 1.9991 0
51 79 104 1.0931 0
55 66 115 2.0943 0
18 69 65 1.1336 0
104 61 30 2.0656 0
89 71 16 1.5413 0
62 103 45 1.7203 0
34 48 93 0.9276 0
46 24 68 1.339 0
93 101 89 0.6766 0
73 105 80 0.8873 0
96 34 67 1.2926 0
61 35 18 0.9421 0
78 18 43 2.0947 0
39 99 54 1.2953 0
103 95 77 2.0648 0
76 107 38 2.1178 0
104 50 74 1.3935 0
23 50 53 1.3935 0
35 80 36 1.7462 0
84 28 82 1.386 0
89 103 40 2.0929 0
108 68 64 0.7811 0
72 61 105 1.8199 0
65 43 103 0.8993 0
49 95 33 0.9513 0
86 42 93 1.6846 0
62 92 97 0.8879 0
62 16 86 2.0784 0
41 90 91 1.3366 0
114 60 50 2.0886 0
0
