128
51 71 60 9.2442 0
91 53 113 0.5 0
51 55 103 8.8324 0
92 55 16 0.5 0
51 56 25 9.2442 0
88 55 75 2.2004 0
88 72 41 2.2004 0
51 56 74 9.2442 0
51 71 40 9.2442 0
88 72 96 2.2004 0
51 71 92 9.2442 0
74 54 46 3.2807 0
74 73 20 3.2807 0
50 55 50 8.2363 0
74 73 76 3.2807 0
74 54 89 3.2807 0
74 73 108 3.2807 0
50 74 23 7.0223 0
74 73 52 3.2807 0
74 54 108 3.2807 0
74 54 19 3.2807 0
48 75 76 6.2205 0
88 55 31 2.2004 0
88 72 64 2.2004 0
74 54 62 3.2807 0
74 73 36 3.2807 0
74 73 92 3.2807 0
88 55 96 2.2004 0
88 55 53 2.2004 0
47 51 89 5.2127 0
57 73 106 5.081 0
88 72 25 2.2004 0
58 53 90 4.9133 0
88 72 80 2.2004 0
58 52 38 4.6296 0
58 52 61 4.6296 0
47 77 106 4.5696 0
88 72 110 1.9092 0
59 75 80 4.4546 0
74 54 78 3.2807 0
74 54 30 3.2807 0
46 50 38 4.2048 0
61 75 70 3.7979 0
61 75 50 3.7979 0
61 75 30 3.7979 0
46 49 62 3.7521 0
46 67 108 3.9249 0
88 55 43 2.2004 0
62 75 20 3.3573 0
89 69 52 1.4265 0
74 69 64 0.9711 0
74 54 97 3.2807 0
74 73 100 3.2807 0
74 73 84 3.2807 0
74 73 44 3.2807 0
74 73 28 3.2807 0
74 54 70 3.2807 0
74 54 54 3.2807 0
74 54 38 3.2807 0
74 73 68 3.2807 0
74 73 60 3.2807 0
62 52 47 3.3573 0
88 55 87 2.2004 0
62 52 81 3.3573 0
89 59 107 1.053 0
90 60 64 0.8995 0
45 78 50 3.1969 0
45 59 62 3.1969 0
45 59 38 3.1969 0
45 66 81 3.1969 0
63 52 19 2.9369 0
45 60 87 3.1969 0
57 69 74 3.1635 0
63 52 108 2.9369 0
63 52 98 2.9369 0
63 52 30 2.9369 0
88 72 88 2.2004 0
88 55 67 2.2004 0
63 75 96 2.9369 0
63 75 88 2.9369 0
63 52 70 2.9369 0
56 66 18 2.917 0
63 76 62 2.7619 0
88 55 19 2.2004 0
57 67 29 2.7278 0
63 76 39 2.7619 0
63 51 54 2.7619 0
57 67 81 2.7278 0
57 60 85 2.7278 0
88 72 73 2.2004 0
88 72 32 2.2004 0
69 52 103 2.5588 0
69 52 84 2.5588 0
69 52 24 2.5588 0
90 67 15 0.5 0
88 55 103 2.2004 0
57 65 50 2.5975 0
88 72 57 2.2004 0
68 52 93 2.3551 0
86 74 16 0.7217 0
65 76 108 2.4119 0
88 72 104 2.2004 0
83 53 60 1.2467 0
68 52 65 2.3551 0
68 52 41 2.3551 0
68 75 47 2.3551 0
68 75 79 2.3551 0
68 75 25 2.3551 0
68 75 73 2.3551 0
68 52 59 2.3551 0
68 52 35 2.3551 0
83 53 109 1.2467 0
65 76 56 2.4119 0
65 76 102 2.4119 0
84 74 48 1.0717 0
88 55 81 2.2004 0
88 55 61 2.2004 0
88 55 37 2.2004 0
88 55 25 2.2004 0
68 75 32 2.3551 0
68 52 74 2.3551 0
44 65 31 2.189 0
44 65 19 2.189 0
44 67 50 2.189 0
44 66 70 2.189 0
44 79 84 2.189 0
88 55 109 2.2004 0
42 45 16 0.6733 0
0
