128
63 63 52 20.9952 0
63 71 116 2.541 0
91 77 42 10.7862 0
67 94 42 10.733 0
89 46 42 10.5373 0
41 85 42 10.374 0
64 64 85 10.1552 0
70 33 42 10.3283 0
38 45 42 10.0585 0
51 31 39 7.8929 0
21 64 34 2.8535 0
100 61 38 6.885 0
85 94 38 6.655 0
92 62 52 6.0463 0
62 56 108 2.541 0
36 71 52 5.9988 0
88 86 73 0.5 0
80 87 52 5.916 0
66 96 74 0.5 0
50 99 37 5.8771 0
27 76 37 5.8254 0
50 38 52 5.8171 0
80 80 72 4.1713 0
80 47 72 4.1713 0
40 68 37 5.5283 0
54 90 53 5.5773 0
42 88 73 0.5 0
87 63 72 3.6538 0
47 80 71 3.9937 0
64 32 74 0.5 0
43 42 72 1.3136 0
40 64 72 3.6538 0
36 58 52 5.1484 0
64 87 72 3.6538 0
25 53 36 4.8692 0
79 40 54 4.8317 0
85 61 36 4.8692 0
85 31 36 4.8692 0
72 74 75 4.8216 0
64 40 72 3.6538 0
77 62 75 4.6889 0
53 73 75 4.6175 0
54 53 75 4.6175 0
49 63 75 4.4853 0
64 49 75 4.4853 0
61 36 55 4.4415 0
72 66 107 1.7065 0
56 67 104 1.8226 0
85 77 57 4.2453 0
70 88 57 4.272 0
75 81 35 3.8614 0
62 57 99 4.0539 0
38 31 35 3.8614 0
62 77 76 4.0148 0
43 79 57 4.0592 0
63 70 99 4.0539 0
84 48 57 4.0592 0
47 47 71 3.9937 0
71 59 115 2.0598 0
73 53 76 3.8646 0
75 47 35 3.8614 0
55 62 114 2.1753 0
55 45 35 3.8614 0
44 58 35 3.8614 0
54 81 35 3.8614 0
44 46 57 3.7667 0
70 61 99 3.7901 0
62 22 35 3.6607 0
70 38 57 3.6958 0
103 50 35 3.454 0
59 105 35 3.462 0
56 64 98 3.2921 0
53 98 47 3.4532 0
78 103 35 3.1308 0
96 90 35 3.2778 0
87 68 59 3.4321 0
28 86 35 3.179 0
57 30 50 3.223 0
62 56 116 2.541 0
87 56 59 3.0281 0
39 98 35 2.9021 0
104 75 35 3.1076 0
26 44 34 2.8535 0
79 79 63 2.948 0
28 54 47 2.8822 0
84 33 47 2.8735 0
41 53 59 2.9369 0
62 82 34 2.8535 0
79 54 34 2.8535 0
62 87 60 2.7972 0
54 89 34 2.8535 0
78 24 34 2.8535 0
67 46 34 2.8535 0
29 76 47 2.9187 0
80 71 34 2.8535 0
50 51 34 2.8535 0
79 48 64 2.8828 0
93 34 34 2.8535 0
49 73 34 2.8535 0
31 36 34 2.8535 0
35 56 34 2.8535 0
59 38 34 2.8535 0
63 71 109 2.541 0
52 84 60 2.8195 0
99 56 48 2.7059 0
101 43 34 2.7462 0
74 69 120 0.5 0
24 65 45 0.6023 0
101 84 34 2.7462 0
37 59 40 2.5453 0
85 63 64 2.6109 0
70 21 34 2.5053 0
69 106 34 2.6324 0
40 67 60 2.6807 0
80 96 48 2.5713 0
67 56 112 2.541 0
37 64 45 2.464 0
33 94 34 2.3749 0
70 69 112 2.1676 0
53 42 60 2.5873 0
100 66 48 2.4521 0
64 93 56 2.4188 0
42 33 47 2.3947 0
41 63 65 2.4028 0
68 56 105 2.0598 0
70 69 103 2.3014 0
45 88 55 2.3608 0
89 90 48 2.2956 0
0
