128
45 45 71 4.8018 0
104 96 64 4.2383 0
87 64 97 8.0105 0
89 19 68 4.9538 0
19 87 61 1.4048 0
93 46 68 6.3039 0
52 16 72 4.5141 0
42 76 66 3.5263 0
90 93 87 3.4774 0
46 65 86 4.4019 0
94 91 73 8.9084 0
89 81 93 8.3979 0
89 51 82 7.2393 0
76 17 76 5.2683 0
37 25 63 2.314 0
51 47 89 1.9024 0
63 16 76 5.0042 0
49 55 90 4.9958 0
43 20 66 4.8562 0
48 47 81 4.5099 0
101 30 62 1.1624 0
32 84 62 2.3664 0
40 39 64 4.4284 0
98 36 64 4.4284 0
96 26 64 4.4284 0
44 72 74 3.9541 0
83 51 93 3.975 0
98 89 87 4.0278 0
11 76 60 0.5 0
42 30 64 3.6489 0
95 101 64 3.447 0
102 87 63 3.27 0
91 52 94 3.1406 0
86 86 82 3.0312 0
97 82 82 2.9618 0
94 74 102 2.6655 0
85 19 77 2.6626 0
82 74 101 2.7155 0
82 58 87 2.7211 0
41 70 81 2.5383 0
40 82 62 2.4127 0
89 95 62 2.4127 0
13 82 61 1.0582 0
89 88 62 2.4127 0
103 92 82 2.3233 0
91 33 62 2.4127 0
93 57 90 2.337 0
95 85 62 2.2502 0
97 46 77 2.352 0
87 43 75 2.3639 0
87 77 104 2.1336 0
97 52 75 2.1163 0
105 96 74 2.144 0
99 84 98 2.116 0
102 86 81 1.9642 0
86 51 72 2.0771 0
27 92 60 0.5 0
90 38 64 2.0593 0
55 17 79 2.007 0
93 98 84 2.0412 0
80 55 98 2.0119 0
81 18 69 1.9733 0
83 70 106 1.7928 0
44 61 92 1.9697 0
44 15 72 1.9853 0
48 69 80 1.9326 0
36 32 62 1.8902 0
100 86 93 1.8642 0
92 92 93 1.8346 0
90 82 80 1.7954 0
96 81 102 1.7739 0
69 17 81 1.8308 0
26 84 61 1.4048 0
89 28 64 1.8364 0
69 17 71 1.801 0
105 89 68 1.7804 0
101 43 64 1.6572 0
49 63 93 1.4649 0
88 60 87 1.7926 0
28 88 62 1.5929 0
83 14 73 1.704 0
80 72 95 1.7434 0
69 21 75 1.6919 0
91 70 105 1.6992 0
22 84 62 1.6739 0
86 92 82 1.536 0
46 46 88 1.6009 0
79 58 93 1.6275 0
95 71 96 1.6426 0
95 91 61 1.4048 0
105 92 77 1.5462 0
46 72 83 1.5753 0
100 83 89 1.6 0
17 82 61 1.4048 0
83 72 91 1.5565 0
82 56 102 1.5692 0
39 26 68 1.525 0
53 51 84 1.5385 0
46 43 63 1.3932 0
101 42 69 1.4697 0
106 93 70 1.4354 0
81 64 106 1.3987 0
36 79 62 1.4993 0
98 94 61 1.4048 0
37 90 61 0.5 0
37 86 61 1.4048 0
82 46 87 1.3833 0
45 35 61 1.4048 0
46 17 76 1.3391 0
93 40 61 1.4048 0
92 34 67 1.4169 0
90 24 61 1.4048 0
92 20 61 1.324 0
87 85 106 0.5 0
24 88 61 1.4048 0
98 44 61 1.4048 0
32 89 61 1.3163 0
94 96 61 1.4048 0
85 90 88 1.407 0
87 92 92 1.4022 0
83 22 72 1.1923 0
56 12 76 1.4132 0
100 95 85 1.283 0
95 69 102 1.3554 0
93 56 100 1.3515 0
44 67 78 1.2996 0
87 15 74 1.2579 0
83 80 102 1.2853 0
0
