128
75 53 69 5.2702 0
10 83 58 0.5 0
25 27 59 1.8323 0
118 83 61 0.5 0
49 88 59 1.688 0
101 30 67 4.6607 0
31 59 59 2.4348 0
85 86 60 1.6784 0
55 28 58 0.8784 0
100 55 60 3.4427 0
74 31 69 4.7803 0
50 58 59 2.4348 0
29 82 61 0.8068 0
67 74 57 0.7505 0
19 44 58 1.4269 0
107 48 75 2.027 0
92 61 75 2.027 0
67 91 61 0.8068 0
101 82 60 1.7075 0
59 41 59 2.4348 0
88 70 59 1.344 0
88 22 60 2.5243 0
39 25 59 2.4348 0
113 72 59 2.4348 0
91 25 68 5.2507 0
71 39 62 5.2618 0
93 58 66 5.2375 0
16 73 59 2.4348 0
102 51 69 5.1142 0
105 40 68 4.53 0
41 73 57 0.6453 0
70 43 72 4.4444 0
85 59 73 4.0427 0
55 71 61 0.8068 0
100 70 58 1.344 0
82 25 73 3.902 0
33 43 58 0.5 0
23 53 59 2.4348 0
90 48 74 2.2225 0
38 85 58 1.4269 0
45 38 57 0.3745 0
27 70 60 1.344 0
82 61 58 1.4269 0
27 37 58 1.4269 0
78 70 59 1.344 0
97 25 60 3.193 0
70 49 60 3.0692 0
60 83 57 0.7505 0
74 82 57 0.6453 0
82 60 65 3.0477 0
106 49 60 2.7722 0
41 49 57 0.6453 0
76 24 58 0.9318 0
98 58 74 3.0349 0
81 24 65 2.9874 0
57 90 60 1.766 0
93 84 59 1.7564 0
21 81 60 1.4394 0
74 89 58 1.4269 0
77 58 60 2.7358 0
31 24 59 2.4348 0
98 26 74 2.8941 0
38 61 59 2.4348 0
74 28 60 2.7691 0
107 38 60 2.7641 0
113 79 59 2.4348 0
58 48 59 2.3762 0
86 38 72 0.7067 0
92 54 74 2.6528 0
48 70 60 1.344 0
19 37 60 1.5831 0
36 70 59 1.344 0
87 61 60 2.4647 0
105 32 60 2.5571 0
51 26 59 2.4348 0
24 33 59 2.4348 0
44 60 59 2.4348 0
16 79 59 2.4348 0
23 47 59 2.4348 0
45 25 59 2.4348 0
23 40 59 2.4348 0
99 32 59 2.4169 0
52 79 57 0.6453 0
70 70 60 1.344 0
91 28 59 2.339 0
107 35 75 1.9818 0
58 35 59 2.2837 0
36 35 57 0.6453 0
48 45 57 0.6453 0
79 47 74 2.2225 0
69 35 74 2.2837 0
82 52 74 2.2588 0
83 77 57 0.6453 0
96 48 74 2.2225 0
94 39 72 0.7067 0
79 38 78 0.5 0
83 30 58 0.7369 0
67 84 57 0.7505 0
78 59 75 2.027 0
75 38 75 2.027 0
33 50 57 0.6453 0
60 76 57 0.7505 0
45 80 57 0.6453 0
70 50 75 2.027 0
108 40 75 2.027 0
80 23 59 1.9491 0
100 43 57 0.9033 0
75 26 75 1.9595 0
34 78 57 0.6453 0
80 49 58 0.5 0
94 76 57 0.6453 0
107 71 59 1.5169 0
34 84 60 1.7564 0
61 69 57 0.4861 0
68 47 66 1.7884 0
84 54 57 0.9191 0
81 30 66 1.8189 0
42 86 60 1.6784 0
72 55 60 1.6729 0
88 21 75 1.5166 0
70 90 59 1.766 0
95 73 63 0.5 0
51 39 57 0.6453 0
85 55 66 1.7057 0
75 46 59 1.7075 0
42 33 57 0.6453 0
108 46 65 1.7094 0
73 76 57 0.6453 0
0
