128
79 55 61 3.8385 0
43 98 88 6.4877 0
54 95 26 2.4885 0
44 16 78 2.2573 0
46 42 25 1.6392 0
88 89 90 4.849 0
84 19 78 2.6333 0
39 58 78 2.6333 0
81 94 49 2.6889 0
81 47 26 2.3104 0
46 67 47 2.3869 0
53 95 56 2.4885 0
81 76 26 2.3104 0
49 43 57 2.2028 0
62 76 77 1.6254 0
62 35 77 1.6254 0
64 93 90 5.0515 0
86 41 78 2.6333 0
65 43 41 2.2014 0
47 73 25 1.6045 0
81 77 65 2.3104 0
60 57 72 2.4097 0
46 78 66 2.3869 0
75 95 27 2.4885 0
88 63 78 2.6333 0
63 16 78 2.6333 0
81 72 46 2.3104 0
44 38 78 2.6333 0
48 54 34 4.1404 0
80 94 71 2.8907 0
64 95 42 2.4885 0
81 99 89 6.1269 0
46 86 43 2.3869 0
79 55 37 3.8385 0
63 95 71 2.5045 0
48 55 51 4.1404 0
48 55 70 4.2626 0
64 43 58 2.6985 0
37 81 78 2.6333 0
80 43 50 2.7476 0
47 94 71 3.0604 0
70 43 71 2.7958 0
74 57 78 1.6027 0
89 76 78 2.6333 0
56 43 71 2.7958 0
75 71 77 1.6254 0
69 95 54 2.4885 0
88 93 80 4.6491 0
38 90 80 4.6491 0
73 25 78 2.6333 0
70 83 72 2.4097 0
81 89 37 2.3104 0
50 69 77 1.6254 0
52 101 80 4.4113 0
46 83 55 2.3869 0
50 88 90 4.2369 0
74 101 80 4.4374 0
77 88 90 4.2369 0
46 68 60 2.3869 0
46 83 29 2.3869 0
79 55 51 3.8385 0
64 68 71 2.6281 0
46 70 36 2.3869 0
55 98 89 4.2413 0
81 81 53 2.3104 0
80 43 61 2.7476 0
39 69 78 2.6333 0
81 69 57 2.3104 0
81 68 34 2.3104 0
57 25 78 2.6333 0
48 95 35 2.5045 0
79 54 70 3.9689 0
81 66 71 2.6889 0
81 60 26 2.3104 0
46 44 41 2.3869 0
81 43 39 2.3104 0
55 80 72 2.4097 0
81 88 62 2.3104 0
64 95 26 2.4885 0
39 87 89 3.7673 0
46 62 26 2.3869 0
41 27 79 1.6433 0
47 44 71 2.9091 0
64 94 79 3.1781 0
80 43 70 2.7958 0
48 56 60 3.4102 0
54 95 42 2.4885 0
70 43 50 2.2014 0
57 74 53 0.2457 0
55 43 50 2.2014 0
64 23 79 3.4422 0
81 80 38 2.3104 0
80 53 29 3.385 0
81 83 77 1.6254 0
55 66 72 2.4097 0
71 100 92 3.2278 0
40 50 78 2.6333 0
85 33 78 2.6333 0
81 94 57 2.6889 0
47 43 50 2.7958 0
46 78 45 2.3869 0
45 96 47 1.379 0
69 95 62 2.4885 0
64 95 34 2.4885 0
76 95 37 2.4885 0
70 57 72 2.4097 0
83 102 79 2.9323 0
81 84 26 2.3104 0
81 68 26 2.3104 0
55 88 77 1.6254 0
47 57 43 2.9592 0
47 68 71 2.4587 0
48 95 63 2.5045 0
65 50 81 0.5 0
46 76 58 2.3869 0
89 52 78 0.7769 0
61 49 72 2.4097 0
89 84 78 2.6333 0
81 80 71 2.6889 0
47 43 63 2.7958 0
50 24 78 2.6333 0
81 73 71 2.6889 0
70 34 77 1.6254 0
54 36 77 1.6254 0
75 89 77 1.6254 0
70 16 78 2.6333 0
85 26 78 2.6333 0
46 87 61 2.3869 0
0
