128
61 63 69 5.653 0
85 75 14 0.6782 0
41 51 15 0.4003 0
84 74 117 0.5 0
44 55 117 0.5 0
61 63 39 5.653 0
70 63 101 5.6658 0
47 77 13 0.5 0
75 51 14 0.7155 0
61 63 19 5.653 0
45 74 107 0.956 0
60 64 88 5.653 0
61 63 55 5.653 0
51 57 105 2.4654 0
70 64 80 5.653 0
70 64 28 5.653 0
57 63 101 5.6658 0
84 54 117 0.5 0
71 64 62 5.2548 0
71 64 48 5.2548 0
56 65 29 4.6451 0
85 61 15 0.9205 0
42 65 15 0.9205 0
55 65 78 4.247 0
72 65 17 3.7018 0
55 66 47 3.6373 0
72 66 90 3.6373 0
72 66 38 3.6373 0
82 74 106 0.6021 0
81 53 107 0.9497 0
54 66 62 3.2391 0
82 64 113 0.5 0
73 61 71 3.2391 0
45 66 115 0.45 0
51 53 14 0.6782 0
63 76 108 0.5 0
85 51 14 0.7155 0
66 77 14 0.5 0
77 70 105 2.4654 0
55 75 14 0.6782 0
50 69 105 2.4654 0
77 57 105 2.4654 0
68 60 92 2.6294 0
76 75 14 0.6782 0
65 70 105 2.4654 0
66 51 14 0.7155 0
64 57 105 2.4654 0
49 69 15 0.9205 0
44 74 117 0.5 0
44 58 14 0.6782 0
53 60 23 2.2312 0
80 56 14 0.6782 0
53 60 59 2.2312 0
53 67 21 2.2312 0
53 61 93 2.2312 0
81 69 14 0.6782 0
53 60 36 2.2312 0
53 60 72 2.2312 0
53 60 66 2.2312 0
53 60 52 2.2312 0
53 60 16 2.2312 0
53 60 44 2.2312 0
74 60 93 2.2312 0
74 60 55 2.2312 0
74 60 41 2.2312 0
74 60 87 2.2312 0
74 60 35 2.2312 0
53 67 40 2.2312 0
53 60 84 2.2312 0
53 67 94 2.2312 0
53 67 71 2.2312 0
53 67 55 2.2312 0
58 52 14 0.6782 0
42 73 15 0.9205 0
78 64 105 2.0453 0
49 63 105 2.0453 0
57 74 107 0.9497 0
54 68 15 1.686 0
76 71 71 0.5 0
59 71 105 1.7233 0
44 60 112 0.5 0
71 71 105 1.7233 0
72 68 72 1.6215 0
44 53 110 0.3173 0
70 56 15 0.9205 0
61 59 47 1.6215 0
61 59 31 1.6215 0
69 59 37 1.6215 0
66 72 14 0.6782 0
64 59 96 1.6215 0
68 60 15 1.686 0
59 59 77 1.6215 0
60 68 62 1.6215 0
64 59 62 1.6215 0
82 71 112 0.5 0
69 59 55 1.6215 0
56 59 48 1.6215 0
77 57 20 0.5 0
61 59 81 1.6215 0
61 75 15 0.9205 0
73 59 15 1.686 0
71 68 55 1.6215 0
69 59 42 1.6215 0
84 68 117 0.5 0
53 68 84 1.6215 0
82 58 112 0.45 0
73 59 22 1.6215 0
67 59 86 1.6215 0
67 68 72 1.6215 0
67 68 42 1.6215 0
67 59 74 1.6215 0
64 68 49 1.6215 0
64 68 33 1.6215 0
53 68 35 1.6215 0
67 68 95 1.6215 0
63 68 98 1.6215 0
71 53 107 0.9497 0
58 53 107 0.9497 0
59 59 62 1.6215 0
59 59 26 1.6215 0
68 59 21 1.6215 0
68 68 21 1.6215 0
63 68 78 1.6215 0
63 68 26 1.6215 0
79 61 14 0.6782 0
87 67 13 0.5 0
51 76 109 0.5 0
72 56 106 1.4575 0
0
