128
72 63 63 3.2001 0
10 63 62 2.898 0
117 63 62 2.898 0
37 63 63 3.8082 0
99 63 63 3.8082 0
54 63 63 3.8082 0
81 63 63 3.8082 0
28 63 63 3.8082 0
90 63 63 3.8082 0
46 65 63 2.949 0
18 66 69 0.5 0
108 64 61 1.2711 0
63 64 64 1.2711 0
19 64 64 1.2711 0
109 62 69 0.5 0
107 64 66 1.2711 0
121 66 69 0.5 0
113 66 69 0.5 0
113 64 66 1.2711 0
12 66 69 0.5 0
48 60 64 1.2021 0
44 60 64 1.2021 0
7 69 66 0.5 0
121 69 65 0.5 0
66 62 69 0.5 0
66 64 66 1.2711 0
66 64 62 1.2711 0
61 64 61 1.2711 0
60 64 66 1.2711 0
22 64 66 1.2711 0
22 64 62 1.2711 0
110 64 64 1.2711 0
17 64 61 1.2711 0
16 64 66 1.2711 0
76 67 63 1.2021 0
112 64 61 1.2711 0
105 64 63 1.2711 0
7 63 69 0.5 0
104 69 66 0.5 0
76 64 67 0.9575 0
13 69 65 0.5 0
119 62 69 0.5 0
12 63 67 0.958 0
49 63 67 0.958 0
43 63 67 0.958 0
117 68 67 0.5 0
69 69 66 0.5 0
118 63 67 0.958 0
118 66 66 0.9574 0
9 66 66 0.9574 0
76 61 66 0.9582 0
42 66 66 0.9574 0
43 61 61 0.9581 0
121 59 66 0.5 0
42 64 60 0.9575 0
103 66 69 0.5 0
32 69 66 0.5 0
94 69 66 0.5 0
24 69 66 0.5 0
33 66 69 0.5 0
85 69 66 0.5 0
94 66 69 0.5 0
85 66 69 0.5 0
104 63 67 0.958 0
9 63 67 0.958 0
104 63 60 0.958 0
33 66 66 0.9574 0
95 66 66 0.9574 0
50 66 66 0.9574 0
86 66 66 0.9574 0
7 69 62 0.5 0
115 69 64 0.5 0
121 68 61 0.5 0
71 66 69 0.5 0
76 65 60 0.6836 0
7 59 66 0.5 0
73 69 66 0.5 0
49 62 60 0.6829 0
94 69 62 0.5 0
85 69 62 0.5 0
32 69 62 0.5 0
25 66 69 0.5 0
19 62 69 0.5 0
46 62 67 0.6829 0
12 67 65 0.5864 0
115 67 65 0.5864 0
41 69 63 0.5 0
33 67 62 0.7054 0
95 67 62 0.7054 0
86 67 62 0.7054 0
41 67 62 0.7054 0
59 68 62 0.5 0
58 68 67 0.5 0
76 60 62 0.7052 0
33 62 67 0.6829 0
95 62 67 0.6829 0
86 62 67 0.6829 0
13 59 66 0.5 0
115 60 67 0.5 0
76 62 60 0.6829 0
119 60 65 0.7052 0
79 69 66 0.5 0
89 68 68 0.5 0
104 59 66 0.5 0
11 69 62 0.5 0
8 60 65 0.7052 0
115 62 67 0.6829 0
63 63 69 0.5 0
69 63 69 0.5 0
57 65 69 0.5 0
70 65 67 0.6836 0
69 69 63 0.5 0
24 69 63 0.5 0
104 69 63 0.5 0
36 69 66 0.5 0
57 69 64 0.5 0
100 66 69 0.5 0
29 66 69 0.5 0
51 69 62 0.5 0
82 69 66 0.5 0
27 69 66 0.5 0
57 62 69 0.5 0
59 60 67 0.5 0
119 68 63 0.6942 0
115 60 65 0.5864 0
46 65 69 0.5 0
12 60 65 0.5864 0
37 66 69 0.5 0
0
