128
45 62 61 7.1079 0
82 109 61 5.0159 0
82 18 61 5.0159 0
50 108 61 6.3164 0
50 19 61 6.3164 0
88 66 68 0.5 0
32 47 63 9.1236 0
25 86 63 3.332 0
82 42 60 5.1181 0
33 75 63 9.1236 0
82 87 61 5.1181 0
61 39 58 3.6556 0
61 88 59 3.6556 0
45 88 61 7.1079 0
46 37 61 6.8085 0
70 68 66 0.6079 0
48 75 60 5.1427 0
30 61 68 4.8609 0
65 54 67 0.7691 0
68 112 64 2.5454 0
68 15 64 2.5454 0
49 49 61 4.4513 0
62 17 58 4.0843 0
62 110 59 4.108 0
33 61 58 4.0843 0
29 98 74 0.5 0
44 52 69 4.0231 0
79 59 66 0.6079 0
72 110 58 3.902 0
30 94 56 1.9601 0
83 99 62 3.5443 0
72 17 58 3.5669 0
83 32 60 3.5443 0
52 97 58 3.621 0
73 39 58 3.4948 0
37 33 70 2.5126 0
45 79 69 3.322 0
37 94 70 2.5126 0
45 71 69 3.322 0
70 80 56 1.2588 0
71 97 55 0.8242 0
62 76 67 0.7691 0
24 33 62 1.9864 0
73 88 57 3.0764 0
80 73 67 0.7691 0
37 87 70 3.0152 0
34 87 57 3.0764 0
30 33 56 1.96 0
45 16 70 2.9814 0
45 111 70 2.9813 0
40 39 70 3.0152 0
39 65 70 3.0152 0
61 63 67 0.7691 0
45 44 70 3.0152 0
47 99 71 1.3063 0
25 64 61 2.8747 0
73 87 64 2.9911 0
88 54 67 0.5 0
47 99 65 2.8194 0
73 28 55 0.8242 0
68 46 66 0.6079 0
53 29 64 2.6131 0
58 56 66 1.1817 0
26 34 69 1.9408 0
30 86 69 2.6847 0
53 30 57 2.6131 0
73 53 66 0.6079 0
56 38 64 2.649 0
68 50 55 0.5 0
45 94 70 2.6062 0
24 96 68 0.9969 0
47 26 72 0.9027 0
72 76 66 0.6079 0
37 33 57 2.5126 0
24 94 62 2.0022 0
37 94 57 2.5126 0
67 41 62 2.4169 0
63 29 55 0.8242 0
58 71 66 1.1817 0
46 104 70 2.3141 0
46 26 67 2.3833 0
53 81 64 2.4095 0
53 69 64 2.3992 0
25 57 60 2.4411 0
54 44 65 2.2849 0
76 38 65 2.2849 0
57 89 65 2.2849 0
84 27 65 2.2849 0
75 112 65 2.2849 0
64 99 55 0.8242 0
62 40 65 2.2849 0
88 74 65 0.5 0
60 19 65 2.2849 0
53 97 65 2.2849 0
65 87 65 2.1805 0
54 58 65 2.2849 0
58 112 65 2.2849 0
68 61 66 0.6079 0
75 16 65 2.2849 0
81 52 66 0.6079 0
46 32 70 2.1311 0
26 37 58 1.9883 0
36 56 71 2.0073 0
39 55 56 2.0685 0
85 103 56 2.0685 0
48 27 56 2.0667 0
31 33 71 1.9293 0
79 81 56 2.0685 0
85 81 56 2.0685 0
77 100 55 0.8242 0
44 46 56 2.0685 0
85 25 58 2.0945 0
85 95 57 2.0945 0
85 36 65 2.0945 0
81 66 67 0.7691 0
73 107 65 2.0891 0
55 89 56 2.0685 0
28 89 57 1.995 0
45 53 56 2.0685 0
54 40 56 2.0685 0
67 89 56 2.0685 0
46 38 71 2.0073 0
46 86 71 2.0073 0
78 81 65 2.0053 0
45 60 71 2.0073 0
34 38 71 2.0073 0
46 65 71 2.0073 0
76 46 56 1.9595 0
0
