128
64 69 64 0.9003 0
64 6 65 0.5 0
114 36 62 0.5 0
17 37 63 0.9434 0
14 93 62 0.5 0
114 92 64 0.5 0
64 121 66 0.5 0
78 36 63 0.9434 0
32 66 63 0.9434 0
97 64 66 0.5 0
48 38 63 0.9434 0
85 91 63 0.9434 0
50 94 64 0.9434 0
79 56 64 0.9434 0
69 103 63 0.9434 0
97 28 64 0.8404 0
33 86 64 0.8449 0
49 18 64 0.6772 0
80 16 63 0.5 0
94 45 63 0.9434 0
48 58 63 0.9434 0
113 54 66 0.5 0
111 74 63 0.9861 0
81 73 63 0.9434 0
15 75 62 0.5 0
33 49 63 0.9434 0
65 47 64 0.9434 0
32 30 63 0.9434 0
47 112 64 0.5 0
50 76 63 0.9434 0
62 30 64 0.9434 0
66 86 66 0.5 0
15 54 64 0.5 0
97 78 64 0.9434 0
30 102 65 0.5 0
97 102 65 0.5 0
68 18 63 0.9434 0
102 90 63 0.9434 0
58 108 64 0.9434 0
106 44 64 0.9434 0
79 112 66 0.5 0
21 84 63 0.9434 0
69 60 63 0.9434 0
100 54 63 0.9434 0
73 93 63 0.9434 0
88 65 63 0.9434 0
37 39 63 0.9434 0
58 60 63 0.9434 0
61 78 63 0.9434 0
43 87 63 0.9434 0
78 84 63 0.9434 0
28 75 63 0.9434 0
22 49 63 0.9434 0
55 86 63 0.9434 0
71 27 64 0.9434 0
89 37 63 0.9434 0
62 97 64 0.9434 0
100 37 63 0.9434 0
28 94 64 0.9434 0
53 27 63 0.7234 0
39 77 65 0.5 0
78 45 63 0.9434 0
59 18 63 0.9434 0
93 87 64 0.9434 0
54 47 62 0.5 0
43 68 63 0.5 0
67 113 63 0.7838 0
28 56 63 0.9434 0
105 82 64 0.9434 0
27 39 66 0.5 0
70 74 63 0.9434 0
40 60 63 0.9434 0
77 65 64 0.9658 0
42 51 64 0.7989 0
90 54 63 0.5 0
80 99 66 0.5 0
55 100 63 0.9434 0
50 67 64 0.736 0
86 82 64 0.979 0
95 71 63 0.9434 0
54 34 64 0.9434 0
75 107 64 0.9434 0
75 21 63 0.9434 0
68 34 63 0.9434 0
94 94 63 0.9434 0
86 45 64 0.979 0
55 41 63 0.9434 0
70 53 63 0.9434 0
107 36 63 0.9434 0
54 53 63 0.9434 0
58 67 63 0.9434 0
93 60 64 0.9434 0
108 53 63 0.9434 0
60 116 64 0.518 0
40 45 63 0.9434 0
66 11 63 0.9434 0
42 32 62 0.5 0
104 74 64 0.9861 0
49 106 64 0.6053 0
33 79 64 0.9434 0
22 41 63 0.9434 0
73 41 63 0.9434 0
63 56 63 0.9434 0
42 96 64 0.5 0
68 82 63 0.9434 0
109 90 64 0.9434 0
22 77 63 0.9434 0
34 92 63 0.9434 0
48 82 63 0.8901 0
74 99 64 0.9434 0
48 46 64 0.8474 0
102 67 62 0.5 0
69 67 63 0.9434 0
21 90 63 0.9434 0
34 56 63 0.9434 0
63 40 63 0.747 0
76 30 63 0.9434 0
92 81 63 0.9434 0
53 115 62 0.5 0
83 39 63 0.9434 0
40 82 63 0.9434 0
58 73 63 0.9434 0
102 98 63 0.5 0
72 86 63 0.9434 0
96 33 63 0.9434 0
59 45 63 0.9434 0
85 51 63 0.9506 0
59 25 64 0.8376 0
0
