128
60 64 93 4.7971 0
104 53 46 7.0366 0
36 31 46 7.0519 0
36 96 46 7.0514 0
86 99 67 7.1731 0
67 23 81 8.2377 0
23 58 81 8.3709 0
46 101 80 8.3692 0
103 53 81 8.4451 0
70 23 44 5.1447 0
21 66 44 5.1447 0
90 79 90 5.9184 0
68 106 46 6.1732 0
43 39 89 5.9534 0
105 85 44 3.4359 0
24 79 67 7.3818 0
86 28 67 7.1715 0
67 104 81 8.2403 0
108 75 65 4.7521 0
24 48 48 7.3835 0
103 74 81 8.4484 0
46 26 80 8.3726 0
93 35 81 8.2832 0
93 92 81 8.2818 0
30 87 81 8.2999 0
86 28 47 7.1746 0
30 40 81 8.3 0
36 96 64 7.0514 0
75 51 93 4.7971 0
86 99 50 7.1717 0
36 31 63 7.0519 0
56 22 48 7.2107 0
24 48 67 7.3835 0
101 84 56 7.0451 0
41 66 92 4.5711 0
24 79 47 7.3818 0
56 105 55 7.2129 0
56 22 67 7.2107 0
30 72 88 7.1758 0
101 43 57 7.0447 0
53 83 93 3.6033 0
106 63 61 6.9926 0
104 73 46 6.7741 0
22 67 57 6.7892 0
75 23 56 6.79 0
77 33 89 6.7095 0
74 104 59 6.6537 0
79 93 89 6.7094 0
90 48 90 5.9176 0
75 75 93 4.7971 0
49 53 93 4.8376 0
35 52 90 5.9195 0
94 65 90 5.9313 0
55 34 90 5.921 0
43 88 89 5.9546 0
102 85 70 5.939 0
55 93 90 5.9231 0
55 107 69 5.8615 0
97 37 45 5.4862 0
27 90 56 5.4004 0
103 42 71 5.3619 0
97 91 45 5.174 0
44 23 56 5.2468 0
49 102 44 5.1447 0
77 64 93 4.7971 0
49 74 93 4.8378 0
60 76 93 4.7971 0
60 52 93 4.7971 0
75 21 69 4.8308 0
65 41 92 4.5732 0
43 103 55 4.7626 0
67 89 91 4.633 0
82 103 82 4.6268 0
82 24 82 4.6231 0
19 67 70 4.452 0
67 109 68 4.5727 0
26 37 55 4.4155 0
21 74 79 4.446 0
107 51 65 4.4011 0
78 108 70 4.2313 0
44 22 43 4.1369 0
98 96 59 3.8934 0
93 38 65 4.0571 0
44 106 67 3.9739 0
91 36 55 4.0571 0
110 63 75 4.0705 0
17 58 64 4.0299 0
93 89 65 4.0587 0
98 31 59 3.8916 0
17 58 51 4.0299 0
98 96 69 3.8934 0
110 63 43 3.992 0
43 22 67 3.9655 0
67 17 65 3.949 0
98 31 68 3.8916 0
48 99 63 3.8594 0
68 58 92 3.7892 0
33 100 83 3.8451 0
33 27 83 3.8357 0
50 63 92 3.7892 0
79 107 44 3.7203 0
25 36 45 3.7216 0
34 27 74 3.8037 0
66 31 92 3.7571 0
56 109 43 3.7862 0
25 36 69 3.7216 0
25 91 69 3.7206 0
25 91 45 3.7206 0
86 58 91 3.6778 0
64 18 56 3.5782 0
85 70 93 3.5741 0
53 44 93 3.6027 0
87 38 92 3.5822 0
105 87 83 3.4528 0
105 40 83 3.4439 0
55 17 84 3.3777 0
55 110 84 3.3744 0
40 77 93 3.5013 0
26 56 58 3.2768 0
91 90 56 3.346 0
111 64 84 3.2656 0
110 52 56 3.2786 0
79 19 44 3.3026 0
19 46 84 3.2219 0
110 75 56 3.28 0
80 82 90 3.3025 0
68 69 94 3.1788 0
19 81 84 3.2222 0
0
