128
65 66 71 1.6789 0
63 14 51 3.0582 0
50 116 48 0.5 0
64 111 96 0.5 0
33 43 93 0.5 0
33 47 49 0.5861 0
94 89 48 0.3406 0
94 43 91 0.8279 0
94 45 49 0.8279 0
33 86 90 0.5861 0
95 86 92 0.5 0
33 84 53 0.5861 0
71 33 76 2.226 0
70 100 68 0.9232 0
52 58 92 2.4471 0
94 68 66 0.8279 0
60 86 90 0.957 0
33 64 71 0.5861 0
76 58 92 2.4471 0
76 115 49 0.9487 0
59 79 48 0.5 0
49 44 67 0.6113 0
76 61 49 0.9477 0
78 94 88 2.5005 0
57 12 78 0.9031 0
47 102 79 0.5 0
51 59 50 0.9477 0
69 39 50 0.1858 0
93 44 70 0.6113 0
76 81 59 0.9477 0
52 84 71 0.9605 0
94 88 71 0.8279 0
51 33 49 0.9477 0
51 97 51 0.9477 0
94 68 86 0.8279 0
34 68 90 0.957 0
33 66 48 0.5345 0
64 106 85 3.2904 0
33 88 71 0.5861 0
76 96 49 0.9477 0
76 49 62 0.9477 0
51 30 78 0.8786 0
94 63 49 0.8279 0
64 44 91 0.9181 0
63 14 66 2.9145 0
33 47 76 0.5861 0
45 71 62 0.5815 0
65 48 71 1.6974 0
73 76 90 0.957 0
51 94 88 2.5005 0
68 83 73 0.9799 0
90 54 92 2.4471 0
78 26 51 0.5 0
48 76 90 0.957 0
45 44 84 0.6113 0
36 56 92 1.8032 0
65 91 81 2.2233 0
38 54 62 0.5814 0
59 33 72 2.6067 0
83 44 81 0.6113 0
52 57 73 0.996 0
56 101 69 0.8369 0
79 46 92 2.4471 0
81 63 62 0.5816 0
66 21 81 1.4851 0
94 77 55 0.8279 0
64 90 56 0.5 0
53 46 92 2.4471 0
94 58 76 0.8279 0
94 55 61 0.8279 0
64 57 57 0.3758 0
34 76 78 0.5891 0
51 84 57 0.9477 0
45 44 53 0.6113 0
63 115 51 0.8453 0
80 44 50 0.6113 0
61 70 90 0.957 0
52 71 73 0.996 0
86 77 90 0.957 0
94 76 76 0.8279 0
33 77 64 0.5861 0
73 104 92 2.3876 0
42 46 92 2.4471 0
80 89 70 0.3406 0
87 89 59 0.3406 0
41 88 62 0.6571 0
76 74 48 0.5346 0
66 56 92 2.4471 0
75 57 73 0.806 0
51 71 51 0.9477 0
50 60 62 0.668 0
82 100 75 0.5 0
59 39 57 0.5 0
62 79 61 0.5 0
63 101 50 0.5 0
86 44 60 0.6113 0
59 78 71 1.6868 0
81 100 60 0.415 0
78 13 52 0.5 0
85 75 62 0.5816 0
51 21 49 0.9477 0
55 105 91 2.141 0
34 44 65 0.6113 0
75 74 71 0.806 0
43 88 48 0.4115 0
71 44 82 0.6113 0
60 88 71 1.566 0
66 25 71 1.7056 0
40 89 81 0.5 0
81 44 70 0.6113 0
94 48 81 0.8279 0
55 44 77 0.6113 0
33 66 60 0.5861 0
76 85 49 0.9477 0
70 39 62 0.5 0
90 89 82 0.3406 0
55 22 75 0.9281 0
33 58 80 0.5861 0
84 67 90 0.957 0
61 56 71 1.6946 0
94 79 66 0.8279 0
43 85 90 0.957 0
76 71 58 0.9477 0
51 50 59 0.9477 0
51 107 51 0.9477 0
33 57 53 0.5861 0
44 67 90 0.957 0
47 99 62 0.2688 0
0
