128
74 73 63 0.9939 0
26 23 68 0.8643 0
19 99 69 0.5 0
99 19 67 0.5 0
103 106 69 0.5 0
38 59 63 0.89 0
68 37 63 0.89 0
55 104 70 0.5 0
103 53 63 0.8672 0
107 80 63 0.89 0
79 99 63 0.755 0
40 85 63 0.755 0
50 22 66 0.8735 0
19 45 64 0.9571 0
21 76 71 0.5 0
37 108 63 0.7174 0
82 53 63 0.755 0
79 20 69 0.7475 0
59 86 63 0.89 0
55 51 69 0.6429 0
39 39 63 0.755 0
92 68 69 0.9703 0
108 34 64 0.9005 0
88 35 63 0.755 0
50 71 69 0.9275 0
88 84 63 0.755 0
88 109 69 0.9583 0
25 87 63 0.755 0
94 97 63 0.755 0
108 93 67 0.9005 0
30 70 63 0.89 0
53 37 63 0.755 0
71 49 67 0.9177 0
69 94 69 0.6429 0
46 97 63 0.755 0
26 55 69 0.9609 0
37 19 63 0.7174 0
19 34 67 0.9006 0
33 96 63 0.755 0
88 18 63 0.72 0
76 85 63 0.755 0
92 46 63 0.755 0
57 97 63 0.89 0
72 27 66 0.8081 0
45 49 63 0.755 0
94 58 67 0.875 0
100 72 63 0.89 0
27 105 63 0.89 0
108 44 71 0.5 0
41 74 63 0.755 0
31 47 63 0.755 0
46 107 68 0.7869 0
83 69 63 0.89 0
57 30 69 0.6429 0
79 41 63 0.755 0
30 33 63 0.755 0
97 29 63 0.755 0
77 107 71 0.5 0
70 80 69 0.6429 0
98 87 63 0.755 0
42 29 63 0.755 0
47 57 69 0.6429 0
96 107 64 0.9028 0
50 80 63 0.755 0
83 60 71 0.5 0
59 42 69 0.5237 0
101 42 63 0.755 0
104 26 67 0.8691 0
18 89 69 0.9516 0
82 27 63 0.755 0
22 77 63 0.89 0
58 78 70 0.5 0
81 108 63 0.9787 0
32 80 63 0.755 0
68 86 63 0.89 0
105 100 63 0.89 0
37 68 68 0.7415 0
86 93 63 0.755 0
91 75 63 0.755 0
50 89 63 0.755 0
87 59 63 0.89 0
24 96 63 0.755 0
30 57 63 0.89 0
107 46 63 0.89 0
82 78 63 0.755 0
51 104 63 0.8847 0
58 92 71 0.5 0
72 100 63 0.89 0
88 103 63 0.755 0
76 55 69 0.6429 0
54 45 63 0.755 0
26 40 63 0.755 0
108 85 69 0.6429 0
43 19 71 0.5 0
77 22 63 0.89 0
55 27 63 0.89 0
77 33 63 0.755 0
44 19 63 0.89 0
21 28 63 0.728 0
52 56 62 0.5 0
56 78 64 0.9177 0
68 42 69 0.5237 0
45 69 63 0.89 0
19 92 63 0.89 0
18 84 63 0.8679 0
24 53 63 0.8672 0
90 26 63 0.755 0
33 88 63 0.755 0
33 26 63 0.755 0
76 74 71 0.5 0
32 108 69 0.8476 0
27 71 71 0.5 0
90 68 63 0.89 0
58 33 63 0.89 0
59 40 63 0.89 0
93 19 67 0.9075 0
69 44 63 0.89 0
45 58 63 0.89 0
47 42 63 0.755 0
74 92 63 0.755 0
38 51 63 0.755 0
95 37 63 0.755 0
31 20 65 0.9028 0
40 93 63 0.755 0
105 50 69 0.6429 0
17 42 71 0.5 0
36 60 71 0.5 0
100 55 69 0.6429 0
0
