128
83 96 65 0.9843 0
53 12 63 0.5 0
10 76 64 0.5 0
116 46 63 0.5 0
53 59 63 0.0597 0
43 99 64 0.5 0
19 38 64 0.5 0
118 81 65 0.5 0
81 40 63 0.5 0
85 67 69 0.5 0
44 36 68 0.5 0
61 82 64 0.5 0
35 76 65 0.5 0
63 105 65 0.5 0
22 59 63 0.5 0
66 27 68 0.5 0
98 82 67 0.6536 0
96 52 63 0.5 0
26 92 63 0.5 0
71 56 65 0.5 0
113 64 69 0.5 0
96 108 67 0.5 0
39 51 63 0.5 0
61 42 64 0.5 0
77 80 63 0.5 0
10 50 64 0.5 0
50 73 68 0.4775 0
65 69 69 0.5 0
50 25 64 0.9787 0
44 86 68 0.5 0
69 93 65 0.5 0
96 95 68 0.949 0
32 40 65 0.5 0
83 52 67 0.5 0
54 93 65 0.5 0
50 47 68 0.4775 0
23 79 65 0.5 0
41 64 64 0.0597 0
14 66 69 0.5 0
108 75 63 0.5 0
64 15 65 0.5 0
106 49 68 0.5 0
72 44 69 0.5 0
86 84 69 0.5 0
27 69 69 0.5 0
52 106 63 0.5 0
28 51 68 0.5 0
75 66 63 0.5 0
14 87 63 0.0583 0
71 35 63 0.5 0
86 106 68 0.8835 0
61 53 63 0.5 0
90 75 63 0.0597 0
108 85 65 0.5 0
92 41 64 0.0171 0
53 36 63 0.5 0
32 61 63 0.5 0
118 71 64 0.5 0
113 55 65 0.6117 0
35 88 65 0.5 0
20 49 63 0.5 0
74 73 69 0.5 0
52 81 63 0.5 0
44 57 68 0.5 0
73 86 69 0.5 0
11 60 63 0.5 0
100 44 63 0.5 0
18 72 63 0.5 0
91 88 63 0.5 0
86 44 69 0.5 0
83 61 63 0.5 0
92 100 65 1.0092 0
64 60 68 0.5 0
61 33 64 0.5 0
51 100 69 0.5 0
69 77 63 0.5 0
40 42 63 0.5 0
66 50 69 0.5 0
14 82 69 0.5 0
50 63 69 0.5 0
77 48 63 0.5 0
61 73 63 0.5 0
15 44 68 0.4988 0
83 76 68 0.2746 0
66 38 69 0.5 0
28 84 69 0.5 0
61 97 64 0.5 0
95 46 69 0.5 0
118 62 63 0.5 0
16 58 69 0.5 0
42 80 63 0.5 0
35 32 63 0.0597 0
43 30 63 0.5 0
43 72 64 0.3467 0
111 79 69 0.5 0
82 87 63 0.5 0
72 100 64 0.5 0
26 35 64 0.5 0
25 43 65 0.5 0
21 86 67 0.5 0
68 21 63 0.5 0
28 59 69 0.5 0
53 52 63 0.5 0
82 71 63 0.5 0
54 67 63 0.0597 0
36 95 63 0.5 0
66 80 69 0.5 0
66 65 63 0.5 0
35 69 63 0.5 0
69 85 63 0.5 0
90 48 63 0.5 0
76 91 63 0.5 0
68 43 63 0.5 0
89 95 68 0.764 0
10 67 63 0.5 0
23 66 63 0.5 0
66 88 69 0.5 0
74 61 69 0.5 0
51 88 69 0.5 0
50 32 68 0.4775 0
46 51 63 0.5 0
14 73 69 0.5 0
61 90 64 0.5 0
50 40 68 0.4775 0
89 56 64 0.0597 0
44 93 68 0.46 0
43 46 68 0.3415 0
61 24 63 0.0597 0
0
