128
65 61 63 1.0624 0
62 121 68 0.5 0
9 53 63 1.0624 0
121 54 63 0.5 0
33 86 63 1.0624 0
92 93 62 0.5 0
92 48 63 0.8056 0
39 49 64 1.0624 0
57 97 64 1.0624 0
106 72 63 1.0624 0
76 107 64 1.0624 0
27 66 63 1.0624 0
87 76 63 1.0624 0
76 89 64 1.0624 0
106 55 64 1.0624 0
82 61 64 1.0624 0
48 64 64 0.5 0
48 84 63 1.0624 0
54 49 64 1.0624 0
74 49 63 1.0624 0
23 48 63 0.8056 0
42 97 64 1.0624 0
39 73 63 1.0624 0
55 112 63 1.0624 0
94 61 64 1.0624 0
97 82 64 1.0624 0
68 97 64 1.0624 0
36 60 63 1.0624 0
17 60 63 1.0624 0
24 78 66 0.5 0
96 71 63 1.0624 0
82 97 64 1.0624 0
86 87 64 1.0624 0
69 116 62 0.5545 0
50 104 64 1.0624 0
63 52 64 1.0624 0
56 58 63 1.0624 0
47 55 63 1.0624 0
73 101 69 1.5585 0
83 52 63 1.0624 0
113 48 63 0.6329 0
27 57 64 1.0624 0
62 104 64 1.0624 0
103 63 63 1.0624 0
30 75 63 1.0624 0
73 57 64 1.0624 0
101 49 63 1.0624 0
48 92 64 1.0624 0
115 57 63 1.0624 0
19 72 62 0.5 0
39 90 64 1.0624 0
82 81 64 1.0624 0
75 96 63 1.0624 0
39 80 64 1.0624 0
30 51 63 1.0624 0
97 55 63 1.0624 0
88 58 63 1.0624 0
20 54 64 1.0624 0
72 113 69 0.5 0
35 68 64 1.0624 0
70 104 64 1.2014 0
109 61 63 1.0624 0
56 105 63 1.0624 0
54 91 63 1.0624 0
92 88 63 1.0624 0
42 61 63 1.0624 0
29 81 63 1.0624 0
50 98 63 1.0624 0
107 49 63 1.0624 0
91 82 64 1.0624 0
48 49 64 1.0624 0
15 47 65 0.2689 0
59 119 62 0.5 0
22 63 64 1.0624 0
39 55 64 1.0624 0
71 110 64 1.0931 0
42 85 64 1.0624 0
87 94 64 1.0624 0
100 75 63 1.0624 0
10 60 64 0.8478 0
101 69 64 1.0624 0
69 51 63 1.0624 0
18 49 63 1.0624 0
89 52 64 1.0624 0
73 101 64 1.6668 0
58 117 67 0.9372 0
72 64 62 0.5 0
22 70 64 1.0624 0
94 78 63 1.0624 0
45 80 64 1.0624 0
97 65 64 1.0624 0
79 101 64 1.0624 0
79 85 64 1.0624 0
79 55 63 1.0624 0
33 55 63 1.0624 0
76 61 64 1.0624 0
68 118 67 0.8031 0
57 109 69 0.5 0
13 49 63 1.0624 0
66 121 62 0.5 0
50 61 64 1.0624 0
90 69 65 0.5545 0
45 101 64 0.8087 0
86 48 63 0.8056 0
80 91 64 1.0624 0
12 57 63 1.0624 0
66 106 69 0.5 0
71 92 64 0.8982 0
58 64 64 0.5 0
68 58 63 1.0624 0
30 69 63 1.0624 0
30 63 63 1.0624 0
42 52 64 1.0624 0
110 52 63 1.0624 0
62 58 63 1.0624 0
60 49 64 1.0624 0
59 101 64 1.0624 0
59 61 63 1.0624 0
59 55 63 1.0624 0
100 60 63 1.0624 0
27 72 63 1.0624 0
90 73 63 1.0624 0
53 55 63 1.0624 0
35 79 63 1.0624 0
80 49 63 1.0624 0
118 53 63 1.0624 0
65 100 63 0.9485 0
23 58 64 1.0624 0
0
