128
55 63 62 11.6825 0
79 108 66 6.9784 0
79 19 61 6.9784 0
48 20 65 6.9784 0
48 108 66 6.9784 0
78 81 59 5.257 0
78 41 64 5.9706 0
75 69 67 8.4441 0
51 88 53 3.9548 0
76 54 59 6.9946 0
51 89 74 3.9548 0
51 41 75 3.4393 0
50 35 56 4.9627 0
78 93 63 5.9706 0
49 45 63 5.9706 0
49 92 63 5.9706 0
74 55 73 5.6695 0
49 80 67 5.5684 0
49 33 68 5.257 0
77 31 71 4.9627 0
77 84 71 4.9627 0
77 32 56 4.9627 0
50 110 53 4.6617 0
78 20 74 4.6616 0
78 108 53 4.6617 0
75 72 53 4.6617 0
51 78 54 4.6453 0
50 16 53 4.1669 0
52 50 73 4.1594 0
50 100 54 3.9866 0
76 98 53 3.9548 0
76 43 53 3.9548 0
77 98 73 3.9866 0
50 98 73 3.9866 0
52 49 53 3.7078 0
66 63 75 3.6537 0
72 63 52 3.6538 0
53 75 75 3.6537 0
76 89 52 3.4394 0
51 25 52 3.4746 0
76 45 75 3.4393 0
51 25 75 3.4746 0
51 13 74 3.1203 0
67 56 52 3.1765 0
60 71 75 3.1765 0
75 114 75 2.9469 0
52 114 75 2.9469 0
66 71 53 2.9917 0
61 56 75 2.9917 0
75 24 52 2.9469 0
75 14 52 2.9469 0
79 64 55 2.7449 0
75 91 76 2.6459 0
75 107 76 2.6459 0
52 107 76 2.6459 0
67 71 76 2.6459 0
51 58 76 2.6459 0
75 38 76 2.6459 0
51 68 76 2.6459 0
47 19 76 2.4686 0
73 77 76 2.3634 0
46 84 59 2.3814 0
81 58 68 2.3813 0
81 52 68 2.3813 0
72 9 70 0.5 0
74 80 51 2.2546 0
75 115 59 2.1567 0
67 55 67 2.2217 0
76 12 73 2.1567 0
58 73 51 2.2276 0
48 43 54 2.2409 0
52 115 59 2.1567 0
46 53 69 2.0699 0
45 22 55 1.9847 0
52 12 60 2.1567 0
82 32 63 1.9612 0
46 28 58 2.0699 0
81 102 58 2.1236 0
50 82 76 2.0159 0
74 102 59 1.9391 0
75 115 51 2.0634 0
53 29 61 1.9391 0
44 106 56 2.0446 0
81 73 58 2.0699 0
46 52 58 2.0699 0
74 13 68 1.9391 0
74 29 63 1.9391 0
53 100 61 1.9391 0
47 73 72 1.872 0
53 85 59 1.9391 0
45 74 62 1.8558 0
57 53 51 1.927 0
74 24 68 1.9391 0
53 35 76 1.9391 0
53 42 53 1.9391 0
80 12 68 1.9183 0
47 12 59 1.9184 0
47 45 72 1.872 0
45 37 62 1.8558 0
64 72 70 1.681 0
56 119 67 0.5 0
80 110 76 1.7269 0
47 110 76 1.7269 0
82 62 61 1.7505 0
64 62 50 1.638 0
82 85 65 1.8558 0
82 79 66 1.7505 0
79 115 56 1.8424 0
81 47 70 1.7584 0
68 73 59 1.77 0
53 19 77 1.638 0
80 17 51 1.7269 0
45 100 61 1.7505 0
82 27 66 1.7505 0
79 77 74 1.737 0
61 57 50 1.638 0
57 60 77 1.638 0
52 55 50 1.638 0
47 115 58 1.6588 0
75 50 50 1.638 0
74 27 77 1.638 0
53 31 50 1.638 0
62 68 50 1.638 0
53 72 50 1.638 0
80 105 76 1.6869 0
47 105 76 1.6869 0
66 66 50 1.638 0
53 63 77 1.638 0
0
