2048
50 74 67 9.6103 0
81 55 23 9.6049 0
114 70 91 0.5 0
54 75 27 13.0491 0
96 78 57 3.7765 0
52 26 37 3.4765 0
79 78 30 10.7899 0
13 73 88 0.5 0
82 74 66 9.4483 0
50 51 24 10.0307 0
83 25 39 2.1098 0
67 41 22 8.6247 0
87 76 48 7.8129 0
48 76 48 7.6162 0
34 80 95 0.5 0
106 46 42 0.5 0
19 71 68 0.9457 0
30 59 40 2.9722 0
94 38 36 3.3603 0
37 70 38 6.6809 0
109 70 72 1.7411 0
86 40 29 6.2844 0
67 83 89 0.5 0
68 27 33 5.0554 0
95 63 30 5.6275 0
56 32 29 5.9498 0
44 37 33 5.6505 0
37 57 33 5.7208 0
64 60 19 5.6011 0
31 72 77 2.8624 0
95 75 36 5.2565 0
95 50 30 5.1196 0
30 73 56 2.0686 0
66 84 39 4.9745 0
80 30 33 4.9096 0
69 63 29 4.9313 0
74 80 46 4.8681 0
35 77 71 4.8757 0
36 45 36 4.5947 0
40 81 86 2.1571 0
69 84 18 4.5932 0
38 77 57 4.6119 0
65 83 77 2.1674 0
103 72 84 1.5151 0
74 68 18 4.5932 0
97 76 76 2.9326 0
40 83 41 4.1025 0
102 75 66 2.8709 0
41 63 23 3.8836 0
74 81 56 3.7264 0
89 86 39 3.6674 0
60 78 44 3.6434 0
88 68 38 3.5908 0
65 83 65 1.8432 0
88 68 22 3.4064 0
17 73 77 1.4895 0
76 70 46 3.2858 0
106 64 43 0.5 0
56 85 42 3.3256 0
95 78 69 3.3818 0
78 34 23 3.3034 0
80 41 20 3.1931 0
88 33 37 3.1466 0
62 57 29 3.1999 0
55 69 55 3.1718 0
60 25 38 3.0009 0
55 37 20 3.1697 0
76 71 54 3.0889 0
111 69 83 1.677 0
93 73 26 2.9075 0
39 80 79 2.9183 0
29 74 64 2.7765 0
99 56 36 3.0246 0
43 65 46 2.8634 0
68 53 28 2.9406 0
49 37 24 2.952 0
37 72 27 2.844 0
41 85 33 2.8398 0
83 72 17 2.901 0
31 79 86 1.3784 0
99 45 37 2.6514 0
52 67 42 2.8479 0
82 86 42 2.8271 0
48 85 40 2.6738 0
73 83 80 1.5719 0
71 82 65 2.6173 0
33 52 40 2.7456 0
46 30 39 2.7186 0
20 71 84 1.4089 0
37 47 28 2.6989 0
61 86 16 2.5774 0
71 76 16 2.5774 0
101 65 37 2.6087 0
68 87 26 2.5153 0
55 61 16 2.5774 0
66 71 16 2.5774 0
38 70 49 2.388 0
63 51 16 2.5774 0
76 80 16 2.5774 0
22 72 79 2.4044 0
48 64 16 2.5774 0
39 33 40 2.4566 0
70 53 16 2.5774 0
37 77 46 2.5524 0
92 62 21 2.5555 0
85 65 31 2.5497 0
77 87 19 2.5292 0
103 74 79 2.3436 0
53 41 33 2.3822 0
27 73 72 2.4062 0
45 63 34 2.4623 0
74 25 39 2.3795 0
65 29 25 2.3014 0
102 74 58 2.39 0
76 37 29 2.3797 0
63 82 83 1.9747 0
65 83 71 2.1746 0
71 30 25 2.3582 0
105 73 73 2.3528 0
39 79 33 2.27 0
46 82 77 2.091 0
108 69 88 1.8866 0
67 74 37 2.2532 0
107 71 66 2.1269 0
23 72 65 2.0283 0
52 82 57 2.1653 0
81 82 56 2.1649 0
75 87 40 2.2093 0
90 81 59 2.2182 0
20 72 72 2.168 0
86 65 16 1.9981 0
86 43 19 2.1836 0
102 50 38 2.1425 0
35 80 84 2.1508 0
81 69 41 1.9663 0
67 21 39 1.9674 0
57 71 43 1.889 0
76 82 74 2.0146 0
49 67 54 2.0691 0
36 65 29 1.9917 0
37 39 41 1.9824 0
16 73 83 2.022 0
87 49 33 1.8498 0
77 43 29 1.9835 0
112 68 77 1.3477 0
42 50 35 1.991 0
108 71 77 2.0253 0
47 66 39 2.0047 0
33 80 79 1.9953 0
104 60 39 1.758 0
44 60 16 1.9859 0
31 44 42 1.8783 0
51 33 37 1.8225 0
92 45 36 1.8442 0
94 82 41 1.9469 0
44 82 82 1.8435 0
42 86 27 1.8398 0
38 56 24 1.9651 0
57 60 32 1.8975 0
35 60 25 1.8864 0
34 80 63 1.8036 0
91 66 50 1.7992 0
58 41 30 1.7026 0
94 32 40 1.5401 0
107 72 82 1.8701 0
77 64 31 1.8061 0
35 73 64 1.7463 0
68 83 82 1.6907 0
45 46 35 1.7909 0
90 46 23 1.74 0
34 80 89 1.8091 0
58 45 15 1.5696 0
88 68 57 1.8132 0
46 82 58 1.7261 0
40 70 21 1.7726 0
89 75 21 1.7488 0
43 40 25 1.7676 0
59 73 48 1.8205 0
92 81 64 1.7786 0
25 72 60 1.6232 0
103 78 44 0.5 0
93 50 22 1.6491 0
56 75 56 1.7321 0
72 61 15 1.5696 0
36 70 75 1.7673 0
100 70 40 1.7663 0
40 81 63 1.73 0
101 77 41 1.7175 0
73 88 23 1.7124 0
73 83 70 1.6569 0
27 69 80 1.5934 0
62 31 36 1.6966 0
57 40 15 1.5696 0
66 83 58 0.6862 0
72 34 30 1.7029 0
41 70 59 1.5161 0
34 73 52 1.5722 0
81 68 55 1.6152 0
81 67 48 1.585 0
78 75 15 1.5696 0
43 68 18 1.6198 0
72 74 41 1.5749 0
37 65 46 1.6052 0
94 55 24 1.5942 0
57 82 48 1.5893 0
76 41 15 1.5696 0
63 81 15 1.5696 0
62 67 15 1.5696 0
79 83 51 1.5083 0
66 78 15 1.5696 0
49 60 33 1.5859 0
54 43 15 1.5696 0
88 88 31 1.5478 0
91 72 58 1.5168 0
69 77 41 1.5594 0
58 56 15 1.5696 0
66 88 31 1.4059 0
101 77 71 1.5779 0
69 70 35 1.5519 0
55 85 15 1.5696 0
79 46 15 1.5696 0
75 48 15 1.5696 0
97 80 63 1.5544 0
82 67 15 1.5696 0
91 56 33 1.5117 0
51 40 17 1.5216 0
32 76 43 1.5434 0
60 45 30 1.441 0
92 81 32 1.5289 0
53 87 37 1.503 0
72 83 76 1.5279 0
55 22 41 1.3191 0
39 72 62 1.5069 0
57 67 60 1.512 0
44 86 22 1.4385 0
70 88 31 1.4461 0
58 78 50 1.3879 0
106 72 60 1.467 0
59 32 21 1.4138 0
43 82 73 1.4015 0
46 70 56 1.4068 0
49 66 47 1.4541 0
64 88 23 1.4038 0
59 72 59 1.389 0
71 73 45 1.3694 0
40 42 28 1.4364 0
85 66 50 1.3825 0
80 83 17 1.4088 0
42 76 76 1.3612 0
50 65 58 1.3958 0
68 83 61 1.4045 0
96 67 37 1.393 0
83 88 22 1.324 0
76 36 18 1.411 0
98 80 42 1.2979 0
46 69 15 1.3297 0
52 87 17 1.3297 0
92 34 32 1.2862 0
97 76 51 1.2846 0
63 88 27 1.2552 0
87 28 40 1.2081 0
48 30 34 1.3552 0
84 37 37 1.3461 0
39 70 70 1.3464 0
96 80 51 1.3267 0
80 46 31 1.3471 0
97 76 63 1.3376 0
72 88 35 1.3568 0
62 63 33 1.2604 0
90 85 33 1.2964 0
49 43 35 1.3261 0
29 54 43 1.2016 0
82 31 26 1.2943 0
53 37 36 1.2047 0
38 80 50 1.2266 0
73 32 36 1.1858 0
36 79 37 1.2833 0
62 88 31 1.1899 0
99 42 41 1.3054 0
104 65 41 1.2803 0
61 51 30 1.2259 0
64 48 30 1.2643 0
46 87 33 1.1995 0
66 83 86 1.2704 0
48 86 18 1.2562 0
32 80 93 1.1059 0
45 54 35 1.2226 0
38 77 29 1.273 0
29 72 43 0.9459 0
64 33 31 1.2444 0
84 66 42 1.2252 0
46 39 20 1.1924 0
70 83 52 1.2721 0
92 77 74 1.1412 0
77 67 58 1.2553 0
40 82 28 1.0827 0
63 21 41 1.1463 0
83 46 15 1.1831 0
30 61 35 1.1897 0
52 67 49 1.2529 0
38 51 39 1.1904 0
76 70 40 1.2109 0
35 79 42 1.218 0
45 86 44 1.1759 0
39 58 20 1.245 0
64 76 40 1.1942 0
57 75 52 1.2302 0
93 75 62 1.2182 0
72 49 30 0.8328 0
94 78 28 1.063 0
61 88 35 1.0563 0
41 40 40 1.2123 0
56 24 33 1.0773 0
103 46 40 1.1158 0
103 60 35 1.153 0
33 40 42 1.1978 0
39 84 92 0.5 0
53 60 33 1.1985 0
67 30 21 1.1697 0
40 68 64 1.0935 0
79 23 40 1.0679 0
102 54 40 1.137 0
58 30 37 1.0609 0
59 35 17 1.185 0
79 38 34 1.0165 0
61 88 21 1.1851 0
31 76 59 1.1377 0
91 78 25 1.1777 0
95 42 32 1.0863 0
97 71 30 1.1633 0
102 78 61 0.9699 0
74 76 52 1.0993 0
50 83 75 1.0474 0
43 82 55 1.0037 0
41 71 74 1.1708 0
23 74 69 1.0361 0
72 78 61 1.0438 0
69 48 30 1.1507 0
51 64 38 1.1141 0
40 44 25 1.1542 0
71 21 40 1.15 0
100 75 53 0.9992 0
82 77 17 1.1249 0
35 61 40 1.0089 0
112 69 87 1.0943 0
74 88 15 0.9645 0
42 29 42 1.0121 0
43 72 56 1.1008 0
55 79 55 0.9433 0
92 82 55 1.0789 0
76 29 27 1.0025 0
31 48 43 1.0625 0
60 73 41 1.0819 0
26 71 77 1.0983 0
98 73 80 1.0856 0
97 37 43 0.5 0
53 64 56 1.0065 0
41 82 70 1.0489 0
97 35 40 0.9137 0
68 84 74 1.0527 0
37 52 26 0.8332 0
69 84 57 1.047 0
37 67 25 1.0811 0
38 49 23 1.0427 0
42 30 36 1.0175 0
103 72 62 1.0538 0
54 65 60 1.0759 0
44 72 16 1.0623 0
99 69 34 1.0003 0
43 43 38 0.9996 0
34 72 59 1.0595 0
30 64 42 0.8986 0
71 90 44 0.5 0
96 78 44 1.0137 0
83 84 19 0.9302 0
92 53 19 0.9583 0
94 69 50 0.9477 0
73 58 32 1.0186 0
75 47 30 0.7883 0
73 72 59 1.0215 0
79 24 37 1.0313 0
34 75 31 0.8636 0
56 80 52 1.0373 0
62 77 73 0.5 0
52 78 80 0.5 0
71 86 44 1.0019 0
39 74 22 0.8325 0
67 80 46 0.9976 0
53 83 53 1.0178 0
94 37 30 0.8973 0
72 46 30 1.0279 0
89 59 33 1.0068 0
30 80 82 0.9204 0
68 84 68 1.0054 0
73 75 56 0.888 0
92 83 35 0.9929 0
33 63 42 0.8978 0
42 82 59 0.9787 0
38 80 90 0.8661 0
85 89 25 0.8116 0
48 25 41 0.8856 0
61 86 44 0.9396 0
30 67 43 0.8832 0
84 29 39 1.0083 0
45 67 59 0.939 0
59 25 32 0.8884 0
56 66 14 0.5617 0
48 83 55 0.9953 0
96 41 40 0.9942 0
54 84 47 0.9195 0
90 30 41 0.8741 0
65 66 34 0.9176 0
59 73 55 0.9818 0
91 81 71 0.9822 0
89 61 17 0.9546 0
47 41 17 0.7121 0
43 64 16 0.9125 0
77 90 45 0.5 0
69 84 78 0.9397 0
86 89 28 0.88 0
49 43 15 0.9503 0
86 27 37 0.9683 0
80 83 73 0.9072 0
74 66 33 0.9001 0
57 70 50 0.816 0
64 60 33 0.8942 0
26 75 68 0.8728 0
58 68 40 0.8368 0
35 77 33 0.8921 0
83 67 45 0.9499 0
51 87 43 0.9501 0
78 85 79 0.5 0
103 79 54 0.5 0
78 66 55 0.9525 0
41 73 19 0.9615 0
86 76 18 0.8462 0
35 73 48 0.9597 0
58 88 20 0.9539 0
77 87 44 0.811 0
56 69 78 0.5 0
34 49 31 0.9401 0
52 68 77 0.8144 0
32 63 33 0.8803 0
98 50 37 0.9337 0
83 47 33 0.7635 0
41 29 39 0.8572 0
39 63 43 0.8446 0
68 34 31 0.8064 0
39 82 74 0.821 0
90 64 17 0.8141 0
75 85 15 0.8203 0
23 74 74 0.9359 0
89 53 33 0.8664 0
45 77 77 0.9319 0
93 32 36 0.8837 0
93 88 45 0.5 0
94 55 35 0.8928 0
58 78 77 0.5 0
35 81 93 0.8748 0
45 84 19 0.9105 0
79 29 26 0.819 0
106 74 63 0.8262 0
94 42 29 0.9136 0
44 36 24 0.818 0
100 71 82 0.7747 0
88 73 18 0.889 0
55 31 37 0.834 0
47 73 80 0.5 0
60 88 38 0.8292 0
45 34 26 0.8656 0
95 81 45 0.8306 0
62 27 28 0.9115 0
95 44 39 0.9078 0
111 69 93 0.5 0
84 89 35 0.7268 0
68 26 26 0.8588 0
54 65 73 0.9037 0
30 55 36 0.7864 0
57 55 33 0.8342 0
58 88 35 0.8859 0
85 83 55 0.8152 0
41 82 67 0.8762 0
51 84 15 0.7213 0
24 70 83 0.5933 0
58 52 14 0.5617 0
77 84 61 0.9381 0
56 70 76 0.8764 0
100 74 82 0.8879 0
31 72 68 0.7731 0
37 38 37 0.7589 0
78 89 23 0.8013 0
84 83 59 0.7611 0
32 77 62 0.8674 0
48 32 29 0.8733 0
63 83 87 0.8769 0
102 74 39 0.8086 0
51 84 61 0.7728 0
55 88 19 0.7151 0
87 66 45 0.9991 0
86 67 53 0.8432 0
39 76 25 0.7803 0
88 90 45 0.5 0
39 70 66 0.8529 0
42 67 62 0.8524 0
77 63 14 0.5617 0
72 84 61 0.8072 0
37 42 30 0.7037 0
75 61 32 0.8194 0
23 71 69 0.8052 0
65 70 36 0.7778 0
90 65 61 0.5 0
99 74 71 0.7687 0
80 91 36 0.5 0
53 66 14 0.5617 0
110 68 69 0.7738 0
70 48 14 0.5617 0
29 73 83 0.5 0
99 61 37 0.8383 0
76 86 67 0.5 0
99 56 31 0.7753 0
100 78 53 0.821 0
106 50 42 0.5 0
41 83 25 0.8052 0
63 31 21 0.6525 0
87 32 32 0.7203 0
74 68 59 0.7124 0
50 46 35 0.8249 0
58 38 36 0.5 0
94 67 23 0.9936 0
60 69 57 0.632 0
25 74 76 0.791 0
102 57 40 0.8035 0
101 52 33 0.794 0
57 88 17 0.7275 0
80 84 46 0.693 0
46 70 77 0.7852 0
101 47 33 0.6081 0
59 82 14 0.5617 0
72 57 14 0.5617 0
65 88 14 0.5617 0
68 67 14 0.5617 0
87 87 26 0.7703 0
83 67 36 0.7753 0
76 77 77 0.5 0
66 58 33 0.7507 0
62 37 31 0.6611 0
90 41 21 0.8573 0
81 63 32 0.6972 0
56 65 39 0.9442 0
41 67 68 0.795 0
74 87 44 0.7557 0
90 88 34 0.8076 0
97 76 29 0.6623 0
73 74 49 0.7489 0
94 73 54 0.7633 0
51 85 45 0.765 0
32 61 29 0.7885 0
65 36 31 0.7711 0
62 82 74 0.6081 0
90 82 67 0.7451 0
61 60 33 0.7485 0
47 67 76 0.6068 0
88 62 33 0.6693 0
57 68 74 0.713 0
101 73 75 0.6347 0
78 27 39 0.6448 0
40 62 38 0.7579 0
61 73 71 0.6188 0
43 85 64 0.5 0
31 78 37 0.5 0
93 68 43 0.5 0
68 77 46 0.7618 0
44 41 21 0.7774 0
73 27 28 0.6731 0
45 86 36 0.6171 0
61 30 23 0.6452 0
51 58 14 0.5617 0
76 81 78 0.6135 0
60 37 15 0.7596 0
15 72 87 0.5557 0
55 57 33 0.7426 0
92 70 42 0.6448 0
73 89 27 0.6155 0
74 73 74 0.7058 0
94 80 74 0.6112 0
33 78 39 0.9991 0
102 60 32 0.6538 0
93 70 53 0.6389 0
76 84 64 0.9643 0
77 36 33 0.7558 0
72 83 85 0.5 0
25 72 82 0.735 0
90 67 43 0.7092 0
44 83 62 0.9979 0
108 73 70 0.7052 0
74 44 14 0.5617 0
63 76 14 0.5617 0
56 37 35 0.7154 0
56 22 37 0.5947 0
85 89 32 0.7588 0
88 83 55 0.5732 0
56 78 58 0.7048 0
57 76 76 0.6565 0
93 85 43 0.7418 0
95 59 23 0.5704 0
37 82 66 0.9011 0
85 39 20 0.6068 0
92 43 24 0.6336 0
112 68 73 0.6328 0
83 66 39 0.6895 0
59 21 43 0.5 0
34 69 29 0.7068 0
97 77 48 0.6896 0
29 58 35 0.6419 0
71 75 68 0.7398 0
58 90 13 0.5 0
57 88 14 0.5403 0
90 42 36 0.7447 0
71 31 21 0.7425 0
72 76 59 0.7325 0
28 62 44 0.9183 0
84 62 14 0.5617 0
30 82 75 0.5 0
16 72 74 0.7095 0
82 40 36 0.7327 0
56 31 21 0.7472 0
80 80 77 0.5 0
85 85 21 0.5836 0
60 48 14 0.5617 0
94 82 61 0.6366 0
113 72 79 0.5 0
22 69 82 0.6979 0
80 66 58 0.6634 0
102 73 42 0.9388 0
81 36 36 0.6788 0
87 66 43 0.8644 0
73 89 19 0.669 0
64 89 19 0.8385 0
42 69 50 0.7016 0
84 89 38 0.9835 0
49 88 35 0.8364 0
72 22 37 0.7356 0
48 86 35 0.706 0
50 23 42 0.5479 0
33 72 30 0.5271 0
87 85 44 0.7 0
59 63 14 0.5617 0
104 69 86 0.9876 0
27 57 44 0.8942 0
47 73 78 0.6828 0
51 66 75 0.7249 0
37 72 53 0.7264 0
40 71 53 0.9994 0
83 35 23 0.6984 0
46 58 35 0.8256 0
55 69 46 0.9767 0
92 80 28 0.7078 0
79 89 38 0.7433 0
62 46 14 0.5617 0
66 48 14 0.5617 0
98 81 39 0.6542 0
36 71 67 0.5877 0
81 66 33 0.7136 0
91 50 19 0.6034 0
39 61 18 0.6509 0
79 77 78 0.5 0
72 30 38 0.6738 0
35 70 71 0.5186 0
64 83 61 0.9407 0
82 88 37 0.6899 0
102 77 75 0.9475 0
44 73 77 0.5314 0
63 21 38 0.6492 0
29 54 40 0.7112 0
111 69 90 0.7141 0
50 63 35 0.614 0
96 84 53 0.5 0
73 79 71 0.5741 0
78 38 16 0.5444 0
59 33 36 0.7019 0
58 78 60 0.6928 0
55 88 34 0.6916 0
74 52 14 0.5617 0
49 60 14 0.5617 0
88 39 21 0.5483 0
53 86 70 0.5 0
39 46 22 0.9478 0
60 71 73 0.865 0
103 63 33 0.9102 0
49 68 14 0.5617 0
98 38 40 0.9288 0
31 64 37 0.6214 0
51 86 51 0.5 0
54 64 39 0.6548 0
82 43 16 0.6964 0
41 82 52 0.8325 0
71 77 65 0.5507 0
14 73 79 0.9884 0
39 81 47 0.5303 0
33 71 73 0.6838 0
86 66 47 0.6754 0
94 58 36 0.9198 0
44 38 22 0.6387 0
75 84 67 0.9965 0
106 72 86 0.9931 0
46 89 27 0.5 0
68 64 14 0.5617 0
75 25 34 0.9184 0
22 75 84 0.5 0
77 84 70 0.8165 0
59 57 33 0.6284 0
28 72 81 0.6663 0
103 49 43 0.5 0
75 59 14 0.5617 0
107 69 62 0.8859 0
96 73 50 0.5805 0
36 60 21 0.9029 0
36 77 51 0.6621 0
54 67 75 0.6446 0
61 76 49 0.5999 0
43 64 38 0.6129 0
111 74 84 0.5 0
24 71 75 0.6489 0
30 75 40 0.9385 0
95 72 52 0.6692 0
60 76 72 0.638 0
59 71 53 0.6478 0
62 71 14 0.5617 0
44 65 41 0.6385 0
79 68 51 0.9531 0
65 25 39 0.5341 0
90 49 35 0.6281 0
63 22 35 0.9073 0
31 67 78 0.8862 0
79 42 35 0.5 0
49 56 36 0.5 0
73 86 51 0.5 0
86 86 23 0.5696 0
85 79 77 0.5 0
19 74 81 0.6414 0
86 91 43 0.5 0
53 80 78 0.5 0
102 81 56 0.5 0
90 43 21 0.6784 0
73 71 72 0.6106 0
69 89 22 0.5905 0
97 83 36 0.5 0
49 89 21 0.5 0
28 75 59 0.9725 0
55 47 14 0.5617 0
46 56 14 0.5617 0
65 78 42 0.6115 0
70 24 40 0.5502 0
52 88 34 0.5744 0
79 73 78 0.5 0
20 74 76 0.6207 0
44 85 70 0.5 0
70 57 32 0.5527 0
32 71 70 0.6388 0
50 27 32 0.9749 0
60 88 41 0.5838 0
60 79 14 0.5617 0
38 34 36 0.6206 0
89 38 37 0.5993 0
56 88 37 0.6388 0
30 60 32 0.9881 0
95 82 36 0.5953 0
26 71 68 0.8787 0
72 80 14 0.5617 0
78 71 14 0.5617 0
71 72 14 0.5617 0
74 73 14 0.5617 0
99 74 62 0.6354 0
76 89 36 0.918 0
91 84 44 0.6107 0
32 72 61 0.5798 0
81 86 18 0.6071 0
94 53 21 0.6296 0
99 73 55 0.9774 0
75 84 61 0.6803 0
76 68 75 0.5 0
31 79 76 0.5873 0
81 62 14 0.5617 0
74 55 14 0.5617 0
52 86 64 0.5 0
62 77 65 0.5 0
44 85 67 0.5 0
58 22 42 0.5932 0
35 37 45 0.5 0
98 63 22 0.5 0
47 83 16 0.8342 0
75 34 35 0.5573 0
92 70 63 0.5899 0
87 88 44 0.9128 0
86 30 28 0.5 0
75 27 30 0.6254 0
43 34 40 0.6153 0
39 87 37 0.6275 0
65 21 36 0.6275 0
73 89 30 0.5763 0
102 50 34 0.6172 0
37 82 36 0.5378 0
100 79 64 0.5624 0
29 70 41 0.5112 0
88 45 35 0.5536 0
55 83 51 0.5366 0
30 47 39 0.7388 0
95 47 37 0.5303 0
87 85 58 0.5 0
105 57 42 0.6373 0
92 56 20 0.5174 0
61 74 14 0.5617 0
59 70 14 0.5617 0
62 55 14 0.5617 0
69 58 14 0.5617 0
66 55 14 0.5617 0
53 32 22 0.6023 0
65 66 14 0.5617 0
67 75 14 0.5617 0
50 80 77 0.909 0
42 79 83 0.9852 0
102 68 42 0.5853 0
57 73 78 0.5 0
92 72 21 0.7883 0
52 25 32 0.6213 0
47 84 73 0.7166 0
104 51 42 0.8127 0
41 57 18 0.5531 0
96 52 23 0.8841 0
34 47 42 0.9101 0
47 65 43 0.8692 0
43 83 21 0.5197 0
72 74 71 0.5621 0
48 85 45 0.9928 0
68 89 34 0.7803 0
50 90 38 0.5 0
81 89 20 0.5882 0
60 69 60 0.9621 0
50 40 36 0.5762 0
71 71 38 0.8298 0
68 83 46 0.5046 0
52 88 20 0.508 0
35 56 40 0.6102 0
37 35 43 0.59 0
87 83 57 0.5915 0
97 56 27 0.9823 0
61 76 69 0.546 0
37 72 22 0.9351 0
54 82 14 0.5617 0
33 77 36 0.6053 0
83 81 18 0.8127 0
90 85 26 0.5 0
50 84 53 0.9144 0
72 82 73 0.5993 0
35 82 76 0.8523 0
72 80 69 0.5845 0
109 74 86 0.5 0
51 22 40 0.6029 0
81 44 34 0.9934 0
61 40 31 0.6057 0
31 58 27 0.5 0
42 73 76 0.5916 0
102 43 41 0.981 0
71 26 27 0.5449 0
90 69 60 0.54 0
99 78 81 0.5 0
99 81 74 0.5 0
33 68 76 0.5432 0
90 52 15 0.5 0
51 77 78 0.9816 0
80 70 14 0.5617 0
51 67 14 0.5617 0
58 67 14 0.5617 0
55 68 14 0.5617 0
53 57 14 0.5617 0
62 78 14 0.5617 0
57 50 14 0.5617 0
64 47 14 0.5617 0
72 47 14 0.5617 0
48 57 14 0.5617 0
47 59 14 0.5617 0
75 62 14 0.5617 0
51 61 14 0.5617 0
68 49 14 0.5617 0
78 65 14 0.5617 0
70 65 14 0.5617 0
76 45 14 0.5617 0
52 64 14 0.5617 0
69 62 14 0.5617 0
56 53 14 0.5617 0
51 45 14 0.5617 0
115 69 81 0.5 0
106 62 41 0.5438 0
70 37 31 0.5605 0
75 30 38 0.8145 0
93 67 37 0.5914 0
35 55 26 0.5049 0
77 74 76 0.5268 0
26 73 80 0.5353 0
109 68 80 0.8586 0
35 68 27 0.5758 0
49 37 19 0.8651 0
86 46 16 0.8995 0
49 84 59 0.9071 0
37 70 23 0.5719 0
95 82 53 0.5467 0
91 57 16 0.5 0
48 87 44 0.5103 0
58 90 24 0.5 0
44 79 79 0.8647 0
50 37 39 0.5 0
84 82 75 0.5 0
43 69 75 0.9644 0
50 81 14 0.9705 0
38 78 83 0.5834 0
41 52 38 0.5027 0
67 91 19 0.5 0
78 86 57 0.5 0
86 53 33 0.5002 0
35 42 42 0.5607 0
42 36 40 0.5651 0
94 39 28 0.9543 0
35 51 29 0.9924 0
42 36 26 0.5246 0
42 83 76 0.9149 0
29 81 89 0.5 0
78 49 14 0.5617 0
78 61 14 0.5617 0
42 85 88 0.5 0
47 73 14 0.9452 0
17 70 86 0.7034 0
85 32 28 0.9499 0
71 89 28 0.5654 0
84 67 57 0.8055 0
113 69 80 0.9031 0
55 76 77 0.5775 0
69 83 71 0.9545 0
76 86 51 0.5 0
76 84 78 0.78 0
36 64 25 0.5675 0
87 66 60 0.997 0
61 77 67 0.5158 0
65 86 61 0.5 0
44 83 70 0.5528 0
59 54 32 0.5511 0
74 67 56 0.9536 0
75 75 14 0.5617 0
82 64 14 0.5617 0
60 40 14 0.5617 0
55 56 14 0.5617 0
79 67 14 0.5617 0
62 42 31 0.5426 0
59 73 74 0.9398 0
92 68 47 0.5187 0
30 79 89 0.9615 0
67 87 46 0.5 0
93 43 26 0.552 0
83 91 30 0.5 0
100 79 68 0.9451 0
48 34 39 0.9749 0
57 81 14 0.5617 0
60 72 14 0.5617 0
57 69 14 0.5617 0
43 83 65 0.8687 0
41 62 16 0.5416 0
83 33 38 0.5275 0
89 68 53 0.9359 0
80 84 60 0.6585 0
72 71 43 0.5345 0
61 43 14 0.5617 0
111 71 79 0.5577 0
51 86 73 0.5 0
85 78 19 0.545 0
32 76 55 0.5066 0
32 81 66 0.8723 0
94 82 50 0.5279 0
89 66 61 0.6284 0
72 83 83 0.5391 0
42 64 41 0.5347 0
49 28 43 0.5 0
29 72 40 0.9708 0
110 74 74 0.5 0
13 74 86 0.7145 0
78 84 54 0.5024 0
60 77 63 0.5467 0
63 73 39 0.7881 0
42 47 37 0.5226 0
49 71 78 0.9122 0
50 57 34 0.5124 0
80 36 18 0.7302 0
32 50 36 0.9209 0
75 26 32 0.5391 0
102 79 58 0.725 0
32 41 39 0.9168 0
110 71 86 0.5317 0
87 83 61 0.867 0
101 58 32 0.5274 0
67 89 21 0.5324 0
98 41 38 0.52 0
56 81 60 0.832 0
52 84 50 0.5402 0
54 45 34 0.8842 0
73 69 57 0.5129 0
26 72 56 0.7846 0
31 83 86 0.5 0
46 88 29 0.6924 0
49 84 72 0.5029 0
70 21 36 0.9528 0
103 65 30 0.5 0
47 65 73 0.502 0
101 76 31 0.5 0
46 27 43 0.6676 0
78 86 48 0.5 0
81 86 53 0.5 0
95 65 22 0.9055 0
63 44 31 0.9712 0
60 89 25 0.6495 0
95 80 31 0.9122 0
73 69 70 0.5075 0
111 74 71 0.5 0
107 76 69 0.5 0
73 70 41 0.8482 0
98 74 29 0.5175 0
27 60 44 0.8939 0
74 89 33 0.9801 0
52 90 31 0.5 0
54 71 77 0.5164 0
90 84 30 0.9304 0
49 85 79 0.5 0
102 73 70 0.9987 0
104 76 61 0.9327 0
78 40 31 0.926 0
36 70 69 0.9731 0
88 77 76 0.5 0
76 68 73 0.5202 0
47 88 23 0.6713 0
78 91 27 0.5 0
42 66 65 0.8541 0
78 84 59 0.8931 0
57 64 61 0.966 0
24 68 82 0.5216 0
16 71 80 0.9982 0
33 51 34 0.5088 0
98 39 42 0.8824 0
89 64 34 0.9589 0
98 74 60 0.9848 0
45 54 14 0.5125 0
94 75 21 0.5 0
95 85 37 0.5 0
81 75 14 0.9867 0
44 89 42 0.5 0
47 64 48 0.5099 0
38 51 20 0.5 0
71 89 14 0.7224 0
99 45 32 0.9855 0
33 67 31 0.8184 0
98 60 23 0.5 0
31 75 53 0.9421 0
41 69 72 0.9511 0
37 82 89 0.9862 0
67 31 17 0.5 0
66 25 27 0.9884 0
65 89 17 0.8335 0
83 37 21 0.8243 0
56 74 77 0.9477 0
96 33 37 0.7182 0
91 69 53 0.9777 0
103 79 77 0.5 0
76 91 30 0.5 0
81 42 35 0.9166 0
104 47 35 0.5 0
94 69 39 0.5102 0
75 77 74 0.9744 0
94 33 34 0.9899 0
85 66 59 0.9741 0
105 78 71 0.5 0
100 81 71 0.5 0
38 52 23 0.7933 0
48 85 62 0.5 0
48 90 32 0.5 0
83 50 33 0.8943 0
33 71 66 0.9112 0
93 74 67 0.511 0
91 71 55 0.9466 0
49 68 77 0.8471 0
61 34 35 0.9572 0
33 82 58 0.5 0
98 56 24 0.5 0
102 64 32 0.6027 0
68 81 69 0.7893 0
50 88 33 0.9323 0
53 78 77 0.9776 0
73 71 39 0.8174 0
55 70 48 0.9591 0
62 83 47 0.5 0
55 80 58 0.9941 0
76 56 34 0.5 0
83 33 24 0.9896 0
35 68 46 0.8562 0
77 78 75 0.9597 0
35 71 56 0.673 0
49 33 26 0.998 0
93 72 63 0.9343 0
55 85 68 0.5 0
104 76 70 0.9005 0
64 89 34 0.6257 0
84 25 35 0.8564 0
103 75 36 0.5 0
97 67 23 0.5 0
33 65 32 0.9678 0
39 32 35 0.9017 0
59 48 31 0.8707 0
65 80 44 0.9968 0
77 84 66 0.8837 0
71 74 65 0.951 0
46 50 35 0.891 0
95 87 40 0.5 0
66 46 31 0.8886 0
35 77 80 0.8742 0
74 68 42 0.9403 0
72 68 35 0.7193 0
53 47 36 0.5 0
106 75 85 0.5 0
104 56 41 0.9469 0
102 77 55 0.8173 0
35 70 46 0.9591 0
68 86 64 0.5 0
71 86 49 0.5 0
61 69 41 0.5 0
97 64 37 0.9819 0
104 71 41 0.5 0
69 31 19 0.8202 0
73 76 72 0.9592 0
52 22 42 0.9162 0
48 88 31 0.832 0
105 68 43 0.5 0
101 71 37 0.9546 0
100 80 40 0.9644 0
86 60 33 0.6517 0
70 86 70 0.5 0
60 71 71 0.9436 0
105 63 38 0.9479 0
100 80 61 0.7979 0
34 71 69 0.9633 0
91 55 18 0.9812 0
57 67 42 0.9203 0
98 74 68 0.8707 0
73 40 31 0.6062 0
91 83 27 0.5 0
69 89 45 0.5 0
101 80 75 0.5 0
94 88 42 0.5 0
95 71 49 0.9718 0
29 71 60 0.6109 0
46 82 17 0.5233 0
98 50 23 0.5 0
17 74 88 0.5 0
79 89 36 0.8516 0
44 63 14 0.9525 0
74 29 39 0.5112 0
38 62 40 0.9067 0
89 86 28 0.6333 0
101 73 54 0.9939 0
45 57 35 0.6734 0
36 63 42 0.996 0
42 70 52 0.9496 0
52 88 40 0.8096 0
36 84 82 0.5 0
36 49 41 0.9091 0
51 74 79 0.5 0
55 62 34 0.9312 0
71 79 52 0.8847 0
96 82 33 0.5 0
71 72 48 0.8155 0
48 81 15 0.8879 0
90 40 22 0.6831 0
48 63 69 0.8369 0
56 66 74 0.9491 0
88 47 18 0.6391 0
95 69 26 0.9279 0
105 71 57 0.785 0
55 48 35 0.5 0
34 63 27 0.9719 0
47 44 37 0.8705 0
71 81 61 0.9539 0
98 77 42 0.9836 0
64 25 28 0.8791 0
71 91 25 0.5 0
107 74 68 0.9654 0
90 48 20 0.7814 0
99 80 66 0.7603 0
40 78 83 0.9948 0
26 75 61 0.9113 0
34 83 67 0.5 0
96 34 43 0.5 0
68 79 48 0.9753 0
56 65 57 0.9955 0
78 91 32 0.5 0
30 58 32 0.9899 0
40 80 26 0.8271 0
95 53 36 0.9213 0
45 81 86 0.5 0
81 67 38 0.8796 0
40 76 23 0.9706 0
70 83 85 0.7406 0
31 78 81 0.9635 0
93 74 65 0.9532 0
49 65 74 0.8352 0
74 34 33 0.8579 0
49 66 50 0.9243 0
52 64 72 0.9236 0
63 81 68 0.7221 0
17 72 70 0.9772 0
37 39 35 0.9565 0
62 74 67 0.5 0
62 83 44 0.9417 0
89 82 69 0.9493 0
72 78 68 0.9414 0
113 68 70 0.5 0
43 60 36 0.8795 0
57 33 18 0.8286 0
74 91 36 0.5 0
31 71 72 0.9157 0
39 73 75 0.7769 0
43 32 41 0.9889 0
113 71 72 0.5 0
42 87 37 0.8196 0
95 40 30 0.923 0
79 80 75 0.8263 0
91 87 44 0.7845 0
53 66 52 0.9288 0
37 88 35 0.5 0
78 84 63 0.8197 0
100 79 38 0.9598 0
57 34 36 0.9857 0
37 82 92 0.896 0
23 73 83 0.8256 0
105 60 43 0.5 0
101 77 78 0.9835 0
32 65 43 0.9068 0
52 81 76 0.7056 0
62 88 43 0.9267 0
87 61 15 0.7447 0
92 82 68 0.9361 0
54 40 15 0.9645 0
96 63 22 0.8361 0
54 69 77 0.9686 0
43 83 85 0.9427 0
104 48 42 0.8129 0
72 89 16 0.9363 0
60 80 49 0.8725 0
55 88 15 0.9624 0
99 71 32 0.845 0
80 78 76 0.9242 0
36 72 61 0.8921 0
83 67 53 0.9839 0
92 41 24 0.9929 0
85 89 40 0.96 0
65 31 19 0.7606 0
30 74 44 0.9466 0
90 32 33 0.9567 0
84 30 28 0.9275 0
50 88 37 0.8437 0
62 25 30 0.7147 0
45 88 25 0.5314 0
79 49 32 0.9755 0
55 69 50 0.963 0
76 71 75 0.7845 0
71 89 39 0.6242 0
89 66 47 0.7692 0
74 42 32 0.5 0
36 67 48 0.9937 0
62 24 32 0.8064 0
33 63 29 0.9454 0
65 81 80 0.9501 0
65 84 61 0.6813 0
46 64 70 0.8826 0
14 72 77 0.831 0
64 52 31 0.6216 0
94 82 34 0.9386 0
111 74 78 0.5 0
86 25 41 0.9189 0
72 71 69 0.9593 0
93 90 41 0.5 0
31 78 83 0.9011 0
87 35 42 0.5 0
20 75 66 0.5 0
62 81 76 0.8774 0
48 27 42 0.9891 0
78 68 42 0.9878 0
103 80 65 0.5 0
72 55 31 0.5135 0
95 66 49 0.5 0
53 84 63 0.8762 0
92 58 35 0.916 0
74 86 63 0.5 0
30 51 43 0.853 0
39 51 21 0.9738 0
32 72 32 0.9685 0
72 75 62 0.9747 0
46 42 39 0.5 0
81 24 35 0.91 0
105 70 84 0.9999 0
94 35 40 0.9255 0
52 65 54 0.9337 0
109 68 91 0.9401 0
58 77 74 0.9366 0
31 81 84 0.929 0
31 62 43 0.9606 0
50 86 57 0.5 0
64 28 38 0.9406 0
56 79 76 0.5 0
65 90 43 0.5 0
73 23 35 0.8263 0
34 81 59 0.9585 0
41 82 47 0.8238 0
103 52 41 0.9957 0
86 89 42 0.8875 0
80 42 14 0.5 0
34 76 78 0.614 0
62 74 40 0.9678 0
45 88 19 0.5 0
85 46 34 0.8565 0
86 26 33 0.5 0
40 87 46 0.5 0
86 28 34 0.9031 0
47 88 25 0.7352 0
74 31 23 0.9575 0
50 88 22 0.9277 0
110 73 88 0.5 0
69 91 29 0.5 0
31 81 74 0.8831 0
49 84 62 0.9392 0
39 53 22 0.9827 0
71 75 48 0.9978 0
37 82 64 0.8521 0
60 74 73 0.9987 0
64 83 90 0.5 0
64 72 38 0.9202 0
56 37 15 0.8455 0
17 74 80 0.9944 0
60 89 28 0.6109 0
57 67 72 0.9014 0
32 77 57 0.9856 0
43 53 37 0.7649 0
29 74 42 0.9945 0
46 89 21 0.5 0
94 47 24 0.8077 0
103 56 38 0.9152 0
91 75 72 0.9313 0
37 85 36 0.6069 0
94 82 48 0.9337 0
30 70 81 0.7767 0
86 91 36 0.5 0
46 43 17 0.9729 0
63 79 49 0.5 0
87 78 20 0.7905 0
73 40 14 0.9234 0
74 67 68 0.9516 0
97 74 72 0.9018 0
111 73 81 0.5 0
107 74 76 0.9888 0
29 67 79 0.9311 0
27 71 66 0.9608 0
66 89 19 0.9722 0
42 83 79 0.9713 0
44 89 35 0.5 0
71 70 46 0.7752 0
54 82 60 0.9121 0
48 78 78 0.5 0
58 75 59 0.7582 0
78 83 77 0.7682 0
75 67 71 0.8098 0
42 89 30 0.5 0
92 30 40 0.9851 0
54 68 46 0.6605 0
61 73 45 0.8524 0
82 85 70 0.5 0
76 67 42 0.7708 0
58 36 35 0.8667 0
63 81 79 0.9783 0
107 76 83 0.5 0
61 22 42 0.9747 0
38 62 45 0.8237 0
68 32 18 0.9886 0
35 39 38 0.8144 0
101 67 33 0.6939 0
71 72 56 0.4313 0
47 42 37 0.9149 0
82 22 42 0.5 0
40 59 17 0.7251 0
87 83 59 0.9306 0
78 72 76 0.8702 0
68 57 32 0.899 0
89 85 44 0.9722 0
20 74 68 0.559 0
101 73 72 0.7807 0
31 83 82 0.5 0
45 30 33 0.9097 0
25 75 63 0.8867 0
89 87 44 0.9037 0
102 78 81 0.5 0
104 76 83 0.5 0
70 44 32 0.5 0
36 82 87 0.8232 0
89 85 52 0.5 0
76 25 35 0.6205 0
87 79 76 0.5 0
106 49 40 0.5 0
52 49 36 0.5 0
49 86 74 0.5 0
102 76 33 0.5 0
79 90 44 0.5 0
70 90 42 0.5 0
30 64 39 0.8106 0
79 89 40 0.7395 0
105 70 62 0.8509 0
31 48 37 0.956 0
82 85 50 0.5 0
45 85 74 0.5 0
51 79 77 0.612 0
71 39 31 0.901 0
69 75 44 0.7979 0
63 23 33 0.9392 0
97 52 37 0.9617 0
81 48 33 0.8761 0
100 82 55 0.5 0
76 89 34 0.9651 0
35 43 30 0.8454 0
94 79 76 0.956 0
97 42 34 0.7399 0
60 80 65 0.5 0
70 81 69 0.7982 0
55 44 32 0.9309 0
82 35 19 0.5 0
24 75 71 0.9419 0
31 78 66 0.807 0
73 33 20 0.8216 0
78 84 15 0.8126 0
105 51 35 0.5 0
51 70 78 0.7906 0
68 89 14 0.6641 0
43 79 81 0.8713 0
77 84 68 0.7994 0
75 35 32 0.9263 0
31 59 29 0.8829 0
50 88 19 0.7714 0
52 26 30 0.9404 0
59 63 34 0.7456 0
34 74 45 0.7 0
81 90 39 0.5 0
87 31 41 0.8848 0
38 45 24 0.9542 0
66 89 34 0.7415 0
39 84 89 0.5 0
34 45 42 0.9589 0
84 42 37 0.5 0
104 45 43 0.5 0
47 66 60 0.8826 0
68 82 79 0.8635 0
104 57 39 0.9782 0
84 76 14 0.5 0
24 75 67 0.917 0
66 32 18 0.9611 0
62 71 57 0.5 0
78 84 57 0.911 0
56 65 70 0.7896 0
50 38 37 0.7819 0
70 86 62 0.5 0
106 76 59 0.5 0
92 32 34 0.9201 0
91 90 32 0.5 0
103 74 54 0.7294 0
94 70 22 0.5 0
92 42 38 0.826 0
72 66 34 0.9272 0
49 23 40 0.8131 0
54 67 51 0.9423 0
39 69 73 0.7007 0
37 54 40 0.7299 0
106 70 70 0.6608 0
58 70 74 0.8314 0
99 79 73 0.7137 0
89 83 63 0.6109 0
35 65 44 0.9808 0
64 86 68 0.5 0
109 69 64 0.9227 0
72 33 33 0.8615 0
64 81 86 0.9198 0
85 66 45 0.9469 0
37 84 73 0.5 0
69 27 24 0.8977 0
69 82 76 0.772 0
75 38 15 0.7928 0
22 72 61 0.8194 0
78 65 70 0.9978 0
61 73 69 0.8981 0
27 56 42 0.7293 0
28 77 70 0.5 0
42 53 15 0.5 0
51 84 73 0.886 0
96 81 48 0.6856 0
82 86 47 0.5 0
105 71 69 0.8471 0
36 82 75 0.5553 0
83 84 46 0.9097 0
45 83 53 0.8378 0
71 28 39 0.7211 0
69 81 54 0.7549 0
93 72 42 0.8003 0
43 83 68 0.7975 0
68 82 57 0.9895 0
42 87 24 0.9227 0
41 83 82 0.9244 0
59 78 72 0.8662 0
98 80 79 0.5 0
30 45 39 0.8637 0
40 62 45 0.8351 0
74 63 33 0.8464 0
58 25 30 0.9084 0
90 51 17 0.6588 0
92 90 36 0.5 0
64 57 33 0.9454 0
63 84 80 0.794 0
65 82 88 0.991 0
56 26 40 0.8184 0
70 91 33 0.5 0
34 74 29 0.94 0
14 75 85 0.8585 0
47 67 50 0.7505 0
90 33 31 0.9967 0
50 48 35 0.9907 0
49 29 31 0.6158 0
69 19 42 0.5 0
96 76 27 0.8521 0
33 57 26 0.65 0
70 32 38 0.5 0
35 50 44 0.5 0
104 71 76 0.8822 0
40 55 40 0.5 0
96 50 23 0.8197 0
20 73 66 0.932 0
47 56 35 0.7948 0
64 81 74 0.7926 0
58 90 41 0.5 0
63 67 35 0.8719 0
79 64 68 0.9848 0
74 89 37 0.8095 0
40 82 54 0.7991 0
31 69 80 0.8848 0
49 73 78 0.9159 0
39 63 41 0.9962 0
84 43 16 0.9218 0
35 82 81 0.8461 0
29 76 72 0.9736 0
29 62 37 0.9431 0
67 25 39 0.898 0
99 79 71 0.9714 0
88 56 33 0.8266 0
69 75 47 0.7267 0
78 61 32 0.8151 0
93 67 22 0.61 0
40 55 20 0.8408 0
94 79 24 0.5 0
38 82 67 0.5625 0
54 64 70 0.784 0
32 76 33 0.5 0
103 47 37 0.9809 0
73 72 49 0.942 0
101 79 57 0.9723 0
44 83 60 0.9298 0
43 70 16 0.9796 0
84 24 43 0.5 0
22 74 76 0.9655 0
74 37 16 0.8529 0
77 35 35 0.9373 0
88 47 35 0.9896 0
103 71 66 0.9385 0
70 82 84 0.9776 0
107 76 79 0.5 0
80 35 19 0.9722 0
37 82 61 0.6297 0
91 53 34 0.9223 0
80 85 69 0.5 0
35 72 77 0.9949 0
101 69 37 0.868 0
68 67 35 0.7583 0
100 58 30 0.8414 0
40 31 44 0.5 0
89 32 43 0.5 0
59 89 30 0.5046 0
32 74 33 0.8408 0
25 74 78 0.9578 0
70 82 73 0.8618 0
80 42 34 0.5633 0
49 64 72 0.7547 0
72 77 70 0.696 0
97 79 47 0.7886 0
60 64 34 0.9772 0
67 81 84 0.9067 0
81 67 51 0.8537 0
72 74 59 0.9537 0
34 39 45 0.5 0
50 84 55 0.9389 0
59 52 31 0.9474 0
81 84 48 0.7876 0
56 67 44 0.7466 0
42 84 51 0.5 0
45 83 55 0.9422 0
59 72 51 0.8874 0
87 38 37 0.8577 0
17 75 74 0.5 0
48 88 29 0.8538 0
32 55 44 0.5 0
28 76 68 0.8757 0
49 36 38 0.8115 0
30 74 38 0.8661 0
69 79 13 0.5 0
43 71 76 0.7341 0
91 73 18 0.5 0
50 30 40 0.8532 0
108 69 80 0.5274 0
95 81 33 0.9081 0
104 63 35 0.7967 0
89 79 23 0.8248 0
44 88 30 0.5316 0
43 85 45 0.9165 0
26 71 63 0.7619 0
65 62 35 0.5 0
70 89 37 0.731 0
31 69 43 0.9559 0
102 71 81 0.8533 0
100 69 31 0.5 0
33 47 31 0.9039 0
73 22 42 0.6267 0
51 42 14 0.802 0
41 65 18 0.8007 0
99 75 31 0.9777 0
30 64 45 0.5 0
58 76 60 0.9725 0
31 53 36 0.8254 0
18 70 79 0.574 0
90 83 53 0.9006 0
18 72 86 0.7538 0
80 81 74 0.8846 0
39 48 20 0.5227 0
51 64 61 0.5874 0
96 83 67 0.5 0
105 71 80 0.9826 0
60 80 68 0.5 0
67 78 43 0.8263 0
48 72 14 0.5617 0
101 46 30 0.5 0
31 76 38 0.6434 0
34 75 50 0.916 0
87 69 17 0.6485 0
96 75 61 0.9873 0
96 61 22 0.7111 0
43 66 70 0.8254 0
103 76 75 0.5595 0
62 74 47 0.7946 0
75 86 71 0.5 0
75 55 32 0.936 0
60 88 43 0.8327 0
32 59 27 0.8335 0
52 75 78 0.7331 0
20 74 83 0.743 0
55 86 49 0.5 0
45 52 14 0.9428 0
53 21 39 0.6994 0
54 47 34 0.8106 0
30 67 40 0.9431 0
59 83 46 0.8342 0
69 45 31 0.8267 0
101 77 37 0.9656 0
59 69 62 0.6518 0
94 88 37 0.5 0
76 83 79 0.9708 0
38 62 19 0.9972 0
79 37 17 0.9436 0
50 88 31 0.9728 0
105 71 87 0.9168 0
81 67 74 0.9216 0
68 82 75 0.9647 0
67 81 64 0.9573 0
85 88 44 0.887 0
18 70 81 0.5718 0
67 60 35 0.5 0
49 84 57 0.8139 0
115 69 86 0.5 0
93 39 26 0.8356 0
94 83 37 0.9654 0
88 88 28 0.8557 0
69 91 24 0.5 0
82 84 52 0.6291 0
54 24 31 0.6572 0
53 84 60 0.8011 0
69 74 40 0.8562 0
35 76 52 0.9974 0
114 71 84 0.5 0
93 45 25 0.6902 0
92 66 19 0.573 0
30 76 46 0.5 0
39 89 42 0.5 0
26 74 57 0.5551 0
72 43 31 0.5985 0
97 79 49 0.9687 0
78 43 14 0.8147 0
71 78 63 0.9337 0
58 89 45 0.5 0
39 75 75 0.9676 0
89 50 18 0.9933 0
60 26 29 0.8986 0
71 22 35 0.9744 0
88 91 29 0.5 0
56 65 41 0.7503 0
95 59 36 0.5307 0
77 67 53 0.9508 0
86 82 20 0.5 0
110 72 84 0.7071 0
86 67 55 0.9485 0
80 28 39 0.8193 0
33 78 87 0.9912 0
79 91 18 0.5 0
75 91 18 0.5 0
79 78 15 0.944 0
79 42 15 0.8186 0
90 83 56 0.8404 0
53 31 38 0.9368 0
65 82 62 0.8796 0
82 35 21 0.8856 0
72 70 37 0.8237 0
34 39 40 0.9344 0
83 48 14 0.9969 0
48 76 78 0.6494 0
51 72 78 0.7157 0
76 30 24 0.8832 0
43 67 60 0.8736 0
92 74 21 0.8149 0
78 66 72 0.8606 0
92 48 36 0.9435 0
44 66 63 0.9411 0
91 59 19 0.928 0
101 60 30 0.9803 0
90 72 19 0.7399 0
55 81 54 0.8737 0
92 68 41 0.8148 0
39 29 41 0.6858 0
27 71 57 0.7953 0
103 75 42 0.8775 0
47 64 46 0.8887 0
91 73 20 0.8925 0
73 90 13 0.5 0
66 75 40 0.9962 0
60 29 24 0.9737 0
52 63 35 0.824 0
73 86 78 0.5 0
71 86 80 0.5 0
74 34 19 0.8113 0
52 63 58 0.8002 0
69 84 54 0.9277 0
79 67 53 0.8239 0
25 77 66 0.5 0
96 34 36 0.9596 0
85 31 29 0.5329 0
71 23 41 0.9716 0
71 91 22 0.5 0
39 78 27 0.9255 0
24 71 71 0.846 0
93 64 17 0.5 0
71 83 72 0.947 0
93 67 48 0.9128 0
63 90 41 0.5 0
91 36 40 0.5 0
31 41 43 0.8864 0
61 56 33 0.9908 0
15 74 80 0.8903 0
93 77 76 0.9646 0
64 20 39 0.9706 0
14 74 87 0.912 0
95 73 43 0.5 0
62 82 80 0.9179 0
31 43 38 0.9366 0
48 84 75 0.917 0
42 87 44 0.87 0
83 28 27 0.5 0
68 81 48 0.7846 0
104 76 39 0.5 0
41 85 24 0.7944 0
98 73 53 0.6302 0
86 85 60 0.5 0
65 32 36 0.7761 0
84 76 16 0.8466 0
96 80 74 0.814 0
105 78 62 0.5 0
92 31 42 0.7784 0
99 80 53 0.8008 0
57 85 50 0.5 0
92 71 61 0.685 0
37 60 20 0.5024 0
74 74 51 0.9395 0
105 75 60 0.8581 0
81 80 16 0.5536 0
61 48 31 0.6928 0
89 55 16 0.9947 0
47 37 20 0.9854 0
91 34 29 0.7442 0
40 42 40 0.9948 0
65 45 31 0.9938 0
33 76 53 0.6418 0
89 52 16 0.7994 0
84 32 39 0.9029 0
93 69 23 0.6921 0
66 79 43 0.9611 0
59 75 61 0.8787 0
41 37 27 0.9758 0
104 57 35 0.5 0
83 79 18 0.8419 0
23 74 62 0.715 0
77 59 32 0.9909 0
97 43 33 0.9162 0
31 81 88 0.7783 0
49 88 24 0.9036 0
35 82 66 0.7034 0
17 73 86 0.9322 0
39 82 60 0.8501 0
48 75 13 0.5 0
112 68 80 0.9964 0
84 82 19 0.8488 0
97 82 72 0.5 0
39 85 29 0.6853 0
61 33 18 0.5936 0
58 51 33 0.5 0
60 68 59 0.5248 0
109 68 75 0.6426 0
64 88 43 0.988 0
36 50 26 0.979 0
36 76 78 0.5573 0
88 84 68 0.5 0
82 82 75 0.5 0
99 81 76 0.5 0
52 86 66 0.5 0
83 79 77 0.5 0
82 85 72 0.5 0
71 86 51 0.5 0
76 86 69 0.5 0
98 54 24 0.5 0
79 75 78 0.5 0
43 68 49 0.9845 0
58 80 62 0.7144 0
79 73 76 0.9792 0
41 82 49 0.6702 0
75 33 20 0.9711 0
79 85 67 0.5 0
81 71 77 0.5 0
79 90 42 0.5 0
95 73 64 0.5 0
109 73 63 0.5 0
58 47 31 0.9762 0
90 65 35 0.9481 0
95 35 32 0.6283 0
37 78 87 0.5114 0
34 57 25 0.8647 0
30 70 45 0.5 0
112 70 80 0.991 0
82 91 23 0.5 0
29 63 40 0.9208 0
31 81 76 0.7894 0
94 35 31 0.9139 0
32 82 60 0.5 0
88 63 15 0.9941 0
86 29 33 0.9894 0
77 66 33 0.9836 0
46 87 19 0.8981 0
84 37 22 0.9496 0
28 62 43 0.7036 0
30 61 45 0.5 0
36 76 28 0.9061 0
18 73 69 0.8668 0
54 38 16 0.9577 0
37 35 38 0.9904 0
44 41 39 0.7691 0
40 87 29 0.9139 0
44 28 44 0.5 0
72 53 31 0.5 0
76 68 41 0.9804 0
84 60 14 0.9332 0
92 78 22 0.5 0
100 74 42 0.6926 0
31 62 31 0.7075 0
75 84 65 0.5171 0
38 82 32 0.9687 0
102 72 39 0.8963 0
91 33 41 0.6034 0
91 82 29 0.6208 0
54 34 37 0.8216 0
47 39 18 0.9695 0
50 28 31 0.5215 0
32 77 38 0.8746 0
74 24 35 0.9471 0
35 44 29 0.9695 0
39 30 43 0.6247 0
39 73 20 0.8534 0
60 71 57 0.9601 0
72 72 71 0.9296 0
87 30 34 0.884 0
40 82 90 0.5088 0
62 81 72 0.7061 0
52 44 35 0.8097 0
90 68 17 0.5 0
58 89 32 0.3736 0
44 67 73 0.794 0
85 36 39 0.9371 0
27 77 60 0.5 0
35 76 50 0.9892 0
74 32 39 0.5 0
68 88 44 0.621 0
57 77 54 0.853 0
76 67 55 0.9691 0
64 85 74 0.7024 0
91 70 61 0.8899 0
64 24 40 0.8863 0
110 70 68 0.7539 0
31 73 52 0.7709 0
77 67 43 0.9481 0
43 67 71 0.9512 0
85 26 35 0.9554 0
66 64 34 0.9919 0
40 49 19 0.8206 0
80 30 24 0.8445 0
16 71 86 0.8958 0
79 83 79 0.5 0
75 84 77 0.9167 0
47 88 27 0.7761 0
93 81 72 0.8562 0
79 82 15 0.9623 0
70 86 67 0.5 0
38 68 22 0.8685 0
54 65 54 0.9458 0
72 89 32 0.9794 0
53 81 75 0.8767 0
63 32 19 0.6892 0
21 68 84 0.6049 0
109 75 77 0.5 0
58 75 74 0.9465 0
70 82 80 0.8251 0
30 68 82 0.5 0
65 81 85 0.9824 0
66 56 31 0.7882 0
32 57 28 0.8043 0
70 51 32 0.5 0
52 37 39 0.5 0
58 23 35 0.9172 0
74 73 50 0.9909 0
44 29 36 0.9666 0
102 48 34 0.916 0
38 82 65 0.9714 0
69 28 22 0.5949 0
70 86 59 0.5 0
68 82 77 0.9785 0
102 50 29 0.5 0
37 82 86 0.9731 0
52 80 13 0.5 0
92 83 45 0.9144 0
82 61 32 0.8461 0
45 43 38 0.9748 0
43 80 84 0.8966 0
58 72 75 0.8286 0
78 89 34 0.996 0
84 52 34 0.5 0
87 71 17 0.8635 0
101 70 86 0.5 0
40 47 20 0.7787 0
45 64 68 0.6671 0
63 24 31 0.9201 0
79 86 53 0.5 0
45 80 80 0.8951 0
70 29 22 0.9939 0
37 80 92 0.7875 0
44 83 64 0.9497 0
31 52 44 0.7828 0
77 23 39 0.888 0
36 36 40 0.8048 0
62 90 37 0.5 0
82 37 20 0.926 0
33 78 40 0.7204 0
54 84 50 0.8731 0
42 61 37 0.7945 0
100 67 41 0.7727 0
101 66 32 0.8604 0
55 33 19 0.9937 0
88 54 15 0.9342 0
69 89 29 0.968 0
71 77 67 0.8239 0
98 57 28 0.8441 0
45 81 18 0.9576 0
34 77 79 0.9486 0
43 55 15 0.5 0
93 79 75 0.9892 0
35 67 45 0.9391 0
47 84 71 0.6829 0
93 36 28 0.6918 0
39 83 50 0.5 0
31 68 77 0.9537 0
97 60 24 0.7809 0
75 89 17 0.9995 0
33 83 91 0.5 0
74 86 66 0.5 0
72 37 31 0.7464 0
49 66 75 0.9263 0
80 68 37 0.7894 0
28 75 76 0.7167 0
27 57 43 0.6618 0
59 50 31 0.8528 0
94 70 47 0.7342 0
59 75 50 0.9604 0
61 79 51 0.5 0
59 70 55 0.9886 0
73 68 67 0.8238 0
70 67 35 0.6587 0
51 84 54 0.9754 0
45 87 20 0.9574 0
19 74 79 0.8623 0
45 67 75 0.6481 0
63 33 34 0.8108 0
72 73 55 0.7155 0
77 84 13 0.5 0
57 66 63 0.6365 0
51 84 52 0.9617 0
45 85 47 0.5 0
100 42 39 0.9961 0
86 62 14 0.7421 0
32 76 78 0.7711 0
36 63 23 0.9029 0
82 87 19 0.8984 0
31 75 37 0.8643 0
76 28 39 0.8476 0
61 74 51 0.5 0
79 62 32 0.911 0
93 84 53 0.5 0
78 81 76 0.9677 0
106 75 67 0.834 0
73 89 17 0.9711 0
84 80 19 0.7646 0
58 66 58 0.9907 0
109 69 85 0.8832 0
42 66 67 0.9903 0
36 77 30 0.9772 0
0
