2048
66 75 59 12.0769 0
67 67 98 16.9787 0
67 65 25 14.8527 0
103 84 41 2.5291 0
34 70 48 5.4888 0
84 72 44 10.308 0
49 68 43 9.3138 0
90 70 26 7.7015 0
65 61 74 6.567 0
45 62 27 6.1864 0
86 82 58 5.9346 0
47 78 56 5.6263 0
97 83 48 5.3719 0
65 62 46 5.1886 0
98 78 37 4.7173 0
60 52 82 4.6431 0
66 78 41 4.7354 0
36 65 36 4.6838 0
70 72 76 4.5499 0
48 50 16 1.78 0
87 60 18 4.2315 0
54 53 16 3.8827 0
85 61 33 3.5352 0
75 60 44 3.5429 0
71 54 81 3.4272 0
83 72 60 3.3636 0
61 72 78 3.4417 0
52 57 34 3.2889 0
56 60 80 3.2381 0
57 51 108 3.1953 0
92 74 56 3.1973 0
57 79 45 3.0128 0
50 60 18 2.9677 0
79 78 32 2.963 0
47 54 20 2.9274 0
59 49 90 2.9292 0
58 48 98 2.8608 0
73 79 36 2.8661 0
63 52 12 2.8181 0
60 51 73 2.5562 0
73 81 46 2.8061 0
51 69 56 2.7435 0
38 76 54 2.7505 0
61 54 120 0.5 0
59 76 12 2.6369 0
58 78 38 2.6964 0
75 65 79 2.7315 0
77 86 62 2.7037 0
73 64 50 2.7033 0
93 89 54 2.5673 0
53 57 86 2.5665 0
79 59 38 2.6868 0
57 63 52 2.6874 0
82 65 14 2.659 0
42 69 54 2.6205 0
95 66 36 2.4011 0
90 79 33 2.6263 0
57 58 40 2.5159 0
71 52 12 2.4415 0
29 65 41 2.4226 0
87 59 26 2.5315 0
54 85 58 2.5537 0
44 58 36 2.4753 0
80 79 65 2.4962 0
53 52 99 2.4888 0
56 67 80 2.3369 0
59 57 114 2.4438 0
71 50 87 2.3484 0
41 77 48 2.2793 0
73 65 69 2.2965 0
31 61 31 2.4016 0
62 48 104 2.32 0
79 67 56 2.3461 0
58 69 71 2.2577 0
52 54 24 2.2888 0
55 60 12 2.2492 0
80 57 15 2.3068 0
78 82 52 2.2157 0
61 49 17 2.1829 0
65 49 88 2.1427 0
65 47 96 2.1899 0
83 70 17 2.1611 0
74 55 39 1.9494 0
98 75 45 2.1128 0
75 59 79 2.0699 0
51 72 62 1.9323 0
38 62 43 2.0462 0
66 51 77 2.0209 0
50 70 28 2.0557 0
52 56 106 1.9732 0
67 77 11 1.8102 0
63 51 110 2.0027 0
99 76 29 1.7913 0
66 77 80 1.9945 0
52 73 32 1.9183 0
52 79 49 1.9501 0
67 49 107 1.8558 0
52 79 63 1.9091 0
55 61 113 1.8252 0
98 71 33 1.9063 0
29 62 36 1.9173 0
72 49 105 1.8847 0
64 61 64 1.884 0
82 77 26 1.87 0
53 54 92 1.8084 0
58 45 85 1.7131 0
95 82 56 1.8349 0
64 55 114 1.8243 0
85 79 30 1.6899 0
35 62 27 1.5896 0
57 56 73 1.7909 0
42 69 32 1.7753 0
58 56 11 1.8102 0
57 69 11 1.8102 0
69 54 113 1.7129 0
67 47 101 1.5501 0
67 49 83 1.6154 0
78 85 56 1.7392 0
53 64 84 1.5917 0
71 78 82 1.6884 0
59 65 68 1.7035 0
78 62 52 1.5796 0
95 75 51 1.7177 0
45 52 25 1.6431 0
85 67 56 1.6841 0
74 57 11 1.6768 0
74 51 17 1.6655 0
38 72 40 1.6345 0
33 62 43 1.5191 0
40 64 50 1.5712 0
58 50 11 1.6231 0
66 82 85 1.5015 0
74 55 112 1.5704 0
76 50 102 1.5824 0
81 75 22 1.6092 0
102 93 48 0.5 0
50 58 102 1.5661 0
67 80 34 1.5799 0
50 67 108 1.5079 0
61 76 73 1.4541 0
91 62 34 1.5492 0
60 79 33 1.4889 0
49 70 105 1.5654 0
78 55 109 1.5031 0
70 48 94 1.4952 0
72 55 75 1.4754 0
76 71 81 1.4919 0
94 70 52 1.4981 0
51 64 54 1.5424 0
93 61 21 1.5425 0
69 62 65 1.531 0
89 55 23 1.3611 0
57 59 45 1.495 0
55 76 34 1.436 0
39 75 44 1.4701 0
87 67 16 1.3019 0
55 53 29 1.4786 0
72 81 85 1.4294 0
56 63 75 1.466 0
55 82 52 1.397 0
83 62 83 0.5 0
77 52 106 1.3822 0
46 70 58 1.4065 0
70 58 41 1.4318 0
53 52 104 1.4865 0
54 58 110 1.4735 0
97 78 55 1.3634 0
96 71 37 1.4531 0
103 88 45 1.2361 0
97 91 51 1.3167 0
59 54 36 1.4043 0
85 60 39 1.4451 0
71 51 109 1.3689 0
62 82 46 1.3095 0
75 67 74 1.3823 0
48 65 102 1.4345 0
50 68 23 1.4294 0
95 78 30 1.4057 0
33 77 52 1.3569 0
81 56 106 1.3967 0
74 75 81 1.4035 0
65 52 72 1.3313 0
80 56 32 1.4277 0
52 63 110 1.3204 0
80 61 84 1.116 0
89 90 57 1.3634 0
71 76 12 1.405 0
77 59 83 1.3961 0
44 54 30 1.3846 0
44 59 19 1.3708 0
65 77 74 1.1828 0
91 63 38 1.2784 0
46 70 30 1.3495 0
90 85 51 1.305 0
50 55 96 1.2022 0
54 65 11 1.069 0
75 53 87 1.2716 0
50 62 106 1.3074 0
62 77 82 1.2998 0
91 81 38 1.2395 0
51 62 88 1.2558 0
64 57 40 1.3171 0
69 53 73 1.3015 0
56 55 77 1.2974 0
76 82 67 1.2463 0
40 71 36 1.2615 0
51 54 29 1.1849 0
95 77 63 0.5 0
80 74 65 1.2385 0
105 81 31 0.5 0
59 50 22 1.2821 0
49 74 101 1.198 0
98 66 45 0.5 0
78 81 37 1.1867 0
51 59 90 1.3054 0
68 83 47 1.2244 0
88 70 57 1.1912 0
40 60 39 1.2667 0
95 66 42 1.2643 0
97 72 41 1.171 0
76 54 15 1.2174 0
100 90 47 1.2664 0
56 52 23 1.2634 0
55 73 84 1.1993 0
74 62 74 1.1601 0
96 63 30 1.2281 0
79 52 100 1.2304 0
71 52 36 1.0692 0
73 86 65 1.247 0
74 70 70 1.1765 0
91 76 61 1.2416 0
59 62 115 1.1459 0
82 57 21 1.2021 0
52 57 41 1.2327 0
63 78 14 1.2261 0
57 48 103 1.235 0
77 60 12 1.1897 0
55 52 87 1.1222 0
82 83 50 1.1504 0
48 69 101 1.1423 0
48 54 27 1.1433 0
47 66 55 1.1418 0
86 58 103 0.5 0
82 89 60 1.1285 0
27 68 44 1.1676 0
34 71 40 1.0539 0
76 55 84 1.0602 0
92 82 42 1.0392 0
58 74 71 1.0816 0
72 82 41 1.0744 0
103 78 32 1.0916 0
48 70 97 1.1233 0
52 75 65 1.05 0
74 87 57 1.0196 0
41 73 57 1.1362 0
77 68 117 0.5 0
63 48 21 1.0566 0
50 76 98 1.1262 0
48 79 48 1.1661 0
102 69 28 0.5 0
37 66 29 1.0175 0
81 70 114 0.5 0
36 78 49 0.8361 0
91 65 17 1.1203 0
92 61 30 1.0707 0
57 67 75 1.0797 0
102 89 54 0.5 0
85 73 108 0.5 0
76 82 42 1.0787 0
80 78 111 0.5 0
52 75 89 1.0777 0
31 61 40 1.1239 0
31 69 40 1.1221 0
71 59 49 1.1209 0
53 63 15 1.0836 0
59 78 17 1.0071 0
58 87 61 0.9536 0
59 59 49 1.1142 0
96 69 46 1.082 0
97 86 55 1.0674 0
53 79 92 0.974 0
92 60 25 0.9039 0
48 64 98 1.0403 0
86 81 35 1.0262 0
89 57 30 0.9737 0
37 71 55 1.0586 0
65 60 118 0.5 0
84 77 106 0.5 0
81 84 64 1.0819 0
71 58 117 0.5 0
85 61 100 1.0923 0
66 50 17 1.0527 0
39 83 53 0.5 0
46 87 60 0.5 0
54 65 112 1.064 0
49 65 19 1.0204 0
88 58 37 0.9849 0
60 81 87 1.0537 0
51 83 61 1.0611 0
48 55 31 1.0803 0
61 54 117 1.002 0
101 78 44 1.0363 0
82 58 29 1.0363 0
67 56 10 0.8024 0
100 70 27 0.9421 0
76 76 69 1.0599 0
37 63 48 1.0421 0
63 59 115 1.0358 0
51 77 95 1.0353 0
70 48 98 0.9627 0
56 80 89 0.9487 0
107 82 36 0.5 0
63 57 10 0.8024 0
55 76 68 0.9973 0
40 81 54 0.9574 0
55 51 95 1.0317 0
77 82 109 0.5 0
78 73 115 0.5 0
53 72 113 0.5 0
87 60 43 1.0191 0
73 88 60 0.9702 0
62 45 99 0.9409 0
67 58 115 0.9266 0
81 54 98 0.9913 0
54 68 84 0.9683 0
79 68 61 0.8518 0
70 85 71 0.5 0
57 44 89 0.7586 0
104 82 37 0.9916 0
57 54 33 1.0015 0
48 57 38 0.961 0
81 60 112 0.5 0
84 77 64 0.9646 0
64 48 92 0.9763 0
87 84 50 0.9963 0
78 60 49 0.9885 0
89 54 18 0.9537 0
74 51 90 0.9859 0
81 60 43 0.9379 0
96 62 23 0.889 0
40 80 51 0.9427 0
78 78 26 0.8693 0
95 68 49 0.8543 0
84 59 103 0.8512 0
67 47 92 0.8713 0
74 75 116 0.5 0
82 81 102 0.5 0
75 60 116 0.5 0
53 82 102 0.5 0
100 89 51 0.9726 0
82 56 102 0.9341 0
55 74 111 0.9318 0
61 60 52 0.804 0
84 74 19 0.7768 0
77 59 112 0.9533 0
42 58 41 0.8449 0
63 78 10 0.8024 0
41 61 47 0.9112 0
49 85 59 0.806 0
80 64 114 0.5 0
58 75 115 0.5 0
83 81 35 0.9316 0
64 80 32 0.9313 0
62 47 86 0.9248 0
75 53 109 0.8553 0
90 83 45 0.7842 0
73 49 100 0.8556 0
71 73 10 0.8024 0
59 76 83 0.8914 0
43 55 23 0.8354 0
83 62 89 0.8699 0
100 88 43 0.7387 0
55 66 57 0.7537 0
55 59 75 0.9107 0
99 74 25 0.7906 0
79 85 46 0.5 0
93 88 61 0.5 0
76 76 84 0.9087 0
30 64 46 0.8788 0
96 73 48 0.8709 0
67 73 10 0.8024 0
59 65 10 0.8024 0
75 65 10 0.8024 0
49 61 99 0.8642 0
82 73 112 0.5 0
84 70 110 0.5 0
75 54 35 0.8546 0
87 75 62 0.8579 0
57 78 31 0.7421 0
69 62 118 0.5 0
75 80 112 0.5 0
89 61 40 0.7696 0
47 72 61 0.7675 0
77 78 86 0.8136 0
62 80 85 0.8782 0
57 49 19 0.8771 0
77 83 48 0.8342 0
67 50 10 0.8024 0
97 94 55 0.5 0
79 71 65 0.8731 0
50 74 93 0.7949 0
61 60 10 0.8024 0
73 70 10 0.8024 0
57 70 75 0.8715 0
87 68 103 0.5 0
60 86 94 0.5 0
87 68 93 0.5 0
53 68 111 0.7539 0
53 71 110 0.8848 0
56 84 63 0.8499 0
56 73 10 0.8024 0
37 61 24 0.7526 0
80 74 110 0.8025 0
88 89 61 0.8546 0
81 71 110 0.8763 0
59 86 98 0.5 0
80 53 103 0.775 0
86 90 59 0.7513 0
98 77 52 0.8586 0
54 66 14 0.7628 0
86 64 53 0.8578 0
57 80 21 0.5 0
52 79 45 0.8101 0
60 63 65 0.7838 0
80 61 12 0.8159 0
49 76 63 0.8356 0
80 73 18 0.8269 0
57 85 54 0.6589 0
99 75 49 0.7904 0
75 79 69 0.814 0
58 83 49 0.9275 0
52 78 102 0.769 0
64 72 10 0.8024 0
70 58 10 0.8024 0
74 62 10 0.8024 0
93 79 60 0.8165 0
79 54 29 0.83 0
81 82 97 0.5 0
73 59 114 0.8338 0
39 60 33 0.8388 0
67 50 14 0.7351 0
60 72 10 0.8024 0
35 62 46 0.796 0
43 55 33 0.8264 0
64 75 10 0.8024 0
56 53 10 0.8024 0
46 49 19 0.7872 0
70 54 38 0.8019 0
78 66 12 0.8052 0
69 81 83 0.736 0
57 83 106 0.5 0
99 85 59 0.5 0
78 67 82 0.7752 0
54 55 81 0.6797 0
89 55 27 0.7189 0
96 64 21 0.7716 0
57 63 10 0.8024 0
70 52 76 0.7306 0
79 53 26 0.664 0
101 75 32 0.8172 0
51 61 85 0.7797 0
69 83 44 0.8203 0
28 66 46 0.8138 0
73 86 54 0.7849 0
74 59 75 0.7274 0
72 80 31 0.6984 0
106 85 47 0.5 0
49 73 98 0.7441 0
60 88 65 0.5 0
81 67 111 0.6597 0
81 78 88 0.5 0
66 87 94 0.5 0
63 87 99 0.5 0
91 88 59 0.7499 0
83 63 110 0.5 0
56 81 92 0.7988 0
76 79 28 0.6698 0
27 65 37 0.7868 0
48 54 15 0.6124 0
79 58 110 0.7912 0
73 83 68 0.7711 0
42 59 44 0.6288 0
78 73 83 0.7078 0
39 68 30 0.71 0
50 57 93 0.9903 0
83 61 12 0.7298 0
69 78 14 0.7237 0
84 78 100 0.5 0
89 73 60 0.7328 0
91 69 54 0.5612 0
82 78 101 0.7483 0
68 83 88 0.7213 0
71 86 49 0.5 0
77 69 114 0.6811 0
50 76 105 0.5 0
57 48 16 0.7025 0
57 83 97 0.718 0
38 66 53 0.6446 0
63 83 86 0.7655 0
74 84 52 0.7467 0
57 65 114 0.6748 0
85 72 90 0.5 0
85 62 106 0.5 0
85 59 93 0.5 0
87 65 95 0.5 0
84 89 64 0.5 0
56 70 113 0.7403 0
54 81 100 0.5534 0
97 66 32 0.6309 0
53 61 51 0.7163 0
100 81 57 0.5 0
47 67 98 0.6013 0
60 53 113 0.7621 0
64 80 83 0.6857 0
99 65 40 0.5 0
86 71 104 0.5 0
85 76 103 0.5 0
71 82 72 0.5 0
73 72 117 0.5 0
104 80 34 0.7031 0
78 63 82 0.6774 0
63 77 77 0.6356 0
80 88 58 0.716 0
71 88 62 0.7221 0
76 51 22 0.6199 0
65 83 46 0.7216 0
78 84 97 0.5 0
56 80 109 0.5 0
81 61 109 0.7416 0
81 79 104 0.9403 0
58 83 94 0.7409 0
79 79 106 0.7537 0
102 88 49 0.7598 0
54 76 86 0.8725 0
94 65 19 0.7508 0
72 63 64 0.7498 0
53 74 109 0.6942 0
61 57 42 0.6087 0
44 64 53 0.8604 0
48 73 33 0.6824 0
49 72 95 0.6964 0
82 57 35 0.7087 0
33 74 54 0.7372 0
54 49 102 0.6926 0
67 56 39 0.7306 0
52 67 18 0.7129 0
76 65 116 0.5 0
85 69 107 0.5 0
56 71 14 0.7089 0
75 68 115 0.7313 0
72 49 91 0.6674 0
82 75 106 0.7072 0
43 54 27 0.7215 0
87 65 100 0.5 0
57 66 65 0.6128 0
70 59 115 0.5829 0
62 63 118 0.5 0
95 83 41 0.6513 0
55 55 111 0.6835 0
81 64 53 0.5508 0
82 87 63 0.5068 0
59 79 29 0.7191 0
83 57 99 0.6412 0
75 61 114 0.6539 0
69 50 32 0.6868 0
70 84 49 0.7086 0
96 69 43 0.6368 0
49 69 60 0.7245 0
65 48 24 0.9416 0
80 76 87 0.947 0
96 87 59 0.5 0
52 76 105 0.6557 0
57 77 19 0.6463 0
83 60 91 0.668 0
73 84 89 0.5 0
83 71 107 0.6804 0
45 50 22 0.601 0
80 81 100 0.9665 0
60 86 101 0.5 0
54 73 66 0.6047 0
62 85 96 0.6727 0
62 52 34 0.7116 0
96 69 40 0.5039 0
78 83 45 0.9449 0
98 85 41 0.5875 0
41 58 33 0.6898 0
60 83 108 0.5 0
86 63 97 0.8387 0
54 76 108 0.7056 0
100 73 41 0.5718 0
53 64 80 0.6846 0
62 84 92 0.7001 0
45 80 49 0.6016 0
54 56 10 0.9067 0
83 79 96 0.5 0
99 64 26 0.5 0
64 49 73 0.5952 0
61 56 39 0.5529 0
50 58 98 0.9238 0
87 79 27 0.632 0
96 63 33 0.6641 0
44 72 34 0.6811 0
96 62 26 0.9905 0
49 62 96 0.6395 0
78 52 90 0.5 0
80 70 12 0.5 0
58 87 57 0.5278 0
46 85 58 0.6806 0
71 51 33 0.6595 0
67 51 111 0.9788 0
87 72 17 0.5403 0
71 61 68 0.577 0
69 62 52 0.5245 0
79 70 14 0.9473 0
83 78 93 0.5 0
78 83 103 0.5 0
83 61 106 0.5908 0
55 76 30 0.9462 0
56 72 68 0.6805 0
80 76 108 0.6688 0
52 65 87 0.6708 0
92 85 64 0.5 0
70 83 70 0.9824 0
77 70 11 0.5 0
77 56 41 0.6343 0
77 63 11 0.543 0
103 80 43 0.5576 0
56 82 95 0.6738 0
52 76 36 0.6618 0
49 57 41 0.6439 0
77 62 113 0.6596 0
67 87 97 0.5 0
46 64 19 0.9629 0
90 59 32 0.5497 0
56 54 38 0.985 0
95 86 57 0.6375 0
92 79 28 0.6516 0
78 52 96 0.6529 0
55 59 49 0.667 0
79 71 112 0.5688 0
54 80 103 0.9739 0
47 57 16 0.6485 0
57 82 103 0.6412 0
51 65 17 0.6373 0
80 83 47 0.6174 0
48 65 106 0.5268 0
61 82 43 0.576 0
104 85 46 0.9605 0
93 79 64 0.5 0
96 75 61 0.5 0
86 66 105 0.5 0
51 80 98 0.5 0
92 93 58 0.5 0
75 50 98 0.5928 0
69 88 66 0.5 0
63 81 35 0.8007 0
61 49 24 0.634 0
80 80 102 0.6078 0
89 84 48 0.5756 0
78 55 35 0.8364 0
56 79 26 0.5 0
85 78 21 0.5 0
91 58 23 0.9367 0
58 84 52 0.5857 0
67 87 68 0.5 0
67 90 59 0.5 0
59 84 99 0.5596 0
50 55 99 0.6007 0
76 69 77 0.5507 0
51 84 55 0.6488 0
75 82 39 0.5634 0
42 57 21 0.927 0
48 62 103 0.6079 0
37 60 30 0.7049 0
76 65 54 0.583 0
98 89 54 0.8435 0
66 58 53 0.5 0
78 66 113 0.6429 0
80 56 19 0.5674 0
94 79 22 0.5 0
79 63 55 0.5955 0
53 78 40 0.5275 0
70 81 33 0.5923 0
68 45 98 0.9932 0
94 59 17 0.5 0
60 55 71 0.5523 0
100 70 30 0.5329 0
46 64 53 0.6302 0
74 51 84 0.5651 0
63 83 89 0.5447 0
60 47 94 0.6225 0
91 59 28 0.9837 0
72 84 107 0.5 0
51 72 107 0.9985 0
78 74 68 0.9769 0
66 61 116 0.936 0
77 53 18 0.9081 0
58 79 71 0.5 0
93 64 40 0.5826 0
101 76 54 0.5 0
72 61 117 0.5 0
83 63 107 0.617 0
69 82 86 0.6089 0
76 86 68 0.5 0
74 90 65 0.5 0
54 79 66 0.5897 0
60 88 59 0.9143 0
54 78 106 0.5169 0
74 65 65 0.5214 0
59 84 96 0.5803 0
29 66 36 0.6025 0
67 82 30 0.5 0
100 72 38 0.5906 0
83 68 108 0.9715 0
84 62 104 0.5609 0
77 80 107 0.5777 0
83 74 65 0.5443 0
67 59 66 0.9653 0
74 55 43 0.5975 0
82 85 45 0.5 0
71 86 102 0.5 0
86 84 39 0.5 0
82 84 39 0.5 0
57 76 111 0.5567 0
80 60 46 0.9987 0
85 68 93 0.5547 0
84 70 91 0.5941 0
96 79 26 0.5 0
56 68 67 0.7548 0
82 73 108 0.5316 0
94 62 32 0.5293 0
104 91 48 0.5 0
87 67 97 0.5 0
80 69 112 0.5792 0
67 85 70 0.5 0
64 88 66 0.5 0
83 73 88 0.5 0
94 75 61 0.9496 0
78 52 24 0.5168 0
35 60 32 0.51 0
76 55 81 0.5725 0
99 68 39 0.5 0
75 80 31 0.5956 0
104 83 45 0.5476 0
76 52 20 0.595 0
58 51 25 0.5327 0
84 77 23 0.5331 0
68 77 73 0.5931 0
37 80 52 0.9829 0
83 57 24 0.918 0
81 80 98 0.9064 0
36 80 54 0.5363 0
73 79 72 0.5 0
41 84 56 0.5 0
43 71 58 0.5126 0
57 73 113 0.879 0
51 68 20 0.5211 0
77 74 112 0.5896 0
54 68 59 0.5793 0
30 65 33 0.8742 0
75 91 61 0.5 0
66 84 108 0.5 0
62 81 111 0.5 0
96 71 44 0.5848 0
49 73 104 0.5854 0
44 78 45 0.8613 0
88 56 33 0.735 0
53 74 28 0.853 0
52 57 44 0.998 0
51 60 108 0.5353 0
84 56 15 0.5816 0
70 77 72 0.5591 0
40 65 53 0.583 0
82 77 104 0.9789 0
101 84 55 0.5 0
63 49 26 0.5403 0
61 61 66 0.5419 0
80 64 85 0.548 0
61 75 115 0.5 0
51 76 92 0.5447 0
40 59 36 0.5467 0
77 64 72 0.5 0
54 55 39 0.9467 0
48 67 96 0.55 0
57 83 100 0.9214 0
49 68 93 0.5008 0
45 57 17 0.5696 0
85 57 106 0.5 0
87 87 65 0.5 0
43 56 19 0.5343 0
100 87 53 0.5088 0
50 62 91 0.9051 0
82 78 97 0.5328 0
57 45 92 0.8695 0
75 55 77 0.7881 0
62 62 53 0.5304 0
78 81 104 0.9474 0
104 86 51 0.5 0
45 58 41 0.5307 0
79 80 70 0.5 0
99 71 24 0.5635 0
74 84 105 0.5 0
72 68 117 0.5 0
77 50 99 0.556 0
94 78 58 0.5282 0
32 61 27 0.5581 0
60 49 113 0.5 0
59 78 85 0.9256 0
52 85 64 0.5 0
79 69 84 0.5532 0
59 83 50 0.8435 0
57 72 81 0.5559 0
81 56 27 0.8793 0
68 52 35 0.5448 0
42 77 44 0.9123 0
70 86 94 0.5 0
86 72 98 0.5 0
70 83 109 0.5 0
83 72 90 0.536 0
54 65 77 0.9399 0
32 59 36 0.6681 0
46 55 33 0.9564 0
83 58 37 0.5501 0
54 53 32 0.5221 0
57 81 69 0.5 0
74 79 84 0.5417 0
83 58 105 0.5267 0
57 78 28 0.9606 0
33 64 29 0.965 0
37 77 46 0.828 0
81 61 87 0.9202 0
88 80 29 0.5105 0
32 63 47 0.5367 0
77 72 113 0.9987 0
62 81 37 0.9878 0
29 70 42 0.8827 0
94 61 27 0.842 0
97 77 23 0.5 0
45 79 47 0.5037 0
77 88 58 0.9364 0
97 76 25 0.533 0
95 84 60 0.5 0
97 67 40 0.9523 0
87 70 16 0.9703 0
58 81 41 0.5449 0
97 71 56 0.5 0
79 81 96 0.5319 0
105 79 39 0.5 0
92 94 55 0.5 0
82 64 109 0.9475 0
41 59 21 0.5013 0
27 71 47 0.9856 0
69 58 52 0.5 0
34 60 40 0.7979 0
73 75 71 0.9021 0
76 64 74 0.9755 0
62 80 30 0.9442 0
52 53 108 0.993 0
83 75 103 0.5114 0
57 51 76 0.9653 0
79 65 83 0.9711 0
105 77 35 0.5 0
58 73 74 0.9778 0
103 88 42 0.5088 0
99 84 39 0.962 0
100 72 29 0.9513 0
59 83 103 0.5047 0
54 59 47 0.9362 0
81 82 69 0.5 0
37 60 40 0.9536 0
56 70 67 0.5215 0
72 56 42 0.5145 0
59 46 102 0.9375 0
75 54 12 0.9783 0
103 79 41 0.958 0
57 65 72 0.8044 0
58 79 87 0.9854 0
55 81 65 0.8888 0
81 82 38 0.9295 0
58 82 91 0.9689 0
56 80 106 0.8756 0
65 85 94 0.509 0
74 50 108 0.8643 0
75 85 67 0.9266 0
79 53 21 0.5 0
75 72 114 0.9937 0
65 84 90 0.8371 0
84 59 13 0.9469 0
55 82 49 0.9867 0
57 77 70 0.7854 0
59 65 115 0.5061 0
60 63 62 0.9513 0
93 85 60 0.8169 0
67 49 29 0.9635 0
70 74 116 0.5 0
53 55 110 0.5062 0
55 71 82 0.9676 0
70 88 59 0.5193 0
79 84 66 0.9063 0
60 87 63 0.8409 0
62 79 17 0.7636 0
73 55 116 0.5 0
75 80 86 0.8317 0
92 81 63 0.8053 0
84 64 105 0.9492 0
79 59 86 0.879 0
53 54 83 0.9319 0
54 60 49 0.6453 0
69 56 117 0.5 0
55 69 14 0.5045 0
54 80 95 0.9429 0
45 62 18 0.7928 0
51 74 105 0.9751 0
87 80 24 0.5 0
77 54 33 0.7772 0
60 78 71 0.991 0
56 79 68 0.7843 0
42 56 31 0.9559 0
76 85 44 0.5 0
83 58 94 0.858 0
79 72 16 0.9511 0
75 68 67 0.8485 0
85 89 62 0.6644 0
81 74 87 0.8643 0
57 78 22 0.8472 0
93 60 18 0.9473 0
88 58 40 0.7491 0
85 59 97 0.5 0
56 73 13 0.9922 0
70 62 62 0.9389 0
35 79 51 0.9478 0
56 53 75 0.988 0
60 57 45 0.7765 0
74 65 115 0.995 0
64 45 101 0.8076 0
91 79 63 0.8774 0
43 63 51 0.8775 0
77 76 111 0.9257 0
74 73 70 0.9121 0
69 82 37 0.9134 0
88 67 54 0.9605 0
68 47 104 0.9372 0
55 51 26 0.7159 0
74 70 115 0.99 0
73 59 52 0.5 0
89 82 40 0.9586 0
87 61 48 0.8537 0
86 64 13 0.9488 0
85 76 21 0.9539 0
60 83 91 0.865 0
72 82 88 0.8728 0
91 63 41 0.9966 0
68 80 81 0.8798 0
87 83 32 0.5 0
93 83 34 0.5 0
41 82 56 0.9902 0
56 48 86 0.7211 0
52 79 99 0.8692 0
84 67 106 0.8302 0
61 47 110 0.5 0
81 59 108 0.9857 0
58 46 94 0.9271 0
76 82 105 0.8006 0
83 73 106 0.9674 0
83 66 87 0.5 0
63 68 117 0.5 0
72 61 115 0.9198 0
59 86 55 0.947 0
61 59 118 0.5 0
85 62 97 0.6898 0
103 77 28 0.5 0
30 76 51 0.7454 0
76 78 113 0.5 0
64 82 110 0.5 0
72 76 115 0.5 0
97 89 58 0.5 0
65 86 69 0.5 0
62 89 64 0.5 0
62 62 61 0.889 0
84 61 86 0.5 0
77 55 37 0.8947 0
72 81 70 0.8149 0
46 72 32 0.9829 0
69 50 16 0.6747 0
33 60 38 0.9806 0
86 69 13 0.5 0
78 82 98 0.9085 0
86 67 60 0.5 0
45 72 60 0.9851 0
79 80 90 0.5 0
67 71 117 0.5 0
60 84 101 0.8934 0
47 86 55 0.5 0
100 73 31 0.9386 0
51 56 90 0.8882 0
58 81 106 0.9716 0
41 75 41 0.9626 0
75 70 73 0.9062 0
49 56 15 0.9001 0
81 81 28 0.5 0
78 77 23 0.9367 0
83 56 17 0.9923 0
54 48 100 0.9377 0
65 56 118 0.5 0
50 60 96 0.9515 0
49 59 105 0.8333 0
72 62 66 0.9653 0
65 47 85 0.9764 0
60 63 55 0.93 0
84 72 103 0.9899 0
61 71 116 0.5 0
62 55 37 0.9308 0
74 72 12 0.9608 0
52 79 96 0.9974 0
54 63 57 0.5 0
96 81 60 0.5 0
56 74 69 0.9763 0
105 87 49 0.5 0
84 60 97 0.993 0
96 66 45 0.75 0
60 45 88 0.8721 0
77 57 81 0.9991 0
49 85 56 0.8676 0
42 62 49 0.9777 0
100 71 36 0.8688 0
62 88 60 0.9108 0
36 74 42 0.7763 0
87 82 38 0.8241 0
93 62 16 0.5 0
58 83 68 0.5 0
91 91 60 0.5 0
50 55 101 0.9884 0
55 81 102 0.5581 0
80 55 26 0.5108 0
77 54 89 0.8223 0
84 86 51 0.5 0
85 80 66 0.5 0
90 84 65 0.5 0
64 48 108 0.9554 0
85 66 93 0.9629 0
77 78 109 0.9282 0
39 70 33 0.9142 0
73 61 71 0.6962 0
64 49 15 0.9722 0
56 78 108 0.924 0
102 83 36 0.9519 0
43 80 49 0.9815 0
80 62 111 0.8266 0
51 66 89 0.9774 0
67 61 62 0.8195 0
74 84 92 0.5 0
72 85 93 0.5 0
85 62 93 0.5 0
76 84 100 0.5 0
52 66 111 0.9856 0
55 67 113 0.9855 0
59 79 20 0.663 0
83 66 108 0.9132 0
94 66 45 0.9788 0
97 89 56 0.7308 0
71 45 97 0.5 0
95 78 27 0.8794 0
40 73 38 0.9934 0
52 80 42 0.5 0
90 80 29 0.9313 0
73 79 17 0.5 0
80 66 85 0.9581 0
71 85 51 0.8393 0
39 80 57 0.5 0
91 76 18 0.5 0
96 69 18 0.5 0
99 66 24 0.5 0
80 65 111 0.9169 0
73 52 34 0.7945 0
65 49 28 0.8998 0
32 65 31 0.8134 0
66 63 116 0.9287 0
87 62 50 0.8045 0
83 77 99 0.8205 0
84 68 91 0.9679 0
68 88 62 0.9638 0
71 85 67 0.8333 0
54 49 96 0.9589 0
80 79 93 0.9644 0
54 71 64 0.9044 0
89 71 17 0.9613 0
33 70 38 0.9659 0
84 75 100 0.7058 0
90 55 15 0.5 0
55 64 116 0.5 0
65 48 80 0.6296 0
98 83 57 0.921 0
60 83 48 0.9655 0
78 54 31 0.9577 0
56 77 87 0.9032 0
96 90 48 0.8097 0
66 84 49 0.9709 0
57 79 33 0.9119 0
76 67 11 0.8365 0
65 49 19 0.9599 0
50 58 96 0.884 0
53 53 112 0.5 0
100 77 47 0.9818 0
79 74 85 0.7859 0
63 62 116 0.5934 0
69 80 9 0.5 0
52 74 107 0.885 0
53 69 86 0.9153 0
56 75 16 0.4237 0
75 82 91 0.9513 0
68 84 91 0.9372 0
83 81 32 0.7658 0
51 76 103 0.8614 0
53 83 63 0.7678 0
61 46 84 0.8891 0
57 68 114 0.7952 0
75 90 58 0.5 0
62 85 48 0.5 0
63 85 98 0.9161 0
78 80 91 0.9387 0
46 73 34 0.9402 0
38 65 26 0.8977 0
58 53 31 0.9925 0
82 77 94 0.8992 0
96 70 50 0.9776 0
43 64 52 0.6233 0
30 68 38 0.9775 0
98 81 55 0.9003 0
58 88 59 0.9997 0
54 68 11 0.964 0
44 65 54 0.6126 0
54 70 112 0.8916 0
72 77 15 0.8652 0
80 83 35 0.5 0
52 52 21 0.98 0
37 63 25 0.9331 0
67 80 15 0.5 0
99 79 31 0.9144 0
98 81 57 0.8969 0
48 67 106 0.9764 0
83 82 38 0.938 0
50 65 110 0.9757 0
69 50 18 0.7235 0
103 86 49 0.9285 0
66 59 9 0.5 0
69 80 17 0.5 0
94 82 60 0.5136 0
42 75 37 0.5 0
50 64 90 0.7582 0
59 82 105 0.9992 0
57 78 25 0.8547 0
82 68 86 0.5 0
67 76 115 0.5 0
75 69 11 0.8045 0
97 64 25 0.8413 0
52 77 38 0.9222 0
52 72 25 0.7749 0
62 45 96 0.9167 0
80 83 45 0.9329 0
55 82 98 0.7565 0
59 48 20 0.8488 0
83 76 97 0.9186 0
34 60 29 0.9513 0
82 54 100 0.9989 0
91 68 17 0.8349 0
84 89 57 0.9131 0
68 56 115 0.9761 0
53 78 88 0.5 0
72 76 72 0.9534 0
57 77 85 0.7129 0
87 89 64 0.5 0
86 71 100 0.5 0
64 66 117 0.5 0
65 87 98 0.5 0
100 93 49 0.5 0
85 75 105 0.5 0
69 70 117 0.5 0
53 64 115 0.5 0
97 72 58 0.5 0
60 80 111 0.5 0
89 80 25 0.5 0
85 80 25 0.5 0
68 60 118 0.5 0
97 92 56 0.5 0
89 92 60 0.5 0
76 85 97 0.5 0
64 84 107 0.5 0
42 84 58 0.5 0
43 85 56 0.5 0
96 88 57 0.8674 0
76 61 10 0.988 0
98 69 30 0.9686 0
53 84 54 0.824 0
74 65 54 0.9088 0
59 79 26 0.9656 0
53 73 26 0.9655 0
63 86 66 0.9654 0
46 74 63 0.5 0
94 81 33 0.7727 0
48 72 100 0.9896 0
71 84 90 0.5 0
46 55 16 0.9574 0
97 64 27 0.8286 0
54 58 45 0.7805 0
85 82 38 0.9148 0
40 79 57 0.906 0
79 81 68 0.9899 0
82 59 41 0.8568 0
78 69 82 0.9999 0
86 75 17 0.5 0
85 67 103 0.7597 0
88 61 45 0.8959 0
28 62 39 0.9876 0
60 60 116 0.9609 0
84 69 105 0.8525 0
49 79 45 0.6765 0
27 69 47 0.8521 0
58 52 28 0.9889 0
73 63 115 0.8655 0
66 49 23 0.9635 0
78 57 86 0.6797 0
57 60 72 0.7379 0
96 92 54 0.77 0
73 74 11 0.8099 0
58 74 81 0.9826 0
79 75 20 0.9958 0
70 58 47 0.9588 0
80 89 62 0.8354 0
98 73 23 0.9271 0
71 48 100 0.9673 0
81 77 92 0.9825 0
79 83 43 0.7078 0
36 75 44 0.9928 0
90 87 62 0.7941 0
52 58 14 0.6704 0
28 71 45 0.9543 0
54 62 55 0.7652 0
71 79 10 0.5 0
73 48 97 0.5 0
87 77 65 0.5 0
84 76 67 0.5 0
61 63 9 0.5 0
65 80 9 0.5 0
99 64 32 0.5 0
99 66 30 0.5 0
75 63 72 0.9536 0
94 66 16 0.5 0
55 85 54 0.9266 0
49 71 93 0.8271 0
74 50 14 0.8484 0
26 68 41 0.6865 0
99 75 51 0.9914 0
88 88 54 0.8218 0
85 62 12 0.8426 0
62 59 67 0.9418 0
86 89 56 0.9221 0
90 81 65 0.5 0
81 86 53 0.5 0
75 81 89 0.8509 0
56 51 92 0.9973 0
78 77 68 0.8994 0
76 66 115 0.887 0
86 81 32 0.9381 0
104 80 39 0.886 0
44 84 58 0.9058 0
38 69 32 0.9338 0
70 48 108 0.8607 0
102 77 30 0.9118 0
49 81 62 0.9038 0
35 71 38 0.9986 0
66 48 26 0.6923 0
54 68 16 0.9686 0
52 54 89 0.9116 0
94 81 28 0.5 0
66 80 17 0.5 0
72 81 28 0.5 0
77 67 69 0.5 0
48 72 30 0.8834 0
98 89 45 0.881 0
58 63 71 0.9323 0
82 72 88 0.8782 0
76 56 78 0.9619 0
81 53 101 0.9757 0
50 65 57 0.8352 0
87 77 63 0.9813 0
48 72 102 0.9585 0
98 91 48 0.9926 0
87 56 30 0.9525 0
87 87 51 0.5 0
83 60 42 0.9327 0
92 91 57 0.994 0
81 61 50 0.5 0
81 79 95 0.7293 0
60 48 110 0.8729 0
74 83 93 0.9863 0
81 87 56 0.8729 0
82 78 108 0.5 0
80 53 96 0.8504 0
63 48 24 0.7993 0
92 88 50 0.7408 0
82 80 29 0.765 0
79 71 84 0.8547 0
31 75 53 0.7564 0
64 87 96 0.5 0
70 83 90 0.9971 0
87 74 18 0.729 0
69 86 97 0.5 0
79 78 90 0.9963 0
61 85 98 0.7938 0
51 73 91 0.8316 0
58 64 63 0.5761 0
59 74 113 0.8719 0
65 85 96 0.9535 0
61 79 19 0.8151 0
77 71 116 0.5 0
53 63 78 0.8474 0
68 47 86 0.583 0
71 80 29 0.9838 0
57 47 93 0.9754 0
74 51 111 0.5 0
85 68 101 0.9236 0
59 79 70 0.9515 0
56 88 59 0.9777 0
67 50 74 0.9238 0
102 82 34 0.7285 0
63 61 118 0.5 0
94 93 55 0.7335 0
99 75 54 0.5 0
48 67 21 0.7852 0
77 69 71 0.5 0
81 76 67 0.9469 0
57 53 113 0.5 0
88 83 44 0.8702 0
54 56 79 0.8959 0
67 58 51 0.8083 0
76 82 33 0.5 0
92 62 17 0.9451 0
62 57 116 0.9864 0
64 80 73 0.5 0
42 61 20 0.8194 0
30 62 44 0.745 0
53 74 86 0.6657 0
84 61 95 0.9174 0
86 84 47 0.4825 0
64 64 116 0.8082 0
49 65 95 0.876 0
65 61 61 0.9257 0
89 65 15 0.7154 0
57 53 71 0.7809 0
42 81 51 0.9158 0
82 65 88 0.9825 0
54 75 29 0.9193 0
78 64 113 0.8835 0
83 70 112 0.5 0
54 79 90 0.9307 0
92 58 18 0.9849 0
72 54 114 0.8467 0
63 78 73 0.9278 0
33 77 49 0.7394 0
82 56 96 0.696 0
51 62 52 0.9171 0
46 70 25 0.5 0
68 86 49 0.5 0
77 81 87 0.5 0
77 55 87 0.7798 0
87 65 14 0.9161 0
60 47 108 0.655 0
42 69 29 0.9448 0
67 47 90 0.9922 0
81 61 47 0.9396 0
62 85 94 0.8924 0
75 50 20 0.7352 0
60 84 94 0.808 0
77 53 91 0.7577 0
56 76 83 0.5 0
64 88 60 0.9972 0
71 50 16 0.7285 0
69 83 42 0.964 0
78 54 19 0.8918 0
66 88 62 0.9197 0
50 51 13 0.8005 0
84 74 98 0.8486 0
61 69 9 0.2945 0
50 75 35 0.8699 0
59 62 69 0.8977 0
90 60 36 0.8257 0
79 56 84 0.5 0
28 67 38 0.8911 0
56 61 73 0.8693 0
97 66 30 0.9011 0
69 85 104 0.5 0
77 52 26 0.7638 0
69 60 67 0.9002 0
52 59 82 0.8766 0
91 83 63 0.9449 0
94 90 50 0.7106 0
46 59 16 0.7544 0
50 60 93 0.5422 0
80 71 15 0.9072 0
39 61 46 0.9124 0
78 79 68 0.9928 0
75 75 113 0.6425 0
89 60 12 0.5 0
55 66 76 0.9001 0
59 79 22 0.7717 0
65 60 53 0.5 0
72 88 58 0.9125 0
54 77 89 0.68 0
49 79 63 0.9986 0
79 76 86 0.56 0
82 81 33 0.9691 0
59 85 92 0.5 0
88 89 55 0.9988 0
76 74 78 0.5 0
89 58 35 0.9157 0
82 71 13 0.5 0
97 66 22 0.8915 0
99 69 45 0.5 0
70 58 44 0.7784 0
26 67 40 0.9238 0
74 81 107 0.9992 0
54 78 38 0.8853 0
55 82 105 0.5 0
84 74 93 0.5 0
74 50 93 0.5 0
61 87 57 0.9988 0
76 81 34 0.9082 0
67 78 72 0.967 0
39 70 56 0.9757 0
38 68 55 0.7248 0
101 76 42 0.8118 0
82 59 106 0.9325 0
78 72 67 0.7465 0
62 82 33 0.5 0
84 90 59 0.9099 0
85 68 14 0.7424 0
70 55 72 0.9598 0
55 57 43 0.9209 0
54 52 90 0.9373 0
89 79 26 0.8557 0
37 68 31 0.9161 0
65 45 100 0.9788 0
52 51 94 0.5652 0
61 80 109 0.993 0
97 68 42 0.9837 0
54 71 85 0.906 0
38 81 55 0.8916 0
27 72 50 0.5 0
56 83 66 0.5 0
102 89 43 0.9232 0
42 82 54 0.9889 0
80 69 63 0.7309 0
53 53 88 0.8695 0
64 84 49 0.7673 0
72 80 19 0.5 0
76 78 19 0.5 0
102 71 25 0.5 0
61 85 103 0.5 0
63 54 71 0.8739 0
105 88 40 0.5 0
75 83 102 0.8509 0
77 61 76 0.5 0
54 61 75 0.8639 0
65 47 106 0.9543 0
80 56 22 0.9054 0
60 61 68 0.9037 0
39 61 22 0.6813 0
76 53 79 0.5 0
62 48 77 0.4919 0
68 67 117 0.5 0
51 73 29 0.9012 0
104 79 36 0.7995 0
70 63 53 0.9192 0
80 80 95 0.9303 0
55 51 11 0.7522 0
78 85 68 0.5 0
66 52 112 0.8945 0
74 59 50 0.5 0
48 49 21 0.5 0
55 58 113 0.9327 0
31 72 41 0.5 0
68 61 116 0.7378 0
98 87 43 0.9649 0
98 90 53 0.9835 0
75 74 72 0.5 0
85 67 59 0.8602 0
60 76 112 0.9796 0
79 54 24 0.7894 0
41 61 21 0.9704 0
93 68 18 0.9805 0
78 61 82 0.9903 0
79 58 43 0.9968 0
50 52 96 0.6397 0
85 59 101 0.9444 0
103 81 46 0.8856 0
87 87 63 0.9127 0
81 56 95 0.9774 0
100 73 43 0.84 0
59 60 53 0.9885 0
75 70 12 0.9602 0
60 67 115 0.8117 0
96 71 47 0.9377 0
69 70 9 0.5 0
78 75 17 0.5 0
62 81 27 0.5 0
82 66 110 0.9784 0
78 58 85 0.9878 0
102 86 51 0.921 0
59 79 24 0.8622 0
77 69 79 0.7595 0
82 82 65 0.9588 0
25 65 39 0.5 0
61 62 63 0.8715 0
96 72 53 0.7607 0
86 68 62 0.5 0
86 60 46 0.5 0
66 81 82 0.6798 0
86 78 24 0.7783 0
81 68 60 0.9556 0
97 64 23 0.836 0
49 66 58 0.8194 0
75 86 54 0.9016 0
41 75 58 0.9591 0
57 63 115 0.9638 0
61 76 76 0.9934 0
59 55 118 0.7842 0
85 65 98 0.9419 0
47 67 22 0.9428 0
63 58 51 0.7475 0
76 82 93 0.8998 0
58 84 65 0.8187 0
42 57 39 0.8738 0
66 83 44 0.9589 0
75 77 111 0.8718 0
77 57 12 0.7636 0
69 49 20 0.5 0
85 64 94 0.6546 0
74 76 112 0.9675 0
76 58 50 0.5 0
58 70 114 0.7578 0
88 54 20 0.8644 0
73 49 15 0.8381 0
28 64 33 0.5929 0
102 79 46 0.8366 0
34 78 50 0.9579 0
57 65 57 0.7623 0
67 51 33 0.8674 0
64 87 64 0.9649 0
72 47 102 0.6421 0
91 56 17 0.7459 0
55 69 63 0.9641 0
74 54 10 0.7591 0
63 61 52 0.901 0
41 74 39 0.8822 0
55 54 41 0.5 0
26 67 42 0.8872 0
77 82 95 0.8521 0
74 81 28 0.5 0
72 70 117 0.5 0
104 91 46 0.5 0
77 91 61 0.5 0
84 78 67 0.5 0
53 53 85 0.7216 0
45 63 19 0.5242 0
85 69 99 0.9197 0
63 51 114 0.5 0
85 60 42 0.89 0
90 54 21 0.9542 0
53 80 101 0.9089 0
60 45 100 0.8669 0
61 81 38 0.5345 0
71 77 79 0.8146 0
32 74 42 0.5 0
75 85 48 0.5 0
99 68 23 0.5 0
62 48 93 0.8668 0
73 60 73 0.8518 0
57 79 15 0.5 0
49 74 65 0.5 0
66 54 71 0.9392 0
51 56 92 0.9861 0
59 77 111 0.8697 0
47 50 21 0.8979 0
104 77 40 0.5 0
71 78 71 0.909 0
86 82 39 0.9957 0
69 49 80 0.5 0
89 57 33 0.9048 0
53 56 82 0.9673 0
74 62 71 0.8842 0
68 84 69 0.7308 0
46 57 39 0.8597 0
77 53 28 0.966 0
85 64 103 0.5991 0
82 69 110 0.8126 0
59 49 77 0.8559 0
83 75 95 0.9113 0
93 84 58 0.8182 0
75 56 76 0.9278 0
90 57 28 0.8596 0
90 60 43 0.5 0
74 89 62 0.7506 0
76 88 55 0.5 0
93 82 36 0.6095 0
47 69 99 0.9421 0
102 78 50 0.5 0
104 82 50 0.5 0
98 76 54 0.9443 0
50 57 43 0.6912 0
73 58 74 0.9849 0
37 64 51 0.6916 0
79 77 88 0.8446 0
56 72 113 0.9695 0
73 75 13 0.9647 0
95 70 55 0.6548 0
57 66 63 0.8539 0
63 62 60 0.9735 0
97 68 51 0.5 0
65 58 51 0.8786 0
74 74 14 0.9904 0
69 50 112 0.5 0
34 73 55 0.9874 0
60 82 89 0.8933 0
58 54 71 0.9176 0
31 76 50 0.8998 0
73 73 10 0.932 0
65 79 16 0.6178 0
50 57 15 0.9762 0
55 54 36 0.7823 0
81 63 86 0.8908 0
96 62 28 0.9786 0
77 81 92 0.8613 0
82 85 53 0.9141 0
43 73 36 0.8947 0
43 52 22 0.5 0
69 50 110 0.9407 0
68 50 20 0.9858 0
70 86 66 0.7815 0
80 71 86 0.901 0
91 58 26 0.708 0
67 62 53 0.6249 0
83 65 53 0.9118 0
48 52 14 0.9563 0
86 71 102 0.5 0
61 86 65 0.7727 0
80 61 49 0.8557 0
90 69 17 0.9397 0
69 62 61 0.9915 0
47 67 58 0.6012 0
58 52 112 0.9553 0
55 71 66 0.8733 0
98 82 56 0.9819 0
67 54 115 0.9207 0
81 75 89 0.7346 0
92 80 30 0.9202 0
87 63 51 0.9228 0
60 55 38 0.9543 0
52 62 81 0.8046 0
79 51 104 0.6679 0
100 79 56 0.5 0
37 60 26 0.771 0
81 86 55 0.9554 0
78 81 94 0.8412 0
75 74 79 0.9526 0
64 50 29 0.9962 0
35 77 47 0.6687 0
58 43 87 0.9177 0
31 60 38 0.9192 0
56 51 25 0.9887 0
39 62 23 0.9625 0
34 67 30 0.5 0
90 56 25 0.9305 0
86 65 96 0.7675 0
56 68 65 0.7117 0
54 79 41 0.8716 0
50 70 108 0.7277 0
51 75 34 0.9511 0
29 63 44 0.8886 0
61 46 95 0.9183 0
94 78 25 0.8238 0
47 69 25 0.7907 0
98 72 43 0.9398 0
73 67 116 0.6132 0
73 78 111 0.933 0
81 88 65 0.5 0
73 76 79 0.9482 0
85 84 49 0.8511 0
53 63 10 0.7807 0
68 81 31 0.6044 0
55 56 75 0.9514 0
75 52 32 0.5 0
79 65 112 0.9709 0
53 53 110 0.7225 0
29 74 49 0.9734 0
75 50 107 0.9443 0
92 64 42 0.8786 0
80 52 98 0.9662 0
44 66 20 0.5 0
37 60 32 0.7701 0
75 67 10 0.9297 0
82 76 93 0.9606 0
85 67 99 0.9435 0
81 82 30 0.5 0
73 50 97 0.9295 0
51 49 13 0.5 0
79 83 40 0.2578 0
76 83 107 0.5 0
61 82 35 0.5 0
61 46 88 0.9455 0
99 88 56 0.5 0
54 81 98 0.8866 0
63 63 54 0.864 0
97 65 40 0.6909 0
66 79 14 0.5987 0
55 54 79 0.8886 0
73 60 51 0.7573 0
56 59 50 0.8407 0
55 49 13 0.8555 0
61 82 106 0.9391 0
91 82 40 0.9652 0
84 70 93 0.9664 0
106 88 44 0.5 0
51 77 101 0.9814 0
37 71 36 0.7627 0
58 78 70 0.9807 0
97 72 45 0.9373 0
74 73 13 0.999 0
77 84 40 0.5 0
74 81 71 0.5 0
82 67 88 0.9355 0
28 69 41 0.7851 0
51 58 108 0.946 0
84 85 52 0.9266 0
54 89 60 0.5 0
70 63 116 0.6076 0
60 79 23 0.9952 0
70 55 9 0.5 0
34 73 42 0.8488 0
87 60 45 0.968 0
75 89 60 0.8251 0
91 70 56 0.995 0
78 69 13 0.8155 0
68 83 108 0.5 0
69 84 106 0.5 0
81 80 100 0.984 0
59 64 57 0.9007 0
58 59 51 0.8967 0
85 64 101 0.7003 0
62 83 39 0.5 0
38 60 30 0.5598 0
45 60 17 0.9179 0
84 87 63 0.7503 0
89 88 52 0.5 0
50 59 87 0.8688 0
56 53 73 0.7704 0
65 60 116 0.9668 0
68 46 95 0.8925 0
71 86 53 0.7488 0
73 72 115 0.5907 0
90 61 38 0.9765 0
77 74 15 0.5 0
64 61 9 0.5 0
70 61 51 0.8514 0
47 68 103 0.8015 0
67 62 116 0.9657 0
93 79 62 0.863 0
95 92 56 0.7053 0
55 49 105 0.9902 0
57 78 87 0.9894 0
50 57 97 0.9577 0
87 57 35 0.7709 0
59 53 33 0.8354 0
60 63 60 0.7639 0
51 73 106 0.9944 0
75 80 88 0.9206 0
67 84 92 0.9633 0
73 63 66 0.9772 0
91 79 26 0.7744 0
46 67 57 0.7974 0
76 83 45 0.9834 0
105 82 47 0.5 0
50 48 15 0.8409 0
66 85 97 0.9705 0
64 80 29 0.9715 0
34 63 49 0.6596 0
62 49 10 0.988 0
77 70 75 0.5 0
83 66 90 0.9804 0
59 80 69 0.9677 0
62 77 79 0.6479 0
62 84 50 0.8157 0
87 55 25 0.7144 0
29 65 34 0.9276 0
58 87 64 0.5 0
55 75 27 0.9999 0
66 49 21 0.6792 0
53 61 53 0.8055 0
84 73 96 0.8675 0
78 55 13 0.8686 0
54 53 83 0.9556 0
78 73 17 0.9827 0
77 68 12 0.7484 0
75 83 96 0.9354 0
40 81 56 0.9835 0
60 76 81 0.8703 0
61 53 115 0.828 0
80 79 27 0.8799 0
83 55 33 0.5 0
74 74 114 0.6496 0
74 83 103 0.9127 0
51 71 22 0.5 0
47 70 27 0.8897 0
69 46 106 0.5 0
53 57 13 0.8345 0
48 63 105 0.8716 0
77 65 114 0.8976 0
34 79 53 0.8955 0
41 58 38 0.8765 0
45 50 20 0.969 0
42 76 42 0.8066 0
68 57 42 0.932 0
71 47 103 0.8828 0
54 72 112 0.7331 0
67 60 64 0.801 0
72 83 43 0.9722 0
74 51 92 0.9325 0
91 57 21 0.6397 0
57 72 72 0.9097 0
100 73 34 0.892 0
27 67 39 0.9436 0
76 71 78 0.6847 0
64 88 62 0.7317 0
65 49 10 0.7858 0
89 86 64 0.5 0
99 71 37 0.9146 0
57 66 70 0.9077 0
60 84 44 0.5 0
52 58 45 0.9783 0
55 63 55 0.9768 0
86 57 29 0.8306 0
72 49 93 0.9583 0
67 53 9 0.2945 0
65 88 61 0.9764 0
50 86 58 0.9718 0
73 79 110 0.9442 0
62 58 50 0.8514 0
66 80 81 0.8507 0
54 76 87 0.6207 0
80 86 64 0.9835 0
61 83 104 0.8682 0
59 47 106 0.7232 0
73 76 15 0.9091 0
80 68 85 0.8441 0
84 70 104 0.9026 0
51 60 83 0.7556 0
59 44 92 0.5 0
71 82 87 0.9228 0
59 80 108 0.798 0
83 74 94 0.9638 0
101 87 41 0.8943 0
92 59 22 0.9788 0
89 82 36 0.5659 0
57 85 50 0.5 0
55 79 106 0.9826 0
63 79 71 0.9697 0
79 55 21 0.7945 0
71 83 91 0.9718 0
68 88 59 0.8922 0
67 52 34 0.9953 0
88 55 15 0.5877 0
79 75 113 0.5 0
82 73 65 0.9949 0
62 47 84 0.9173 0
56 47 101 0.9893 0
71 90 60 0.5 0
54 52 85 0.8714 0
76 51 97 0.8584 0
61 80 31 0.9477 0
76 73 68 0.6657 0
33 76 54 0.9882 0
54 55 41 0.7206 0
47 51 23 0.7699 0
31 68 37 0.9591 0
63 52 113 0.8473 0
57 61 117 0.5 0
60 64 117 0.5 0
52 78 41 0.9836 0
69 79 80 0.771 0
72 78 75 0.5 0
28 70 43 0.9108 0
52 71 23 0.7189 0
99 83 54 0.9496 0
53 51 95 0.9416 0
67 82 71 0.5 0
69 88 55 0.5 0
67 87 52 0.5 0
63 88 55 0.5 0
99 77 50 0.7948 0
54 80 39 0.5 0
83 64 90 0.8452 0
69 46 98 0.9645 0
50 71 107 0.9826 0
81 70 14 0.7622 0
36 65 52 0.8148 0
49 59 100 0.9828 0
101 79 32 0.852 0
93 59 19 0.9401 0
70 50 15 0.8307 0
53 63 12 0.7453 0
79 51 98 0.9493 0
50 55 103 0.6674 0
92 60 28 0.9577 0
95 67 19 0.7184 0
66 44 98 0.6468 0
99 72 42 0.9353 0
72 52 38 0.8388 0
51 63 86 0.9318 0
82 89 58 0.9861 0
82 62 108 0.9266 0
84 61 90 0.9907 0
71 87 55 0.659 0
79 57 46 0.5 0
53 70 87 0.9216 0
70 57 115 0.7124 0
94 62 37 0.5 0
46 65 20 0.9447 0
78 76 21 0.8155 0
74 51 22 0.878 0
60 79 21 0.849 0
50 58 106 0.9926 0
95 83 34 0.5 0
76 52 90 0.7948 0
103 79 48 0.5 0
101 74 28 0.8152 0
72 70 115 0.9223 0
30 59 34 0.7484 0
31 62 45 0.8338 0
75 54 79 0.8957 0
71 62 115 0.9209 0
71 82 70 0.9519 0
60 85 53 0.8988 0
52 63 113 0.5777 0
51 74 27 0.5 0
83 69 14 0.9155 0
79 85 48 0.5 0
81 85 48 0.5 0
54 57 77 0.6896 0
83 58 96 0.672 0
65 62 59 0.9347 0
73 53 77 0.8371 0
100 85 54 0.6006 0
40 60 45 0.7542 0
103 77 34 0.8416 0
26 65 39 0.9138 0
50 53 98 0.9995 0
72 49 98 0.7766 0
33 72 54 0.9561 0
69 57 49 0.5594 0
45 52 16 0.5 0
63 85 67 0.9382 0
88 86 52 0.8402 0
64 79 12 0.8007 0
70 87 56 0.9508 0
93 88 49 0.8579 0
27 61 33 0.5 0
50 56 40 0.8678 0
76 70 13 0.9346 0
32 76 49 0.9543 0
69 82 70 0.9455 0
28 60 33 0.7413 0
29 64 32 0.7504 0
76 62 77 0.9057 0
46 75 62 0.8326 0
65 55 37 0.9629 0
78 73 112 0.9981 0
58 83 102 0.9555 0
52 85 61 0.8843 0
91 58 34 0.5 0
50 56 94 0.9482 0
57 72 75 0.8459 0
78 50 100 0.981 0
67 51 72 0.9577 0
65 86 66 0.9101 0
60 48 21 0.8769 0
35 61 44 0.9444 0
67 49 25 0.8359 0
47 63 52 0.8586 0
65 46 104 0.7667 0
68 61 63 0.9502 0
32 72 42 0.8372 0
81 69 87 0.9404 0
63 49 71 0.6255 0
96 64 39 0.7386 0
67 79 75 0.5 0
33 63 48 0.9697 0
48 55 34 0.8167 0
42 56 24 0.9598 0
93 82 38 0.9098 0
71 63 60 0.9272 0
96 70 41 0.9527 0
80 69 13 0.7653 0
69 50 79 0.7005 0
78 55 43 0.5 0
56 78 69 0.8423 0
51 67 90 0.9522 0
62 87 64 0.6773 0
65 46 93 0.9196 0
82 83 45 0.9473 0
64 83 44 0.6912 0
84 72 101 0.9087 0
56 46 88 0.5598 0
40 68 28 0.6422 0
59 57 43 0.792 0
65 85 103 0.5 0
72 85 100 0.5 0
73 80 70 0.8551 0
56 77 29 0.769 0
38 80 51 0.9388 0
30 67 34 0.5 0
77 80 89 0.5393 0
36 73 56 0.7177 0
105 85 49 0.5 0
66 65 117 0.5 0
53 72 24 0.9876 0
79 67 115 0.5 0
80 84 38 0.5 0
56 69 66 0.9569 0
85 71 97 0.6593 0
79 63 112 0.7286 0
62 45 101 0.8733 0
54 67 58 0.9853 0
53 75 67 0.8095 0
73 80 29 0.6443 0
55 67 77 0.9895 0
71 54 40 0.7179 0
50 60 107 0.9619 0
48 64 54 0.7475 0
97 64 34 0.8698 0
70 49 83 0.7089 0
55 74 68 0.9321 0
49 73 31 0.7789 0
71 71 115 0.9318 0
56 49 12 0.9871 0
78 90 58 0.5 0
75 52 13 0.559 0
82 79 99 0.7756 0
73 84 50 0.6549 0
82 67 57 0.9914 0
0
