2048
0 127 127 85.5907 0
127 0 127 85.2779 0
127 127 0 54.9085 0
0 0 51 60.5245 0
28 121 0 43.2685 0
102 0 0 42.9339 0
95 95 72 27.7185 0
62 60 0 23.1246 0
127 55 32 22.59 0
21 61 7 16.1987 0
10 76 37 16.2441 0
65 119 48 15.9248 0
69 31 51 14.0188 0
46 46 90 13.2899 0
98 64 11 13.0722 0
71 98 29 11.7241 0
59 29 19 11.0369 0
98 54 51 11.0238 0
40 92 45 10.3269 0
58 45 69 9.7442 0
59 88 61 9.5566 0
101 35 41 9.3936 0
103 77 37 9.3231 0
83 82 106 8.8487 0
80 84 15 8.0065 0
61 76 75 7.7706 0
22 66 57 7.5843 0
81 48 60 7.6309 0
39 45 16 6.9986 0
87 46 16 6.9986 0
52 45 47 6.807 0
61 86 17 6.6056 0
70 77 91 6.4551 0
41 79 58 6.3101 0
88 19 45 6.4167 0
84 87 39 6.1743 0
59 59 103 6.3256 0
42 51 67 6.3361 0
40 74 17 5.9908 0
31 54 78 5.9018 0
35 58 51 5.8485 0
79 79 122 5.904 0
65 53 84 5.8877 0
27 79 53 5.5888 0
54 37 36 5.5976 0
72 25 31 5.3486 0
102 46 19 5.276 0
52 66 81 5.2114 0
53 101 38 5.1828 0
88 40 48 5.0162 0
76 39 18 4.9829 0
63 103 63 5.0186 0
69 76 62 4.9398 0
73 49 72 4.9062 0
50 103 54 4.8325 0
45 52 55 4.8314 0
72 98 47 4.6649 0
32 57 63 4.644 0
52 79 30 2.1301 0
92 71 28 4.3357 0
98 79 23 4.4953 0
91 69 50 4.5243 0
97 62 67 4.3989 0
29 86 34 4.4198 0
51 86 25 4.2598 0
66 66 113 4.2386 0
49 71 72 4.1249 0
59 60 91 3.9599 0
98 40 27 4.0288 0
93 94 39 4.1173 0
40 57 19 3.975 0
51 78 19 3.975 0
89 56 66 4.0022 0
83 57 19 3.975 0
89 30 50 3.8623 0
83 72 19 3.975 0
67 34 32 3.9687 0
100 65 29 3.8189 0
67 60 95 3.8467 0
54 86 47 3.7403 0
42 51 45 3.7417 0
31 77 38 3.7922 0
70 70 120 3.7133 0
49 93 33 3.6492 0
81 23 37 3.443 0
86 91 24 3.5454 0
60 73 63 3.5943 0
86 74 95 3.5053 0
18 59 28 3.5074 0
27 62 69 3.4719 0
23 78 21 3.4478 0
70 82 54 3.2613 0
66 44 38 3.3516 0
63 99 43 3.3695 0
71 77 103 3.3201 0
29 69 42 3.2572 0
48 80 66 3.3077 0
41 87 31 3.217 0
83 60 77 3.301 0
46 41 30 3.1587 0
52 71 51 0.9507 0
61 71 92 3.2763 0
74 55 79 3.2437 0
54 56 78 3.249 0
46 37 21 3.1971 0
50 76 53 3.161 0
101 90 41 3.1686 0
69 47 60 3.1181 0
89 75 35 3.1489 0
50 45 20 2.9671 0
90 77 20 3.1283 0
63 82 49 3.0459 0
78 83 31 2.9609 0
30 74 61 3.1453 0
69 64 103 3.0576 0
71 77 20 2.9671 0
101 49 37 3.0988 0
91 79 43 3.0152 0
92 36 31 3.0854 0
87 94 32 3.0297 0
31 78 20 2.9671 0
84 69 57 2.965 0
44 65 20 2.9671 0
67 42 20 2.9671 0
76 48 20 2.9671 0
36 65 20 2.9671 0
75 90 43 2.8733 0
46 43 37 2.9376 0
71 74 81 2.8917 0
80 73 90 2.7024 0
56 93 29 2.814 0
55 68 66 2.7981 0
72 40 35 2.5903 0
54 50 57 2.8556 0
70 84 22 2.7827 0
66 55 74 2.7152 0
91 26 38 2.7516 0
84 74 51 2.6959 0
39 73 66 2.7241 0
91 61 73 2.7628 0
103 64 41 2.6272 0
29 70 34 2.6435 0
59 46 55 2.6565 0
53 82 35 2.6309 0
78 74 97 2.5027 0
88 50 41 2.5955 0
72 59 89 2.488 0
83 53 70 2.5567 0
94 86 40 2.5358 0
98 68 45 2.5544 0
64 77 55 2.5333 0
27 82 26 2.565 0
95 66 60 2.5176 0
30 66 49 2.4276 0
79 70 61 2.4882 0
58 70 86 2.4766 0
76 79 53 2.4687 0
71 52 64 2.4006 0
47 80 45 2.4045 0
77 58 73 2.1073 0
53 93 50 2.3307 0
38 59 82 2.3221 0
53 75 66 2.1923 0
62 46 45 2.3379 0
102 45 31 2.2951 0
59 60 80 2.2919 0
65 73 99 2.3018 0
45 62 85 2.2621 0
30 81 44 2.2289 0
91 84 21 1.9593 0
20 62 47 2.2541 0
50 53 62 2.2527 0
53 66 90 2.2416 0
47 51 21 1.9593 0
44 82 21 1.9593 0
48 86 35 1.9869 0
78 65 21 1.9593 0
40 56 75 2.1647 0
88 70 89 2.1345 0
52 39 27 1.9879 0
92 44 42 2.1358 0
44 67 78 2.0527 0
69 101 56 2.044 0
73 31 21 2.1118 0
51 86 40 2.1524 0
29 76 31 1.9331 0
56 101 59 2.0813 0
85 50 47 2.119 0
79 74 56 2.1182 0
41 47 38 2.0944 0
32 71 21 1.9593 0
98 85 28 2.0064 0
84 56 52 2.0547 0
22 65 26 1.9895 0
60 77 21 1.9593 0
84 37 21 1.9593 0
77 73 84 2.0196 0
57 43 21 1.9593 0
47 82 51 1.9385 0
73 82 27 1.8826 0
31 52 21 1.9593 0
39 58 59 2.0161 0
60 88 27 1.9201 0
73 64 98 1.8717 0
55 64 96 1.9606 0
25 66 30 1.9912 0
41 45 32 1.9088 0
83 64 21 1.9593 0
42 78 35 0.6717 0
62 39 33 1.9138 0
94 52 21 1.9593 0
65 77 21 1.9593 0
48 72 21 1.9593 0
77 54 21 1.9593 0
77 75 21 1.9593 0
73 71 21 1.9593 0
94 74 45 1.914 0
47 56 21 1.9593 0
51 100 46 1.8919 0
63 73 86 1.9233 0
72 57 73 1.9299 0
74 79 113 1.9239 0
56 81 51 1.8964 0
21 54 25 1.8744 0
74 73 76 1.8839 0
64 85 27 1.8195 0
48 54 76 1.8696 0
28 71 49 1.8688 0
33 64 44 1.6139 0
103 64 35 1.8523 0
28 68 66 1.6757 0
31 63 74 1.8237 0
60 95 39 1.7873 0
91 81 37 1.6741 0
36 52 42 1.7765 0
65 57 63 0.6023 0
91 65 77 1.8457 0
26 59 50 1.7335 0
53 65 72 1.7262 0
91 62 42 1.8091 0
76 29 25 1.8072 0
81 40 43 1.7577 0
87 27 34 1.7431 0
35 85 28 1.7998 0
74 62 93 1.7672 0
90 76 48 1.8006 0
44 78 41 1.7129 0
68 93 43 1.7474 0
76 58 84 1.7273 0
77 41 40 1.752 0
73 68 111 1.6662 0
59 48 41 1.7281 0
65 100 49 1.7261 0
102 59 26 1.5761 0
70 35 26 1.7508 0
57 102 45 1.6642 0
89 37 24 1.6007 0
79 70 80 1.6036 0
80 27 30 1.6344 0
86 67 62 1.6755 0
87 68 23 1.5871 0
83 46 50 1.673 0
44 57 49 1.5287 0
34 81 49 1.6822 0
35 57 71 1.6848 0
22 71 23 1.664 0
92 58 39 1.5233 0
58 95 35 1.6689 0
35 82 37 1.6573 0
59 43 39 1.6141 0
61 46 50 1.6312 0
28 76 44 1.4974 0
43 75 69 1.6572 0
93 39 22 1.6127 0
50 80 58 1.6007 0
71 76 71 1.5141 0
19 60 42 1.5753 0
43 80 49 1.6252 0
87 63 51 1.5818 0
68 96 58 1.6012 0
78 55 67 1.5995 0
74 70 59 1.4936 0
92 30 34 1.4324 0
90 67 57 1.5162 0
78 72 115 1.6053 0
28 56 40 1.3975 0
71 59 83 1.5755 0
48 54 44 1.382 0
58 78 54 1.5539 0
35 76 52 1.5488 0
79 88 47 1.5043 0
26 66 36 1.5668 0
34 49 30 1.5367 0
64 72 58 1.5826 0
96 47 39 1.5607 0
83 58 62 1.4788 0
64 61 79 1.3987 0
103 58 39 1.5556 0
87 58 58 1.5371 0
65 54 64 1.5521 0
24 66 47 1.5182 0
88 64 81 1.4886 0
83 72 100 1.482 0
74 87 38 1.4058 0
72 43 40 1.5276 0
92 92 30 1.4289 0
58 84 26 1.4538 0
64 46 57 1.4163 0
40 58 44 1.4021 0
55 62 75 1.4717 0
79 70 66 1.5078 0
31 67 70 1.3669 0
46 72 55 1.3567 0
84 28 31 1.477 0
61 88 49 1.4433 0
31 71 66 1.4515 0
55 61 86 1.4691 0
73 77 109 1.3723 0
18 58 34 1.4227 0
78 70 72 1.4017 0
89 68 85 1.4339 0
43 81 38 1.3274 0
91 39 36 1.4058 0
28 52 29 1.3932 0
85 58 72 1.4192 0
42 64 82 1.419 0
40 80 28 0.8748 0
103 54 22 1.2929 0
87 82 46 1.382 0
95 42 33 1.1882 0
42 83 35 1.3856 0
73 35 35 1.3313 0
32 63 57 1.3259 0
78 59 80 1.334 0
103 48 27 1.1763 0
35 80 42 1.2696 0
33 58 22 0.9514 0
59 38 29 1.354 0
42 40 25 1.0407 0
68 58 78 1.3162 0
81 61 83 1.1025 0
86 26 40 1.3288 0
74 85 34 1.3238 0
75 66 102 1.3305 0
26 77 27 1.2007 0
66 38 27 1.2567 0
23 55 31 1.3246 0
70 55 69 1.2811 0
60 84 45 1.3325 0
94 64 26 1.2757 0
56 74 22 0.9514 0
25 65 40 1.2005 0
97 67 34 1.3211 0
55 96 53 1.3109 0
87 73 24 1.3031 0
83 58 56 1.2167 0
65 66 106 1.3153 0
34 74 57 1.2951 0
92 60 62 1.2601 0
60 55 76 1.1471 0
40 72 71 1.22 0
57 68 95 1.2205 0
65 60 89 1.2708 0
73 67 107 1.2156 0
39 76 50 1.2075 0
41 81 31 1.0462 0
48 61 22 0.9514 0
61 46 22 0.9514 0
69 84 28 1.2095 0
61 101 49 1.2333 0
85 79 35 1.1758 0
81 88 31 1.2143 0
70 36 22 1.257 0
49 84 31 1.2406 0
51 54 73 1.2578 0
70 88 56 1.1576 0
99 54 37 1.2751 0
75 74 58 1.2375 0
65 70 68 1.2723 0
72 39 30 1.1562 0
33 51 35 1.2623 0
36 60 43 1.1774 0
25 50 22 1.1759 0
83 71 47 1.1999 0
93 26 43 1.1889 0
93 65 44 1.2394 0
80 77 51 1.2381 0
70 73 99 1.1763 0
95 45 22 1.183 0
38 45 29 1.2093 0
39 51 39 1.1242 0
89 90 29 1.211 0
95 46 29 0.8762 0
89 56 41 1.0722 0
26 73 28 1.1751 0
40 42 27 1.2288 0
102 89 35 1.1073 0
70 56 59 0.8006 0
49 67 22 0.9514 0
71 46 22 0.9514 0
51 97 49 1.2125 0
66 40 34 1.1851 0
89 66 44 1.0957 0
58 105 58 1.1635 0
75 92 49 1.1475 0
65 55 69 1.1141 0
90 56 22 0.9514 0
33 62 78 1.1711 0
79 44 51 1.0945 0
22 63 30 1.1555 0
39 80 49 1.0997 0
55 81 24 1.1666 0
90 31 31 1.126 0
43 86 25 1.1339 0
54 103 48 1.0744 0
90 67 61 1.034 0
87 62 22 0.9514 0
38 82 22 0.9514 0
94 69 34 1.11 0
82 56 66 1.042 0
81 55 74 1.0791 0
42 60 47 1.0183 0
35 54 22 0.9514 0
52 45 38 1.1454 0
24 74 25 1.055 0
33 54 44 1.0274 0
46 46 32 1.0781 0
65 61 85 1.1015 0
48 53 48 1.0915 0
84 34 45 0.9814 0
39 83 28 1.1025 0
26 73 22 0.9514 0
82 50 50 1.1169 0
75 55 64 0.969 0
51 71 66 1.0785 0
72 76 119 1.0372 0
76 72 64 1.0763 0
69 49 22 0.9514 0
80 44 22 0.9514 0
64 93 40 1.0483 0
97 46 25 0.9812 0
55 51 41 1.0679 0
76 29 36 1.0631 0
62 42 22 0.9514 0
73 52 22 0.9514 0
53 49 22 0.9514 0
85 66 53 1.0861 0
80 51 22 0.9514 0
93 71 37 0.9796 0
84 62 82 1.0603 0
31 84 28 1.0385 0
82 68 64 1.0421 0
96 52 38 0.9908 0
92 48 39 0.9791 0
57 91 49 1.0028 0
100 92 36 1.0753 0
90 39 41 0.9688 0
92 74 40 0.8854 0
52 42 30 0.9913 0
94 92 33 1.0213 0
78 63 91 0.9706 0
61 67 107 0.9688 0
67 71 82 0.9956 0
61 60 85 0.9762 0
87 30 30 1.0601 0
91 88 22 1.0112 0
32 48 22 0.9514 0
66 73 22 0.9514 0
31 67 22 0.9514 0
25 53 26 0.9076 0
51 81 47 1.0445 0
88 53 22 0.9514 0
82 41 22 0.9514 0
73 75 68 0.9738 0
32 74 33 1.0214 0
44 47 41 1.0092 0
82 85 47 0.9908 0
57 67 75 1.0417 0
87 81 22 0.9514 0
43 57 60 0.96 0
85 27 46 0.9786 0
71 45 35 0.8147 0
51 39 22 1.0097 0
69 76 109 1.0271 0
41 71 62 0.9765 0
86 78 38 1.0393 0
43 70 74 0.9186 0
32 61 22 0.9514 0
50 64 22 0.9514 0
58 47 22 0.9514 0
52 52 22 0.9514 0
52 68 22 0.9514 0
45 60 22 0.9514 0
72 77 55 0.9482 0
77 70 112 1.0311 0
46 86 29 0.9807 0
58 63 77 1.0179 0
79 32 22 0.9514 0
36 86 34 0.7584 0
78 86 27 1.0284 0
45 55 42 1.0032 0
78 59 22 0.9514 0
38 52 22 0.9514 0
42 52 22 0.9514 0
28 69 22 0.9514 0
68 45 43 0.9793 0
61 77 51 0.8045 0
75 71 117 0.967 0
62 63 96 0.999 0
98 52 22 0.9514 0
74 65 22 0.9514 0
69 71 22 0.9514 0
52 72 22 0.9514 0
78 69 22 0.9514 0
28 48 22 0.9514 0
38 47 34 0.916 0
60 90 32 0.9199 0
36 79 22 0.9514 0
45 78 22 0.9514 0
24 70 26 0.9728 0
66 74 104 0.9439 0
69 90 40 0.9933 0
75 74 101 0.9718 0
29 80 31 0.9662 0
61 59 70 0.1928 0
74 61 85 0.9883 0
77 60 88 0.9852 0
84 54 47 0.99 0
61 71 98 0.9162 0
36 59 68 0.9587 0
44 55 76 0.9476 0
68 55 61 0.6348 0
34 73 66 0.9055 0
84 71 88 0.9275 0
66 70 64 0.9506 0
100 87 32 0.8511 0
22 62 41 0.8937 0
49 59 82 0.8427 0
64 46 22 0.9514 0
35 51 22 0.9514 0
35 82 22 0.9514 0
31 64 22 0.9514 0
84 78 22 0.9514 0
103 60 30 0.9691 0
63 38 29 0.8055 0
55 70 22 0.9514 0
28 56 47 0.8582 0
67 86 52 0.9001 0
32 60 70 0.9576 0
74 58 22 0.9514 0
73 53 58 0.9505 0
44 75 65 0.8107 0
45 42 22 0.9514 0
30 56 22 0.9514 0
57 68 71 0.9349 0
89 59 22 0.9514 0
68 52 68 0.864 0
86 70 26 0.9126 0
83 81 33 0.7994 0
80 72 110 0.7774 0
83 91 31 0.9079 0
94 48 22 0.9514 0
51 55 22 0.9514 0
73 55 22 0.9514 0
55 47 39 0.9533 0
97 92 34 0.8595 0
61 72 22 0.9514 0
74 61 22 0.9514 0
65 70 61 0.8443 0
50 83 44 0.9455 0
81 42 47 0.7532 0
56 65 87 0.8849 0
55 84 39 0.7845 0
32 53 40 0.7392 0
61 56 72 0.8923 0
104 51 24 0.8774 0
94 77 30 0.8708 0
70 67 108 0.9301 0
27 70 29 0.829 0
40 58 63 0.9122 0
96 57 38 0.6626 0
69 77 55 0.9247 0
51 66 68 0.8414 0
72 48 56 0.8985 0
89 35 27 0.8844 0
37 71 70 0.8385 0
66 64 90 0.5689 0
33 81 34 0.8938 0
95 85 23 0.7756 0
36 50 36 0.8523 0
91 65 25 0.8567 0
92 52 38 0.9766 0
38 55 44 0.8698 0
94 43 37 0.8876 0
50 90 38 0.8442 0
86 54 40 0.8715 0
78 61 85 0.8568 0
72 31 25 0.8555 0
32 66 53 0.8366 0
51 44 35 0.8102 0
62 49 39 0.8434 0
93 27 46 0.8593 0
79 68 69 0.7965 0
45 74 52 0.6872 0
33 60 73 0.886 0
38 59 65 0.8487 0
101 50 32 0.8367 0
28 62 49 0.8318 0
55 59 73 0.7669 0
100 47 26 0.7973 0
22 58 42 0.8127 0
90 64 54 0.8481 0
70 52 59 0.7867 0
65 65 99 0.9746 0
68 73 69 0.8546 0
78 76 114 0.649 0
40 86 26 0.8371 0
54 75 62 0.8475 0
59 57 69 0.6629 0
64 63 89 0.8677 0
71 97 54 0.6327 0
70 65 96 0.8671 0
89 67 64 0.8304 0
49 75 67 0.8502 0
88 79 47 0.8268 0
68 74 106 0.8534 0
50 70 54 0.8945 0
73 70 115 0.77 0
70 72 76 0.7214 0
65 98 58 0.7836 0
66 101 53 0.6859 0
35 56 43 0.7977 0
50 87 31 0.8306 0
102 55 37 0.8388 0
52 80 26 0.8289 0
90 34 45 0.7874 0
77 66 99 0.7115 0
82 25 43 0.6241 0
52 54 55 0.7526 0
103 49 30 0.7989 0
49 65 74 0.6726 0
33 70 69 0.6786 0
56 40 29 0.6357 0
58 56 74 0.8337 0
43 57 43 0.8028 0
32 70 38 0.8322 0
47 84 39 0.8108 0
86 59 54 0.7132 0
79 71 94 0.819 0
61 75 58 0.8043 0
84 51 43 0.7491 0
76 43 36 0.9879 0
30 52 34 0.8075 0
73 72 97 0.7844 0
60 43 35 0.9849 0
87 47 45 0.7371 0
78 28 34 0.7694 0
51 53 52 0.7609 0
87 54 43 0.7328 0
42 80 45 0.8061 0
74 32 36 0.8123 0
59 69 98 0.7657 0
72 56 65 0.7984 0
29 72 30 0.795 0
71 55 60 0.993 0
64 87 50 0.7696 0
93 66 64 0.7267 0
77 84 36 0.6959 0
92 39 27 0.7432 0
59 79 49 0.7232 0
68 83 49 0.6729 0
45 84 37 0.6882 0
70 90 43 0.7663 0
49 54 70 0.7691 0
49 81 28 0.7385 0
42 76 49 0.7096 0
67 83 26 0.7888 0
32 82 26 0.7033 0
88 63 76 0.7321 0
72 84 30 0.7449 0
95 60 40 0.7414 0
26 54 31 0.7523 0
80 29 26 0.7697 0
36 73 62 0.5292 0
23 58 47 0.6664 0
91 90 26 0.6992 0
86 70 46 0.6855 0
88 59 61 0.7736 0
34 65 48 0.7552 0
79 81 36 0.5626 0
67 38 24 0.7053 0
55 76 53 0.7385 0
52 81 50 0.5989 0
25 57 41 0.6967 0
35 61 80 0.7552 0
54 80 47 0.5965 0
68 52 61 0.7337 0
74 85 24 0.7522 0
23 64 43 0.5986 0
31 51 30 0.689 0
46 55 61 0.6942 0
37 47 31 0.7447 0
41 57 79 0.6009 0
56 77 62 0.6938 0
48 83 42 0.696 0
88 86 23 0.6683 0
74 74 72 0.6423 0
56 68 92 0.6887 0
71 76 112 0.9423 0
59 51 59 0.6445 0
96 44 31 0.7178 0
58 98 42 0.7088 0
81 72 84 0.7388 0
81 69 71 0.7046 0
83 85 31 0.5524 0
32 73 51 0.8814 0
100 66 37 0.5772 0
89 39 28 0.5588 0
71 85 33 0.6888 0
30 53 38 0.7324 0
72 36 29 0.6114 0
67 71 96 0.6951 0
57 103 49 0.6095 0
33 74 54 0.6716 0
47 56 63 0.7256 0
36 61 60 0.7212 0
29 73 45 0.7289 0
48 74 57 0.7312 0
60 87 46 0.6846 0
76 71 89 0.6592 0
71 71 57 0.9748 0
75 73 67 0.5851 0
54 53 61 0.6624 0
82 29 28 0.6787 0
40 66 79 0.7274 0
64 65 101 0.7242 0
47 65 76 0.6264 0
75 71 79 0.6602 0
39 62 45 0.8887 0
45 67 74 0.649 0
86 70 85 0.6551 0
23 64 33 0.6363 0
97 64 43 0.6698 0
75 73 119 0.6474 0
59 41 32 0.6638 0
87 65 85 0.6577 0
82 71 104 0.6399 0
43 72 71 0.6853 0
59 67 78 0.6103 0
71 77 114 0.6746 0
60 91 50 0.6333 0
30 55 45 0.999 0
97 61 26 0.5628 0
52 91 46 0.6997 0
66 95 45 0.7096 0
66 47 44 0.6133 0
87 33 45 0.975 0
75 63 89 0.8268 0
84 71 91 0.6244 0
59 69 68 0.672 0
88 81 34 0.7781 0
45 56 46 0.6651 0
94 65 29 0.6156 0
86 61 73 0.6581 0
68 80 49 0.8921 0
76 79 28 0.843 0
68 65 98 0.5683 0
103 56 25 0.6786 0
62 82 25 0.8956 0
62 70 67 0.6517 0
40 62 47 0.6929 0
56 104 51 0.6304 0
87 66 55 0.6787 0
58 49 52 0.6895 0
48 51 42 0.5553 0
64 70 88 0.628 0
73 37 32 0.6516 0
83 68 72 0.6616 0
56 98 55 0.6848 0
59 77 57 0.6477 0
64 58 71 0.5389 0
44 46 34 0.651 0
71 59 78 0.6031 0
43 75 51 0.6557 0
50 54 67 0.9206 0
71 91 46 0.9113 0
68 68 106 0.5029 0
75 37 37 0.9724 0
80 57 63 0.6 0
92 77 25 0.9498 0
86 79 49 0.66 0
82 61 71 0.5829 0
96 80 29 0.6517 0
52 53 42 0.6938 0
73 54 67 0.6452 0
84 61 68 0.3327 0
77 59 69 0.9964 0
41 69 76 0.5764 0
91 41 39 0.9821 0
42 58 55 0.5551 0
64 72 103 0.5213 0
83 53 50 0.6475 0
78 52 52 0.5887 0
45 85 23 0.5968 0
92 64 56 0.6554 0
71 73 74 0.6259 0
89 76 40 0.6478 0
49 71 53 0.8159 0
79 67 64 0.606 0
24 53 23 0.5472 0
58 67 101 0.5671 0
78 30 29 0.9204 0
79 55 71 0.9655 0
65 81 23 0.8879 0
46 55 73 0.5335 0
62 63 86 0.7964 0
90 64 46 0.5121 0
58 60 85 0.5397 0
99 45 35 0.563 0
78 64 94 0.5523 0
18 59 38 0.7044 0
34 51 39 0.9946 0
73 46 54 0.5647 0
46 82 41 0.5829 0
30 54 43 0.5889 0
66 90 39 0.9454 0
86 69 93 0.5171 0
76 84 26 0.5273 0
20 61 33 0.845 0
53 79 57 0.5973 0
58 51 39 0.9462 0
45 40 25 0.5005 0
57 91 33 0.5666 0
67 72 116 0.6149 0
79 73 112 0.6133 0
78 86 44 0.5993 0
61 55 64 0.532 0
52 89 43 0.6238 0
38 60 62 0.579 0
56 44 38 0.5893 0
81 58 59 0.8766 0
36 80 45 0.9935 0
63 102 52 0.6116 0
92 65 71 0.5255 0
55 56 72 0.9125 0
85 69 48 0.5527 0
98 58 39 0.6213 0
75 71 94 0.9767 0
66 70 92 0.5979 0
68 42 33 0.523 0
43 58 72 0.7681 0
54 81 27 0.6168 0
95 69 37 0.5026 0
70 38 28 0.5037 0
70 65 93 0.8588 0
58 82 47 0.9662 0
64 47 53 0.5698 0
84 63 85 0.5228 0
89 67 80 0.5065 0
70 61 86 0.6029 0
81 90 23 0.5937 0
72 32 28 0.7854 0
103 61 33 0.5396 0
49 80 25 0.8828 0
73 72 85 0.959 0
74 53 55 0.8081 0
68 60 85 0.5172 0
81 73 48 0.5803 0
36 64 46 0.9146 0
23 54 28 0.5446 0
98 87 38 0.9575 0
28 55 43 0.5844 0
77 68 57 0.7017 0
56 88 28 0.9531 0
58 66 85 0.5812 0
86 59 51 0.5603 0
56 85 42 0.5341 0
43 59 83 0.513 0
68 86 34 0.5919 0
62 92 38 0.9248 0
80 57 52 0.8659 0
85 46 47 0.513 0
47 76 43 0.8599 0
33 65 55 0.5872 0
51 54 58 0.8943 0
67 72 85 0.9332 0
92 66 68 0.5332 0
29 71 53 0.9364 0
77 72 68 0.5055 0
74 71 87 0.9897 0
76 85 40 0.8541 0
72 32 30 0.5257 0
67 60 80 0.5394 0
33 67 73 0.5733 0
89 65 23 0.898 0
28 64 64 0.9488 0
33 78 33 0.5311 0
47 56 50 0.9788 0
84 27 36 0.5439 0
95 63 42 0.9812 0
43 78 37 0.9533 0
79 88 24 0.92 0
66 70 89 0.5601 0
51 88 36 0.9862 0
51 94 39 0.7799 0
56 40 26 0.7326 0
89 39 33 0.5574 0
70 67 99 0.8378 0
100 49 29 0.6766 0
64 61 82 0.5564 0
60 92 34 0.973 0
98 43 34 0.5297 0
22 59 45 0.9636 0
78 43 45 0.7863 0
73 44 34 0.5372 0
54 95 35 0.5533 0
30 50 28 0.5488 0
65 103 56 0.8687 0
84 30 45 0.7651 0
34 62 59 0.5093 0
69 47 55 0.9031 0
60 99 58 0.8985 0
61 83 27 0.9479 0
35 46 28 0.9985 0
81 71 107 0.5121 0
69 70 95 0.5021 0
80 73 101 0.9186 0
84 30 28 0.5565 0
66 51 62 0.976 0
21 56 33 0.9954 0
49 79 61 0.9744 0
57 94 51 0.8748 0
78 59 77 0.9956 0
35 73 60 0.9748 0
55 78 56 0.901 0
52 84 31 0.9399 0
59 93 51 0.506 0
44 77 51 0.5349 0
52 61 76 0.8907 0
76 43 43 0.8135 0
38 72 61 0.8701 0
92 33 35 0.5016 0
28 68 30 0.9974 0
53 97 51 0.996 0
33 72 36 0.827 0
77 70 76 0.622 0
80 67 66 0.986 0
51 89 30 0.5154 0
94 67 32 0.9676 0
37 62 45 0.9922 0
59 69 81 0.965 0
91 92 33 0.5201 0
90 36 43 0.9491 0
89 60 39 0.7538 0
79 38 41 0.9408 0
47 82 23 0.97 0
69 91 56 0.7907 0
70 71 85 0.7769 0
82 68 68 0.6086 0
67 59 75 0.5267 0
85 68 66 0.9422 0
76 68 109 0.9829 0
69 40 32 0.9594 0
54 54 59 0.9984 0
68 70 66 0.8456 0
68 88 54 0.9489 0
31 63 60 0.8653 0
75 43 34 0.9337 0
99 65 42 0.9754 0
39 64 80 0.9213 0
91 70 34 0.8667 0
87 67 69 0.5017 0
76 75 54 0.9673 0
88 87 27 0.857 0
66 71 87 0.9368 0
82 36 43 0.7529 0
91 35 36 0.8813 0
49 56 79 0.8478 0
68 71 79 0.9146 0
30 73 56 0.8928 0
67 57 69 0.9126 0
80 26 41 0.9413 0
65 47 42 0.9559 0
68 73 102 0.8777 0
41 58 71 0.8724 0
72 88 40 0.9684 0
56 85 28 0.991 0
88 61 48 0.991 0
67 99 52 0.8818 0
93 62 60 0.893 0
84 69 51 0.6106 0
63 39 26 0.8576 0
45 85 33 0.9198 0
90 60 59 0.8688 0
64 91 38 0.9292 0
35 69 72 0.9197 0
54 73 53 0.8323 0
63 56 66 0.795 0
37 80 47 0.8864 0
51 60 78 0.9643 0
78 28 38 0.7813 0
43 58 57 0.9088 0
27 50 26 0.9704 0
87 66 59 0.9246 0
50 68 67 0.9408 0
61 46 39 0.876 0
62 57 70 0.9641 0
85 60 69 0.7921 0
93 52 39 0.7724 0
25 57 47 0.9558 0
42 79 33 0.7637 0
63 48 41 0.9373 0
61 69 59 0.6651 0
58 98 56 0.962 0
23 68 24 0.9108 0
75 74 104 0.8448 0
71 69 61 0.61 0
70 88 38 0.8503 0
45 48 38 0.7177 0
48 40 25 0.6379 0
82 56 49 0.9564 0
73 44 37 0.8373 0
81 71 54 0.8689 0
89 27 42 0.8138 0
96 87 25 0.9607 0
64 78 51 0.9583 0
67 79 51 0.7583 0
50 55 52 0.9879 0
64 42 34 0.9503 0
92 84 37 0.9794 0
55 79 33 0.9773 0
76 82 35 0.9121 0
68 63 90 0.8882 0
25 63 49 0.9836 0
66 58 71 0.9884 0
80 57 55 0.668 0
71 67 23 0.4435 0
84 61 72 0.9275 0
54 44 35 0.9797 0
62 86 46 0.9405 0
77 64 96 0.8893 0
94 42 23 0.8631 0
84 59 65 0.7959 0
65 39 30 0.8928 0
93 41 35 0.9169 0
91 61 67 0.9761 0
69 57 71 0.8752 0
44 73 63 0.7039 0
70 70 60 0.9804 0
55 73 61 0.9102 0
103 61 37 0.834 0
57 53 55 0.7924 0
30 67 37 0.8521 0
78 56 64 0.9284 0
22 61 25 0.795 0
83 71 85 0.8539 0
88 37 28 0.9266 0
65 46 49 0.8883 0
60 49 48 0.6489 0
30 51 32 0.9891 0
36 65 49 0.9619 0
50 42 33 0.9636 0
58 51 55 0.8364 0
35 77 34 0.7669 0
63 47 54 0.5264 0
39 58 78 0.9092 0
72 34 23 0.8825 0
84 52 23 0.4435 0
84 58 68 0.8251 0
65 46 53 0.5225 0
85 59 60 0.9623 0
30 65 45 0.8451 0
31 62 46 0.8421 0
78 70 69 0.9727 0
81 80 32 0.9927 0
73 67 104 0.8567 0
40 68 23 0.4435 0
45 58 58 0.7768 0
69 82 26 0.9665 0
62 53 62 0.8819 0
61 69 69 0.9636 0
92 30 37 0.9414 0
91 66 73 0.8991 0
34 82 27 0.9272 0
49 77 58 0.9048 0
85 91 29 0.9086 0
99 48 32 0.6874 0
23 64 36 0.9449 0
91 39 25 0.9826 0
59 49 50 0.9082 0
92 40 33 0.9878 0
76 71 81 0.893 0
57 95 40 0.9932 0
39 41 24 0.7077 0
76 45 53 0.9401 0
52 95 42 0.6309 0
94 72 40 0.9789 0
50 81 50 0.9898 0
23 63 39 0.9004 0
69 60 81 0.9654 0
66 70 59 0.9807 0
88 83 34 0.988 0
83 67 61 0.9323 0
74 75 106 0.9901 0
47 66 73 0.9989 0
86 79 41 0.6128 0
52 53 44 0.805 0
41 61 45 0.9568 0
28 66 33 0.8725 0
80 61 72 0.5946 0
70 94 56 0.739 0
31 72 31 0.9498 0
27 53 23 0.4435 0
98 67 37 0.8395 0
93 77 27 0.7751 0
31 73 53 0.8565 0
99 60 27 0.838 0
33 61 44 0.9741 0
99 67 41 0.8227 0
55 54 56 0.9729 0
65 58 78 0.8244 0
100 58 24 0.9737 0
95 84 25 0.9356 0
75 55 72 0.9561 0
32 64 70 0.7667 0
72 81 24 0.9925 0
61 71 83 0.8309 0
92 79 35 0.9985 0
30 74 43 0.9101 0
45 47 23 0.4435 0
58 77 60 0.8942 0
35 60 70 0.922 0
28 52 32 0.9025 0
76 71 92 0.7802 0
26 56 43 0.8334 0
70 45 41 0.9223 0
67 81 23 0.8698 0
36 60 23 0.4435 0
40 62 23 0.4435 0
99 65 35 0.8177 0
31 79 32 0.9154 0
78 29 31 0.974 0
75 67 105 0.8498 0
63 80 23 0.7321 0
53 64 68 0.6626 0
80 57 60 0.9783 0
18 60 39 0.5511 0
22 61 43 0.9845 0
43 57 46 0.87 0
59 40 26 0.6545 0
80 48 51 0.9418 0
72 34 30 0.9448 0
75 79 23 0.4435 0
22 58 32 0.6753 0
52 72 54 0.9412 0
51 96 45 0.9623 0
64 49 36 0.4538 0
65 71 84 0.8793 0
73 80 50 0.7046 0
90 91 35 0.792 0
59 50 57 0.8528 0
18 60 36 0.945 0
86 81 43 0.9933 0
62 88 34 0.3757 0
55 91 47 0.9679 0
54 77 55 0.9816 0
89 33 28 0.9712 0
69 98 53 0.7385 0
77 55 70 0.8654 0
57 69 62 0.8936 0
62 75 52 0.8508 0
68 59 88 0.828 0
42 61 50 0.7291 0
90 76 25 0.7522 0
50 65 71 0.9268 0
80 80 52 0.9266 0
57 68 90 0.8708 0
35 62 57 0.9631 0
38 49 37 0.8457 0
38 70 73 0.8248 0
73 32 33 0.6441 0
65 82 25 0.8126 0
47 47 39 0.8197 0
75 78 116 0.9538 0
74 43 42 0.9912 0
31 70 50 0.9167 0
76 41 37 0.9352 0
46 76 51 0.9839 0
51 59 23 0.4435 0
51 94 41 0.8633 0
63 56 63 0.9123 0
62 61 82 0.9137 0
56 50 39 0.9447 0
33 72 39 0.8255 0
75 80 29 0.9385 0
29 63 62 0.8699 0
46 56 44 0.9098 0
81 81 34 0.9146 0
36 61 58 0.9984 0
56 66 73 0.9288 0
79 58 65 0.7079 0
66 74 107 0.9412 0
66 46 46 0.8202 0
71 91 56 0.9305 0
35 64 55 0.9497 0
84 27 38 0.9025 0
95 71 43 0.7166 0
86 77 49 0.9604 0
54 78 63 0.7518 0
52 86 36 0.8236 0
42 57 81 0.892 0
69 58 75 0.8073 0
53 73 51 0.9849 0
92 90 24 0.9303 0
74 44 23 0.4435 0
80 35 23 0.4435 0
62 49 23 0.4435 0
56 50 23 0.4435 0
65 49 23 0.4435 0
81 48 23 0.4435 0
58 71 23 0.4435 0
29 74 23 0.4435 0
81 77 23 0.4435 0
87 57 43 0.6622 0
104 50 26 0.9886 0
42 44 28 0.7394 0
59 49 45 0.8748 0
53 71 64 0.9609 0
53 83 39 0.897 0
37 43 26 0.8882 0
76 73 70 0.9123 0
34 65 53 0.922 0
76 89 47 0.937 0
77 86 24 0.7772 0
82 44 48 0.9575 0
24 57 43 0.8501 0
57 62 83 0.871 0
88 67 67 0.8313 0
75 54 67 0.9403 0
62 69 61 0.965 0
35 73 64 0.9507 0
29 74 48 0.8919 0
79 88 26 0.905 0
30 69 63 0.5819 0
73 94 52 0.7069 0
63 67 108 0.9809 0
85 84 32 0.8608 0
49 46 38 0.9024 0
75 60 87 0.9863 0
63 82 24 0.6019 0
93 50 39 0.997 0
84 39 43 0.9083 0
70 96 56 0.9968 0
98 43 32 0.8748 0
74 93 51 0.9583 0
100 87 35 0.9547 0
42 72 55 0.9226 0
96 82 30 0.8155 0
21 60 32 0.9135 0
49 81 30 0.9758 0
67 73 57 0.9934 0
58 50 43 0.9692 0
38 80 45 0.8514 0
53 54 57 0.9708 0
64 64 98 0.9757 0
57 79 48 0.8475 0
60 93 36 0.9383 0
99 88 30 0.8042 0
36 48 34 0.9424 0
52 70 53 0.9593 0
76 53 54 0.7792 0
57 53 60 0.431 0
35 74 54 0.9601 0
30 69 52 0.6921 0
53 90 29 0.8842 0
86 68 45 0.8229 0
54 73 63 0.9037 0
50 88 33 0.8952 0
68 73 104 0.9517 0
21 63 33 0.9732 0
73 55 62 0.7357 0
79 62 89 0.857 0
59 84 29 0.7422 0
42 60 44 0.9588 0
43 58 53 0.7555 0
66 96 48 0.7268 0
59 57 77 0.9445 0
78 58 67 0.8954 0
72 73 57 0.7861 0
41 71 74 0.9357 0
87 80 44 0.9802 0
57 57 71 0.5751 0
78 57 69 0.9789 0
49 72 56 0.7341 0
80 69 104 0.9318 0
71 63 93 0.893 0
40 50 37 0.9794 0
65 48 36 0.9745 0
72 43 23 0.4435 0
43 72 61 0.8529 0
95 70 44 0.9953 0
100 46 28 0.8691 0
84 50 41 0.8859 0
78 74 102 0.8889 0
69 72 57 0.8561 0
74 73 65 0.9009 0
47 60 83 0.9863 0
94 63 62 0.9751 0
76 64 90 0.884 0
46 76 65 0.9491 0
32 52 38 0.8374 0
30 72 52 0.9373 0
78 84 42 0.9978 0
32 67 46 0.9278 0
45 64 81 0.7127 0
80 56 56 0.9612 0
27 54 37 0.8586 0
29 81 29 0.9952 0
41 74 52 0.833 0
89 39 26 0.9673 0
42 59 60 0.943 0
77 67 59 0.7631 0
69 38 26 0.8744 0
46 51 42 0.9507 0
31 66 57 0.872 0
81 54 53 0.7853 0
51 53 49 0.8292 0
70 81 25 0.9458 0
72 75 107 0.9472 0
51 42 28 0.9556 0
90 67 66 0.9025 0
51 78 45 0.5437 0
55 94 34 0.988 0
74 74 70 0.8981 0
67 95 47 0.9928 0
66 102 55 0.9395 0
64 48 39 0.9603 0
80 70 57 0.9964 0
94 62 41 0.9494 0
91 88 36 0.8209 0
96 62 27 0.9896 0
59 90 48 0.8505 0
80 87 29 0.9562 0
72 81 50 0.9683 0
44 70 23 0.4435 0
36 70 23 0.4435 0
62 43 36 0.9556 0
55 79 26 0.7397 0
64 39 24 0.9649 0
63 98 48 0.9328 0
97 50 38 0.997 0
98 61 41 0.9771 0
59 100 47 0.6843 0
88 39 30 0.7288 0
65 68 108 0.9465 0
103 54 35 0.7603 0
73 91 47 0.711 0
49 79 27 0.8157 0
31 55 39 0.7091 0
49 56 65 0.5122 0
33 61 75 0.9753 0
100 57 38 0.6825 0
86 86 23 0.8965 0
36 50 38 0.9877 0
41 61 49 0.9856 0
55 66 93 0.8792 0
44 46 30 0.6855 0
78 60 70 0.9428 0
36 79 50 0.9016 0
53 60 75 0.8897 0
76 70 74 0.8454 0
66 79 50 0.9805 0
38 85 26 0.8589 0
47 73 51 0.7936 0
34 75 23 0.4435 0
53 42 23 0.4435 0
42 45 29 0.9703 0
95 44 29 0.9954 0
88 68 82 0.6925 0
40 62 81 0.8466 0
67 69 108 0.7171 0
57 46 39 0.9143 0
71 45 38 0.8191 0
65 62 87 0.9877 0
25 72 26 0.9231 0
38 86 34 0.983 0
66 53 67 0.7609 0
36 60 66 0.9594 0
84 69 45 0.6707 0
70 76 117 0.7561 0
63 88 33 0.7831 0
75 34 37 0.7995 0
87 79 42 0.9981 0
48 55 73 0.9057 0
66 92 41 0.9254 0
71 57 70 0.9672 0
70 53 23 0.4435 0
85 64 83 0.8552 0
65 87 34 0.6663 0
33 69 40 0.9419 0
87 80 34 0.981 0
56 77 23 0.4435 0
69 68 23 0.4435 0
55 52 23 0.4435 0
66 70 23 0.4435 0
64 97 47 0.942 0
97 60 40 0.9203 0
77 71 58 0.9209 0
57 105 55 0.7207 0
89 60 57 0.8747 0
73 54 60 0.9256 0
26 56 46 0.9087 0
59 42 34 0.9229 0
89 27 46 0.9776 0
54 87 42 0.867 0
84 83 46 0.6555 0
67 61 90 0.956 0
101 60 29 0.9117 0
45 81 40 0.9702 0
87 84 33 0.9562 0
26 54 33 0.9194 0
42 56 78 0.9776 0
47 56 42 0.9264 0
64 56 67 0.9831 0
51 64 74 0.9054 0
87 31 45 0.7797 0
81 81 36 0.955 0
79 43 49 0.9711 0
55 66 70 0.9045 0
93 61 40 0.9454 0
85 69 96 0.9185 0
90 88 24 0.9277 0
87 66 88 0.944 0
93 56 23 0.4435 0
100 60 40 0.7064 0
77 70 83 0.9667 0
82 79 51 0.7428 0
75 83 53 0.7106 0
75 43 44 0.9874 0
38 81 28 0.9709 0
49 77 44 0.8691 0
29 72 55 0.8679 0
78 70 109 0.5157 0
88 30 32 0.9493 0
60 70 82 0.9037 0
58 99 44 0.7728 0
66 72 114 0.8863 0
52 100 49 0.901 0
54 78 51 0.6808 0
87 86 25 0.751 0
38 58 67 0.8406 0
82 27 35 0.9641 0
86 55 48 0.8407 0
70 75 107 0.902 0
100 88 37 0.8262 0
58 64 81 0.9763 0
56 95 38 0.7701 0
90 61 69 0.8526 0
75 72 96 0.9129 0
77 82 27 0.8915 0
88 66 83 0.8621 0
89 42 42 0.8384 0
51 73 50 0.9329 0
36 82 28 0.8506 0
85 90 32 0.8101 0
76 43 38 0.9064 0
43 80 35 0.6419 0
23 60 48 0.7863 0
58 66 83 0.9735 0
72 87 55 0.8835 0
56 64 93 0.9284 0
71 58 80 0.9713 0
88 32 27 0.9215 0
57 58 75 0.8071 0
58 67 63 0.7467 0
52 54 66 0.7867 0
71 66 99 0.9888 0
74 85 54 0.6803 0
68 76 53 0.7639 0
58 85 43 0.6923 0
84 36 44 0.8982 0
69 76 112 0.7691 0
44 49 23 0.4435 0
75 68 23 0.4435 0
80 62 23 0.4435 0
41 84 23 0.4435 0
81 67 23 0.4435 0
86 40 23 0.4435 0
82 34 23 0.4435 0
46 69 23 0.4435 0
46 75 23 0.4435 0
41 80 23 0.4435 0
55 46 23 0.4435 0
66 60 83 0.8968 0
72 56 63 0.9228 0
83 53 44 0.6734 0
72 77 117 0.924 0
71 40 23 0.4435 0
78 83 38 0.9695 0
89 66 25 0.8318 0
67 74 109 0.6645 0
76 85 42 0.6979 0
52 79 64 0.8829 0
74 83 32 0.9391 0
53 47 38 0.9748 0
48 81 24 0.8888 0
60 56 68 0.985 0
56 56 71 0.5187 0
70 46 54 0.8634 0
81 72 102 0.8621 0
58 80 23 0.4435 0
94 83 37 0.7714 0
42 59 51 0.9068 0
77 70 78 0.9056 0
69 46 35 0.8485 0
58 95 53 0.957 0
75 52 55 0.964 0
74 73 99 0.778 0
43 73 65 0.8172 0
31 72 50 0.8411 0
66 86 50 0.8479 0
91 74 46 0.9161 0
87 64 78 0.6787 0
79 79 29 0.7047 0
87 69 83 0.7454 0
34 60 68 0.8764 0
69 69 64 0.4624 0
97 47 23 0.9117 0
86 73 48 0.9907 0
57 78 57 0.8146 0
76 74 103 0.9784 0
52 54 68 0.9536 0
35 79 34 0.6462 0
73 92 48 0.9681 0
86 31 28 0.817 0
28 53 36 0.8789 0
66 91 40 0.5272 0
65 48 61 0.9493 0
95 83 27 0.6436 0
59 50 23 0.4435 0
68 46 23 0.4435 0
32 82 23 0.4435 0
77 44 23 0.4435 0
72 49 23 0.4435 0
78 75 116 0.821 0
63 58 73 0.6871 0
53 81 23 0.9735 0
92 45 39 0.9948 0
33 84 25 0.6751 0
74 82 52 0.9018 0
68 70 61 0.8947 0
85 83 47 0.9732 0
56 103 56 0.7608 0
69 72 85 0.9372 0
22 62 26 0.9997 0
63 98 58 0.8966 0
51 86 33 0.6953 0
81 57 51 0.9799 0
91 86 36 0.7503 0
86 54 46 0.8806 0
63 66 103 0.6407 0
92 65 28 0.6929 0
75 43 36 0.747 0
95 87 23 0.8905 0
20 62 40 0.8926 0
63 68 89 0.7956 0
88 69 45 0.8491 0
81 70 105 0.9563 0
53 82 28 0.9443 0
40 60 56 0.7518 0
80 68 101 0.8131 0
96 54 39 0.9302 0
43 72 63 0.8958 0
34 66 51 0.5938 0
95 56 39 0.9652 0
90 41 23 0.4435 0
90 29 35 0.9908 0
70 81 49 0.615 0
82 91 29 0.8416 0
38 57 43 0.9744 0
76 61 86 0.8752 0
33 67 44 0.8047 0
25 67 27 0.9116 0
73 41 31 0.8502 0
51 96 47 0.9848 0
59 49 47 0.8684 0
60 40 31 0.9614 0
85 82 33 0.7765 0
65 60 77 0.9693 0
82 71 49 0.9759 0
90 62 45 0.817 0
57 97 41 0.9819 0
75 43 40 0.9553 0
58 60 76 0.5778 0
53 84 42 0.8375 0
49 54 66 0.9961 0
30 52 36 0.8966 0
84 79 50 0.7048 0
64 75 52 0.9567 0
63 68 70 0.5555 0
57 67 88 0.8592 0
71 72 97 0.8839 0
90 88 27 0.6161 0
92 77 32 0.7201 0
46 48 42 0.7697 0
35 84 34 0.7507 0
71 87 39 0.8575 0
45 85 31 0.8617 0
75 55 58 0.5877 0
75 72 73 0.7728 0
36 58 42 0.9598 0
62 58 80 0.8974 0
37 72 57 0.582 0
37 80 44 0.5285 0
23 63 28 0.9834 0
95 43 35 0.9647 0
55 61 72 0.7538 0
71 38 26 0.7824 0
30 82 30 0.8697 0
75 70 90 0.9514 0
37 42 25 0.9747 0
76 34 23 0.4435 0
33 66 41 0.5666 0
56 81 47 0.6677 0
82 30 26 0.7538 0
83 26 40 0.8631 0
83 56 73 0.8014 0
72 87 36 0.8102 0
32 80 47 0.8272 0
74 59 74 0.9506 0
81 68 69 0.8839 0
77 89 49 0.7373 0
72 33 25 0.9127 0
22 58 24 0.9383 0
85 59 63 0.9992 0
88 57 45 0.9756 0
100 58 39 0.8681 0
68 60 76 0.8811 0
51 79 46 0.8879 0
68 89 38 0.8073 0
64 94 43 0.6188 0
46 74 69 0.9479 0
58 82 24 0.7961 0
42 58 82 0.9714 0
37 82 40 0.8574 0
36 69 73 0.9846 0
30 70 62 0.9929 0
75 75 56 0.9824 0
55 82 38 0.9942 0
80 75 49 0.6863 0
74 72 62 0.7498 0
58 61 83 0.9689 0
53 65 23 0.4435 0
77 31 23 0.8843 0
84 69 24 0.6159 0
29 49 27 0.8888 0
100 48 30 0.8609 0
30 69 47 0.8907 0
82 72 95 0.9959 0
42 69 23 0.4435 0
38 69 23 0.4435 0
90 74 39 0.9322 0
87 65 83 0.9985 0
35 71 69 0.78 0
85 76 36 0.9315 0
79 66 99 0.9778 0
46 73 58 0.7279 0
87 28 46 0.9596 0
61 39 30 0.93 0
68 74 118 0.9313 0
57 67 99 0.6431 0
62 69 88 0.8234 0
27 65 47 0.8194 0
81 58 54 0.6944 0
101 56 23 0.6464 0
45 77 44 0.8071 0
68 54 63 0.805 0
89 71 33 0.8137 0
56 66 98 0.9553 0
96 55 23 0.4435 0
100 62 41 0.9845 0
66 65 97 0.6583 0
28 79 28 0.8852 0
69 64 92 0.7869 0
76 38 38 0.8435 0
46 78 51 0.7151 0
30 79 47 0.9134 0
75 70 113 0.8705 0
85 68 71 0.9267 0
48 76 58 0.9675 0
83 71 83 0.8313 0
73 74 66 0.9417 0
56 53 61 0.803 0
71 65 23 0.4435 0
40 66 23 0.4435 0
51 61 23 0.4435 0
40 64 23 0.4435 0
45 45 23 0.4435 0
56 78 52 0.8388 0
71 70 62 0.8195 0
65 57 70 0.9106 0
41 81 29 0.9946 0
84 26 44 0.7358 0
42 79 37 0.9905 0
71 50 58 0.9682 0
90 60 44 0.8792 0
97 91 38 0.9797 0
98 45 28 0.935 0
64 64 92 0.4779 0
66 47 55 0.6779 0
70 80 50 0.8643 0
70 92 46 0.9679 0
79 75 52 0.8634 0
24 74 23 0.9963 0
41 81 33 0.9919 0
90 36 35 0.7934 0
74 82 30 0.8281 0
44 54 23 0.4435 0
30 59 23 0.4435 0
64 71 23 0.4435 0
63 74 23 0.4435 0
67 51 23 0.4435 0
72 63 23 0.4435 0
90 51 23 0.4435 0
41 67 77 0.9127 0
44 72 58 0.8146 0
54 74 52 0.9264 0
80 73 103 0.9167 0
64 89 51 0.7339 0
31 83 24 0.5938 0
54 78 27 0.7206 0
63 62 85 0.8987 0
79 78 23 0.4435 0
63 88 29 0.9237 0
58 52 57 0.6555 0
44 84 34 0.9318 0
104 53 26 0.8315 0
58 71 59 0.811 0
83 70 52 0.6899 0
29 77 47 0.941 0
25 56 44 0.9209 0
92 42 39 0.9952 0
30 74 50 0.9769 0
87 68 26 0.7989 0
20 59 33 0.9468 0
50 49 23 0.4435 0
54 52 43 0.7691 0
28 53 34 0.7455 0
66 101 57 0.9001 0
75 59 70 0.642 0
67 99 57 0.9811 0
82 56 68 0.98 0
78 30 27 0.8625 0
75 71 61 0.9809 0
60 49 59 0.8533 0
31 78 43 0.9145 0
74 74 103 0.9966 0
54 96 51 0.9987 0
89 91 34 0.9111 0
40 46 29 0.9443 0
49 39 24 0.7109 0
62 99 49 0.956 0
42 85 23 0.7994 0
72 64 95 0.8117 0
54 54 55 0.9861 0
75 66 99 0.8925 0
91 32 33 0.9481 0
85 50 39 0.9515 0
57 65 76 0.8589 0
38 61 23 0.4435 0
42 61 23 0.4435 0
37 74 53 0.7303 0
32 53 34 0.8623 0
87 60 70 0.4839 0
91 67 44 0.885 0
32 74 51 0.6452 0
94 41 31 0.8235 0
102 61 39 0.8967 0
75 59 81 0.7844 0
95 89 38 0.8503 0
29 70 30 0.8506 0
89 62 40 0.9433 0
82 71 87 0.7981 0
35 65 50 0.9759 0
84 64 87 0.6598 0
34 62 42 0.7587 0
46 75 67 0.5576 0
101 89 33 0.8861 0
62 71 104 0.9185 0
90 59 38 0.987 0
88 76 24 0.7226 0
70 61 91 0.9615 0
92 66 66 0.7161 0
69 86 53 0.9587 0
60 76 54 0.8119 0
92 78 34 0.9912 0
34 52 40 0.9891 0
28 77 28 0.931 0
58 68 99 0.9655 0
60 39 26 0.8432 0
43 58 70 0.7758 0
76 55 62 0.8476 0
81 70 78 0.8354 0
42 79 39 0.8861 0
71 91 45 0.6524 0
70 75 69 0.979 0
81 61 81 0.9966 0
104 55 27 0.9717 0
30 64 46 0.9107 0
29 60 48 0.8695 0
67 46 54 0.7408 0
47 53 42 0.9112 0
70 67 106 0.9097 0
83 50 23 0.4435 0
76 30 28 0.7665 0
77 87 45 0.8774 0
90 52 38 0.682 0
76 58 76 0.9158 0
93 40 31 0.9244 0
34 80 44 0.9598 0
82 72 93 0.9234 0
61 64 98 0.9311 0
58 66 64 0.8587 0
63 71 102 0.8367 0
87 45 45 0.9919 0
64 55 77 0.9966 0
52 91 44 0.7916 0
44 70 72 0.9546 0
23 63 48 0.9103 0
44 53 41 0.8629 0
57 65 99 0.8621 0
32 65 72 0.8521 0
57 43 37 0.8688 0
104 50 28 0.8035 0
38 53 39 0.8836 0
51 87 35 0.9753 0
83 80 40 0.9555 0
49 41 23 0.4435 0
95 65 31 0.6555 0
34 85 25 0.9538 0
82 63 81 0.7439 0
90 62 47 0.95 0
51 68 66 0.9513 0
89 67 68 0.8963 0
93 72 39 0.9698 0
88 47 43 0.9324 0
64 47 51 0.5947 0
82 27 44 0.7981 0
94 57 38 0.9741 0
91 77 24 0.9548 0
62 83 26 0.9531 0
44 47 32 0.8572 0
72 66 101 0.9032 0
42 49 40 0.983 0
74 63 90 0.892 0
65 66 103 0.7284 0
25 54 29 0.6937 0
55 41 30 0.8872 0
63 48 37 0.6323 0
86 65 87 0.7912 0
78 80 28 0.7941 0
33 68 41 0.9487 0
54 85 38 0.9606 0
52 97 43 0.7852 0
29 71 58 0.896 0
91 26 45 0.834 0
30 81 23 0.7375 0
37 48 29 0.6874 0
70 76 111 0.947 0
65 86 49 0.9515 0
54 42 29 0.8103 0
59 66 80 0.6198 0
19 61 34 0.8979 0
61 82 45 0.9805 0
60 71 59 0.9932 0
41 72 69 0.9238 0
60 103 51 0.8793 0
34 61 43 0.9613 0
77 67 106 0.9714 0
37 44 27 0.9177 0
74 45 52 0.9901 0
93 64 58 0.9571 0
42 79 34 0.5621 0
68 68 104 0.8377 0
64 72 83 0.7536 0
86 32 45 0.9603 0
75 64 95 0.8126 0
70 85 30 0.809 0
65 69 70 0.9471 0
68 72 84 0.9404 0
86 76 23 0.4435 0
61 84 29 0.5496 0
57 95 52 0.9497 0
79 28 40 0.8544 0
92 63 69 0.8886 0
100 60 28 0.926 0
28 66 23 0.4435 0
88 40 42 0.9346 0
48 84 29 0.9287 0
65 46 47 0.8794 0
95 46 27 0.8639 0
58 96 54 0.9468 0
41 81 41 0.7142 0
99 55 23 0.4435 0
86 72 27 0.762 0
88 66 60 0.9286 0
84 32 45 0.9141 0
103 51 32 0.7235 0
77 59 78 0.9719 0
60 63 87 0.8533 0
47 84 37 0.9162 0
80 42 41 0.8013 0
72 78 52 0.6033 0
76 54 68 0.9971 0
51 46 35 0.8267 0
56 72 61 0.9272 0
50 71 51 0.8965 0
54 54 23 0.4435 0
71 70 88 0.8081 0
68 53 65 0.9625 0
81 27 43 0.9465 0
29 65 46 0.9758 0
50 44 29 0.45 0
98 88 28 0.9233 0
93 77 26 0.5573 0
92 41 37 0.8977 0
84 28 44 0.6841 0
36 73 56 0.8422 0
40 72 56 0.9002 0
51 89 35 0.9552 0
56 83 37 0.8636 0
84 70 97 0.7622 0
54 61 73 0.93 0
30 65 68 0.9753 0
100 91 34 0.8384 0
19 58 40 0.792 0
50 57 79 0.9216 0
78 63 89 0.9036 0
45 85 27 0.6838 0
82 54 51 0.9455 0
55 41 28 0.8688 0
52 98 44 0.8629 0
99 67 38 0.8795 0
52 42 32 0.9122 0
96 70 43 0.9616 0
49 82 33 0.6225 0
37 58 79 0.9191 0
72 67 105 0.906 0
87 77 40 0.7109 0
58 78 51 0.6927 0
51 53 46 0.7563 0
80 36 42 0.8907 0
75 47 54 0.9579 0
57 93 50 0.8946 0
25 69 23 0.4435 0
39 72 60 0.8916 0
77 66 101 0.9608 0
91 72 38 0.6784 0
60 66 105 0.9014 0
73 74 119 0.8134 0
63 66 105 0.9524 0
58 67 103 0.7914 0
38 70 63 0.5951 0
63 47 59 0.8959 0
61 71 100 0.87 0
86 68 47 0.8217 0
58 56 68 0.8767 0
58 80 48 0.9068 0
53 90 45 0.9894 0
35 49 33 0.7656 0
84 68 23 0.7602 0
68 71 115 0.8506 0
93 71 45 0.799 0
33 66 74 0.9886 0
36 63 45 0.948 0
50 54 51 0.9452 0
41 81 43 0.9593 0
37 84 30 0.8077 0
66 87 33 0.9058 0
32 62 69 0.7682 0
70 41 32 0.93 0
39 82 30 0.8406 0
62 93 40 0.931 0
83 27 39 0.9007 0
58 97 55 0.9301 0
86 53 42 0.9062 0
87 90 33 0.859 0
59 68 64 0.6624 0
42 72 57 0.9894 0
46 84 23 0.9963 0
31 65 58 0.8821 0
82 69 74 0.6935 0
73 79 26 0.763 0
89 87 24 0.9095 0
29 68 31 0.9443 0
85 60 66 0.6846 0
45 41 26 0.9457 0
66 68 107 0.9187 0
76 55 59 0.8877 0
33 74 35 0.953 0
29 66 38 0.7114 0
75 71 74 0.8669 0
55 67 23 0.4435 0
67 57 62 0.5842 0
79 50 51 0.5038 0
37 56 43 0.9698 0
72 70 113 0.7339 0
74 66 100 0.9478 0
87 69 86 0.8924 0
83 61 85 0.9664 0
72 76 53 0.756 0
97 45 37 0.68 0
69 60 87 0.835 0
27 55 23 0.4435 0
85 80 40 0.9158 0
77 79 29 0.8637 0
65 56 62 0.9933 0
84 83 45 0.9765 0
41 84 28 0.8859 0
72 95 54 0.6547 0
32 80 33 0.9792 0
33 45 23 0.4435 0
82 83 31 0.8783 0
66 53 62 0.9491 0
93 66 30 0.8394 0
81 71 81 0.9743 0
70 74 73 0.8441 0
58 51 41 0.6799 0
54 92 34 0.6235 0
86 56 49 0.8602 0
75 77 111 0.8589 0
44 79 47 0.9847 0
79 30 25 0.9156 0
60 42 33 0.9011 0
61 103 52 0.8792 0
58 84 44 0.9447 0
101 61 40 0.8876 0
62 47 52 0.9871 0
90 37 42 0.9136 0
75 73 98 0.9891 0
101 90 37 0.9802 0
84 60 70 0.8347 0
90 40 39 0.9295 0
61 63 79 0.6701 0
68 80 50 0.5908 0
73 44 44 0.7556 0
88 39 23 0.9702 0
66 57 68 0.8937 0
0
