2048
127 0 54 70.2771 0
0 127 0 75.1273 0
0 0 127 74.8877 0
127 127 127 69.2989 0
127 115 1 51.3085 0
28 12 0 41.9591 0
28 104 104 33.5468 0
88 43 127 21.1721 0
77 109 54 19.3704 0
45 40 53 19.067 0
22 68 68 16.2427 0
85 51 0 13.5295 0
60 77 127 12.7951 0
114 83 58 12.5523 0
91 72 76 12.1247 0
68 95 81 11.0548 0
50 97 65 10.7005 0
21 51 37 10.6381 0
75 91 27 10.1628 0
79 75 0 9.9261 0
47 76 76 9.3456 0
96 59 100 9.116 0
43 55 78 9.1186 0
72 36 101 8.5946 0
69 40 15 8.4738 0
51 58 0 8.4384 0
60 35 79 8.2218 0
62 41 31 7.6783 0
100 62 12 7.5682 0
69 53 58 7.3067 0
96 91 66 6.9962 0
41 66 91 6.8488 0
57 91 48 6.5924 0
62 56 126 6.3374 0
90 90 40 6.3733 0
62 71 2 6.2606 0
63 47 2 6.3426 0
102 98 52 6.0539 0
45 68 115 5.9999 0
109 74 40 6.0254 0
49 63 65 5.8655 0
68 49 44 5.8913 0
35 53 26 5.7419 0
38 84 63 5.7995 0
80 60 66 5.7487 0
78 69 122 5.7715 0
82 88 71 5.6862 0
71 85 11 5.6498 0
84 46 98 5.5116 0
66 91 100 5.1894 0
67 59 3 5.2528 0
71 41 87 5.2333 0
84 54 87 5.2317 0
66 44 68 5.1295 0
81 80 16 4.9748 0
49 46 28 4.9318 0
41 57 12 4.8731 0
63 87 111 4.9552 0
61 87 36 4.7239 0
80 84 86 4.7342 0
41 66 104 4.7229 0
90 72 11 4.6175 0
88 65 111 4.4789 0
106 68 26 4.3334 0
53 61 120 4.3518 0
90 71 94 4.3694 0
61 40 93 4.1913 0
81 49 19 4.1775 0
28 59 49 4.2024 0
101 71 56 4.2061 0
64 48 117 4.1491 0
82 57 77 4.0525 0
59 85 72 4.067 0
51 45 84 4.0195 0
73 46 27 4.0041 0
74 81 75 3.861 0
72 46 78 3.9238 0
74 88 42 3.8774 0
54 46 75 3.9003 0
56 85 85 3.6995 0
57 56 66 3.7855 0
22 65 46 3.7581 0
91 66 60 3.6642 0
74 52 69 3.6239 0
40 63 58 3.4541 0
36 55 37 3.5832 0
56 44 20 3.3446 0
48 64 12 3.346 0
45 88 53 3.4324 0
88 84 26 3.3802 0
58 59 58 3.3372 0
48 51 90 3.2995 0
70 60 120 3.1873 0
80 58 56 3.193 0
64 43 109 3.2402 0
74 88 94 3.1862 0
42 70 63 3.2018 0
62 84 25 3.1118 0
49 84 46 3.1167 0
77 47 91 3.1302 0
98 80 62 3.0978 0
64 92 64 3.1009 0
102 70 47 2.9868 0
74 77 117 2.9652 0
60 81 79 3.0376 0
67 88 46 2.9828 0
85 78 90 2.9153 0
53 83 39 2.9025 0
70 82 114 2.7907 0
66 83 19 2.8176 0
88 63 89 2.8016 0
103 68 35 2.7698 0
78 50 81 2.722 0
45 58 98 2.603 0
60 88 92 2.5259 0
66 82 74 2.6432 0
51 76 113 2.6175 0
64 81 6 2.5919 0
73 90 68 2.6218 0
35 61 53 2.5342 0
81 87 45 2.5724 0
32 81 56 2.4994 0
74 48 35 2.5383 0
58 45 11 2.3754 0
52 50 9 2.4834 0
93 53 15 2.5074 0
85 53 104 2.4055 0
101 70 20 2.4045 0
47 75 89 2.3845 0
60 50 39 2.4284 0
88 70 104 2.4644 0
42 50 33 2.4269 0
84 53 26 2.4242 0
53 46 92 2.4004 0
81 86 39 2.3879 0
85 62 58 2.3455 0
78 50 31 2.3644 0
53 69 6 2.2334 0
94 94 48 2.3549 0
48 83 65 2.3461 0
54 50 35 2.3543 0
86 88 49 2.2139 0
101 68 41 2.3354 0
77 55 51 2.3552 0
63 91 57 2.2132 0
74 64 6 2.2292 0
46 61 108 2.2913 0
90 78 17 2.2581 0
33 57 43 2.2464 0
53 52 71 2.2527 0
83 59 50 2.2227 0
93 84 31 2.1234 0
75 62 57 2.2567 0
99 93 43 2.1121 0
51 64 74 2.1957 0
50 59 113 2.0952 0
85 66 9 2.0974 0
49 67 85 2.1865 0
55 40 88 2.1624 0
71 85 108 2.1563 0
81 64 115 2.1021 0
55 82 33 2.159 0
100 61 23 2.1274 0
55 80 111 2.1424 0
106 91 47 2.1461 0
96 73 17 2.0922 0
37 59 19 2.017 0
62 63 119 1.9906 0
74 87 49 2.0748 0
62 42 103 2.0767 0
41 51 19 1.9847 0
83 70 114 2.037 0
108 87 44 2.0378 0
77 46 105 1.9895 0
88 50 17 2.0532 0
103 76 49 1.9766 0
91 64 53 2.0305 0
70 46 111 2.056 0
97 73 62 2.0233 0
65 88 69 1.9852 0
49 55 11 1.9892 0
50 48 20 1.8578 0
53 83 67 1.9864 0
86 58 107 1.9105 0
39 85 54 1.7998 0
65 45 79 1.9532 0
47 58 90 1.8221 0
66 89 53 1.8175 0
51 80 87 1.8909 0
105 74 30 1.9184 0
77 53 46 1.8635 0
61 55 51 1.889 0
44 71 99 1.887 0
24 71 49 1.8283 0
48 80 40 1.8433 0
67 52 68 1.8819 0
69 66 119 1.8559 0
61 54 46 1.8655 0
50 69 16 1.7715 0
54 55 115 1.7626 0
78 69 68 1.6051 0
46 62 56 1.8411 0
62 82 15 1.8145 0
95 57 21 1.7961 0
100 90 56 1.6664 0
78 52 38 1.7477 0
90 91 50 1.7659 0
79 87 51 1.7459 0
78 78 81 1.6869 0
51 79 35 1.6561 0
47 52 34 1.6793 0
62 52 68 1.7309 0
85 54 96 1.7829 0
89 64 11 1.7774 0
87 80 21 1.7599 0
77 62 117 1.7786 0
76 52 76 1.6648 0
100 63 28 1.6542 0
53 46 15 1.7454 0
79 74 115 1.6957 0
46 74 94 1.7336 0
35 59 48 1.7064 0
82 72 12 1.7167 0
43 76 64 1.6359 0
42 63 17 1.6038 0
72 81 19 1.6074 0
68 54 118 1.5351 0
29 59 26 1.7158 0
95 95 57 1.633 0
43 83 48 1.6305 0
85 84 32 1.5505 0
71 86 71 1.6966 0
38 76 60 1.6638 0
79 84 94 1.4832 0
82 57 45 1.5821 0
64 44 84 1.6189 0
86 91 64 1.5708 0
46 72 107 1.523 0
69 85 37 1.5427 0
54 67 116 1.5459 0
79 63 74 1.5803 0
96 85 35 1.5536 0
83 81 24 1.6064 0
74 47 96 1.6477 0
108 83 41 1.5156 0
57 52 119 1.6463 0
61 45 74 1.6131 0
56 48 25 1.499 0
65 51 36 1.5243 0
53 58 71 1.4909 0
76 75 73 1.5423 0
58 50 68 1.5935 0
74 86 100 1.4303 0
60 55 7 1.2213 0
95 67 55 1.4686 0
60 86 104 1.5118 0
53 72 15 1.5788 0
58 82 29 1.4515 0
75 77 12 1.454 0
88 85 66 1.5279 0
79 79 71 1.5476 0
53 78 29 1.5295 0
42 49 24 1.5548 0
81 55 41 1.5263 0
73 85 89 1.4665 0
45 66 17 1.5306 0
100 66 23 1.4652 0
86 58 94 1.5038 0
68 87 92 1.4963 0
80 66 9 1.3247 0
50 65 80 1.353 0
58 51 115 1.4233 0
70 88 51 1.4612 0
46 58 104 1.3981 0
70 57 67 1.413 0
70 69 7 1.2213 0
50 71 89 1.3819 0
84 55 31 1.2 0
54 66 71 1.4329 0
27 66 50 1.3923 0
99 89 40 1.3185 0
56 49 29 1.3977 0
85 61 84 1.431 0
55 84 91 1.4201 0
100 66 31 1.3509 0
73 56 48 1.2626 0
51 61 57 1.3181 0
74 82 82 1.2396 0
86 76 97 1.2675 0
60 59 7 1.2213 0
69 48 35 1.3755 0
63 44 88 1.3461 0
51 88 55 1.2021 0
50 85 52 1.3434 0
52 73 20 1.3542 0
73 58 70 1.2919 0
62 85 43 1.2416 0
81 50 105 1.206 0
64 83 30 1.3648 0
58 63 7 1.2213 0
80 63 79 1.344 0
84 66 62 1.2908 0
80 50 26 1.2451 0
75 59 53 1.2402 0
86 68 89 1.3175 0
70 53 7 1.2213 0
60 88 66 1.1388 0
77 73 12 1.2773 0
60 78 7 1.2213 0
68 78 7 1.2213 0
75 80 112 1.2829 0
105 79 46 1.103 0
87 52 22 1.122 0
47 55 94 1.2347 0
76 56 73 1.2689 0
89 84 33 1.2762 0
77 90 65 1.2493 0
29 78 53 1.1035 0
94 65 50 1.2602 0
50 76 108 1.2735 0
82 54 36 1.274 0
66 85 41 1.1002 0
39 63 20 1.1841 0
45 80 43 1.2036 0
67 46 24 1.2636 0
103 74 26 1.2114 0
65 55 49 1.1595 0
68 89 66 1.2518 0
62 64 7 1.2213 0
82 69 65 1.1878 0
58 84 42 1.076 0
55 79 85 1.1952 0
58 90 57 1.1265 0
69 74 7 1.2213 0
74 48 21 1.1817 0
58 52 7 1.2213 0
92 80 22 1.143 0
48 62 86 1.0578 0
84 64 86 1.2218 0
52 70 11 0.9604 0
82 81 93 1.2207 0
59 79 74 1.2307 0
71 86 103 1.1136 0
59 87 98 1.1999 0
94 95 53 1.1117 0
94 81 26 1.224 0
55 73 7 1.2213 0
71 49 7 1.2232 0
64 56 66 1.0499 0
67 82 24 1.2225 0
59 50 34 1.2062 0
77 50 14 1.1893 0
55 65 7 1.2213 0
69 65 7 1.2213 0
38 71 59 1.1565 0
54 63 58 1.1695 0
82 60 112 1.1786 0
48 60 94 0.9294 0
103 73 34 1.142 0
56 62 69 1.1758 0
60 46 78 0.9865 0
51 75 26 1.196 0
60 54 42 1.1691 0
45 51 12 1.1736 0
53 70 67 1.0725 0
50 76 30 1.1702 0
57 86 66 1.1056 0
93 82 65 0.9942 0
77 50 86 1.0769 0
81 52 94 1.1127 0
60 80 112 1.0093 0
54 49 22 1.1383 0
101 78 53 1.1343 0
57 81 25 1.1179 0
54 77 24 1.1024 0
57 62 65 1.1365 0
76 52 42 1.0434 0
57 43 98 1.1334 0
73 46 108 1.1269 0
48 72 65 1.0166 0
59 47 70 1.1341 0
54 83 44 1.1086 0
57 56 119 1.1272 0
99 86 37 1.0939 0
87 61 53 0.8448 0
77 75 78 1.0158 0
104 91 43 1.0528 0
57 83 107 0.9865 0
47 77 36 0.9957 0
45 63 99 1.0033 0
72 72 117 0.9656 0
94 69 16 0.9458 0
92 63 47 1.1026 0
85 54 19 1.0555 0
73 61 61 1.1024 0
82 84 35 1.0647 0
83 88 53 0.9112 0
67 43 93 1.0311 0
51 59 11 0.9097 0
64 60 54 1.056 0
70 48 22 1.063 0
48 70 21 0.994 0
65 82 80 1.0556 0
67 85 105 0.8679 0
85 72 109 1.0279 0
56 44 95 1.0387 0
66 47 75 0.8841 0
97 83 32 1.0673 0
53 51 82 0.9415 0
62 85 88 0.8496 0
45 47 22 0.9478 0
77 65 60 0.9038 0
71 44 94 1.0791 0
57 78 82 1.0395 0
94 58 26 1.0665 0
27 75 51 0.8326 0
38 58 44 0.9848 0
59 48 113 0.9767 0
65 66 118 0.9698 0
66 57 118 1.068 0
40 56 19 0.987 0
26 62 43 1.0583 0
84 81 67 0.8941 0
77 85 98 1.0169 0
84 57 41 1.052 0
97 69 18 1.0253 0
48 76 33 0.9413 0
106 77 33 1.0057 0
39 56 32 1.0481 0
97 66 51 1.0523 0
54 52 78 0.931 0
96 81 29 0.8791 0
66 79 113 0.9153 0
50 72 110 1.005 0
82 77 86 0.9681 0
50 49 95 1.0142 0
84 79 95 0.933 0
63 59 118 0.9196 0
54 76 21 1.0125 0
75 84 70 1.009 0
99 74 21 0.9475 0
99 86 59 0.9789 0
86 74 102 0.9254 0
35 82 52 1.0118 0
78 77 113 1.0051 0
78 68 72 1.0011 0
69 76 115 0.9034 0
86 75 16 0.9703 0
48 57 107 0.879 0
52 51 86 0.8339 0
62 58 63 0.8214 0
93 72 62 1.0017 0
42 61 52 0.9212 0
87 90 53 0.941 0
24 64 38 0.8709 0
77 59 74 0.9772 0
78 72 70 0.9992 0
47 53 97 0.9782 0
85 55 22 0.9418 0
82 63 83 0.8368 0
57 55 44 0.9186 0
50 79 91 0.8902 0
71 82 80 0.9615 0
35 61 22 0.9314 0
87 65 103 0.9259 0
87 66 98 0.748 0
31 64 52 0.7977 0
85 73 89 0.8832 0
70 45 107 0.9335 0
76 79 21 0.8836 0
74 49 11 0.8863 0
84 56 38 0.9048 0
59 59 118 0.8162 0
103 76 45 0.9427 0
37 68 57 0.7693 0
53 72 114 0.9621 0
79 70 11 0.9293 0
58 66 117 0.8382 0
81 53 33 0.9097 0
74 48 84 0.5974 0
44 67 59 0.8369 0
59 81 19 0.8946 0
58 81 22 0.8946 0
32 61 24 0.8872 0
100 78 57 0.7293 0
85 55 100 0.8671 0
67 90 58 0.8826 0
56 48 8 0.8425 0
69 51 115 0.8837 0
73 84 37 0.7866 0
83 63 54 0.7641 0
61 81 10 0.9201 0
96 59 24 0.9143 0
46 54 37 0.8494 0
91 66 14 0.7947 0
95 70 59 0.835 0
68 80 78 0.7464 0
74 85 104 0.8069 0
63 54 40 0.7551 0
34 77 57 0.8295 0
39 60 50 0.8563 0
48 51 11 0.8741 0
47 68 19 0.9005 0
86 73 99 0.7483 0
76 84 37 0.8236 0
98 66 48 0.8337 0
64 86 90 0.7856 0
89 71 62 0.8304 0
77 72 75 0.8959 0
36 65 55 0.8851 0
98 72 50 0.6504 0
60 90 61 0.7768 0
67 83 32 0.7449 0
76 47 100 0.9481 0
88 65 94 0.8676 0
59 45 107 0.8635 0
99 65 36 0.6789 0
97 76 59 0.8391 0
40 83 51 0.8685 0
78 63 9 0.6976 0
77 49 96 0.859 0
56 64 61 0.7078 0
55 52 39 0.8782 0
26 61 31 0.8065 0
53 50 89 0.8775 0
79 63 59 0.8591 0
106 82 46 0.8725 0
42 80 45 0.6632 0
60 46 111 0.811 0
69 50 71 0.7612 0
55 79 26 0.8772 0
46 79 64 0.6984 0
77 67 65 0.8476 0
63 80 112 0.8131 0
103 90 51 0.7672 0
91 57 14 0.7591 0
86 62 105 0.5606 0
64 85 104 0.6424 0
95 84 59 0.9227 0
79 80 24 0.8273 0
57 53 41 0.7264 0
52 72 86 0.6069 0
61 45 81 0.7727 0
69 90 62 0.9608 0
63 61 57 0.7118 0
86 84 36 0.8452 0
72 60 64 0.6726 0
68 82 80 0.7922 0
58 56 49 0.836 0
58 46 80 0.8405 0
80 90 64 0.8264 0
66 44 104 0.8341 0
86 69 63 0.6933 0
97 60 27 0.7363 0
71 90 64 0.8272 0
85 59 46 0.6724 0
52 68 13 0.8146 0
54 62 72 0.7817 0
101 73 23 0.8259 0
73 79 15 0.8272 0
48 55 101 0.946 0
58 44 102 0.6885 0
70 81 22 0.7278 0
46 72 103 0.988 0
59 47 24 0.8148 0
69 71 117 0.754 0
82 65 59 0.7147 0
58 57 52 0.7939 0
60 60 63 0.7121 0
65 81 13 0.7969 0
72 50 112 0.7873 0
70 89 55 0.7863 0
85 75 94 0.6854 0
51 73 23 0.7979 0
59 41 87 0.7865 0
47 71 24 0.7883 0
94 77 20 0.9531 0
85 54 16 0.7239 0
54 52 75 0.7554 0
32 57 34 0.7893 0
99 67 27 0.8914 0
46 85 61 0.9316 0
40 81 47 0.7556 0
71 56 45 0.7826 0
48 61 53 0.7265 0
52 83 50 0.6843 0
62 46 22 0.861 0
88 92 61 0.6419 0
99 65 39 0.7716 0
54 59 54 0.673 0
45 81 46 0.7464 0
72 46 92 0.7065 0
54 89 56 0.6657 0
82 80 69 0.7567 0
66 82 27 0.7625 0
33 65 54 0.7466 0
50 53 37 0.5774 0
98 69 51 0.6692 0
51 50 23 0.7599 0
69 85 41 0.6972 0
45 87 59 0.6499 0
77 67 9 0.7244 0
90 60 12 0.9992 0
51 60 54 0.7207 0
98 93 47 0.6913 0
37 58 32 0.7433 0
71 62 54 0.7614 0
77 82 70 0.72 0
59 82 109 0.7512 0
80 76 84 0.6095 0
28 60 42 0.7188 0
57 51 32 0.7269 0
64 54 118 0.6565 0
78 54 42 0.7299 0
60 50 29 0.7393 0
86 62 94 0.868 0
48 74 29 0.6995 0
83 82 29 0.5894 0
50 52 32 0.6449 0
30 57 30 0.703 0
66 63 118 0.5394 0
82 53 107 0.6859 0
73 64 117 0.7789 0
45 78 40 0.7185 0
92 56 24 0.9712 0
59 49 26 0.6893 0
42 53 36 0.6889 0
43 50 28 0.9571 0
58 80 84 0.707 0
46 74 64 0.6022 0
45 81 63 0.7109 0
43 66 20 0.5484 0
69 87 68 0.7102 0
83 53 15 0.721 0
106 81 43 0.6051 0
45 68 21 0.6129 0
44 50 16 0.9386 0
62 88 54 0.6835 0
102 90 41 0.5946 0
65 80 78 0.6817 0
76 48 16 0.698 0
62 80 73 0.6424 0
32 58 39 0.6615 0
92 54 20 0.8074 0
79 60 114 0.5355 0
51 55 111 0.6484 0
107 81 37 0.6268 0
83 57 109 0.6338 0
68 46 82 0.6828 0
55 52 113 0.5576 0
88 81 65 0.8441 0
82 53 30 0.6445 0
84 55 34 0.6801 0
91 93 58 0.909 0
94 59 29 0.6407 0
62 46 92 0.5514 0
55 49 80 0.5281 0
92 93 52 0.6864 0
46 83 50 0.5449 0
58 84 90 0.6591 0
75 60 72 0.5148 0
98 69 37 0.671 0
66 53 8 0.7134 0
85 85 44 0.648 0
31 77 55 0.6511 0
92 74 17 0.5125 0
39 59 47 0.6488 0
64 87 94 0.9911 0
97 92 57 0.5295 0
64 86 49 0.6613 0
61 81 21 0.5469 0
46 65 58 0.6296 0
61 82 30 0.6561 0
56 80 70 0.9615 0
79 56 82 0.5781 0
95 64 45 0.5891 0
42 75 61 0.6686 0
62 83 83 0.5776 0
89 86 47 0.6322 0
58 76 77 0.6574 0
53 56 74 0.6582 0
76 49 23 0.5963 0
81 63 57 0.548 0
44 52 15 0.6516 0
73 59 8 0.7134 0
67 56 67 0.6168 0
62 58 54 0.6029 0
74 58 116 0.9341 0
62 47 12 0.5499 0
73 88 53 0.9687 0
77 50 26 0.6123 0
72 51 74 0.5542 0
41 55 39 0.5776 0
46 61 102 0.8747 0
102 92 46 0.9275 0
82 73 112 0.6227 0
99 63 33 0.5781 0
62 81 19 0.6454 0
52 47 96 0.5954 0
52 81 43 0.6308 0
100 81 55 0.5134 0
73 84 85 0.6254 0
102 73 43 0.6306 0
40 57 41 0.7914 0
52 65 114 0.6171 0
36 73 58 0.6203 0
63 85 46 0.9968 0
25 63 35 0.9627 0
53 85 52 0.6265 0
95 79 23 0.6307 0
85 73 106 0.8854 0
52 53 38 0.6231 0
81 54 22 0.6248 0
45 61 52 0.9717 0
69 49 74 0.995 0
82 81 96 0.5587 0
49 73 26 0.6301 0
89 62 50 0.8996 0
96 76 21 0.9468 0
74 82 109 0.8425 0
63 87 52 0.6163 0
81 67 63 0.5356 0
77 88 54 0.6259 0
78 74 15 0.5353 0
39 58 22 0.5767 0
87 70 100 0.6096 0
92 62 43 0.5547 0
91 88 48 0.9628 0
102 89 53 0.5877 0
57 85 95 0.7919 0
72 56 8 0.7134 0
93 56 18 0.5577 0
77 67 62 0.9613 0
47 74 98 0.7287 0
24 65 41 0.6081 0
87 67 101 0.9735 0
79 75 70 0.6085 0
78 49 107 0.5438 0
49 77 93 0.8643 0
78 61 78 0.5909 0
84 69 12 0.9744 0
48 55 104 0.5936 0
84 73 15 0.9034 0
75 46 102 0.6062 0
83 67 86 0.6008 0
78 51 94 0.9273 0
91 52 19 0.9067 0
79 75 82 0.5965 0
100 84 56 0.5903 0
41 54 21 0.5912 0
51 63 78 0.5779 0
86 60 104 0.563 0
77 85 46 0.9232 0
81 75 112 0.593 0
94 63 43 0.5586 0
63 47 10 0.569 0
76 84 92 0.539 0
57 78 72 0.5888 0
75 78 18 0.564 0
97 79 26 0.9888 0
98 67 20 0.9688 0
79 57 48 1 0
87 60 50 0.9325 0
73 57 51 0.5313 0
36 79 57 0.8779 0
102 72 29 0.9636 0
93 57 16 0.5646 0
49 75 105 0.8499 0
70 48 32 0.9776 0
90 82 65 0.9206 0
79 53 92 0.9203 0
27 72 51 0.9055 0
60 46 15 0.7571 0
66 45 90 0.9418 0
99 84 35 0.5557 0
57 82 37 0.5198 0
66 48 111 0.7707 0
60 82 32 0.5666 0
61 87 96 0.5419 0
73 50 31 0.529 0
42 78 42 0.919 0
71 86 98 0.7751 0
52 65 8 0.8841 0
94 83 62 0.9034 0
41 54 34 0.9738 0
75 77 79 0.9102 0
73 80 22 0.995 0
44 76 37 0.986 0
50 63 83 0.72 0
72 69 117 0.8281 0
96 91 46 0.9603 0
44 48 19 0.9545 0
55 70 115 0.9573 0
74 51 39 0.7561 0
54 67 75 0.789 0
62 50 35 0.9409 0
54 82 89 0.543 0
51 70 86 0.5533 0
41 60 18 0.9744 0
98 70 44 0.8224 0
47 52 30 0.9771 0
75 64 62 0.9256 0
47 65 108 0.9077 0
41 54 31 0.8469 0
47 74 104 0.8398 0
58 62 62 0.989 0
57 46 15 0.8857 0
53 82 92 0.5293 0
93 90 48 0.9348 0
52 69 83 0.9425 0
76 52 35 0.8848 0
57 68 116 0.5073 0
60 43 99 0.7981 0
78 67 75 0.8922 0
67 69 117 0.911 0
79 56 45 0.5202 0
64 43 99 0.6987 0
55 75 17 0.585 0
65 61 118 0.9609 0
88 64 55 0.5203 0
52 51 31 0.9924 0
54 83 47 0.8595 0
70 74 116 0.5315 0
27 59 30 0.5196 0
94 78 64 0.9894 0
102 88 39 0.5065 0
80 83 97 0.9356 0
48 75 65 0.9274 0
52 77 32 0.9047 0
55 58 52 0.5239 0
76 75 14 0.5242 0
99 64 21 0.5295 0
48 58 14 0.6109 0
42 51 29 0.6562 0
99 64 25 0.525 0
99 80 29 0.5217 0
55 81 107 0.8675 0
61 86 101 0.9617 0
63 53 8 0.7134 0
50 54 86 0.5019 0
56 43 92 0.9115 0
71 56 116 0.4949 0
83 86 50 0.5055 0
97 78 24 0.9755 0
69 79 73 0.9111 0
39 62 52 0.9147 0
65 66 8 0.7134 0
57 68 8 0.7134 0
65 76 8 0.7134 0
77 61 8 0.9791 0
92 55 22 0.8811 0
51 48 13 0.9041 0
48 78 65 0.8874 0
61 66 117 0.8868 0
50 79 66 0.5028 0
59 66 8 0.7134 0
67 68 8 0.7134 0
73 68 8 0.7134 0
75 83 107 0.913 0
102 73 37 0.9289 0
82 63 10 0.6233 0
36 82 55 0.8823 0
71 84 87 0.9858 0
60 84 89 0.9638 0
67 60 53 0.9897 0
98 66 44 0.5745 0
80 58 83 0.9034 0
69 55 70 0.6306 0
38 58 41 0.8498 0
77 59 115 0.9235 0
56 47 82 0.8871 0
63 59 61 0.935 0
65 46 22 0.9663 0
41 68 58 0.9241 0
46 74 32 0.7451 0
95 76 63 0.8871 0
82 61 81 0.9388 0
66 83 34 0.994 0
72 47 84 0.9646 0
68 82 110 0.8977 0
84 61 108 0.8222 0
46 70 104 0.8964 0
75 48 14 0.9671 0
91 62 13 0.9912 0
41 65 21 0.825 0
51 74 86 0.9275 0
86 87 65 0.9942 0
48 54 99 0.9942 0
48 61 89 0.9821 0
72 49 19 0.8197 0
52 78 107 0.8653 0
37 81 49 0.9301 0
53 50 25 0.9898 0
68 50 8 0.7134 0
88 53 15 0.9476 0
90 80 65 0.9644 0
53 66 59 0.7456 0
42 77 40 0.9916 0
75 50 94 0.9355 0
49 63 111 0.9387 0
53 72 9 0.824 0
75 77 16 0.8773 0
53 50 92 0.9129 0
71 86 100 0.9268 0
107 83 38 0.9405 0
73 56 116 0.9488 0
82 59 83 0.9711 0
86 77 19 0.9177 0
63 77 8 0.7134 0
73 61 53 0.9137 0
58 75 8 0.7134 0
56 80 30 0.9315 0
53 54 112 0.9278 0
44 75 35 0.9764 0
25 63 40 0.915 0
82 68 11 0.7157 0
77 70 73 0.9781 0
67 90 61 0.9068 0
65 90 60 0.9599 0
74 49 82 0.9679 0
47 62 95 0.9995 0
85 84 39 0.9474 0
82 55 94 0.718 0
85 89 54 0.9429 0
34 58 32 0.6304 0
106 85 46 0.9824 0
46 71 96 0.8361 0
106 79 35 0.8674 0
33 80 51 0.8563 0
76 86 52 0.9097 0
57 77 113 0.9337 0
100 81 31 0.9596 0
46 62 104 0.8511 0
58 85 101 0.6456 0
58 84 105 0.9592 0
67 49 112 0.9599 0
45 69 23 0.8787 0
72 46 100 0.9624 0
53 85 64 0.8802 0
52 67 10 0.6695 0
47 55 39 0.9137 0
70 59 65 0.98 0
102 72 31 0.9192 0
92 57 28 0.9436 0
81 81 27 0.9356 0
46 73 101 0.8964 0
93 62 41 0.8749 0
57 55 8 0.7134 0
90 61 45 0.8668 0
70 83 72 0.9208 0
86 55 33 0.9471 0
51 70 65 0.9723 0
52 66 78 0.8561 0
78 54 83 0.804 0
69 83 34 0.6568 0
97 90 44 0.8633 0
84 70 88 0.8365 0
61 47 10 0.9944 0
70 90 59 0.9327 0
73 46 105 0.7383 0
100 76 24 0.9707 0
76 70 10 0.8496 0
49 64 87 0.9784 0
85 57 98 0.7626 0
62 50 32 0.9833 0
44 79 63 0.9083 0
62 61 55 0.9735 0
60 89 63 0.9404 0
97 68 53 0.9043 0
41 78 60 0.8944 0
71 56 50 0.9339 0
97 93 55 0.8534 0
49 60 51 0.9535 0
42 67 22 0.9931 0
51 52 34 0.9713 0
79 67 115 0.9128 0
84 74 108 0.9537 0
47 72 27 0.7547 0
66 85 103 0.9801 0
102 69 30 0.9565 0
64 84 70 0.956 0
83 90 63 0.7881 0
95 86 59 0.8718 0
72 61 8 0.7134 0
60 51 31 0.9116 0
31 57 32 0.9364 0
53 78 33 0.9957 0
55 76 113 0.968 0
54 73 18 0.9217 0
84 74 91 0.9944 0
67 48 73 0.9823 0
66 64 8 0.7134 0
61 46 20 0.7172 0
77 80 110 0.9549 0
100 82 57 0.8942 0
79 66 78 0.9335 0
45 68 98 0.9379 0
70 85 90 0.8045 0
78 53 35 0.9448 0
93 78 20 0.6715 0
43 54 38 0.8767 0
84 70 110 0.9397 0
90 63 49 0.9827 0
83 59 109 0.9657 0
56 57 47 0.6219 0
85 82 29 0.9919 0
87 68 99 0.9027 0
99 67 37 0.8664 0
92 94 57 0.9832 0
86 58 44 0.9171 0
74 53 74 0.9749 0
92 83 35 0.5827 0
84 77 94 0.9906 0
51 70 19 0.8682 0
94 76 19 0.6599 0
86 59 97 0.9782 0
52 60 76 0.9554 0
68 48 8 0.873 0
73 60 67 0.9772 0
49 48 12 0.9316 0
48 76 96 0.7713 0
45 51 31 0.9782 0
94 60 33 0.9617 0
99 67 35 0.958 0
78 74 80 0.9175 0
67 85 70 0.7561 0
83 61 110 0.9988 0
89 91 53 0.9862 0
46 76 64 0.9512 0
47 47 20 0.9809 0
68 45 104 0.9318 0
83 74 110 0.8065 0
80 65 61 0.9704 0
36 63 23 0.8725 0
70 80 16 0.8857 0
99 66 26 0.62 0
68 85 43 0.9426 0
81 52 28 0.9712 0
71 78 8 0.7403 0
104 80 48 0.9554 0
98 61 30 0.9268 0
93 59 32 0.9925 0
92 67 54 0.9842 0
70 61 54 0.5503 0
81 66 83 0.888 0
77 66 70 0.6269 0
58 76 80 0.6452 0
54 49 87 0.8391 0
63 47 76 0.6994 0
100 73 50 0.832 0
77 48 98 0.9357 0
71 62 56 0.7548 0
54 51 80 0.9753 0
64 55 8 0.7134 0
54 48 12 0.8026 0
78 52 90 0.7382 0
82 63 111 0.6995 0
51 79 39 0.8854 0
49 80 43 0.9624 0
75 76 77 0.9048 0
79 82 92 0.9488 0
86 57 103 0.8634 0
53 76 27 0.9935 0
75 79 81 0.8824 0
70 47 83 0.8429 0
42 85 56 0.7374 0
66 87 94 0.9531 0
71 86 48 0.9982 0
77 84 39 0.9126 0
66 62 56 0.4245 0
54 74 12 0.8772 0
71 52 115 0.9416 0
55 53 8 0.7134 0
84 81 27 0.8397 0
92 59 15 0.8736 0
50 77 88 0.9384 0
84 62 52 0.8575 0
77 61 75 0.9859 0
29 75 53 0.7491 0
42 51 27 0.9756 0
63 55 43 0.6749 0
63 67 117 0.8727 0
97 85 39 0.6586 0
90 93 54 0.9888 0
53 82 46 0.9409 0
87 59 48 0.983 0
54 78 88 0.6849 0
105 89 42 0.9117 0
55 56 45 0.8964 0
78 85 48 0.7034 0
75 80 24 0.9893 0
93 61 38 0.9244 0
50 57 110 0.853 0
52 68 113 0.9679 0
58 51 36 0.9863 0
65 81 111 0.9225 0
38 82 51 0.9233 0
87 66 12 0.9952 0
74 48 87 0.6212 0
48 64 109 0.943 0
56 50 113 0.8646 0
43 53 17 0.8638 0
68 79 76 0.863 0
68 71 8 0.7134 0
58 57 8 0.7134 0
62 61 8 0.7134 0
62 57 8 0.7134 0
71 72 8 0.7134 0
54 50 84 0.8486 0
89 61 48 0.6843 0
75 72 116 0.8137 0
58 76 75 0.9299 0
77 66 68 0.9753 0
98 68 49 0.8995 0
55 79 31 0.9497 0
64 60 59 0.9227 0
63 53 37 0.8604 0
73 50 38 0.9959 0
95 84 61 0.9327 0
77 54 79 0.6657 0
64 81 22 0.942 0
27 69 50 0.79 0
57 60 8 0.7134 0
48 53 95 0.9857 0
88 79 65 0.9654 0
38 83 56 0.9918 0
64 47 74 0.9159 0
75 60 8 0.7134 0
96 65 47 0.7814 0
63 88 66 0.8484 0
103 91 49 0.8592 0
74 79 20 0.9118 0
67 82 29 0.8511 0
34 60 24 0.9129 0
102 72 40 0.9598 0
58 63 117 0.6806 0
76 72 72 0.7769 0
61 44 83 0.8545 0
70 86 96 0.7297 0
50 55 109 0.7922 0
56 64 67 0.8444 0
51 76 86 0.8733 0
44 74 33 0.9584 0
65 87 93 0.6233 0
74 49 110 0.7578 0
97 78 58 0.8858 0
58 45 104 0.8103 0
49 62 55 0.9232 0
68 78 113 0.9234 0
78 48 102 0.7073 0
51 63 114 0.7735 0
79 83 36 0.4568 0
80 65 81 0.84 0
70 50 37 0.8536 0
27 64 47 0.9446 0
36 70 57 0.8486 0
75 48 108 0.7307 0
28 61 28 0.9384 0
65 43 100 0.9715 0
46 73 30 0.7036 0
53 58 74 0.9067 0
80 88 55 0.6444 0
46 77 38 0.9553 0
82 83 33 0.9897 0
74 83 87 0.86 0
64 45 92 0.7326 0
74 51 78 0.9073 0
55 47 13 0.9474 0
74 51 111 0.8026 0
60 58 54 0.9516 0
98 89 58 0.9073 0
24 67 41 0.8776 0
60 52 119 0.8964 0
61 52 8 0.7134 0
60 88 55 0.7963 0
56 45 82 0.8897 0
67 80 8 0.9975 0
58 61 67 0.9155 0
92 58 31 0.9522 0
66 43 96 0.625 0
30 59 41 0.7054 0
89 52 20 0.7264 0
102 86 37 0.9475 0
74 53 44 0.9106 0
49 63 57 0.8325 0
65 54 40 0.9802 0
67 84 39 0.8943 0
52 57 10 0.799 0
68 45 91 0.9837 0
75 60 116 0.9579 0
58 56 46 0.8031 0
50 72 66 0.9584 0
55 74 114 0.8417 0
62 56 48 0.9992 0
46 75 34 0.8123 0
87 80 24 0.9651 0
47 59 14 0.9146 0
56 65 116 0.9249 0
57 60 70 0.9292 0
95 61 35 0.9764 0
66 61 57 0.9174 0
57 46 106 0.9101 0
64 46 24 0.988 0
66 47 110 0.9929 0
49 56 87 0.6924 0
67 48 21 0.7022 0
52 68 81 0.8973 0
84 66 88 0.7585 0
51 60 13 0.8985 0
82 67 113 0.9215 0
56 64 64 0.9232 0
55 49 92 0.9585 0
74 63 61 0.9929 0
56 81 69 0.5828 0
53 57 113 0.94 0
91 68 15 0.9947 0
43 83 52 0.5358 0
53 54 9 0.7522 0
45 66 99 0.7177 0
66 61 54 0.9676 0
98 73 52 0.9681 0
49 52 100 0.8105 0
50 47 17 0.9042 0
67 49 33 0.744 0
79 69 115 0.9064 0
55 44 89 0.6944 0
71 80 79 0.9367 0
85 85 65 0.7384 0
93 60 35 0.9274 0
30 60 44 0.918 0
61 84 85 0.8555 0
100 79 28 0.97 0
60 84 106 0.8966 0
45 70 25 0.7241 0
56 83 105 0.9298 0
31 79 52 0.8813 0
40 58 45 0.9285 0
68 61 55 0.9063 0
57 48 112 0.991 0
53 87 54 0.9295 0
51 53 85 0.9378 0
106 81 40 0.8105 0
76 47 99 0.7762 0
71 90 61 0.6779 0
34 75 57 0.9668 0
81 79 23 0.8549 0
97 60 21 0.7443 0
42 54 18 0.8852 0
25 62 38 0.9961 0
77 83 91 0.9597 0
97 84 59 0.7619 0
35 68 56 0.8257 0
38 79 58 0.9128 0
53 48 18 0.6744 0
87 85 46 0.6396 0
97 76 57 0.9673 0
53 69 64 0.8403 0
56 45 102 0.9584 0
86 66 60 0.8778 0
71 54 116 0.6477 0
57 85 100 0.9106 0
102 79 51 0.8873 0
29 77 50 0.8947 0
53 74 23 0.8245 0
62 50 30 0.8547 0
73 47 89 0.8719 0
74 46 104 0.9563 0
74 78 113 0.9634 0
55 77 19 0.8236 0
49 73 107 0.7218 0
62 46 23 0.7218 0
30 64 50 0.9037 0
68 84 71 0.8029 0
86 56 37 0.9511 0
64 50 33 0.6634 0
55 70 70 0.3814 0
80 72 68 0.801 0
27 63 45 0.8435 0
48 66 17 0.8042 0
49 53 103 0.9498 0
60 56 48 0.9713 0
42 52 23 0.734 0
55 85 65 0.865 0
99 87 57 0.9078 0
101 76 52 0.9855 0
98 71 48 0.9084 0
49 56 89 0.9472 0
59 81 26 0.9765 0
61 57 118 0.6422 0
85 79 66 0.797 0
76 84 104 0.9036 0
101 70 38 0.8993 0
24 66 39 0.9599 0
54 46 96 0.7137 0
80 55 92 0.909 0
57 44 100 0.9815 0
43 60 49 0.8193 0
72 66 117 0.6579 0
60 78 113 0.9189 0
80 83 34 0.8398 0
39 79 45 0.853 0
47 75 103 0.9947 0
77 47 102 0.9453 0
42 83 51 0.9652 0
68 48 32 0.7867 0
95 63 41 0.7455 0
66 55 68 0.9722 0
98 68 47 0.828 0
56 63 57 0.9957 0
38 80 47 0.8104 0
75 84 39 0.9176 0
74 90 64 0.7774 0
74 58 50 0.9273 0
56 83 43 0.9632 0
49 56 91 0.9375 0
68 57 117 0.9423 0
49 51 24 0.7904 0
105 87 48 0.7842 0
78 72 79 0.9174 0
57 87 64 0.9602 0
50 60 110 0.9915 0
87 54 29 0.8132 0
45 53 14 0.9846 0
41 64 20 0.9982 0
54 80 68 0.8586 0
49 71 23 0.7996 0
48 63 94 0.907 0
49 66 89 0.8243 0
26 68 48 0.7191 0
40 78 43 0.8439 0
48 70 63 0.7812 0
66 83 82 0.9467 0
76 51 28 0.8324 0
98 92 55 0.9903 0
92 53 20 0.6744 0
55 82 106 0.9971 0
41 79 44 0.9859 0
57 70 8 0.7134 0
77 70 11 0.9874 0
52 50 21 0.9484 0
50 46 15 0.9058 0
92 81 28 0.7164 0
56 79 23 0.5775 0
77 83 101 0.4182 0
92 61 40 0.8389 0
99 78 26 0.8182 0
83 74 87 0.7058 0
94 58 17 0.9334 0
76 73 70 0.8984 0
55 53 41 0.8885 0
52 68 61 0.9133 0
49 54 93 0.9862 0
84 59 43 0.6275 0
47 60 51 0.9494 0
61 80 8 0.9401 0
48 58 93 0.8614 0
87 62 11 0.9892 0
88 61 51 0.8649 0
72 84 39 0.7898 0
99 65 33 0.9652 0
53 48 13 0.9723 0
68 51 37 0.8193 0
53 49 94 0.9111 0
85 76 100 0.5662 0
56 81 108 0.9902 0
80 69 66 0.9892 0
48 56 99 0.9431 0
96 94 54 0.8433 0
71 77 114 0.8734 0
70 81 24 0.8753 0
102 76 26 0.9988 0
71 85 91 0.9561 0
94 67 52 0.7267 0
58 85 92 0.9709 0
63 78 113 0.7991 0
67 51 113 0.6695 0
63 56 68 0.9167 0
36 59 44 0.8837 0
44 73 31 0.9512 0
93 93 58 0.8842 0
59 82 34 0.9982 0
57 52 39 0.9475 0
33 62 50 0.9046 0
78 78 21 0.9134 0
88 53 26 0.8904 0
79 53 15 0.5967 0
62 43 98 0.6445 0
70 56 43 0.7801 0
72 62 54 0.6374 0
80 81 91 0.9583 0
83 89 55 0.8433 0
44 71 27 0.9872 0
97 87 59 0.9414 0
98 69 39 0.8021 0
52 67 79 0.9759 0
45 62 16 0.6483 0
78 55 80 0.8382 0
86 62 93 0.6878 0
92 70 16 0.9395 0
74 80 23 0.5424 0
59 84 44 0.9219 0
49 61 84 0.8647 0
102 72 27 0.882 0
54 65 59 0.9677 0
76 50 109 0.7181 0
44 53 35 0.7265 0
66 46 82 0.8409 0
57 84 67 0.9342 0
60 81 23 0.9937 0
39 73 59 0.9595 0
69 83 82 0.985 0
86 73 97 0.991 0
55 84 95 0.8796 0
78 58 114 0.9716 0
47 80 44 0.9822 0
88 74 16 0.9346 0
79 58 50 0.8049 0
41 55 37 0.7897 0
32 79 50 0.8907 0
47 57 102 0.9719 0
96 91 58 0.9954 0
80 55 38 0.679 0
70 56 70 0.8547 0
53 77 109 0.5136 0
31 58 37 0.7119 0
90 52 22 0.9378 0
44 77 39 0.9888 0
62 47 111 0.783 0
102 74 41 0.9727 0
54 82 94 0.6417 0
90 80 24 0.7343 0
49 51 99 0.9418 0
34 63 24 0.8862 0
59 80 16 0.5294 0
59 61 64 0.983 0
93 69 57 0.9784 0
85 69 108 0.8153 0
42 77 61 0.8253 0
57 76 81 0.8924 0
62 82 32 0.7737 0
76 48 107 0.9851 0
81 73 85 0.8072 0
83 54 18 0.8996 0
70 79 8 0.9231 0
101 68 24 0.9963 0
66 74 8 0.7134 0
85 62 107 0.8117 0
52 53 11 0.9266 0
83 72 111 0.9325 0
28 73 52 0.8239 0
64 85 102 0.8081 0
44 49 26 0.8704 0
89 58 13 0.6406 0
99 82 32 0.9013 0
52 68 11 0.9658 0
54 48 19 0.8662 0
72 83 35 0.7141 0
48 83 51 0.6567 0
48 54 101 0.7076 0
59 86 100 0.9664 0
49 54 38 0.907 0
46 61 100 0.9146 0
71 48 9 0.9774 0
84 84 41 0.6161 0
26 73 48 0.8971 0
57 85 98 0.6879 0
79 61 10 0.6065 0
68 83 108 0.7576 0
41 74 60 0.9503 0
67 83 109 0.9596 0
68 49 72 0.9963 0
70 51 113 0.8053 0
98 65 42 0.5298 0
55 75 15 0.5239 0
81 85 49 0.6222 0
98 61 26 0.983 0
75 88 54 0.7936 0
56 63 71 0.9504 0
84 62 10 0.7953 0
89 67 14 0.8307 0
98 65 20 0.8787 0
75 85 102 0.9702 0
29 62 27 0.9804 0
44 72 29 0.957 0
83 69 87 0.7809 0
54 50 27 0.7037 0
55 45 98 0.6305 0
43 63 54 0.7046 0
90 74 63 0.9444 0
58 78 112 0.8282 0
77 80 25 0.8798 0
35 58 33 0.8353 0
49 50 97 0.8384 0
44 64 56 0.9828 0
104 89 49 0.8173 0
84 85 47 0.7006 0
106 87 40 0.9288 0
45 60 50 0.8973 0
55 66 62 0.7339 0
56 50 72 0.7323 0
64 84 41 0.9066 0
78 78 84 0.8175 0
87 69 98 0.9682 0
83 91 62 0.9104 0
54 84 50 0.832 0
89 66 55 0.756 0
88 88 64 0.5834 0
74 83 84 0.9743 0
57 64 59 0.7084 0
69 45 103 0.9807 0
60 43 85 0.5828 0
90 62 47 0.9049 0
67 76 114 0.8041 0
53 55 76 0.9306 0
82 89 64 0.7778 0
69 82 72 0.9888 0
71 63 8 0.7134 0
48 71 92 0.5638 0
52 61 75 0.9901 0
75 67 8 0.7134 0
83 65 57 0.7711 0
46 71 26 0.7452 0
78 55 44 0.9001 0
65 44 93 0.8657 0
59 83 40 0.83 0
79 53 34 0.983 0
64 55 44 0.848 0
80 52 24 0.6757 0
81 78 89 0.8631 0
46 51 30 0.9985 0
67 50 70 0.9927 0
53 67 61 0.965 0
84 56 94 0.8565 0
94 65 47 0.6057 0
83 74 16 0.8004 0
26 69 49 0.9646 0
102 75 43 0.7799 0
105 80 44 0.9011 0
60 84 43 0.9681 0
70 86 94 0.8204 0
71 60 52 0.5134 0
87 67 92 0.9549 0
25 64 42 0.9007 0
71 45 104 0.99 0
74 48 109 0.8841 0
82 62 53 0.9775 0
38 64 23 0.5291 0
72 56 71 0.8819 0
75 73 10 0.9458 0
77 79 23 0.7837 0
61 82 84 0.8826 0
49 87 56 0.836 0
76 69 9 0.927 0
40 57 21 0.8816 0
69 69 117 0.8362 0
81 73 15 0.659 0
56 54 42 0.9557 0
52 51 29 0.9661 0
44 55 39 0.78 0
46 69 106 0.7363 0
74 81 110 0.9212 0
73 47 93 0.9442 0
67 80 15 0.5069 0
84 78 98 0.5903 0
66 47 21 0.8495 0
24 68 43 0.9889 0
80 58 48 0.9979 0
55 45 100 0.8886 0
82 71 86 0.7711 0
66 86 50 0.6664 0
61 50 33 0.9882 0
62 79 75 0.6566 0
85 76 103 0.9567 0
60 47 76 0.8285 0
100 80 57 0.8178 0
78 69 77 0.8258 0
98 64 42 0.9677 0
98 76 23 0.5695 0
54 64 73 0.9682 0
70 53 116 0.8181 0
98 90 43 0.9261 0
79 49 105 0.936 0
52 81 91 0.8494 0
92 60 37 0.8328 0
37 59 23 0.8208 0
57 80 20 0.7445 0
83 75 109 0.8956 0
55 51 32 0.9677 0
86 64 105 0.7285 0
55 66 68 0.7065 0
83 55 23 0.8007 0
89 92 59 0.6505 0
66 51 8 0.7134 0
46 70 102 0.6453 0
101 86 55 0.8856 0
52 79 67 0.7577 0
66 59 53 0.9843 0
77 72 77 0.8942 0
105 77 35 0.9229 0
77 65 9 0.8079 0
49 55 107 0.7671 0
52 56 11 0.8879 0
46 64 106 0.9341 0
78 66 74 0.9339 0
48 49 23 0.9525 0
71 70 117 0.9014 0
97 91 45 0.9675 0
46 63 97 0.8279 0
50 70 20 0.9212 0
52 54 40 0.8039 0
29 58 29 0.9292 0
43 68 23 0.8242 0
102 80 52 0.9298 0
38 58 34 0.8896 0
80 52 107 0.6681 0
84 79 99 0.9607 0
48 86 61 0.8562 0
49 52 30 0.7463 0
54 55 72 0.9104 0
54 58 50 0.8023 0
75 85 46 0.8308 0
78 84 41 0.5736 0
49 51 22 0.5962 0
95 62 38 0.7879 0
73 48 18 0.9603 0
52 52 84 0.7932 0
76 61 72 0.9902 0
59 53 69 0.9873 0
68 46 108 0.6813 0
72 62 58 0.9865 0
69 46 84 0.9733 0
101 68 28 0.9129 0
79 68 65 0.8169 0
94 81 29 0.8778 0
93 72 17 0.9032 0
74 78 16 0.9855 0
65 87 95 0.9761 0
48 55 40 0.9373 0
40 77 41 0.9847 0
81 58 111 0.8018 0
67 47 79 0.9996 0
80 67 81 0.9612 0
50 68 89 0.6277 0
71 46 98 0.5499 0
29 59 40 0.9034 0
68 56 49 0.4351 0
69 79 77 0.9436 0
60 43 97 0.9824 0
38 64 54 0.872 0
101 84 34 0.9846 0
74 85 97 0.9074 0
77 77 71 0.7952 0
107 85 40 0.9686 0
85 77 101 0.9423 0
51 71 66 0.9644 0
58 44 95 0.9547 0
84 78 21 0.8405 0
78 83 35 0.7066 0
58 50 28 0.9094 0
68 73 116 0.7441 0
55 88 55 0.9019 0
75 50 25 0.9876 0
72 83 83 0.8298 0
25 71 46 0.7676 0
51 59 50 0.8932 0
41 54 23 0.9138 0
100 91 53 0.7865 0
52 56 112 0.8915 0
79 51 108 0.772 0
46 72 63 0.798 0
79 49 103 0.6706 0
74 49 94 0.9436 0
52 64 58 0.8994 0
87 63 95 0.7506 0
59 44 82 0.7738 0
72 85 92 0.9638 0
29 67 52 0.8063 0
55 49 82 0.6951 0
41 58 18 0.8262 0
53 71 18 0.6387 0
58 90 59 0.9936 0
50 57 13 0.9246 0
54 64 115 0.6473 0
97 64 44 0.8747 0
71 76 8 0.7134 0
81 82 98 0.787 0
97 74 57 0.9821 0
70 54 70 0.9484 0
52 68 9 0.886 0
50 78 89 0.9397 0
51 48 98 0.9702 0
91 73 62 0.8099 0
63 46 90 0.6854 0
83 67 112 0.9301 0
32 60 46 0.9781 0
91 64 14 0.8237 0
50 49 98 0.9819 0
92 59 34 0.836 0
91 87 47 0.9498 0
95 60 30 0.8797 0
49 76 104 0.893 0
56 57 49 0.7251 0
86 58 99 0.9328 0
49 54 105 0.8552 0
75 59 73 0.9747 0
83 80 97 0.8373 0
54 79 35 0.752 0
73 47 86 0.8389 0
29 64 49 0.9752 0
46 49 12 0.9729 0
45 68 60 0.9756 0
67 81 111 0.7559 0
44 62 53 0.7927 0
76 82 108 0.7629 0
91 60 40 0.8846 0
32 75 56 0.9849 0
48 62 90 0.9547 0
68 86 69 0.909 0
68 85 89 0.5442 0
80 57 112 0.9944 0
89 55 14 0.6345 0
97 66 19 0.9025 0
53 59 52 0.6376 0
51 74 110 0.9251 0
86 67 61 0.9008 0
47 57 14 0.7665 0
76 79 83 0.7616 0
30 78 51 0.8517 0
75 82 84 0.948 0
94 88 59 0.9788 0
71 64 117 0.6136 0
54 53 40 0.9905 0
59 80 14 0.6207 0
52 71 84 0.7509 0
78 71 115 0.6832 0
63 56 118 0.6266 0
103 80 50 0.7434 0
78 54 40 0.8753 0
91 81 65 0.9405 0
75 77 72 0.9617 0
98 89 42 0.9562 0
86 65 92 0.7541 0
78 56 47 0.7986 0
82 69 85 0.9385 0
82 66 10 0.9587 0
87 53 16 0.931 0
89 91 62 0.8812 0
50 47 13 0.9086 0
52 47 98 0.9416 0
83 75 88 0.8096 0
74 73 116 0.8632 0
51 60 52 0.7731 0
45 83 61 0.6381 0
69 45 93 0.7271 0
63 56 49 0.9543 0
61 47 25 0.9789 0
50 76 32 0.9966 0
63 87 96 0.8044 0
89 83 65 0.95 0
72 79 113 0.9353 0
76 84 100 0.7117 0
28 71 52 0.8571 0
87 88 52 0.9362 0
58 49 8 0.7134 0
80 76 112 0.9994 0
59 86 66 0.9627 0
56 52 37 0.8545 0
69 61 56 0.9391 0
54 79 69 0.9096 0
60 43 88 0.5773 0
47 53 13 0.6712 0
95 91 47 0.9313 0
56 43 82 0.802 0
47 71 94 0.6936 0
50 62 82 0.8108 0
93 84 63 0.8133 0
98 70 42 0.7047 0
51 86 54 0.8906 0
42 81 47 0.9971 0
40 71 59 0.9847 0
59 77 80 0.8038 0
95 84 38 0.5616 0
41 70 59 0.9451 0
78 50 95 0.9692 0
51 66 15 0.7334 0
72 79 79 0.9168 0
89 61 49 0.9977 0
80 74 68 0.5938 0
103 88 52 0.936 0
54 80 37 0.9856 0
84 75 107 0.9247 0
27 61 40 0.7032 0
78 50 24 0.6132 0
51 70 111 0.6823 0
78 60 77 0.9927 0
91 92 59 0.9011 0
104 88 50 0.8549 0
60 54 40 0.9879 0
85 72 91 0.7268 0
60 46 18 0.6257 0
88 65 56 0.9558 0
25 69 47 0.8168 0
77 63 72 0.7784 0
64 44 104 0.9404 0
76 77 113 0.9041 0
84 54 14 0.9899 0
39 82 50 0.9697 0
95 82 59 0.6124 0
53 54 78 0.9352 0
65 83 35 0.9403 0
61 45 106 0.7141 0
44 61 16 0.7673 0
89 60 47 0.8561 0
44 49 17 0.912 0
74 48 13 0.9262 0
67 45 105 0.9507 0
42 84 54 0.7183 0
105 88 40 0.9099 0
74 83 35 0.8019 0
62 85 86 0.8242 0
50 63 113 0.8288 0
96 79 25 0.9356 0
99 68 33 0.5736 0
56 59 54 0.8295 0
73 50 8 0.9332 0
75 65 59 0.7305 0
55 77 84 0.8759 0
72 81 111 0.9207 0
49 69 91 0.5871 0
54 54 74 0.6551 0
58 51 30 0.6408 0
61 53 38 0.9511 0
71 61 53 0.9631 0
81 76 110 0.6679 0
69 56 44 0.8278 0
103 76 43 0.9075 0
84 56 28 0.8037 0
76 83 35 0.7968 0
85 71 89 0.8356 0
66 81 22 0.9999 0
78 48 99 0.9481 0
63 45 93 0.8031 0
55 62 8 0.7134 0
96 83 59 0.8973 0
53 80 106 0.8099 0
54 83 95 0.8757 0
37 61 21 0.9872 0
98 83 59 0.8203 0
77 84 96 0.783 0
59 86 96 0.8743 0
85 85 46 0.7855 0
44 80 45 0.8993 0
57 63 63 0.8419 0
50 49 12 0.9002 0
61 49 28 0.9293 0
80 59 81 0.968 0
58 84 45 0.8948 0
75 50 12 0.968 0
81 62 81 0.9027 0
79 56 84 0.9238 0
76 52 12 0.6381 0
39 78 59 0.9969 0
53 75 25 0.8697 0
58 88 55 0.8452 0
96 61 33 0.7403 0
61 48 112 0.7596 0
77 78 111 0.6669 0
98 78 25 0.9193 0
71 58 69 0.9164 0
31 66 53 0.7063 0
48 54 36 0.7277 0
81 82 30 0.8569 0
83 68 63 0.8086 0
57 75 79 0.8159 0
62 85 47 0.9284 0
82 56 39 0.9255 0
47 74 31 0.8023 0
98 86 39 0.8157 0
83 53 99 0.5718 0
49 77 36 0.8844 0
59 85 91 0.9908 0
42 65 20 0.953 0
74 60 70 0.9137 0
72 85 46 0.6318 0
53 69 15 0.69 0
54 86 63 0.7982 0
101 71 24 0.68 0
37 82 52 0.8908 0
77 57 75 0.7944 0
72 89 56 0.7136 0
71 84 85 0.8703 0
44 83 51 0.6952 0
80 68 114 0.7247 0
74 46 101 0.98 0
52 65 77 0.8548 0
46 87 57 0.9786 0
59 85 67 0.9172 0
99 69 37 0.9691 0
56 49 78 0.9881 0
44 68 22 0.9825 0
103 79 49 0.8713 0
63 81 71 0.5438 0
62 60 54 0.9122 0
73 61 116 0.4931 0
83 58 108 0.9919 0
85 71 14 0.7328 0
52 59 77 0.9915 0
49 85 62 0.694 0
53 86 53 0.988 0
70 46 91 0.7581 0
74 57 8 0.7134 0
72 82 109 0.8013 0
78 53 87 0.9555 0
56 72 115 0.9778 0
52 71 19 0.9398 0
57 49 113 0.919 0
86 57 40 0.7883 0
49 46 16 0.876 0
78 52 93 0.8864 0
65 69 117 0.9034 0
75 86 68 0.4696 0
85 88 53 0.8936 0
26 67 48 0.9887 0
51 85 63 0.626 0
57 45 103 0.901 0
67 48 77 0.6021 0
74 50 80 0.8911 0
50 74 28 0.7517 0
69 89 57 0.6535 0
76 65 64 0.8986 0
106 79 33 0.8809 0
79 66 62 0.7472 0
54 61 56 0.597 0
102 72 38 0.885 0
45 65 100 0.8668 0
67 73 116 0.9995 0
50 53 35 0.7468 0
63 43 100 0.7693 0
82 65 112 0.7697 0
91 94 54 0.9141 0
80 70 67 0.9545 0
72 63 117 0.8089 0
66 44 102 0.7936 0
55 43 89 0.9737 0
40 56 34 0.7825 0
62 57 53 0.9708 0
55 66 64 0.9172 0
67 50 35 0.9129 0
53 47 95 0.9945 0
69 84 86 0.8406 0
70 83 33 0.8662 0
60 44 103 0.999 0
84 68 88 0.9153 0
102 73 32 0.8763 0
77 51 109 0.7756 0
58 79 111 0.8628 0
34 67 55 0.6695 0
43 70 26 0.9428 0
64 48 111 0.5078 0
72 86 68 0.6395 0
102 70 32 0.8863 0
77 51 88 0.7923 0
55 79 70 0.8952 0
59 45 105 0.8195 0
53 77 110 0.8782 0
81 82 96 0.9434 0
41 82 49 0.9615 0
85 66 90 0.8049 0
54 57 47 0.8292 0
72 51 76 0.6474 0
92 55 23 0.5602 0
103 77 28 0.8084 0
86 91 55 0.98 0
47 58 101 0.8982 0
105 77 31 0.7541 0
76 61 54 0.8393 0
68 90 60 0.8651 0
53 78 86 0.8142 0
94 90 47 0.879 0
48 57 96 0.7993 0
64 85 87 0.7316 0
64 82 70 0.5964 0
79 78 110 0.6836 0
75 49 85 0.8007 0
54 60 72 0.8887 0
77 80 70 0.9164 0
51 65 59 0.9834 0
64 50 34 0.9478 0
75 51 31 0.9671 0
47 87 59 0.6954 0
37 65 24 0.8868 0
64 62 8 0.7134 0
70 56 8 0.7134 0
48 70 109 0.8655 0
88 92 55 0.9136 0
33 67 55 0.9569 0
98 61 28 0.8667 0
53 58 114 0.8774 0
41 76 60 0.8326 0
45 56 41 0.8978 0
107 84 39 0.8972 0
70 85 43 0.7532 0
42 59 48 0.9602 0
101 78 27 0.9365 0
57 76 73 0.8163 0
41 56 42 0.985 0
72 83 34 0.9705 0
98 67 29 0.5389 0
68 58 65 0.6863 0
51 66 82 0.8147 0
102 73 39 0.8857 0
87 62 96 0.7806 0
48 52 98 0.9853 0
54 74 20 0.9212 0
48 76 103 0.9233 0
94 83 34 0.7651 0
69 86 49 0.7914 0
50 78 38 0.6882 0
98 79 27 0.8988 0
92 89 48 0.8858 0
74 54 73 0.937 0
59 47 77 0.9883 0
60 61 61 0.9681 0
92 56 20 0.6007 0
83 60 47 0.8909 0
80 63 10 0.5913 0
96 77 22 0.8768 0
49 58 108 0.9339 0
63 85 103 0.9744 0
84 86 65 0.8867 0
66 88 66 0.8678 0
82 64 56 0.7678 0
77 62 73 0.925 0
83 61 82 0.8718 0
81 71 66 0.7286 0
59 42 85 0.833 0
88 73 63 0.7315 0
81 56 92 0.8919 0
57 75 74 0.9074 0
83 83 66 0.6301 0
45 73 63 0.8371 0
60 47 13 0.813 0
99 76 56 0.7678 0
49 53 94 0.8932 0
101 85 36 0.7149 0
54 73 13 0.9218 0
55 77 112 0.8839 0
91 61 42 0.7683 0
0
