2048
0 0 127 82.7262 0
127 127 127 77.866 0
0 127 38 70.6715 0
127 0 39 70.7805 0
115 114 0 49.2947 0
14 18 0 44.5521 0
48 39 48 15.9238 0
80 92 52 15.8505 0
43 89 105 15.8888 0
86 45 104 15.5041 0
62 52 26 12.2077 0
69 49 0 11.3116 0
88 67 71 11.9257 0
65 77 0 11.3116 0
43 67 0 11.3116 0
61 88 79 11.2017 0
65 43 73 10.9355 0
83 68 24 10.4743 0
77 54 127 9.4604 0
87 61 2 9.2958 0
55 75 126 9.2383 0
35 58 62 9.1036 0
68 85 24 8.979 0
42 58 32 8.4388 0
86 69 45 7.874 0
35 74 88 6.9384 0
80 51 81 6.8247 0
63 58 45 6.5059 0
46 77 79 6.1915 0
73 64 108 5.9576 0
42 62 47 6.0198 0
60 35 17 5.8419 0
36 61 18 5.819 0
35 68 75 5.542 0
68 46 91 5.7005 0
49 50 68 5.5 0
64 93 10 5.4925 0
87 62 89 5.4158 0
75 80 71 5.4447 0
68 47 56 5.3928 0
52 53 6 5.2643 0
68 67 123 5.1716 0
62 84 62 5.0131 0
65 55 102 4.9184 0
46 67 20 4.8478 0
61 77 112 4.4997 0
76 79 35 4.5742 0
74 78 83 4.6754 0
81 59 57 4.5911 0
63 83 96 4.5282 0
60 62 7 4.2565 0
64 85 38 4.4047 0
78 52 68 4.2527 0
73 64 7 4.2565 0
42 70 66 4.2973 0
47 57 18 4.1881 0
56 80 18 4.0461 0
51 53 78 3.9749 0
80 64 99 4.0175 0
67 57 117 3.9437 0
76 56 35 3.8954 0
61 77 34 3.7938 0
61 84 50 3.8465 0
51 69 109 3.8026 0
53 81 67 3.7877 0
43 56 75 3.7112 0
70 49 43 3.3989 0
81 72 57 3.3467 0
48 70 29 3.3792 0
75 57 17 3.3385 0
51 78 8 3.2486 0
80 58 48 3.2761 0
57 40 8 3.264 0
54 60 39 3.2072 0
56 78 27 3.135 0
80 71 8 3.2486 0
64 79 104 3.2414 0
52 80 89 3.072 0
43 68 57 2.9646 0
68 37 10 2.9687 0
60 50 87 3.0534 0
64 65 36 2.8928 0
68 73 108 2.7838 0
78 58 92 2.886 0
47 58 83 2.7869 0
73 59 99 2.5985 0
78 64 37 2.6834 0
47 57 56 2.7815 0
62 71 16 1.6469 0
71 62 35 2.6827 0
48 75 69 2.5405 0
61 53 93 2.7082 0
68 54 110 2.6661 0
41 71 97 2.5366 0
57 50 63 2.6303 0
70 52 84 2.6052 0
61 61 123 2.6037 0
56 80 56 2.2297 0
56 87 9 2.4077 0
62 65 17 2.5871 0
70 80 90 2.5715 0
47 69 36 2.4938 0
67 72 115 2.4366 0
39 64 84 2.5134 0
48 75 61 2.4061 0
77 76 63 2.3948 0
82 56 16 2.3533 0
53 42 16 2.2759 0
52 54 60 2.3987 0
50 75 18 2.3573 0
62 70 25 1.3083 0
76 55 43 2.2925 0
78 79 16 2.1669 0
46 77 90 2.3839 0
75 49 61 2.3967 0
76 60 78 2.3256 0
76 54 53 2.2936 0
74 75 16 2.3323 0
82 51 9 2.2407 0
62 76 16 2.3382 0
54 72 9 2.2407 0
77 77 9 2.2407 0
72 52 115 2.2763 0
67 55 94 2.2738 0
78 51 16 2.2058 0
43 55 9 2.2407 0
69 40 16 2.1842 0
76 58 115 2.2255 0
45 70 105 2.2089 0
73 48 16 2.1639 0
67 53 63 2.0816 0
51 48 16 2.1596 0
58 64 103 0.9717 0
52 64 25 1.9891 0
83 76 82 2.1352 0
40 61 79 2.0019 0
62 74 27 2.0958 0
54 52 85 2.0676 0
79 72 37 2.0804 0
58 59 101 2.0483 0
56 74 107 2.0583 0
58 80 91 2.0104 0
46 50 16 2.0036 0
65 59 109 2.0021 0
77 59 64 1.8621 0
53 63 20 1.9378 0
79 61 42 1.9522 0
75 55 60 1.9182 0
62 74 21 1.9839 0
61 52 54 1.7941 0
76 71 80 1.8962 0
52 79 60 1.815 0
78 66 54 1.6824 0
88 58 15 1.903 0
72 60 41 1.6717 0
62 71 43 0.6506 0
69 65 30 1.8607 0
89 70 11 1.9103 0
48 60 89 1.8852 0
58 57 53 1.8856 0
54 77 37 1.8997 0
71 62 19 1.8797 0
70 80 64 1.7541 0
58 88 15 1.8676 0
39 69 15 1.8573 0
51 56 87 1.8386 0
75 51 90 1.8158 0
66 54 88 1.727 0
62 52 62 1.8393 0
53 62 33 1.7826 0
67 55 53 1.7939 0
55 80 51 1.8226 0
65 81 55 1.7434 0
54 63 106 1.7908 0
50 75 24 1.8103 0
68 79 37 1.7484 0
46 63 55 1.6952 0
58 82 41 1.7831 0
78 64 50 1.7827 0
47 57 62 1.6877 0
65 82 45 1.7226 0
52 69 116 1.7514 0
58 78 102 1.6678 0
58 64 37 1.736 0
55 73 113 1.7251 0
62 62 103 1.7187 0
81 61 83 1.5273 0
58 56 97 1.5965 0
71 50 49 1.651 0
40 66 90 1.6795 0
62 71 39 1.0954 0
53 77 73 1.4889 0
49 57 73 1.6563 0
57 47 10 1.2328 0
78 67 59 1.5696 0
86 71 85 1.5746 0
59 53 81 1.3567 0
48 74 56 1.6084 0
78 76 42 1.3873 0
82 67 93 1.5898 0
41 54 15 1.4997 0
62 69 21 1.5332 0
76 59 69 1.6218 0
70 80 42 1.5735 0
62 71 31 1.4517 0
75 55 74 1.5705 0
60 50 58 1.4989 0
43 67 40 1.5662 0
77 56 10 1.2328 0
50 65 35 1.5694 0
43 70 73 1.4791 0
72 50 37 1.4632 0
67 80 69 1.4475 0
62 75 40 1.5433 0
75 54 48 1.4395 0
45 64 61 1.5277 0
52 59 50 0.5405 0
69 79 98 1.4089 0
62 57 112 1.4594 0
72 88 13 1.4837 0
61 57 108 1.5001 0
54 65 10 1.2328 0
79 64 92 1.3723 0
50 65 103 1.3932 0
57 80 47 1.4683 0
41 64 70 1.4655 0
75 62 94 1.4707 0
63 67 41 1.4215 0
57 79 97 1.3344 0
63 67 31 1.4178 0
52 54 37 1.3131 0
69 77 76 1.3445 0
69 58 38 1.3267 0
71 52 97 1.4374 0
75 63 15 1.3846 0
54 58 45 1.4189 0
68 59 10 1.2328 0
56 53 90 1.2761 0
59 52 10 1.2328 0
76 69 35 1.3531 0
73 83 10 1.2328 0
73 71 10 1.2328 0
51 61 10 1.2328 0
75 77 90 1.4054 0
52 46 10 1.2328 0
78 60 10 1.2328 0
58 62 16 1.3757 0
65 53 82 1.3575 0
76 65 80 1.0829 0
53 56 15 1.3296 0
43 61 86 1.3932 0
67 66 10 1.2328 0
60 80 68 1.3834 0
74 70 15 1.3762 0
52 76 32 1.3717 0
63 72 118 1.3354 0
68 78 15 1.3528 0
47 64 40 1.1884 0
72 59 45 1.3251 0
62 81 15 1.2721 0
57 53 40 1.2743 0
39 56 12 1.2999 0
62 71 35 1.3449 0
50 79 15 1.3463 0
63 39 10 1.3151 0
73 75 28 1.314 0
76 50 56 1.1799 0
53 61 100 1.2594 0
54 79 94 1.2932 0
53 83 10 1.2328 0
56 52 58 1.3164 0
85 73 10 1.2328 0
69 77 102 1.2141 0
61 82 44 1.2628 0
57 82 10 1.2328 0
61 44 10 1.2328 0
60 69 10 1.2328 0
79 64 10 1.2328 0
47 72 15 1.2837 0
79 47 10 1.2328 0
74 58 10 1.2328 0
66 62 10 1.2328 0
56 64 121 1.1531 0
69 45 15 1.1148 0
55 58 49 1.1853 0
68 62 39 1.269 0
69 87 10 1.2441 0
48 59 77 1.1736 0
69 80 60 1.2545 0
68 63 115 1.1649 0
48 57 44 1.2106 0
63 57 10 1.2328 0
63 67 10 1.2328 0
57 67 10 1.2328 0
70 69 10 1.2328 0
60 84 15 1.2137 0
45 76 10 1.2328 0
57 57 10 1.2328 0
48 58 10 1.2328 0
89 65 13 1.1642 0
72 79 15 1.2395 0
75 72 76 1.1906 0
57 44 15 1.2203 0
51 77 56 1.04 0
72 59 51 0.6761 0
44 62 15 1.1533 0
59 65 41 1.0797 0
69 53 39 1.1515 0
63 56 54 1.0984 0
75 59 73 1.0693 0
54 77 83 1.0999 0
82 77 15 1.1695 0
50 76 53 1.1763 0
58 65 20 1.1019 0
77 65 42 1.0939 0
69 61 101 1.1492 0
53 56 91 1.0982 0
48 74 87 1.1288 0
50 70 15 1.1657 0
68 67 115 0.9458 0
68 56 59 0.7566 0
48 66 82 0.0896 0
79 74 51 1.1542 0
65 63 106 1.0761 0
50 73 37 0.9374 0
43 71 15 1.1216 0
56 79 62 1.0446 0
56 79 43 1.0578 0
74 82 15 1.1047 0
66 54 58 1.1467 0
62 69 48 0.2535 0
51 70 24 1.1068 0
54 66 119 1.1145 0
64 43 15 1.1415 0
72 56 69 0.6919 0
51 53 15 1.0966 0
45 57 69 0.8914 0
48 58 51 1.0886 0
44 69 52 1.0822 0
40 71 81 1.1015 0
65 66 28 1.0627 0
71 79 95 1.0831 0
47 61 59 1.0714 0
51 75 28 1.0242 0
67 77 32 0.9877 0
62 79 89 1.0311 0
72 43 15 1.088 0
43 74 94 1.0983 0
72 75 77 0.9957 0
73 52 94 1.0712 0
74 73 32 0.9351 0
67 59 53 1.0439 0
66 68 109 1.0614 0
54 75 21 1.0659 0
47 65 71 0.4424 0
68 55 67 0.8605 0
71 59 49 1.0808 0
67 78 86 0.9102 0
71 77 31 1.0529 0
77 64 45 1.037 0
74 56 65 0.9956 0
54 56 84 1.0426 0
74 64 100 1.033 0
55 58 98 0.9885 0
44 67 99 0.966 0
54 57 95 1.0187 0
42 67 95 1.0179 0
49 63 15 0.922 0
49 56 41 0.9718 0
87 73 13 1.0094 0
79 59 87 0.8614 0
72 73 105 0.9037 0
74 56 95 0.7593 0
72 75 20 0.9356 0
42 60 71 0.9858 0
44 64 65 0.9448 0
57 52 68 0.9439 0
78 71 62 0.9299 0
57 60 105 0.884 0
74 65 33 0.9588 0
79 71 52 0.9564 0
59 65 31 0.9302 0
54 76 77 0.8809 0
73 58 82 0.9071 0
44 73 86 0.879 0
69 64 22 0.8128 0
52 65 31 0.9521 0
46 70 71 0.8772 0
48 62 95 0.9493 0
45 72 54 0.8411 0
54 54 56 0.8883 0
46 62 92 0.902 0
41 62 73 0.9121 0
73 66 16 0.7404 0
55 54 64 0.942 0
56 52 71 0.9413 0
65 79 90 0.8496 0
78 69 102 0.8769 0
72 53 78 0.9375 0
43 63 90 0.8838 0
68 78 73 0.9199 0
58 76 22 0.9269 0
88 62 14 0.8225 0
72 55 56 0.996 0
76 73 67 0.8609 0
50 73 33 0.8941 0
56 51 81 0.8016 0
56 79 40 0.9244 0
47 73 51 0.8513 0
72 40 11 0.8303 0
61 66 28 0.9098 0
63 67 24 0.8855 0
58 57 87 0.3563 0
85 69 90 0.9157 0
65 76 38 0.9047 0
63 67 45 0.63 0
59 76 105 0.8441 0
71 58 94 0.5086 0
51 61 97 0.7317 0
70 58 63 0.4758 0
50 75 65 0.8834 0
53 59 17 0.7334 0
73 78 63 0.8418 0
73 55 40 0.8566 0
69 53 49 0.8493 0
65 76 30 0.849 0
53 55 72 0.7975 0
48 73 65 0.8533 0
47 67 76 0.1671 0
56 55 94 0.8011 0
46 66 53 0.8338 0
56 78 86 0.7942 0
58 53 77 0.8339 0
73 78 93 0.8279 0
87 55 12 0.6015 0
74 53 87 0.835 0
53 74 104 0.6865 0
75 72 36 0.7852 0
48 63 83 0.6088 0
64 62 119 0.6544 0
57 53 55 0.7615 0
52 56 64 0.7213 0
63 70 28 0.8253 0
68 76 79 0.7621 0
61 59 119 0.8102 0
56 59 14 0.8638 0
55 76 103 0.7754 0
57 55 50 0.8052 0
70 57 96 0.8084 0
60 77 43 0.9403 0
63 73 107 0.6258 0
60 53 66 0.5961 0
58 67 14 0.8221 0
70 76 18 0.708 0
44 70 49 0.6768 0
49 69 84 0.3619 0
85 75 14 0.7848 0
71 64 27 0.7746 0
65 61 14 0.7074 0
40 72 12 0.6957 0
75 54 93 0.7454 0
56 65 23 0.9988 0
77 64 62 0.9042 0
49 72 104 0.6152 0
60 78 99 0.7275 0
58 55 85 0.8431 0
53 65 116 0.757 0
66 68 14 0.5629 0
75 72 72 0.6625 0
56 78 71 0.6601 0
75 76 59 0.6428 0
67 77 83 0.7053 0
54 76 80 0.7098 0
71 51 64 0.9239 0
47 70 75 0.7075 0
47 76 14 0.8143 0
52 71 21 0.5682 0
70 53 106 0.7782 0
48 72 73 0.7329 0
71 57 105 0.7092 0
72 75 25 0.7445 0
47 67 103 0.7049 0
54 67 104 0.9806 0
61 85 11 0.725 0
74 57 71 0.7342 0
69 55 90 0.6468 0
65 62 16 0.7681 0
73 57 103 0.7164 0
66 80 51 0.9032 0
70 77 34 0.7377 0
86 53 11 0.7298 0
75 69 85 0.3598 0
66 64 117 0.7347 0
68 54 80 0.5001 0
60 59 105 0.5691 0
74 63 97 0.7151 0
58 65 15 0.7411 0
73 56 80 0.7155 0
84 68 86 0.6661 0
44 60 80 0.6786 0
53 75 14 0.8086 0
77 59 82 0.7391 0
59 54 71 0.7501 0
77 76 45 0.7366 0
45 67 71 0.9937 0
80 60 14 0.8482 0
64 53 56 0.7069 0
79 73 82 0.5023 0
72 55 51 0.9668 0
63 60 53 0.74 0
74 62 82 0.8167 0
49 57 48 0.5512 0
77 54 89 0.6386 0
71 53 14 0.6886 0
54 63 102 0.7307 0
70 58 52 0.9826 0
64 71 111 0.9567 0
58 54 74 0.527 0
73 63 39 0.6431 0
67 69 106 0.6931 0
84 60 14 0.9051 0
44 72 100 0.6774 0
68 79 95 0.7078 0
46 51 11 0.725 0
55 57 88 0.8742 0
79 70 99 0.7056 0
55 40 13 0.649 0
48 60 41 0.791 0
50 60 93 0.8383 0
50 75 49 0.9136 0
44 69 101 0.6277 0
56 77 11 0.725 0
64 56 91 0.5641 0
78 62 81 0.6564 0
66 78 99 0.5984 0
52 57 67 0.9598 0
63 60 106 0.6769 0
67 69 112 0.6422 0
55 76 33 0.6492 0
70 56 14 0.7547 0
75 85 14 0.5113 0
55 54 69 0.6468 0
81 56 11 0.725 0
54 79 45 0.6494 0
77 52 11 0.725 0
46 61 63 0.9253 0
68 55 70 0.6357 0
81 70 95 0.9966 0
68 80 47 0.6077 0
77 68 63 0.6629 0
77 75 56 0.6401 0
49 73 11 0.725 0
55 56 42 0.5691 0
48 64 100 0.6598 0
77 62 62 0.7144 0
76 67 78 0.6372 0
71 72 14 0.8279 0
75 66 90 0.2433 0
53 64 111 0.5571 0
72 61 95 0.5808 0
58 75 39 0.817 0
74 66 37 0.6024 0
51 76 86 0.9822 0
77 67 48 0.5809 0
74 60 48 0.8724 0
71 57 73 0.5529 0
78 75 48 0.6208 0
53 58 53 0.5947 0
50 56 52 0.6531 0
54 59 11 0.725 0
52 68 11 0.725 0
71 63 99 0.5405 0
84 68 11 0.725 0
79 75 14 0.7814 0
55 52 74 0.5785 0
73 78 60 0.5986 0
71 78 39 0.5081 0
44 69 43 0.8734 0
82 64 84 0.5658 0
79 62 89 0.8512 0
65 76 19 0.5837 0
68 61 17 0.5228 0
55 61 17 0.9833 0
49 71 84 0.8833 0
65 65 20 0.6195 0
62 61 14 0.7383 0
52 77 63 0.5482 0
73 75 11 0.725 0
73 79 11 0.725 0
41 59 11 0.725 0
70 64 101 0.6138 0
55 85 14 0.7249 0
68 75 104 0.5957 0
48 63 79 0.2904 0
64 78 87 0.9638 0
46 57 66 0.8038 0
70 53 92 0.6143 0
61 80 56 0.8045 0
83 70 92 0.571 0
49 48 11 0.725 0
53 41 11 0.5153 0
49 74 47 0.913 0
64 75 24 0.6075 0
44 64 94 0.597 0
56 62 43 0.5801 0
80 76 85 0.9451 0
76 64 91 0.5283 0
74 56 111 0.8105 0
56 64 41 0.57 0
55 64 27 0.6054 0
78 67 81 0.9545 0
75 67 14 0.9426 0
57 64 33 0.877 0
74 71 85 0.7226 0
51 77 50 0.5348 0
49 77 93 0.9807 0
58 65 23 0.6574 0
52 61 44 0.7718 0
52 65 113 0.5648 0
66 65 41 0.8534 0
52 55 54 0.5842 0
66 61 112 0.5274 0
81 76 11 0.725 0
76 81 11 0.725 0
48 62 42 0.9992 0
77 57 87 0.9089 0
55 47 14 0.6787 0
52 67 23 0.5803 0
64 85 11 0.725 0
58 73 11 0.725 0
61 48 11 0.725 0
44 59 11 0.725 0
65 42 11 0.725 0
76 45 11 0.725 0
70 75 14 0.8175 0
71 75 103 0.9928 0
57 71 109 0.5439 0
78 68 39 0.9896 0
69 57 56 0.7192 0
76 51 50 0.9089 0
51 58 92 0.9323 0
61 55 86 0.8118 0
52 75 84 0.947 0
43 61 82 0.9959 0
60 69 18 0.9719 0
59 75 19 0.9987 0
60 66 34 0.5296 0
63 66 47 0.5688 0
73 50 52 0.5321 0
61 57 115 0.5609 0
68 59 97 0.7926 0
41 64 75 0.5341 0
68 88 13 0.5768 0
60 61 53 0.6544 0
72 55 46 0.7128 0
61 66 43 0.5738 0
46 72 58 0.935 0
75 62 74 0.8154 0
55 54 73 0.5354 0
52 78 52 0.948 0
60 73 107 0.8682 0
64 79 70 0.9233 0
59 73 14 0.6805 0
74 52 14 0.6659 0
62 87 14 0.8546 0
73 51 65 0.5171 0
55 77 100 0.9471 0
70 53 89 0.947 0
40 68 82 0.817 0
52 57 82 0.9609 0
51 64 17 0.9908 0
51 75 39 0.8086 0
52 82 14 0.8606 0
74 86 11 0.5578 0
52 76 70 0.9857 0
42 65 14 0.6216 0
73 79 42 0.5403 0
72 55 63 0.8323 0
48 57 66 0.9863 0
78 62 14 0.8675 0
71 64 24 0.8244 0
61 66 22 0.938 0
62 66 51 0.0574 0
58 57 90 0.2675 0
59 78 87 0.9469 0
72 70 19 0.9349 0
77 68 51 0.7917 0
51 59 95 0.5351 0
76 52 40 0.8436 0
44 65 96 0.9963 0
51 73 14 0.7403 0
74 43 11 0.725 0
62 79 70 0.5318 0
66 54 79 0.997 0
48 69 79 0.7826 0
67 55 84 0.991 0
66 63 18 0.9677 0
40 67 80 0.5074 0
62 62 52 0.9977 0
66 67 32 0.9312 0
55 55 38 0.8086 0
72 55 53 0.5357 0
52 66 28 0.9939 0
59 77 39 0.5055 0
82 66 11 0.725 0
77 67 11 0.725 0
74 50 47 0.8204 0
60 68 14 0.84 0
58 76 14 0.8197 0
65 79 14 0.8143 0
51 63 100 0.5116 0
52 59 47 0.5042 0
48 73 39 0.5018 0
62 70 45 0.7512 0
76 73 11 0.725 0
76 69 83 0.9383 0
65 70 15 0.9578 0
48 69 82 0.6052 0
53 54 40 0.8934 0
62 80 54 0.501 0
55 44 11 0.725 0
64 66 22 0.5029 0
79 65 81 0.9453 0
48 61 79 0.9549 0
50 66 14 0.5825 0
74 56 109 0.5142 0
50 63 38 0.8306 0
77 72 14 0.8491 0
57 77 74 0.5131 0
82 61 14 0.8881 0
74 71 105 0.9127 0
50 44 14 0.8498 0
72 72 21 0.9655 0
77 66 62 0.9809 0
61 44 14 0.6798 0
60 55 11 0.725 0
55 62 11 0.725 0
62 53 11 0.725 0
66 69 11 0.725 0
71 57 11 0.725 0
47 55 11 0.725 0
60 54 84 0.7935 0
72 59 115 0.8649 0
74 53 57 0.8525 0
59 59 14 0.7617 0
77 59 52 0.858 0
62 70 42 0.6319 0
63 72 115 0.9796 0
70 84 11 0.725 0
48 62 86 0.9002 0
43 51 14 0.9807 0
50 70 11 0.725 0
66 56 11 0.725 0
50 64 11 0.725 0
44 74 14 0.6612 0
54 51 14 0.6302 0
64 68 14 0.7839 0
77 47 14 0.6248 0
74 55 113 0.8277 0
76 62 67 0.9118 0
63 53 58 0.9846 0
42 70 76 0.9066 0
60 74 24 0.9926 0
49 69 104 0.9547 0
74 62 44 0.5336 0
51 76 14 0.7983 0
77 62 47 0.8447 0
63 65 49 0.9612 0
71 77 100 0.9311 0
73 74 74 0.9602 0
77 65 14 0.9532 0
76 52 46 0.9527 0
73 65 30 0.9486 0
60 54 68 0.9108 0
68 57 62 0.6502 0
78 50 11 0.725 0
83 55 11 0.725 0
60 83 11 0.725 0
76 69 11 0.725 0
47 49 11 0.725 0
51 66 11 0.725 0
57 75 11 0.725 0
48 62 81 0.9169 0
50 76 88 0.9719 0
56 56 14 0.8303 0
53 65 102 0.9737 0
74 60 82 0.8846 0
58 60 51 0.9476 0
73 53 72 0.7787 0
77 63 53 0.958 0
71 66 20 0.603 0
71 78 45 0.6405 0
50 56 38 0.8809 0
61 55 89 0.8419 0
60 72 19 0.9815 0
58 79 65 0.743 0
59 58 93 0.3829 0
56 60 108 0.9602 0
56 53 66 0.9661 0
64 79 38 0.9222 0
61 67 121 0.7458 0
64 73 14 0.8243 0
56 70 107 0.8794 0
63 84 14 0.7421 0
77 64 57 0.81 0
82 52 14 0.6563 0
66 81 14 0.7541 0
42 71 93 0.9209 0
78 76 88 0.6907 0
86 55 14 0.8889 0
73 73 79 0.8029 0
79 58 14 0.8225 0
73 61 92 0.9379 0
51 67 33 0.9872 0
79 69 81 0.8631 0
57 71 111 0.9728 0
77 74 59 0.9244 0
72 55 58 0.9473 0
48 75 11 0.725 0
57 78 88 0.9777 0
73 55 77 0.9425 0
66 76 35 0.9938 0
69 79 57 0.7459 0
58 72 115 0.6857 0
42 75 11 0.9846 0
82 76 86 0.9186 0
49 74 50 0.5339 0
50 74 85 0.881 0
75 53 63 0.8581 0
74 55 11 0.725 0
85 70 11 0.725 0
57 79 11 0.725 0
48 61 11 0.725 0
66 79 65 0.6602 0
74 41 12 0.9581 0
48 63 98 0.9009 0
46 76 94 0.986 0
49 75 14 0.8016 0
65 80 49 0.7666 0
51 57 36 0.9522 0
45 62 88 0.8774 0
67 80 49 0.866 0
48 64 43 0.9477 0
79 66 94 0.9512 0
65 66 14 0.7912 0
52 57 70 0.5757 0
64 59 14 0.762 0
39 66 13 0.8013 0
64 74 37 0.9731 0
63 54 87 0.9566 0
74 60 53 0.2613 0
51 71 19 0.8567 0
55 58 15 0.9875 0
68 65 26 0.6157 0
62 54 83 0.6994 0
62 61 100 0.9485 0
64 62 52 0.919 0
70 58 16 0.7411 0
72 55 48 0.8081 0
51 59 43 0.7219 0
69 55 87 0.8721 0
55 67 106 0.8752 0
72 59 118 0.8997 0
80 54 11 0.725 0
57 70 11 0.725 0
75 70 74 0.8471 0
45 65 98 0.9245 0
53 77 14 0.8196 0
67 84 11 0.725 0
63 70 11 0.725 0
61 66 25 0.8821 0
74 61 46 0.8263 0
51 58 11 0.725 0
61 59 54 0.8088 0
63 80 42 0.6253 0
42 61 76 0.9188 0
72 78 97 0.978 0
73 67 14 0.9132 0
74 50 40 0.8107 0
67 61 103 0.9179 0
64 78 99 0.9656 0
80 62 14 0.8751 0
75 58 82 0.908 0
56 75 23 0.8937 0
70 52 52 0.9967 0
66 86 11 0.725 0
77 67 46 0.9531 0
63 79 67 0.686 0
53 59 97 0.9213 0
72 56 67 0.9972 0
63 68 27 0.9449 0
60 72 117 0.9066 0
61 58 117 0.9364 0
70 52 61 0.8181 0
66 79 93 0.9954 0
74 56 56 0.7767 0
56 64 19 0.9724 0
57 51 79 0.9287 0
75 53 11 0.725 0
54 55 67 0.8243 0
50 71 34 0.974 0
75 73 69 0.9573 0
71 57 107 0.9991 0
69 54 60 0.8139 0
62 68 14 0.8158 0
73 61 14 0.8351 0
58 44 11 0.725 0
77 68 56 0.9822 0
71 76 38 0.7762 0
74 70 32 0.7738 0
70 53 79 0.9902 0
58 65 29 0.9853 0
51 74 73 0.5793 0
77 63 60 0.8762 0
75 50 53 0.7848 0
74 74 38 0.8414 0
55 64 30 0.5102 0
70 51 14 0.611 0
55 76 14 0.7855 0
46 64 64 0.9876 0
56 76 78 0.9556 0
46 64 14 0.7097 0
50 82 11 0.725 0
69 62 42 0.9788 0
78 60 14 0.814 0
69 54 57 0.7556 0
39 64 12 0.8651 0
68 55 72 0.9476 0
60 73 38 0.6771 0
69 81 14 0.71 0
56 50 11 0.725 0
59 80 53 0.859 0
60 72 23 0.888 0
47 73 46 0.9463 0
58 80 44 0.9303 0
64 87 14 0.8026 0
46 65 58 0.9281 0
45 70 76 0.8797 0
46 72 60 0.9564 0
48 60 53 0.8351 0
48 68 14 0.846 0
84 69 84 0.9103 0
50 56 46 0.9674 0
60 79 14 0.773 0
46 68 73 0.6455 0
41 66 72 0.9381 0
60 87 11 0.725 0
68 55 75 0.8211 0
64 63 14 0.8493 0
73 57 106 0.9548 0
68 56 56 0.5175 0
65 62 117 0.8939 0
71 82 14 0.6727 0
54 66 22 0.7116 0
48 63 38 0.9828 0
66 67 30 0.9193 0
53 61 17 0.9793 0
47 73 11 0.725 0
73 77 11 0.725 0
55 79 11 0.725 0
54 68 11 0.725 0
62 51 11 0.725 0
60 57 11 0.725 0
81 58 11 0.725 0
79 67 11 0.725 0
67 42 11 0.725 0
47 53 11 0.725 0
76 47 11 0.725 0
71 59 11 0.725 0
77 65 94 0.7985 0
49 74 45 0.8185 0
85 62 14 0.9326 0
47 72 85 0.7688 0
72 61 16 0.891 0
66 58 14 0.7126 0
71 81 11 0.725 0
63 42 11 0.725 0
71 73 11 0.725 0
46 60 11 0.725 0
65 59 11 0.725 0
59 49 11 0.725 0
83 75 11 0.725 0
54 48 11 0.725 0
57 54 11 0.725 0
54 53 14 0.6729 0
64 54 11 0.725 0
64 44 11 0.725 0
60 72 11 0.725 0
50 68 11 0.725 0
68 56 11 0.725 0
76 50 11 0.725 0
70 42 11 0.725 0
52 75 75 0.9612 0
46 69 61 0.5398 0
75 69 77 0.699 0
69 60 50 0.92 0
80 68 95 0.8989 0
74 74 88 0.7391 0
43 68 14 0.6356 0
53 84 14 0.7651 0
61 79 92 0.9493 0
59 65 121 0.5977 0
72 73 24 0.8556 0
47 78 11 0.725 0
76 71 11 0.725 0
51 74 11 0.725 0
48 66 14 0.8229 0
62 58 95 0.2148 0
55 49 14 0.6881 0
72 55 117 0.9333 0
56 72 116 0.9729 0
73 59 38 0.9471 0
40 68 84 0.7923 0
56 60 11 0.725 0
64 64 11 0.725 0
69 62 11 0.725 0
59 75 26 0.9857 0
75 61 37 0.8161 0
69 48 14 0.5717 0
58 72 112 0.9658 0
68 63 102 0.9452 0
73 77 65 0.8981 0
75 76 57 0.9164 0
72 65 19 0.9528 0
74 55 98 0.978 0
52 58 94 0.9932 0
59 70 14 0.6435 0
69 79 45 0.7193 0
75 78 43 0.8257 0
41 72 14 0.9254 0
45 75 95 0.9657 0
69 57 50 0.9046 0
45 72 50 0.8896 0
58 77 11 0.725 0
74 57 67 0.9679 0
76 83 11 0.725 0
50 58 76 0.9494 0
74 64 37 0.9285 0
50 57 65 0.722 0
52 43 11 0.725 0
43 71 84 0.5232 0
41 74 12 0.9817 0
59 85 11 0.725 0
70 57 93 0.9707 0
69 67 34 0.2764 0
69 54 14 0.668 0
60 88 12 0.9862 0
70 74 104 0.961 0
76 70 104 0.6542 0
67 62 113 0.978 0
68 56 14 0.707 0
70 58 54 0.8209 0
61 67 33 0.9779 0
52 74 15 0.8866 0
74 56 117 0.9939 0
77 67 14 0.9634 0
57 62 104 0.9023 0
60 63 14 0.8099 0
68 56 64 0.9599 0
77 70 14 0.898 0
70 55 97 0.8622 0
77 75 54 0.8949 0
74 60 43 0.9964 0
68 60 99 0.9244 0
44 70 46 0.6851 0
66 65 26 0.8809 0
42 62 83 0.96 0
58 75 30 0.796 0
61 78 87 0.8637 0
78 70 54 0.901 0
86 68 11 0.725 0
61 42 14 0.6616 0
64 65 104 0.6093 0
70 61 47 0.8859 0
65 77 14 0.8673 0
67 63 104 0.9076 0
66 77 75 0.8054 0
43 63 67 0.8155 0
61 41 11 0.725 0
69 65 27 0.9963 0
64 60 113 0.6216 0
51 72 22 0.9832 0
70 52 66 0.8078 0
73 53 92 0.982 0
65 83 14 0.7387 0
57 84 14 0.7123 0
52 68 26 0.6148 0
46 60 79 0.7814 0
70 58 61 0.5479 0
67 64 42 0.9073 0
41 53 12 0.9331 0
44 65 67 0.9688 0
56 55 44 0.9711 0
78 59 84 0.8096 0
80 71 97 0.9773 0
79 75 84 0.9364 0
48 61 14 0.7921 0
66 78 88 0.8926 0
77 65 64 0.9226 0
57 47 14 0.6945 0
76 63 81 0.9779 0
52 64 101 0.9441 0
65 54 85 0.8364 0
59 79 94 0.9008 0
65 70 108 0.8598 0
75 45 14 0.5737 0
41 69 90 0.9907 0
44 74 90 0.9415 0
76 51 48 0.7567 0
50 56 43 0.9328 0
81 64 82 0.8253 0
69 64 25 0.7431 0
61 57 95 0.7014 0
66 67 107 0.9636 0
63 80 46 0.9117 0
64 79 92 0.9421 0
79 73 14 0.8495 0
45 68 50 0.8842 0
77 63 55 0.8436 0
68 76 81 0.929 0
69 56 40 0.797 0
58 79 60 0.6983 0
73 59 113 0.9885 0
73 41 14 0.8643 0
77 83 14 0.6918 0
72 56 82 0.7838 0
51 77 48 0.8207 0
60 61 14 0.7315 0
51 58 90 0.7576 0
39 67 12 0.9845 0
53 69 22 0.6043 0
68 79 66 0.9157 0
51 58 14 0.7604 0
64 55 96 0.9557 0
48 63 52 0.6102 0
67 43 14 0.5944 0
78 62 90 0.5054 0
44 65 14 0.6439 0
71 78 66 0.9131 0
56 61 45 0.9811 0
71 53 100 0.6785 0
50 59 91 0.9782 0
48 65 37 0.9041 0
51 56 55 0.9596 0
44 59 68 0.7539 0
73 53 89 0.9407 0
56 64 29 0.8307 0
76 67 76 0.9936 0
59 54 55 0.9276 0
66 45 14 0.6007 0
64 74 30 0.8361 0
61 77 101 0.8051 0
69 54 41 0.986 0
53 77 86 0.8841 0
51 75 71 0.9947 0
48 70 78 0.9611 0
42 69 93 0.7372 0
42 64 87 0.6611 0
77 69 61 0.8105 0
56 60 16 0.9013 0
51 57 58 0.8537 0
51 74 30 0.9191 0
49 46 11 0.725 0
40 61 11 0.7385 0
69 57 15 0.7842 0
46 66 42 0.7573 0
64 71 113 0.8697 0
63 60 118 0.9442 0
65 59 54 0.9254 0
56 54 61 0.6588 0
42 58 14 0.5252 0
47 57 71 0.9342 0
59 42 14 0.6304 0
84 53 14 0.6353 0
51 61 16 0.6414 0
78 69 49 0.9839 0
62 72 41 0.9487 0
73 54 62 0.9781 0
61 59 14 0.6585 0
76 43 11 0.7348 0
52 68 21 0.8592 0
74 56 82 0.9927 0
60 73 16 0.9265 0
69 77 86 0.8967 0
54 64 29 0.8146 0
75 77 94 0.7851 0
64 54 60 0.7038 0
74 50 50 0.76 0
69 87 14 0.938 0
65 40 14 0.5957 0
73 71 17 0.978 0
54 57 86 0.9179 0
48 72 71 0.9818 0
64 67 20 0.7808 0
70 75 79 0.7771 0
46 65 66 0.7617 0
58 66 121 0.8557 0
58 55 94 0.9963 0
71 69 21 0.5444 0
75 57 57 0.7837 0
52 58 43 0.9151 0
63 46 11 0.725 0
68 71 11 0.725 0
72 55 11 0.725 0
62 83 11 0.725 0
72 43 11 0.725 0
59 80 11 0.725 0
65 81 42 0.8413 0
59 57 94 0.7455 0
75 68 33 0.9629 0
51 74 103 0.8962 0
52 60 45 0.9391 0
64 61 100 0.7675 0
72 55 61 0.8877 0
67 80 52 0.5042 0
74 61 81 0.9939 0
81 62 11 0.725 0
81 60 11 0.725 0
50 58 80 0.78 0
77 60 38 0.9059 0
62 77 42 0.8649 0
75 72 84 0.7627 0
70 78 47 0.4736 0
48 46 14 0.6738 0
64 73 109 0.8402 0
57 76 80 0.7621 0
42 66 92 0.9308 0
46 67 51 0.8312 0
73 55 56 0.753 0
45 72 102 0.8058 0
55 63 35 0.8947 0
56 87 13 0.9365 0
50 67 15 0.8365 0
59 46 14 0.7321 0
60 66 20 0.9348 0
68 80 40 0.8744 0
64 69 23 0.8542 0
54 65 109 0.903 0
57 65 26 0.6405 0
72 55 81 0.9925 0
66 65 43 0.8384 0
53 56 66 0.8642 0
77 74 14 0.7955 0
77 69 38 0.8784 0
47 60 62 0.8458 0
61 73 14 0.8222 0
62 77 45 0.3046 0
79 54 14 0.7295 0
69 65 34 0.9673 0
72 53 111 0.7081 0
48 60 43 0.7646 0
72 84 14 0.5774 0
82 59 14 0.8699 0
76 59 60 0.8758 0
73 65 14 0.7476 0
60 81 46 0.9017 0
73 72 29 0.7949 0
50 72 83 0.8204 0
54 67 117 0.9339 0
74 59 94 0.6488 0
52 57 62 0.8905 0
62 55 96 0.977 0
40 70 83 0.9262 0
72 53 76 0.962 0
54 72 105 0.7903 0
59 66 26 0.5658 0
56 65 39 0.8603 0
81 74 14 0.8132 0
85 69 88 0.9499 0
71 51 62 0.7843 0
75 57 50 0.4579 0
49 71 82 0.9119 0
50 61 15 0.8536 0
75 55 91 0.7534 0
75 63 79 0.9934 0
71 58 111 0.9676 0
43 68 71 0.8985 0
54 58 51 0.9625 0
58 63 121 0.9464 0
47 78 14 0.8166 0
70 77 87 0.9789 0
75 42 11 0.8967 0
75 69 82 0.9978 0
66 56 91 0.9638 0
88 67 13 0.9492 0
80 63 89 0.9533 0
58 64 43 0.7997 0
57 54 92 0.8978 0
44 73 97 0.95 0
76 62 91 0.7486 0
54 76 15 0.9199 0
71 57 37 0.9226 0
44 60 78 0.8232 0
74 76 65 0.975 0
71 78 58 0.5623 0
80 70 81 0.9564 0
50 77 91 0.9561 0
54 86 13 0.7279 0
66 76 77 0.516 0
48 59 42 0.9195 0
51 72 104 0.7887 0
48 59 60 0.8248 0
55 63 118 0.7871 0
46 63 94 0.8133 0
62 69 120 0.5991 0
59 63 104 0.8494 0
77 71 64 0.8263 0
48 66 102 0.9656 0
58 54 83 0.9327 0
49 62 75 0.195 0
71 87 11 0.996 0
44 70 39 0.8075 0
46 69 74 0.9663 0
65 75 105 0.9777 0
85 55 11 0.725 0
61 78 39 0.8253 0
58 79 67 0.9442 0
83 66 84 0.6421 0
74 72 34 0.8256 0
66 66 116 0.7254 0
70 54 95 0.9543 0
79 52 11 0.725 0
80 78 11 0.725 0
44 52 11 0.725 0
55 75 11 0.725 0
78 80 11 0.725 0
76 61 66 0.9741 0
55 69 105 0.5476 0
60 66 14 0.8972 0
67 56 61 0.7343 0
74 86 13 0.8635 0
53 54 42 0.9798 0
59 74 38 0.8547 0
45 69 14 0.6952 0
70 62 44 0.6636 0
58 79 50 0.7255 0
50 59 93 0.6416 0
66 64 109 0.9153 0
62 78 86 0.9487 0
66 87 14 0.7647 0
75 57 40 0.8208 0
53 56 69 0.6419 0
60 81 39 0.8613 0
51 56 70 0.9031 0
66 79 59 0.4403 0
74 68 11 0.725 0
77 68 81 0.989 0
68 67 112 0.9109 0
67 76 103 0.9087 0
77 62 44 0.9421 0
69 79 49 0.7453 0
58 79 52 0.779 0
80 61 86 0.6712 0
72 55 44 0.5716 0
85 57 14 0.7707 0
72 40 13 0.8799 0
61 74 106 0.7828 0
65 85 14 0.7339 0
75 62 71 0.463 0
73 54 85 0.8955 0
75 64 76 0.3352 0
80 69 96 0.9559 0
72 71 20 0.9889 0
79 64 14 0.9556 0
53 75 24 0.8681 0
86 53 13 0.9157 0
74 54 71 0.8965 0
62 68 43 0.9484 0
59 62 101 0.9052 0
83 62 14 0.9482 0
69 79 55 0.7404 0
65 63 118 0.962 0
75 74 87 0.926 0
78 74 53 0.9191 0
54 55 37 0.9985 0
88 66 11 0.9354 0
55 60 100 0.971 0
51 72 20 0.9298 0
48 59 40 0.8968 0
75 58 62 0.8894 0
77 55 87 0.9655 0
42 71 79 0.9477 0
52 59 52 0.7276 0
81 73 82 0.722 0
48 73 49 0.8579 0
77 67 44 0.7571 0
58 72 108 0.986 0
54 77 70 0.801 0
77 76 14 0.7516 0
59 78 72 0.8724 0
67 64 40 0.8655 0
46 72 39 0.9375 0
49 57 46 0.9819 0
76 52 38 0.9028 0
65 69 117 0.6109 0
72 60 47 0.998 0
54 70 114 0.829 0
54 53 39 0.7839 0
58 57 14 0.7553 0
41 63 77 0.9531 0
54 57 89 0.9319 0
66 76 79 0.8327 0
63 79 57 0.5904 0
77 74 38 0.9907 0
71 74 15 0.9574 0
61 70 29 0.9506 0
67 47 14 0.5889 0
76 76 47 0.7575 0
74 50 57 0.9209 0
64 61 107 0.95 0
42 67 93 0.9573 0
76 73 65 0.8777 0
50 71 18 0.9182 0
48 51 11 0.725 0
54 57 11 0.725 0
53 78 57 0.7414 0
78 74 11 0.725 0
53 75 11 0.725 0
48 80 11 0.725 0
82 68 11 0.725 0
54 78 96 0.9739 0
45 75 93 0.8222 0
67 66 105 0.9237 0
65 67 15 0.8833 0
54 56 81 0.8338 0
70 54 98 0.9381 0
55 66 108 0.7956 0
73 58 95 0.7048 0
58 61 120 0.6237 0
66 59 15 0.8422 0
74 73 73 0.9081 0
45 76 14 0.7159 0
66 78 73 0.9023 0
75 61 72 0.8589 0
61 68 38 0.5432 0
49 74 43 0.6006 0
74 72 78 0.9186 0
50 76 44 0.9402 0
72 55 14 0.7635 0
47 65 101 0.9033 0
74 72 82 0.8873 0
84 66 11 0.725 0
82 64 11 0.725 0
73 61 44 0.8762 0
68 65 114 0.9028 0
72 55 65 0.8181 0
72 65 29 0.9553 0
57 53 88 0.9577 0
59 80 55 0.9713 0
72 69 14 0.9006 0
48 62 40 0.9133 0
66 76 28 0.9015 0
60 68 16 0.8594 0
71 77 14 0.8316 0
41 70 77 0.9326 0
67 77 101 0.9253 0
52 68 104 0.739 0
47 71 69 0.6492 0
46 66 38 0.8114 0
72 73 26 0.6895 0
71 52 94 0.9698 0
66 59 97 0.6528 0
55 68 118 0.7841 0
69 82 11 0.725 0
48 63 11 0.725 0
48 71 11 0.725 0
74 45 11 0.725 0
76 51 52 0.9983 0
74 66 14 0.9466 0
50 68 16 0.9834 0
65 54 66 0.6017 0
66 57 89 0.7131 0
49 51 14 0.5609 0
54 75 18 0.7599 0
58 73 109 0.965 0
70 53 46 0.6285 0
72 58 43 0.9721 0
61 88 13 0.9633 0
62 79 66 0.813 0
43 65 68 0.9544 0
50 61 94 0.8891 0
70 59 97 0.9232 0
71 65 32 0.9424 0
72 51 14 0.6372 0
77 73 61 0.8203 0
56 78 89 0.9572 0
74 56 50 0.6972 0
69 64 11 0.725 0
60 66 11 0.725 0
56 53 87 0.9584 0
65 64 15 0.847 0
61 62 51 0.966 0
72 63 98 0.9873 0
67 59 16 0.9322 0
44 69 98 0.8205 0
61 39 11 0.9624 0
59 60 53 0.7929 0
74 59 75 0.8392 0
49 73 53 0.5682 0
68 67 33 0.6033 0
41 71 84 0.986 0
88 59 12 0.9463 0
59 66 39 0.8428 0
63 72 113 0.9321 0
76 69 14 0.9126 0
44 61 84 0.9983 0
64 78 85 0.9995 0
70 54 37 0.7701 0
56 54 14 0.7398 0
45 67 69 0.9687 0
54 63 110 0.83 0
73 68 16 0.8807 0
60 74 39 0.9641 0
68 63 42 0.949 0
57 59 108 0.9397 0
72 56 84 0.5585 0
74 57 112 0.8645 0
63 69 120 0.9658 0
78 71 14 0.9079 0
55 56 47 0.6253 0
51 74 32 0.9965 0
77 54 14 0.7391 0
52 74 35 0.3837 0
50 56 48 0.9833 0
42 62 69 0.9226 0
65 79 67 0.6381 0
54 78 63 0.7586 0
72 66 22 0.9722 0
64 68 22 0.9556 0
66 61 114 0.8359 0
71 79 11 0.725 0
71 75 11 0.725 0
59 75 11 0.725 0
45 73 11 0.725 0
74 53 39 0.6684 0
42 64 89 0.9888 0
72 73 14 0.8694 0
75 78 14 0.7076 0
55 54 37 0.9544 0
63 69 18 0.7356 0
71 59 96 0.9166 0
73 54 45 0.6875 0
45 59 64 0.8402 0
50 59 37 0.8877 0
47 56 70 0.9214 0
65 75 36 0.8585 0
79 56 14 0.7848 0
54 45 14 0.6779 0
54 55 74 0.8124 0
60 71 14 0.8196 0
72 71 14 0.8737 0
54 64 117 0.9227 0
56 62 119 0.8088 0
74 73 35 0.9362 0
58 76 16 0.9829 0
51 84 11 0.8009 0
50 57 67 0.6386 0
42 74 14 0.866 0
57 64 18 0.9376 0
48 70 83 0.754 0
75 78 41 0.6132 0
76 66 14 0.9326 0
66 68 116 0.6561 0
72 74 79 0.8518 0
51 72 11 0.725 0
76 71 68 0.8697 0
63 55 90 0.8226 0
78 66 14 0.9646 0
54 64 40 0.9479 0
60 65 44 0.8266 0
83 74 14 0.8118 0
49 77 95 0.9832 0
47 62 61 0.8228 0
68 55 77 0.5656 0
67 61 101 0.9795 0
54 62 112 0.9795 0
67 79 62 0.5315 0
74 57 75 0.9647 0
73 73 30 0.8444 0
49 73 14 0.8208 0
73 65 37 0.9977 0
57 75 37 0.6078 0
46 62 89 0.9316 0
50 71 36 0.8469 0
76 56 86 0.7695 0
60 77 42 0.6229 0
79 71 40 0.9238 0
52 66 114 0.9777 0
71 61 44 0.84 0
55 57 53 0.8449 0
78 83 14 0.9979 0
49 62 87 0.8949 0
57 61 14 0.8648 0
60 72 21 0.9794 0
54 57 47 0.9927 0
40 58 11 0.8253 0
73 54 96 0.6186 0
52 56 57 0.7961 0
65 66 41 0.9919 0
56 75 104 0.9208 0
48 74 40 0.9681 0
70 58 66 0.1475 0
66 64 21 0.8426 0
76 75 58 0.8539 0
69 78 70 0.9188 0
84 58 14 0.8424 0
71 70 105 0.8764 0
46 72 56 0.7867 0
50 74 39 0.8437 0
54 75 25 0.9021 0
49 60 73 0.7241 0
45 53 14 0.5265 0
74 55 110 0.9455 0
51 81 14 0.8682 0
69 76 14 0.8461 0
75 59 66 0.9111 0
47 70 79 0.9542 0
67 64 23 0.827 0
63 80 44 0.7545 0
53 71 105 0.8449 0
53 78 54 0.4987 0
72 51 66 0.9441 0
63 63 120 0.8538 0
63 54 55 0.88 0
83 57 11 0.725 0
68 68 105 0.8722 0
77 72 63 0.9904 0
73 53 110 0.9424 0
72 74 22 0.7406 0
74 72 85 0.5013 0
57 60 49 0.9012 0
76 77 41 0.8583 0
45 67 38 0.904 0
49 61 85 0.7228 0
68 64 37 0.7138 0
47 72 103 0.761 0
76 69 104 0.9657 0
70 56 112 0.9894 0
84 70 91 0.9801 0
69 55 39 0.964 0
67 80 43 0.5938 0
53 75 82 0.713 0
52 78 14 0.8404 0
64 65 14 0.8784 0
68 57 55 0.9391 0
55 76 75 0.7095 0
50 58 78 0.8249 0
57 63 43 0.9692 0
75 70 77 0.9854 0
42 72 91 0.9176 0
61 55 55 0.7098 0
76 50 46 0.8936 0
71 52 38 0.8919 0
57 41 14 0.631 0
39 61 12 0.9395 0
40 68 87 0.9162 0
78 68 41 0.821 0
62 56 97 0.9153 0
70 55 86 0.8835 0
86 60 14 0.835 0
87 64 14 0.8758 0
50 57 61 0.7115 0
73 70 18 0.9142 0
52 74 82 0.8038 0
61 68 35 0.6491 0
55 86 14 0.9939 0
66 62 104 0.8781 0
63 73 39 0.9282 0
81 50 14 0.6132 0
75 53 46 0.9827 0
73 54 49 0.9826 0
72 55 85 0.8714 0
81 63 14 0.9387 0
76 58 54 0.7179 0
48 58 39 0.99 0
60 73 30 0.6057 0
69 76 20 0.9191 0
73 67 18 0.7641 0
65 71 109 0.9002 0
69 63 101 0.9787 0
69 61 48 0.9576 0
82 79 14 0.9762 0
66 54 69 0.9728 0
65 71 107 0.8993 0
46 68 72 0.9508 0
43 65 93 0.8105 0
51 72 25 0.8131 0
49 60 80 0.739 0
64 80 48 0.8034 0
59 78 14 0.8065 0
73 63 42 0.5546 0
56 56 51 0.9133 0
52 55 52 0.8532 0
69 54 47 0.8878 0
86 63 14 0.8856 0
63 67 14 0.827 0
56 77 73 0.9255 0
47 63 14 0.7735 0
74 60 14 0.8655 0
80 68 81 0.9158 0
46 66 64 0.6192 0
53 79 46 0.9928 0
48 60 39 0.8773 0
55 56 44 0.9031 0
50 73 84 0.8579 0
44 66 97 0.9148 0
58 58 109 0.7478 0
61 69 14 0.8351 0
51 71 26 0.8823 0
48 59 44 0.9773 0
62 54 81 0.4713 0
75 65 92 0.7693 0
61 67 14 0.8624 0
56 75 21 0.9038 0
52 75 26 0.8617 0
48 77 14 0.8219 0
48 71 104 0.9711 0
71 59 16 0.7834 0
69 54 51 0.7668 0
59 82 14 0.7519 0
54 77 98 0.4883 0
76 61 14 0.8366 0
65 70 111 0.8901 0
75 70 37 0.8206 0
53 81 14 0.8423 0
51 74 21 0.889 0
74 68 14 0.9387 0
64 78 14 0.845 0
63 64 51 0.481 0
54 83 14 0.7938 0
65 67 39 0.9437 0
62 65 121 0.6373 0
55 54 87 0.9013 0
55 60 46 0.8521 0
73 72 14 0.8467 0
65 55 55 0.8494 0
75 72 14 0.8297 0
79 48 14 0.5981 0
52 65 33 0.8414 0
41 66 87 0.6236 0
83 67 83 0.8273 0
71 78 61 0.5455 0
60 72 25 0.6797 0
53 63 113 0.9717 0
63 77 39 0.9105 0
63 79 52 0.4141 0
72 68 21 0.8993 0
53 79 14 0.8361 0
65 61 53 0.7056 0
59 75 14 0.8145 0
63 64 50 0.8852 0
60 74 14 0.8157 0
79 60 84 0.9006 0
76 52 44 0.9264 0
57 58 14 0.8357 0
59 57 92 0.5948 0
64 74 106 0.8072 0
72 64 100 0.8768 0
49 64 37 0.92 0
71 76 36 0.6891 0
69 79 53 0.7557 0
85 59 14 0.855 0
65 54 60 0.9613 0
62 79 38 0.965 0
76 55 90 0.8119 0
79 61 14 0.8388 0
80 62 88 0.8772 0
49 67 103 0.9362 0
73 53 73 0.9968 0
73 50 54 0.9715 0
74 71 33 0.813 0
70 62 40 0.8737 0
74 77 58 0.8124 0
54 58 16 0.8936 0
49 62 77 0.3623 0
52 67 20 0.8289 0
62 58 116 0.8674 0
52 80 14 0.8327 0
74 79 41 0.9187 0
50 71 38 0.7062 0
76 56 85 0.9927 0
45 65 66 0.9861 0
47 63 97 0.8485 0
45 58 71 0.7609 0
52 75 30 0.9224 0
65 76 17 0.9422 0
42 61 11 0.725 0
66 71 11 0.725 0
64 83 11 0.725 0
44 61 11 0.725 0
70 55 11 0.725 0
63 48 11 0.725 0
49 66 11 0.725 0
56 78 45 0.7647 0
62 70 44 0.9791 0
77 73 83 0.7751 0
66 76 15 0.6705 0
76 63 69 0.9123 0
77 65 56 0.9689 0
88 60 13 0.8897 0
62 54 86 0.8736 0
76 75 87 0.9974 0
77 76 89 0.8301 0
55 78 48 0.5862 0
47 70 73 0.7188 0
76 71 14 0.8435 0
67 78 89 0.8408 0
64 82 14 0.7637 0
50 63 40 0.5165 0
67 63 19 0.8779 0
60 80 57 0.7963 0
52 59 96 0.9107 0
53 79 44 0.9678 0
72 71 105 0.8313 0
42 73 11 0.725 0
87 71 13 0.8548 0
56 59 99 0.978 0
47 65 51 0.8239 0
48 74 14 0.8025 0
70 80 14 0.7469 0
57 77 14 0.8221 0
81 63 84 0.9939 0
75 76 55 0.7586 0
63 69 30 0.9388 0
75 57 55 0.6235 0
58 60 14 0.8225 0
79 82 14 0.9143 0
75 70 84 0.6999 0
49 60 75 0.7088 0
71 53 93 0.9467 0
52 63 17 0.8847 0
84 72 90 0.7729 0
62 54 65 0.4631 0
77 65 58 0.9059 0
58 59 106 0.9216 0
71 58 113 0.5791 0
76 73 14 0.8124 0
67 64 25 0.9296 0
77 65 61 0.8782 0
51 43 14 0.9827 0
44 62 63 0.9467 0
43 61 68 0.6897 0
58 52 60 0.7886 0
85 73 87 0.6538 0
52 77 58 0.8372 0
42 71 86 0.8761 0
63 62 14 0.8114 0
71 57 14 0.7638 0
47 69 76 0.9901 0
70 54 88 0.8598 0
46 61 14 0.6953 0
47 61 81 0.9339 0
55 62 109 0.642 0
81 53 14 0.714 0
56 75 39 0.5604 0
50 75 46 0.6826 0
56 78 49 0.7533 0
72 51 39 0.9555 0
73 52 69 0.9186 0
72 59 15 0.9491 0
51 76 39 0.9951 0
46 67 62 0.4463 0
52 73 104 0.9769 0
74 60 92 0.8526 0
60 56 91 0.8237 0
77 76 40 0.9159 0
41 65 81 0.7261 0
56 78 53 0.7515 0
54 55 63 0.945 0
80 76 88 0.489 0
46 71 62 0.6155 0
54 53 41 0.9194 0
55 41 14 0.9767 0
46 68 14 0.7292 0
62 78 98 0.8641 0
69 79 51 0.7343 0
48 70 14 0.8032 0
74 50 45 0.7465 0
59 76 40 0.8837 0
50 59 14 0.761 0
67 77 75 0.9902 0
76 85 13 0.886 0
46 64 99 0.8791 0
65 39 11 0.9505 0
64 55 94 0.9738 0
47 72 66 0.8974 0
84 53 11 0.725 0
75 79 11 0.725 0
75 75 11 0.725 0
52 70 11 0.725 0
45 57 11 0.725 0
55 55 90 0.8566 0
62 52 58 0.8716 0
61 80 58 0.9705 0
71 75 17 0.9209 0
55 61 110 0.7612 0
46 68 70 0.7163 0
73 59 43 0.9464 0
71 77 11 0.725 0
46 77 14 0.7852 0
74 66 35 0.6952 0
67 83 14 0.6998 0
78 69 14 0.9584 0
63 70 119 0.8834 0
64 71 14 0.7429 0
55 57 14 0.8703 0
51 60 96 0.9921 0
79 57 11 0.725 0
77 62 11 0.725 0
73 60 11 0.725 0
72 68 11 0.725 0
54 81 11 0.725 0
74 81 11 0.725 0
75 60 11 0.725 0
64 61 11 0.725 0
72 85 11 0.725 0
59 46 11 0.725 0
52 63 11 0.725 0
78 45 11 0.725 0
68 68 11 0.725 0
49 56 11 0.725 0
74 73 11 0.725 0
78 54 11 0.725 0
77 65 11 0.725 0
56 64 11 0.725 0
80 49 11 0.725 0
51 48 11 0.725 0
55 46 11 0.725 0
62 55 11 0.725 0
55 84 11 0.725 0
77 69 65 0.9518 0
56 52 11 0.725 0
53 77 99 0.9108 0
48 71 86 0.6013 0
58 63 103 0.5684 0
50 70 35 0.921 0
69 54 55 0.7293 0
49 60 14 0.7711 0
64 66 45 0.9397 0
61 67 40 0.9245 0
75 65 14 0.9054 0
73 77 91 0.9157 0
76 66 75 0.9485 0
67 80 14 0.7813 0
41 57 14 0.6349 0
84 63 14 0.9535 0
46 66 56 0.94 0
49 76 90 0.9389 0
50 58 85 0.9185 0
65 64 119 0.998 0
75 68 37 0.7794 0
62 63 14 0.8176 0
49 72 85 0.8111 0
67 67 34 0.7112 0
52 68 24 0.9093 0
61 46 14 0.7032 0
47 63 58 0.7437 0
60 45 14 0.7341 0
75 53 14 0.701 0
52 67 113 0.935 0
52 57 72 0.6057 0
59 75 24 0.864 0
43 61 83 0.5727 0
69 54 45 0.9721 0
47 74 89 0.8581 0
47 65 38 0.8193 0
67 76 37 0.6586 0
77 64 81 0.9995 0
49 57 64 0.7537 0
53 74 19 0.8444 0
55 55 14 0.782 0
56 55 46 0.7361 0
50 44 11 0.725 0
48 53 14 0.5452 0
85 72 89 0.7815 0
73 73 81 0.9221 0
48 72 87 0.8874 0
47 56 67 0.8712 0
57 76 76 0.4611 0
76 75 59 0.9994 0
57 77 39 0.5751 0
71 57 109 0.6269 0
44 74 92 0.7532 0
47 58 65 0.6988 0
66 84 14 0.7335 0
54 63 116 0.8334 0
52 45 14 0.5883 0
59 75 16 0.909 0
59 67 121 0.8167 0
77 63 58 0.7689 0
75 80 14 0.6486 0
73 45 14 0.6398 0
75 50 14 0.6703 0
65 54 56 0.9664 0
83 65 11 0.725 0
77 82 11 0.725 0
50 49 11 0.725 0
80 75 11 0.725 0
49 69 11 0.725 0
69 57 11 0.725 0
50 47 11 0.725 0
49 62 11 0.725 0
54 45 11 0.725 0
66 43 11 0.725 0
70 61 11 0.725 0
60 81 11 0.725 0
72 80 11 0.725 0
58 71 11 0.725 0
56 55 11 0.725 0
53 69 11 0.725 0
65 70 11 0.725 0
60 50 11 0.725 0
85 67 11 0.725 0
75 48 11 0.725 0
57 51 11 0.725 0
50 59 11 0.725 0
62 47 11 0.725 0
79 79 11 0.725 0
72 78 11 0.725 0
70 58 11 0.725 0
59 58 11 0.725 0
68 85 11 0.725 0
56 80 11 0.725 0
49 50 11 0.725 0
52 59 11 0.725 0
72 76 11 0.725 0
66 41 11 0.725 0
67 70 11 0.725 0
50 57 11 0.725 0
62 49 11 0.725 0
58 55 11 0.725 0
63 84 11 0.725 0
57 72 11 0.725 0
63 52 11 0.725 0
82 54 11 0.725 0
75 72 11 0.725 0
80 61 11 0.725 0
84 71 11 0.725 0
53 44 11 0.725 0
48 54 11 0.725 0
51 69 11 0.725 0
73 42 11 0.725 0
65 65 11 0.725 0
75 84 11 0.725 0
61 58 11 0.725 0
68 43 11 0.725 0
42 58 11 0.725 0
62 86 11 0.725 0
0
