128
127 127 127 70.7025 0
0 127 0 70.7072 0
127 0 0 70.3355 0
0 0 127 70.3355 0
25 24 25 36.1701 0
102 25 102 36.1704 0
102 102 25 36.1704 0
25 102 102 36.1665 0
63 63 49 22.2994 0
115 63 63 18.4981 0
12 63 64 18.485 0
60 127 71 15.0004 0
69 88 77 14.021 0
44 57 80 13.5221 0
67 0 75 13.3429 0
87 67 79 12.5122 0
59 34 78 12.3217 0
61 5 51 10.8861 0
61 97 50 10.5042 0
69 29 50 10.4976 0
34 76 52 8.4808 0
92 50 52 8.4808 0
82 121 61 8.1418 0
76 44 70 7.7632 0
49 78 72 7.4556 0
43 5 61 7.1825 0
53 36 58 6.6519 0
68 114 54 6.6434 0
45 88 54 6.5748 0
85 6 66 6.4227 0
51 91 66 5.9599 0
91 72 55 5.4571 0
90 86 72 5.4571 0
57 105 72 5.4571 0
53 114 55 5.6648 0
34 54 55 5.4571 0
82 39 55 5.5805 0
78 89 58 5.5115 0
102 85 67 5.4667 0
30 45 72 5.5172 0
76 108 72 5.4571 0
70 20 71 5.3709 0
40 36 72 5.4571 0
51 18 72 5.4617 0
102 41 60 5.4667 0
25 85 60 5.4476 0
34 73 72 5.4571 0
54 20 56 5.371 0
41 118 66 5.1182 0
77 8 57 4.7179 0
89 50 71 4.4493 0
84 28 56 4.45 0
79 18 56 4.4493 0
42 46 56 4.4493 0
26 36 65 4.3824 0
44 100 56 4.4493 0
48 42 67 3.8627 0
60 19 67 3.7657 0
74 31 70 3.7096 0
79 80 63 3.7386 0
66 19 61 3.6659 0
74 102 57 3.4414 0
34 90 57 3.4414 0
37 64 57 3.4414 0
85 81 57 3.4414 0
27 45 60 3.4792 0
42 25 70 3.4414 0
85 101 70 3.4414 0
90 62 57 3.4414 0
92 38 57 3.4414 0
79 15 70 3.4414 0
49 111 70 3.4414 0
54 7 65 3.4122 0
79 33 63 2.9984 0
81 55 69 3.1811 0
28 80 68 2.943 0
98 49 69 2.9757 0
98 78 58 2.9757 0
69 33 64 2.9985 0
47 80 61 2.7572 0
97 76 69 2.5559 0
47 33 66 2.7572 0
88 22 60 2.7003 0
88 104 64 2.6241 0
39 22 64 2.5678 0
79 23 69 2.4335 0
39 104 61 2.6224 0
51 105 58 2.4335 0
49 101 69 2.4335 0
40 85 69 2.4335 0
36 97 58 2.4335 0
71 14 58 2.4335 0
44 108 58 2.4335 0
86 94 69 2.4335 0
93 31 58 2.4335 0
92 82 58 2.4335 0
80 98 58 2.4335 0
95 55 69 2.4335 0
68 105 69 2.4335 0
42 70 69 2.4335 0
35 12 62 2.4778 0
45 12 69 2.4551 0
83 81 69 2.4409 0
43 38 58 2.4335 0
96 92 69 2.4335 0
75 20 63 2.272 0
39 45 69 2.4335 0
42 18 69 2.4335 0
99 33 63 2.3721 0
47 25 58 2.4335 0
34 82 69 2.4335 0
34 44 58 2.4335 0
87 41 69 2.4335 0
45 15 58 2.4335 0
60 109 58 2.4335 0
28 93 63 2.3505 0
77 111 58 2.4335 0
99 93 64 2.3721 0
93 115 62 2.1949 0
94 13 65 2.2246 0
74 115 67 2.2521 0
72 95 60 2.096 0
49 115 63 2.0945 0
43 114 59 1.9951 0
60 95 64 1.9284 0
62 32 63 1.9907 0
80 95 66 1.9284 0
81 49 60 1.9042 0
0
