128
58 127 127 63.6534 0
51 0 0 60.4853 0
127 127 0 70.767 0
127 0 127 64.7506 0
0 0 127 58.7761 0
0 119 0 55.4354 0
127 33 35 27.7478 0
0 63 64 23.9234 0
127 83 88 25.0797 0
81 58 77 23.5409 0
56 76 30 19.9113 0
59 14 78 17.549 0
41 55 93 16.1496 0
7 103 70 15.2338 0
41 97 55 14.9453 0
8 25 58 14.0357 0
24 62 33 13.5266 0
94 18 58 12.635 0
36 51 64 12.2744 0
68 102 54 11.3305 0
89 44 44 11.2502 0
96 96 70 10.5283 0
110 71 58 10.3516 0
31 19 67 10.3351 0
84 73 45 9.9122 0
63 52 48 9.6492 0
21 73 90 9.5645 0
35 74 64 9.3585 0
111 44 68 9.1907 0
15 43 42 8.2631 0
40 32 83 7.041 0
42 53 43 7.0805 0
46 30 62 6.9523 0
31 80 43 6.9616 0
74 24 60 6.7196 0
82 24 74 6.7196 0
61 72 57 6.4404 0
37 65 50 6.349 0
19 50 86 6.2659 0
58 89 67 6.2314 0
56 40 83 6.0551 0
17 88 84 6.038 0
98 37 61 6.0094 0
16 90 54 5.7194 0
16 38 73 5.7427 0
54 72 83 5.8367 0
37 76 83 5.7827 0
34 87 74 5.7001 0
47 83 71 5.3424 0
73 40 53 5.398 0
30 46 45 5.22 0
59 43 63 5.3648 0
97 80 64 5.2589 0
75 87 45 5.1091 0
17 80 45 5.0581 0
33 33 58 5.0437 0
88 91 56 5.0102 0
79 96 66 4.804 0
29 39 83 4.7719 0
95 85 82 4.7759 0
20 42 58 4.5676 0
73 77 56 4.4458 0
110 26 63 4.3695 0
33 67 77 4.335 0
22 104 56 4.2207 0
59 87 54 3.9908 0
62 27 59 4.1377 0
34 34 70 4.1616 0
58 73 69 3.9974 0
29 100 71 3.9138 0
18 84 73 3.7036 0
18 87 64 3.7036 0
69 90 66 3.708 0
45 65 58 3.567 0
45 65 68 3.567 0
52 82 61 3.5683 0
63 39 54 3.4974 0
111 89 63 3.525 0
97 78 49 3.4722 0
57 54 61 3.3491 0
23 60 84 3.4478 0
82 38 57 3.3822 0
68 38 62 3.3822 0
101 78 73 3.2708 0
28 85 82 3.3829 0
93 27 73 3.3617 0
57 44 73 3.3491 0
28 64 57 3.3475 0
88 78 58 3.2708 0
57 64 64 3.3491 0
57 62 56 3.3491 0
45 38 70 3.3112 0
29 29 79 3.2507 0
31 56 49 3.2618 0
74 30 80 2.9635 0
46 78 57 3.0217 0
28 86 65 2.8681 0
46 79 80 3.0532 0
83 28 49 2.9219 0
85 86 80 2.9451 0
100 38 76 3.048 0
19 27 73 2.7685 0
100 30 68 2.8873 0
66 35 80 2.8703 0
51 45 47 2.7591 0
97 30 47 2.8675 0
28 36 65 2.8681 0
64 78 68 2.8749 0
85 87 48 2.5954 0
81 94 49 2.7387 0
62 78 79 2.7316 0
52 33 71 2.8299 0
39 44 49 2.6643 0
28 47 80 2.8014 0
44 70 80 2.7596 0
55 32 56 2.6261 0
87 31 80 2.7632 0
52 60 47 2.7591 0
57 31 65 2.6681 0
46 40 57 2.5591 0
73 28 70 2.6881 0
28 27 54 2.7176 0
49 33 77 2.6715 0
51 81 53 2.5636 0
19 81 55 2.6957 0
41 66 75 2.5844 0
76 89 62 2.668 0
82 88 65 2.6324 0
0
