128
127 127 127 73.3507 0
0 0 0 56.5678 0
0 127 0 57.0876 0
0 0 127 54.5853 0
127 0 97 56.121 0
0 112 126 53.493 0
123 127 0 52.4621 0
127 26 0 43.073 0
63 64 6 30.5134 0
64 51 116 24.7809 0
0 51 65 24.0055 0
50 0 65 23.9719 0
49 124 66 23.5281 0
74 0 24 19.6264 0
66 85 72 17.823 0
127 65 59 17.0151 0
26 91 64 15.6416 0
86 54 72 15.0745 0
55 52 72 14.2434 0
64 123 31 13.064 0
22 63 23 12.7238 0
83 120 52 12.137 0
102 70 24 11.7159 0
29 56 103 11.6786 0
59 21 94 11.5659 0
101 80 60 10.9518 0
54 82 99 10.8177 0
23 23 61 10.7101 0
36 69 76 10.2119 0
71 100 26 9.7002 0
59 27 26 9.7002 0
80 31 26 9.7002 0
88 98 58 9.5458 0
122 72 33 9.2517 0
7 80 48 9.0617 0
32 45 77 8.964 0
117 88 49 8.8959 0
106 48 57 8.5379 0
78 18 57 8.5379 0
92 13 43 8.3851 0
90 60 95 7.7826 0
36 26 81 7.5047 0
53 96 28 7.6844 0
86 87 28 7.6844 0
92 37 56 7.5301 0
105 100 52 6.9071 0
35 47 29 6.6766 0
35 79 29 6.6766 0
91 51 29 6.6766 0
71 104 55 6.5222 0
40 38 98 6.6392 0
14 62 92 6.4315 0
48 91 55 6.5222 0
34 56 64 6.4685 0
38 81 89 6.3481 0
10 79 75 6.1355 0
114 38 47 6.1404 0
12 66 40 6.057 0
20 30 77 5.913 0
52 11 35 5.8535 0
71 78 96 5.8934 0
47 38 30 5.6687 0
103 24 44 5.7438 0
17 47 91 5.6371 0
42 68 97 5.6313 0
45 76 63 5.729 0
83 82 54 5.5143 0
98 61 54 5.5143 0
40 27 54 5.5143 0
118 50 43 5.5662 0
14 50 36 5.513 0
65 25 54 5.5143 0
38 42 63 5.4606 0
72 19 74 5.4353 0
90 80 74 5.3402 0
50 27 79 5.1419 0
70 41 63 4.9325 0
70 41 80 4.9325 0
34 105 49 4.7646 0
49 113 37 4.7891 0
80 70 96 4.6234 0
95 107 47 4.6987 0
23 61 81 4.7188 0
69 63 62 4.4527 0
84 30 64 4.6535 0
42 89 31 4.6608 0
96 69 83 4.5846 0
26 79 84 4.4375 0
41 80 53 4.5064 0
53 80 53 4.5064 0
60 99 53 4.5064 0
73 31 95 4.5726 0
68 67 42 4.3796 0
91 24 53 4.5064 0
51 28 53 4.5064 0
29 67 62 4.4527 0
40 29 69 4.4811 0
42 65 62 4.4527 0
87 47 93 4.3616 0
18 42 43 4.3075 0
51 69 82 4.1646 0
16 77 34 4.3062 0
71 11 47 4.2155 0
71 64 82 4.1646 0
38 19 45 4.1213 0
10 71 84 4.0473 0
19 38 85 4.0953 0
80 113 36 3.8368 0
63 59 42 3.9788 0
87 61 53 3.8847 0
91 21 32 3.8505 0
49 29 66 3.9569 0
19 33 49 3.7287 0
27 40 65 3.9247 0
93 51 52 3.4986 0
39 58 32 3.6529 0
114 60 32 3.6931 0
19 85 43 3.8423 0
75 93 52 3.4986 0
100 85 32 3.6529 0
88 75 32 3.6529 0
88 62 32 3.6529 0
31 73 95 3.6156 0
27 29 47 3.7102 0
43 49 95 3.6156 0
37 68 32 3.6529 0
45 27 32 3.6529 0
106 56 32 3.6529 0
0
