128
0 0 0 81.0993 0
0 127 127 74.6562 0
127 0 127 73.4428 0
127 127 0 71.2588 0
102 101 99 33.0072 0
100 36 34 28.3782 0
37 99 34 27.7259 0
41 40 92 26.2689 0
63 63 45 16.6393 0
62 76 81 15.8321 0
98 62 70 14.4084 0
59 127 58 14.2158 0
81 2 51 13.1128 0
3 81 51 12.7943 0
62 14 70 12.2767 0
15 62 69 11.8426 0
75 51 77 10.828 0
72 90 51 10.5921 0
82 126 69 9.3748 0
92 84 60 9.1728 0
67 32 53 8.8455 0
64 101 75 8.8123 0
34 66 53 8.5763 0
38 70 74 7.8044 0
70 33 73 7.1153 0
70 108 55 6.5606 0
83 77 72 5.8839 0
84 70 56 5.7879 0
42 84 72 5.7886 0
44 52 56 5.5527 0
21 74 56 5.5527 0
53 42 56 5.5527 0
55 30 63 5.313 0
86 39 71 5.1567 0
70 116 71 5.0531 0
51 94 71 4.7808 0
60 56 71 4.7808 0
76 93 71 4.7808 0
52 79 57 4.5448 0
79 20 57 4.5448 0
78 48 57 4.5448 0
81 58 57 4.5448 0
81 102 57 4.5448 0
88 113 65 4.166 0
55 112 70 4.1959 0
88 21 62 4.1776 0
46 112 63 4.0046 0
51 61 70 3.7729 0
29 79 70 3.7729 0
79 111 70 3.7729 0
76 118 58 3.857 0
95 41 67 3.8495 0
63 43 70 3.7729 0
81 28 70 3.7729 0
79 65 70 3.7729 0
59 105 58 3.5369 0
47 71 58 3.5369 0
18 88 58 3.5844 0
65 46 58 3.5369 0
46 62 58 3.5369 0
74 76 58 3.5369 0
44 43 61 3.5423 0
31 78 58 3.5369 0
59 94 58 3.5369 0
42 78 58 3.5369 0
60 84 58 3.5369 0
88 46 63 3.3432 0
21 47 69 3.2394 0
104 91 63 3.0919 0
78 9 67 2.9462 0
79 102 69 2.765 0
26 56 59 3.0533 0
5 76 67 2.9629 0
31 59 69 2.765 0
79 19 69 2.765 0
42 94 69 2.765 0
34 52 59 2.5291 0
47 102 69 2.765 0
42 60 69 2.765 0
67 63 67 2.8259 0
87 52 59 2.7441 0
84 89 69 2.7709 0
60 35 69 2.765 0
77 84 69 2.765 0
22 76 69 2.765 0
89 13 61 2.7432 0
78 29 59 2.5291 0
80 40 59 2.5291 0
54 51 59 2.5291 0
87 96 59 2.5291 0
25 84 59 2.5291 0
54 88 59 2.5291 0
84 110 59 2.5388 0
65 79 59 2.5291 0
64 99 59 2.5291 0
74 41 59 2.5291 0
54 110 59 2.5291 0
88 105 60 2.4681 0
51 38 64 2.188 0
64 29 65 1.9896 0
57 65 66 2.0704 0
71 68 66 2.0704 0
82 45 66 2.0511 0
75 77 67 2.0955 0
75 14 61 1.9668 0
72 83 66 2.0704 0
54 104 68 1.7571 0
33 85 68 1.7571 0
48 72 68 1.7571 0
66 90 68 1.7571 0
29 67 68 2.0267 0
36 90 68 1.7571 0
39 50 64 1.7563 0
28 66 63 1.991 0
86 40 62 1.95 0
75 72 68 1.9822 0
51 85 68 1.7571 0
62 113 68 1.8819 0
77 39 68 1.7571 0
60 92 68 1.7571 0
48 77 68 1.7571 0
49 108 68 1.8386 0
84 96 68 1.7571 0
84 117 60 1.7311 0
37 57 68 1.7571 0
41 107 64 1.7506 0
64 50 68 1.7571 0
23 82 68 1.7571 0
0
