128
0 127 127 83.5148 0
127 0 0 80.7493 0
127 62 126 58.0654 0
0 57 4 56.9757 0
102 121 40 47.9881 0
37 11 87 43.4794 0
66 65 43 17.1011 0
66 65 82 15.9225 0
44 86 51 12.3459 0
84 40 74 11.6945 0
62 86 66 9.7604 0
0 49 74 9.2909 0
100 64 59 8.8971 0
68 43 58 8.5833 0
127 72 57 8.4356 0
46 50 52 8.4332 0
87 74 71 8.4191 0
28 64 64 8.2862 0
48 65 64 8.1943 0
81 62 62 6.1786 0
87 59 73 5.3894 0
81 51 55 5.2469 0
15 56 74 5.3219 0
86 71 55 5.2369 0
100 45 69 4.7053 0
27 80 56 4.6735 0
114 67 56 4.3835 0
38 59 72 4.4044 0
40 76 66 4.2951 0
75 78 65 4.0015 0
32 50 57 3.9163 0
37 70 56 3.9878 0
108 75 66 3.9676 0
38 60 56 3.9778 0
10 45 64 3.9412 0
4 62 67 3.847 0
123 60 63 3.6971 0
117 77 65 3.671 0
15 65 66 3.6142 0
112 67 65 3.5403 0
64 47 70 3.609 0
97 58 71 3.4557 0
89 48 60 3.4273 0
73 70 63 3.4501 0
56 48 60 3.4268 0
48 55 72 3.0865 0
25 55 72 3.0869 0
78 78 57 3.0306 0
50 78 64 3.0496 0
18 47 62 2.9029 0
91 55 57 2.9723 0
57 73 65 2.8483 0
110 60 66 2.7384 0
58 58 61 2.6895 0
24 49 60 2.6543 0
72 58 62 2.6183 0
71 79 58 2.4265 0
71 49 71 2.5509 0
34 80 62 2.4948 0
18 71 62 2.2492 0
110 47 68 2.4537 0
49 52 65 1.9007 0
78 52 65 1.9003 0
18 58 65 2.407 0
104 58 69 2.3316 0
95 47 63 2.2942 0
57 51 72 2.1701 0
59 68 62 2.2508 0
109 73 58 2.056 0
23 73 58 2.0543 0
6 55 64 2.1794 0
97 75 64 2.0595 0
94 51 72 2.1693 0
79 71 60 2.1854 0
78 55 71 2.1321 0
19 78 58 2.0384 0
55 73 58 2.0549 0
31 75 64 2.0607 0
56 78 58 2.0392 0
42 52 65 1.9008 0
84 52 65 1.9002 0
116 55 65 1.3839 0
67 73 64 1.8739 0
118 61 58 1.9647 0
34 76 58 1.978 0
116 75 58 1.9787 0
26 54 58 1.9558 0
60 53 58 1.9555 0
13 49 70 1.9672 0
113 60 58 1.9635 0
55 54 58 1.9564 0
57 52 65 1.9006 0
70 52 65 1.9004 0
121 54 65 1.9089 0
95 51 59 1.7587 0
121 66 65 1.7482 0
6 68 64 1.696 0
81 79 62 1.6951 0
58 48 68 1.6192 0
115 48 68 1.6186 0
92 62 67 1.5674 0
55 56 70 1.5099 0
79 48 63 1.4839 0
11 55 65 1.3498 0
103 53 71 1.472 0
100 49 62 1.3598 0
93 57 65 1.3997 0
50 48 63 1.4835 0
119 70 65 1.3701 0
32 55 70 1.1824 0
53 53 63 1.3772 0
74 53 63 1.3769 0
67 64 63 1.2429 0
18 49 69 1.3828 0
102 76 63 1.4367 0
13 71 63 1.4507 0
74 53 67 1.3369 0
53 53 67 1.3353 0
37 70 65 1.3644 0
34 56 59 1.3951 0
108 56 59 1.3962 0
60 62 64 1.2429 0
114 72 62 1.2475 0
67 59 63 1.2429 0
60 58 66 1.2428 0
35 72 62 1.2311 0
88 64 67 1.2897 0
99 52 71 1.1474 0
0
