128
0 127 127 69.9147 0
127 0 0 54.3835 0
127 0 127 66.0107 0
0 2 0 53.338 0
127 127 106 57.7865 0
0 0 111 56.5786 0
0 127 0 54.3835 0
127 112 0 47.8605 0
64 68 64 33.2003 0
59 64 0 29.817 0
2 63 53 26.4134 0
124 61 54 25.1846 0
58 55 120 21.3932 0
68 127 33 20.0056 0
63 0 34 16.3911 0
98 59 23 14.0386 0
86 0 56 13.3242 0
42 123 54 12.2337 0
42 1 55 12.1331 0
67 26 20 11.9574 0
64 19 59 10.9977 0
24 95 54 11.4172 0
32 77 31 11.0809 0
31 52 29 11.1778 0
87 70 112 11.1022 0
105 27 57 10.8844 0
104 64 87 10.7992 0
91 111 48 10.72 0
62 0 82 10.4285 0
69 85 112 10.5424 0
22 59 85 10.5 0
22 30 54 10.3309 0
102 92 51 10.1783 0
71 99 18 10.2033 0
65 127 77 9.5399 0
96 79 36 8.8142 0
63 111 63 8.4358 0
34 59 101 8.381 0
49 25 72 8.1668 0
78 25 73 8.0504 0
77 125 61 7.9143 0
99 42 39 7.9549 0
47 106 37 7.9487 0
52 97 19 7.5153 0
83 41 19 7.3093 0
82 27 57 7.2323 0
49 27 50 7.2188 0
86 80 22 7.0963 0
68 98 98 7.0269 0
61 16 95 6.8454 0
61 28 108 6.8191 0
88 95 38 6.652 0
48 19 34 6.801 0
69 28 43 6.5073 0
35 19 47 6.6457 0
79 18 35 6.587 0
61 127 60 6.4262 0
63 19 78 6.3359 0
65 0 58 6.3963 0
37 94 40 6.2356 0
49 34 20 6.2907 0
104 40 70 6.2582 0
66 112 89 6.2677 0
31 36 40 6.227 0
90 18 46 6.2214 0
25 83 69 6.0545 0
91 57 97 5.9622 0
91 74 94 5.9613 0
23 46 73 5.8511 0
60 100 31 5.8104 0
77 5 74 5.6141 0
64 45 31 5.541 0
64 105 49 5.613 0
102 82 67 5.566 0
26 74 78 5.4534 0
65 106 77 5.4065 0
56 78 103 5.3064 0
77 102 36 5.4107 0
51 105 70 5.43 0
52 35 101 5.3485 0
77 106 63 5.3398 0
89 31 36 5.3112 0
68 45 96 5.3162 0
52 105 55 5.2831 0
40 29 61 5.1787 0
33 18 60 5.2013 0
103 51 76 5.2221 0
38 105 50 5.135 0
36 107 61 5.0891 0
42 45 99 5.1049 0
93 17 65 4.8129 0
51 121 71 4.9936 0
50 5 72 4.9466 0
52 30 85 4.8829 0
75 31 86 4.4736 0
53 44 35 4.7511 0
39 27 38 4.815 0
57 44 94 4.8114 0
76 59 100 4.7654 0
34 69 91 4.7173 0
100 77 77 4.6969 0
74 51 30 4.5243 0
57 30 40 4.5988 0
84 54 106 4.6398 0
75 104 52 4.2311 0
42 87 22 4.2811 0
29 80 48 4.2855 0
34 48 91 4.2479 0
39 44 47 4.2983 0
27 44 48 4.282 0
89 31 67 4.1485 0
76 103 75 4.225 0
75 73 101 4.1988 0
34 44 62 4.2596 0
87 45 31 4.1357 0
81 31 45 4.0819 0
37 44 77 4.1456 0
46 44 88 4.0041 0
77 43 38 4.0428 0
77 90 96 4.0114 0
85 43 44 4.0071 0
96 50 87 3.9547 0
26 36 68 3.8812 0
94 30 45 3.9624 0
92 43 57 3.9535 0
77 43 90 3.8546 0
70 36 104 3.8091 0
93 101 60 3.8905 0
0
