128
63 0 127 74.5829 0
0 127 0 62.5919 0
127 127 123 66.3196 0
127 0 0 62.5908 0
0 0 0 62.5919 0
117 117 3 53.312 0
9 114 113 50.4567 0
63 59 26 26.013 0
126 52 71 23.042 0
1 53 70 22.8414 0
61 127 63 21.5893 0
67 82 76 21.0592 0
23 63 39 13.7389 0
61 98 39 12.8402 0
101 62 39 12.9823 0
64 19 39 12.8981 0
34 67 77 12.5708 0
112 82 59 10.743 0
15 83 59 10.743 0
85 57 65 10.2958 0
98 72 76 9.966 0
51 56 64 9.197 0
41 95 64 8.9785 0
43 84 43 8.8595 0
87 104 63 8.1699 0
81 34 44 7.802 0
47 32 44 7.8164 0
36 45 44 7.8009 0
86 82 44 7.8384 0
17 27 63 6.9282 0
35 113 60 6.7102 0
68 52 61 6.81 0
94 43 45 6.793 0
110 24 64 6.5965 0
38 45 63 6.1856 0
94 88 69 5.9154 0
45 71 61 5.9909 0
105 35 57 5.7535 0
80 96 46 5.7851 0
22 43 50 5.8963 0
27 82 46 5.856 0
105 99 59 5.6723 0
77 109 47 5.6651 0
104 67 58 5.2218 0
37 80 63 5.1999 0
90 40 62 5.0571 0
90 77 62 5.0571 0
70 83 47 4.854 0
100 80 47 4.8611 0
47 108 47 4.9664 0
22 99 60 4.9597 0
79 42 60 4.936 0
23 68 59 4.9596 0
81 17 48 4.8714 0
46 17 48 4.8714 0
40 69 47 4.7953 0
97 47 70 4.7325 0
41 98 47 4.7772 0
104 48 51 4.6295 0
57 43 59 4.4576 0
30 50 70 4.4494 0
30 84 70 4.4494 0
87 89 59 3.9942 0
23 38 60 4.247 0
36 57 62 4.0532 0
99 111 59 4.1034 0
68 35 48 3.8576 0
54 101 59 3.9253 0
36 34 60 4.0446 0
86 56 48 3.9079 0
86 68 48 3.7981 0
47 82 59 3.9357 0
46 38 59 3.9269 0
41 59 48 3.9218 0
59 35 48 3.8652 0
69 102 59 3.9373 0
57 83 48 3.8638 0
82 48 48 3.835 0
32 92 48 3.8001 0
35 32 48 3.7995 0
90 16 54 3.7674 0
26 41 70 3.6616 0
72 71 53 3.5543 0
102 57 58 3.5917 0
68 41 58 3.5279 0
24 53 55 3.4704 0
25 18 60 3.5113 0
75 58 54 3.4438 0
61 76 52 3.3958 0
86 110 52 3.2161 0
99 17 59 3.1885 0
25 108 60 3.0451 0
105 33 69 3.1323 0
33 17 56 3.0482 0
92 30 60 3.0343 0
48 46 49 2.9609 0
95 89 49 2.8012 0
35 70 60 3.0367 0
53 93 58 2.9485 0
79 95 58 2.9554 0
47 106 58 2.9707 0
99 56 69 2.8708 0
102 25 57 2.9733 0
101 39 69 2.9475 0
83 32 58 2.955 0
21 72 67 2.9227 0
88 23 49 2.9101 0
73 63 60 2.9611 0
39 23 49 2.9101 0
82 73 58 2.9174 0
78 74 49 2.7851 0
35 25 58 2.9174 0
38 64 58 2.9174 0
101 44 58 2.8763 0
39 109 51 2.8802 0
52 75 49 2.7857 0
95 33 49 2.8012 0
86 103 49 2.8436 0
91 95 49 2.8012 0
74 42 49 2.7905 0
54 42 49 2.7637 0
77 107 57 2.8092 0
25 47 60 2.8219 0
25 59 60 2.8197 0
34 75 49 2.7677 0
93 73 49 2.7615 0
28 35 49 2.7615 0
102 89 51 2.7116 0
0
