128
127 127 0 73.0933 0
0 0 0 72.8547 0
127 0 127 72.3458 0
0 127 127 72.3316 0
97 97 97 31.718 0
29 30 97 31.7192 0
30 97 31 31.5428 0
97 30 31 31.5428 0
70 57 83 17.3524 0
56 57 45 17.1758 0
63 16 64 16.6164 0
0 59 68 16.1103 0
126 58 58 15.7651 0
63 110 65 15.6294 0
55 84 77 12.4136 0
73 82 50 12.1365 0
36 69 77 10.2292 0
92 67 52 10.121 0
98 60 75 9.2958 0
22 62 53 9.3375 0
118 79 67 7.2986 0
34 49 55 7.0971 0
9 81 61 6.987 0
48 35 55 7.0971 0
90 45 72 6.7311 0
79 33 72 6.342 0
74 79 71 6.3663 0
47 54 72 6.2676 0
54 79 56 6.0892 0
78 57 56 6.0892 0
68 38 56 6.0892 0
108 72 56 6.0892 0
37 68 56 6.0892 0
56 40 71 5.926 0
82 99 60 5.5359 0
37 85 71 5.4402 0
20 70 72 5.4375 0
24 58 71 5.2579 0
85 72 71 5.2579 0
44 99 67 5.1467 0
91 85 57 5.0813 0
104 57 57 5.0813 0
108 71 71 4.9144 0
25 80 69 4.3506 0
68 38 70 4.3301 0
71 91 70 4.2501 0
35 55 70 4.2501 0
110 51 70 4.2501 0
50 65 71 4.1692 0
21 48 58 4.0735 0
100 80 58 4.0735 0
77 46 58 4.0735 0
54 91 58 4.0735 0
102 45 69 3.9481 0
12 41 66 3.8533 0
40 29 62 3.7736 0
89 30 67 3.389 0
95 74 69 3.4077 0
78 43 68 3.3427 0
114 42 61 3.3409 0
47 44 68 3.3427 0
65 73 69 3.2422 0
27 74 59 3.0656 0
42 77 59 3.0656 0
71 64 59 3.2491 0
47 71 59 3.0656 0
91 52 59 3.0656 0
85 62 68 3.0544 0
19 74 59 3.0656 0
44 45 59 3.0656 0
58 39 59 3.0656 0
78 67 59 3.0664 0
65 71 59 3.0656 0
35 35 59 3.0656 0
40 58 59 3.0656 0
47 30 66 2.8936 0
79 30 62 2.8249 0
36 95 68 2.7702 0
58 70 69 2.667 0
91 95 60 2.6167 0
45 75 68 2.626 0
80 87 67 2.3348 0
109 61 68 2.5272 0
102 76 67 2.4143 0
97 38 68 2.3673 0
90 79 67 2.3368 0
56 61 68 2.5272 0
56 53 68 2.4506 0
28 51 67 2.3348 0
13 91 61 2.4535 0
29 89 68 2.3673 0
33 78 67 2.3348 0
113 90 66 2.1795 0
16 47 68 2.276 0
99 51 66 2.3744 0
107 48 60 2.0577 0
82 73 60 2.0577 0
53 48 67 2.3348 0
16 77 68 2.2742 0
22 50 68 2.2876 0
35 77 60 2.0577 0
48 86 60 2.0577 0
14 47 61 2.2152 0
35 48 67 2.3348 0
42 62 67 2.3244 0
44 63 61 2.1638 0
74 94 60 2.2166 0
48 36 68 2.2343 0
69 47 60 2.0577 0
41 47 68 2.2343 0
70 53 60 2.0577 0
107 80 68 2.2343 0
84 80 68 2.2343 0
18 83 68 2.2343 0
88 54 68 2.2386 0
83 51 68 2.2343 0
63 89 60 2.0577 0
99 81 66 2.2101 0
84 89 60 2.0577 0
25 40 60 2.0577 0
58 71 60 2.0577 0
31 40 60 2.0577 0
39 40 60 2.0577 0
87 57 60 2.0577 0
106 84 60 2.0577 0
103 65 60 2.0622 0
83 63 61 2.1638 0
76 96 66 1.9969 0
0
