128
127 127 127 96.9171 0
18 0 0 56.8475 0
0 127 0 70.1475 0
0 0 127 67.2222 0
127 17 0 52.2809 0
121 0 87 35.0887 0
76 72 26 26.089 0
26 75 78 24.8781 0
67 9 64 23.068 0
95 39 61 16.2318 0
78 25 105 16.0713 0
0 54 48 15.9846 0
66 52 68 15.2441 0
36 60 39 14.0662 0
53 52 97 11.3998 0
72 33 29 10.5646 0
35 25 61 10.0623 0
45 100 62 9.3366 0
66 104 40 9.1585 0
12 33 58 8.6837 0
59 77 63 7.8914 0
23 44 50 7.7859 0
53 46 32 7.5471 0
77 15 35 7.1269 0
43 53 60 7.0192 0
43 80 45 6.8154 0
71 45 94 6.5331 0
5 50 71 6.4454 0
59 34 94 6.5331 0
94 17 50 6.1633 0
45 120 63 6.2052 0
97 50 40 6.0092 0
71 38 51 5.912 0
61 119 47 6.0273 0
64 88 54 5.7476 0
98 35 89 5.6841 0
55 36 58 5.3629 0
38 41 65 5.2149 0
61 21 91 5.218 0
47 51 79 4.8536 0
88 25 77 5.0136 0
79 49 49 5.0198 0
50 64 60 4.9894 0
75 35 77 4.9041 0
54 91 40 4.8456 0
55 33 75 4.8733 0
47 83 57 4.6918 0
65 20 37 4.5104 0
63 51 47 4.5207 0
24 44 74 4.6002 0
39 48 88 4.4202 0
84 48 78 4.4755 0
47 24 50 4.3455 0
45 25 73 4.3388 0
46 72 54 4.1603 0
53 123 54 4.234 0
23 34 67 3.9129 0
62 67 54 3.8394 0
84 16 86 3.9537 0
20 55 56 3.9973 0
65 34 78 3.8962 0
46 91 49 3.7854 0
85 43 33 3.8493 0
35 41 44 3.582 0
81 28 49 3.8962 0
50 24 81 3.7754 0
62 100 53 3.5965 0
58 95 59 3.7089 0
57 32 36 3.5095 0
32 46 80 3.6669 0
42 49 71 3.6714 0
32 35 49 3.6382 0
29 55 56 3.5202 0
62 32 49 3.5128 0
65 45 36 3.5095 0
82 42 93 3.3861 0
87 49 43 3.4443 0
87 17 42 3.2952 0
55 23 43 3.313 0
54 110 58 3.1112 0
95 31 80 3.1983 0
25 35 58 3.1812 0
14 44 72 3.0048 0
40 34 71 3.0499 0
86 36 79 3.075 0
40 42 56 3.0499 0
47 112 56 2.96 0
77 49 84 2.8378 0
53 41 79 2.8883 0
29 36 72 2.9449 0
50 72 42 2.8395 0
54 52 42 2.8299 0
62 41 48 2.8883 0
43 43 37 2.8529 0
54 59 42 2.8299 0
71 49 45 2.8577 0
86 35 34 2.8414 0
45 49 50 2.8378 0
89 40 93 2.8414 0
55 87 58 2.7638 0
52 36 67 2.6038 0
14 54 62 2.7223 0
61 108 53 2.5995 0
50 38 90 2.5304 0
78 44 37 2.5016 0
95 39 81 2.6456 0
10 40 68 2.6374 0
61 79 51 2.5049 0
50 36 37 2.5016 0
61 60 51 2.5049 0
61 91 45 2.5205 0
18 39 70 2.5389 0
93 27 91 2.4018 0
44 42 90 2.5407 0
82 25 35 2.4926 0
60 39 37 2.5016 0
68 36 90 2.5016 0
77 38 90 2.5016 0
41 29 49 2.4937 0
95 27 45 2.3537 0
95 40 41 2.3303 0
35 50 66 2.4017 0
92 43 35 2.3271 0
86 22 47 2.1393 0
43 41 78 0.994 0
39 30 76 2.2385 0
34 32 74 2.1799 0
80 38 47 1.8805 0
0
