128
127 0 127 83.5467 0
0 117 0 55.9065 0
0 127 127 69.8805 0
127 127 45 66.123 0
0 0 45 66.123 0
123 24 0 44.6769 0
64 64 0 21.4066 0
29 39 119 21.0078 0
77 88 103 18.6984 0
47 100 57 17.6014 0
64 63 80 15.9342 0
79 29 42 15.3501 0
63 63 37 14.2342 0
26 75 64 13.607 0
63 28 2 13.4814 0
99 51 48 12.8338 0
54 64 121 12.2639 0
66 98 4 11.2723 0
26 58 91 10.6754 0
32 58 4 10.2366 0
57 96 29 10.1732 0
35 78 41 9.4588 0
48 36 92 9.0457 0
64 94 78 8.7063 0
89 68 75 8.5573 0
65 33 66 8.4375 0
95 70 6 8.3932 0
29 67 28 7.1887 0
42 84 77 7.1715 0
57 56 102 6.6315 0
67 71 57 6.6481 0
56 60 58 6.648 0
97 60 28 6.378 0
88 48 31 6.4494 0
63 33 26 6.4479 0
70 57 57 6.3232 0
56 71 101 5.9439 0
75 30 19 6.0737 0
39 49 83 5.9201 0
82 42 60 5.8185 0
35 73 85 5.8231 0
46 43 8 5.7456 0
57 36 79 5.7094 0
90 54 65 5.5989 0
52 89 86 5.4237 0
81 82 79 5.1571 0
32 58 74 5.1805 0
35 62 105 4.9987 0
40 49 95 5.0598 0
45 84 27 5.0558 0
64 91 43 4.9466 0
82 83 9 4.7377 0
48 86 38 4.7665 0
76 41 9 4.7377 0
31 65 48 4.788 0
62 37 52 4.5737 0
39 75 25 4.5032 0
94 65 60 4.608 0
69 90 65 4.5062 0
53 47 110 4.2413 0
82 40 24 4.349 0
55 71 53 4.1401 0
55 72 63 4.0607 0
48 42 78 3.9438 0
70 89 24 3.7482 0
63 50 63 3.8212 0
63 50 51 3.8212 0
55 80 107 3.7843 0
89 59 10 3.7299 0
54 86 10 3.7299 0
42 74 10 3.7299 0
73 39 25 3.7089 0
40 52 72 3.5992 0
75 87 72 3.5969 0
96 68 20 3.5064 0
67 51 23 3.5498 0
51 67 23 3.5498 0
42 78 55 3.363 0
31 59 19 3.4433 0
67 76 24 3.5513 0
76 67 24 3.551 0
76 67 51 3.3059 0
31 67 16 3.32 0
84 55 73 3.4289 0
57 52 22 3.3422 0
74 57 23 3.3567 0
57 74 23 3.3566 0
68 89 56 3.3233 0
59 38 35 3.326 0
39 72 95 3.2337 0
43 79 89 3.1301 0
53 40 70 3.1728 0
51 59 22 3.3056 0
60 38 43 3.1673 0
88 72 24 3.2639 0
76 67 62 3.3052 0
62 77 65 3.2143 0
51 41 104 3.2336 0
38 55 23 3.232 0
62 77 49 3.2143 0
53 87 76 3.1725 0
76 41 68 3.1713 0
50 63 97 3.0156 0
44 80 66 2.9747 0
38 63 117 3.0352 0
94 65 39 2.9637 0
37 56 66 3.0276 0
88 71 62 3.0486 0
50 64 105 3.018 0
54 40 23 2.7736 0
63 82 56 2.4231 0
56 42 11 2.722 0
82 46 51 2.8968 0
54 94 13 2.7992 0
77 90 11 2.8335 0
54 87 96 2.7733 0
70 95 19 2.7902 0
70 39 56 2.7777 0
63 87 51 2.8688 0
40 73 76 2.7762 0
47 80 11 2.722 0
64 82 72 2.4231 0
33 65 39 2.7984 0
33 65 80 2.7984 0
44 53 11 2.722 0
70 88 34 2.7775 0
82 50 11 2.722 0
84 75 11 2.722 0
0
