128
127 127 127 60.7232 0
0 0 0 53.2297 0
0 0 127 60.7232 0
127 0 127 60.7232 0
0 127 127 60.7232 0
0 127 0 53.2297 0
127 127 0 53.2297 0
127 0 0 53.2297 0
61 60 0 26.1717 0
62 62 127 21.8667 0
79 127 56 18.7603 0
127 48 56 18.7603 0
48 0 56 18.7603 0
0 79 56 18.7603 0
86 2 59 17.5422 0
2 41 59 17.5422 0
125 86 59 17.5412 0
41 125 59 17.5412 0
102 64 12 14.0772 0
65 100 12 14.0772 0
63 5 26 13.8726 0
5 64 26 13.8726 0
63 6 86 13.667 0
6 64 86 13.667 0
64 121 86 13.667 0
121 63 86 13.667 0
123 68 31 12.4741 0
59 123 31 12.4741 0
103 107 59 11.4932 0
107 24 59 11.4932 0
24 20 59 11.4932 0
20 103 59 11.4932 0
70 27 16 10.0457 0
29 71 16 10.0457 0
83 84 17 9.0379 0
95 64 122 9.0532 0
64 95 122 9.0531 0
31 64 121 8.5269 0
63 31 121 8.5269 0
62 23 102 8.1788 0
65 104 102 8.1788 0
23 65 102 8.1788 0
104 62 102 8.1788 0
43 85 18 8.03 0
88 46 18 8.03 0
32 51 18 8.03 0
51 31 18 8.03 0
115 50 32 6.166 0
77 115 32 6.166 0
12 46 37 5.6269 0
81 12 37 5.6269 0
84 113 77 5.6607 0
14 84 77 5.6607 0
43 14 77 5.6607 0
113 43 77 5.6607 0
81 15 80 5.2767 0
112 81 80 5.2767 0
46 112 80 5.2767 0
15 46 80 5.2767 0
72 84 102 1.9384 0
44 114 38 5.1801 0
114 83 38 5.1801 0
84 69 21 5.0064 0
55 84 102 1.9386 0
47 13 35 4.8988 0
13 80 35 4.8988 0
74 80 109 4.595 0
85 67 102 1.9861 0
32 107 47 4.6685 0
107 95 47 4.6685 0
20 32 47 4.6686 0
95 20 47 4.6686 0
18 93 45 4.6938 0
93 109 45 4.6938 0
109 34 45 4.693 0
34 18 45 4.693 0
107 95 72 4.6059 0
20 32 72 4.6059 0
32 107 72 4.6059 0
95 20 72 4.6059 0
83 63 109 4.6544 0
73 44 101 1.511 0
71 10 43 4.4985 0
10 56 43 4.4984 0
21 53 93 4.3094 0
74 21 93 4.3094 0
53 106 93 4.3094 0
106 74 93 4.3094 0
42 60 101 1.511 0
54 81 109 4.2452 0
97 81 22 3.9985 0
56 43 101 1.511 0
45 43 22 3.9985 0
59 116 48 4.2026 0
116 68 48 4.2025 0
73 46 108 4.2452 0
47 99 22 3.9985 0
56 84 22 3.9985 0
75 84 118 4.1587 0
84 75 118 4.1587 0
87 52 118 4.0227 0
52 87 118 4.0227 0
74 39 118 4.0493 0
106 52 92 4.0485 0
52 21 92 4.0485 0
75 106 92 4.0471 0
21 75 92 4.0471 0
40 75 118 4.0227 0
69 84 22 3.9985 0
52 98 98 3.9885 0
75 29 98 3.9885 0
29 52 98 3.9858 0
98 75 98 3.9858 0
83 32 22 3.9985 0
85 59 22 3.9985 0
74 42 22 3.9985 0
79 18 28 3.9389 0
109 79 28 3.9389 0
18 48 28 3.9389 0
81 97 22 3.9985 0
51 109 24 3.9535 0
93 107 74 3.8248 0
107 34 74 3.8248 0
20 93 74 3.8248 0
34 20 74 3.8248 0
44 64 107 3.8682 0
49 18 26 3.7914 0
18 78 26 3.7914 0
0
