128
127 127 127 72.0626 0
0 127 0 72.0626 0
127 0 0 72.0594 0
0 0 127 72.0594 0
28 99 99 33.3487 0
99 99 28 33.3487 0
28 28 28 33.3486 0
99 28 99 33.3486 0
58 58 84 18.2281 0
59 68 43 18.2281 0
59 127 71 14.7742 0
59 0 56 14.7633 0
127 69 52 12.3178 0
0 69 75 12.3178 0
87 69 78 12.2005 0
69 88 78 12.2145 0
125 59 76 11.8268 0
2 59 51 11.8268 0
69 39 50 11.2095 0
87 57 50 11.2276 0
30 67 51 10.1758 0
29 60 76 10.1662 0
60 99 51 10.1651 0
60 27 76 10.1651 0
80 121 60 8.2701 0
80 6 67 8.2592 0
107 61 53 8.1677 0
105 60 73 7.1586 0
45 88 54 7.1443 0
71 20 54 7.1415 0
46 37 72 6.3879 0
81 74 55 6.2993 0
117 44 66 6.1926 0
10 44 61 6.1926 0
52 80 72 6.1599 0
68 107 72 6.1395 0
80 52 72 6.1361 0
117 82 62 5.7365 0
10 82 64 5.7365 0
112 73 71 5.4817 0
15 73 56 5.4817 0
12 54 71 5.4343 0
70 40 71 5.1941 0
56 22 56 5.2264 0
67 114 56 5.2246 0
40 54 56 5.1553 0
40 73 71 5.1541 0
89 40 56 5.1979 0
89 87 71 5.1969 0
71 85 56 5.216 0
34 45 71 5.1541 0
67 13 71 5.2225 0
18 72 71 5.1259 0
49 47 56 5.1825 0
53 113 56 5.1439 0
97 71 56 5.1257 0
55 106 71 5.1553 0
101 48 56 5.1257 0
19 56 56 5.1257 0
101 79 71 5.1257 0
119 53 58 4.8467 0
41 118 66 4.6324 0
41 9 61 4.6207 0
32 82 57 4.4561 0
110 74 57 4.3509 0
52 13 70 4.357 0
46 102 57 4.2655 0
81 102 70 4.2655 0
72 54 57 4.1536 0
94 53 70 4.2324 0
71 72 70 4.1215 0
73 105 57 4.1283 0
23 47 70 4.1179 0
53 94 70 4.1179 0
42 76 57 4.1179 0
75 20 70 4.1267 0
74 95 57 4.1179 0
52 36 57 4.1241 0
82 32 57 4.12 0
46 25 69 3.3006 0
79 111 69 3.4551 0
30 74 69 3.2573 0
30 53 58 3.2541 0
48 16 58 3.4538 0
57 40 69 3.2156 0
109 89 63 3.3842 0
18 89 64 3.3842 0
56 85 58 3.249 0
62 75 69 3.1427 0
23 82 58 3.1932 0
75 61 69 3.1493 0
60 51 58 3.1398 0
16 63 69 3.2147 0
81 45 58 3.11 0
77 34 69 3.1797 0
43 47 69 3.1529 0
82 93 69 3.1735 0
108 49 69 3.1105 0
81 42 69 3.11 0
81 85 58 3.11 0
83 23 58 3.1253 0
36 34 69 3.1609 0
111 47 58 3.1278 0
42 64 69 3.11 0
40 54 69 3.1559 0
43 63 58 3.11 0
75 63 58 3.11 0
34 91 58 3.11 0
91 78 58 3.11 0
48 112 68 2.8602 0
20 38 64 2.756 0
47 91 65 2.7173 0
79 91 62 2.7429 0
91 116 61 2.8057 0
91 11 66 2.7947 0
107 38 64 2.756 0
95 64 61 2.6584 0
81 109 59 2.584 0
63 27 59 2.5475 0
46 18 68 2.59 0
88 98 68 2.3732 0
39 98 59 2.3732 0
80 17 59 2.5702 0
48 56 59 2.4581 0
48 71 68 2.4564 0
40 45 59 2.2291 0
40 82 68 2.2262 0
24 49 59 2.2219 0
0
