128
0 127 127 74.0126 0
127 127 0 73.0745 0
0 0 0 68.7463 0
127 0 127 68.657 0
106 18 22 38.7806 0
21 17 105 38.5992 0
27 96 27 33.0538 0
101 97 99 32.5478 0
62 59 87 21.7868 0
64 58 40 19.951 0
64 5 63 19.9194 0
126 63 66 17.764 0
2 64 59 16.9364 0
73 127 76 13.1948 0
53 127 51 12.7674 0
97 62 48 11.888 0
28 61 78 11.6926 0
67 91 49 10.8802 0
31 57 49 10.8802 0
94 57 77 10.7608 0
63 96 76 10.7009 0
53 31 51 8.8644 0
78 34 76 8.8047 0
45 80 72 8.0997 0
85 79 52 7.8565 0
72 33 52 7.8565 0
55 32 75 7.4255 0
42 43 71 7.0918 0
76 81 71 7.0918 0
63 109 53 6.8487 0
39 40 53 6.8487 0
12 42 67 6.73 0
115 40 63 6.588 0
86 45 54 5.8408 0
41 19 64 5.9992 0
44 70 54 5.8408 0
87 19 64 5.8694 0
53 81 54 5.8408 0
94 40 72 5.7757 0
89 73 70 5.6608 0
84 113 67 5.4891 0
58 112 72 5.4901 0
43 113 60 5.3242 0
108 49 55 5.2564 0
71 122 56 5.0964 0
46 94 69 5.0761 0
107 48 71 5.0794 0
111 82 64 4.6906 0
54 100 55 4.8329 0
76 106 71 4.8323 0
30 78 71 4.6389 0
82 47 70 4.682 0
16 83 62 4.6906 0
59 81 70 4.6509 0
18 48 56 4.6752 0
27 45 71 4.6381 0
103 71 71 4.6375 0
81 65 68 4.5307 0
75 106 56 3.825 0
77 93 68 4.0682 0
54 121 68 4.1398 0
42 55 68 4.0682 0
18 75 70 4.0698 0
41 65 68 4.0682 0
98 80 56 3.825 0
109 75 56 3.9485 0
27 41 56 3.825 0
51 104 69 3.8531 0
98 45 56 3.825 0
40 27 56 3.8997 0
71 77 56 3.825 0
45 53 56 3.825 0
81 98 56 3.825 0
83 56 56 3.825 0
51 44 56 3.825 0
83 67 56 3.825 0
29 71 56 3.825 0
17 32 64 3.6827 0
66 40 69 3.643 0
68 111 69 3.5381 0
80 23 57 3.5239 0
17 52 69 3.5833 0
82 56 67 3.5258 0
35 89 68 3.3758 0
78 116 59 3.3756 0
44 30 71 3.3495 0
66 30 71 3.3495 0
73 45 67 3.0603 0
91 30 71 3.3495 0
56 42 68 3.1135 0
85 87 67 3.0603 0
62 76 57 2.8172 0
54 88 67 3.0603 0
36 73 67 3.0603 0
49 69 67 3.0603 0
106 39 69 2.9419 0
60 41 57 2.8172 0
49 92 57 2.8172 0
84 30 57 2.8172 0
79 23 69 2.7923 0
49 23 69 2.7923 0
47 61 57 2.8172 0
42 80 57 2.8172 0
53 111 57 2.8172 0
89 36 57 2.8172 0
33 31 57 2.8172 0
98 22 64 2.7855 0
76 43 57 2.8172 0
33 37 69 2.8711 0
35 51 67 2.7929 0
47 105 57 2.8172 0
94 87 57 2.8172 0
109 31 63 2.6749 0
77 72 57 2.8172 0
19 76 57 2.8173 0
35 76 57 2.8172 0
92 82 67 2.7929 0
89 92 57 2.8172 0
82 100 68 2.7759 0
79 88 57 2.8172 0
55 72 57 2.8172 0
31 22 64 2.7855 0
49 113 68 2.6243 0
66 77 68 2.6351 0
17 40 58 2.587 0
91 106 65 2.3132 0
62 123 64 2.395 0
71 72 67 2.2845 0
0
