128
127 127 127 68.9293 0
0 0 127 68.9293 0
0 127 0 68.4716 0
127 0 0 68.4716 0
110 110 17 42.5821 0
17 17 17 42.5821 0
110 18 109 41.8309 0
17 109 109 41.8309 0
63 63 91 24.5022 0
65 61 32 22.7126 0
64 15 64 20.1877 0
63 112 65 20.1877 0
25 63 78 13.0951 0
100 65 79 12.862 0
127 67 49 11.8321 0
127 60 78 12.0049 0
0 62 49 11.8321 0
31 65 43 11.587 0
0 68 76 10.9817 0
99 61 44 10.6695 0
54 90 45 9.5532 0
1 43 60 9.047 0
97 77 57 8.8199 0
34 49 57 8.7905 0
125 42 66 8.2649 0
125 85 60 8.2649 0
87 83 76 8.0921 0
86 46 73 7.9874 0
39 45 75 7.7146 0
67 79 58 7.7926 0
32 79 58 7.7966 0
103 48 58 7.6073 0
3 86 66 7.5522 0
77 36 47 7.5595 0
73 91 47 7.5595 0
37 28 64 7.0854 0
41 81 74 7.2407 0
82 63 64 6.9853 0
93 28 63 7.0854 0
89 99 66 7.0854 0
37 99 61 7.0854 0
89 46 49 6.8696 0
54 36 48 6.5548 0
68 50 60 6.3881 0
46 65 64 5.999 0
48 33 77 6.0988 0
44 77 49 5.6498 0
19 51 53 5.663 0
83 77 49 5.659 0
77 35 77 5.6109 0
52 89 77 5.6514 0
73 89 77 5.6514 0
18 76 52 5.379 0
52 43 69 5.2282 0
55 49 57 5.1804 0
110 50 73 5.116 0
5 52 72 4.861 0
54 75 55 4.8645 0
47 53 67 4.9137 0
18 81 70 4.8092 0
20 46 71 4.9241 0
122 51 55 4.8567 0
122 76 71 4.7576 0
110 73 51 4.7999 0
113 54 50 4.5919 0
39 88 50 4.5138 0
46 45 50 4.5138 0
100 84 72 4.4956 0
110 81 71 4.4553 0
50 85 66 4.4138 0
81 85 64 4.3177 0
44 96 72 4.1807 0
81 75 67 4.2997 0
100 47 73 4.2933 0
24 96 63 4.0617 0
82 96 55 4.1696 0
70 42 71 4.2298 0
17 64 61 3.9617 0
65 40 51 4.0437 0
46 31 55 4.1696 0
64 85 71 4.1324 0
92 55 57 4.091 0
28 82 72 4.0798 0
105 31 64 4.0617 0
25 31 62 4.0617 0
12 34 62 3.9879 0
111 64 64 3.7181 0
103 96 62 4.0617 0
6 78 55 3.8614 0
113 94 62 3.7696 0
81 41 61 3.4059 0
59 38 75 3.6666 0
121 58 62 3.7496 0
14 94 64 3.7696 0
6 58 64 3.7496 0
6 72 62 3.7496 0
49 75 67 3.6953 0
85 88 51 3.5059 0
86 67 51 3.5059 0
114 34 65 3.4098 0
43 57 51 3.5097 0
86 57 51 3.5275 0
17 63 51 3.5059 0
75 81 70 3.4424 0
45 66 51 3.5059 0
86 32 54 3.4975 0
28 41 71 3.4061 0
47 41 61 3.4059 0
107 41 69 3.3009 0
77 47 52 3.2448 0
80 95 72 3.2053 0
39 58 69 3.2688 0
85 32 72 3.2053 0
82 32 61 3.0539 0
46 95 55 3.1769 0
56 63 63 3.0928 0
91 47 60 2.9733 0
16 53 67 2.9134 0
60 57 58 2.9179 0
24 70 57 2.8004 0
15 71 65 2.7102 0
9 80 74 2.8004 0
39 70 69 2.869 0
108 83 55 2.8681 0
114 74 74 2.7888 0
61 44 70 2.8229 0
120 73 63 2.7417 0
117 79 52 2.6982 0
0
