128
0 0 127 86.2299 0
127 127 0 85.6025 0
0 122 58 52.9098 0
127 5 68 52.824 0
96 80 112 38.3396 0
43 52 31 30.0952 0
60 86 69 16.5541 0
70 43 67 14.201 0
88 54 51 10.3683 0
58 63 83 8.9199 0
37 75 78 8.8539 0
10 60 53 8.535 0
125 67 75 8.4731 0
73 69 53 8.232 0
83 77 67 7.1357 0
89 51 77 6.4017 0
39 76 60 5.9579 0
51 52 67 5.3556 0
104 58 56 5.0929 0
96 74 68 4.8416 0
72 59 80 4.8355 0
25 69 57 4.5527 0
112 61 76 4.2561 0
94 53 66 4.1289 0
22 70 72 4.0802 0
44 62 76 4.0262 0
87 70 58 3.6039 0
100 55 77 3.6799 0
110 73 72 3.6036 0
70 70 79 3.497 0
66 59 57 3.4364 0
101 62 67 2.2142 0
78 65 68 2.7049 0
124 62 63 3.3607 0
64 63 67 2.1868 0
3 64 63 3.3034 0
95 66 58 3.2329 0
22 56 58 3.198 0
28 73 67 3.2277 0
85 54 67 2.9688 0
56 69 58 3.0478 0
39 54 66 2.9819 0
76 72 75 2.9802 0
13 67 68 2.8521 0
80 56 78 2.8677 0
49 70 76 2.7462 0
29 66 72 2.6718 0
76 58 58 2.5882 0
35 63 73 2.713 0
48 66 66 1.0982 0
69 67 68 2.4059 0
49 56 75 2.6303 0
62 65 58 2.5694 0
104 71 68 2.6213 0
102 56 67 2.5366 0
96 65 68 2.6151 0
74 71 68 2.5879 0
118 60 59 2.5727 0
47 71 59 2.4398 0
45 72 69 2.4048 0
58 64 67 2.1047 0
33 69 59 2.3135 0
112 62 59 2.2286 0
61 58 67 2.2625 0
74 60 68 2.2612 0
86 63 68 1.0947 0
77 65 78 2.223 0
55 55 74 2.1873 0
20 63 59 2.0517 0
106 65 67 1.889 0
44 55 72 2.0676 0
59 55 60 1.9598 0
52 66 67 2.0214 0
82 65 59 1.8805 0
26 61 59 1.8221 0
93 72 61 1.9312 0
15 68 60 1.83 0
106 60 67 1.8441 0
27 55 62 1.8435 0
33 55 65 1.8943 0
79 59 67 1.8791 0
55 60 67 1.8619 0
68 60 68 1.8177 0
105 59 75 1.7037 0
30 64 59 1.7281 0
50 61 67 1.4969 0
107 66 75 1.6701 0
89 71 72 1.6376 0
19 64 68 1.5512 0
39 65 66 0.6297 0
9 63 65 1.5852 0
119 60 66 1.4922 0
81 62 77 1.4349 0
89 60 77 1.5606 0
95 60 69 1.5459 0
57 63 59 1.365 0
60 60 59 1.3643 0
103 67 60 1.4999 0
23 64 69 1.4637 0
114 67 73 1.389 0
65 57 76 1.4092 0
108 65 60 1.3316 0
97 56 60 1.4404 0
96 60 76 1.2762 0
8 67 65 1.4023 0
85 59 77 1.3972 0
116 71 70 1.3771 0
103 63 75 1.2626 0
119 64 66 1.3823 0
39 71 67 1.3128 0
100 68 69 1.413 0
80 56 70 1.3948 0
86 68 69 1.2369 0
34 71 68 1.3173 0
65 70 60 1.2369 0
60 56 74 1.0626 0
49 69 68 1.1849 0
109 71 66 0.9681 0
38 58 72 1.1693 0
42 68 60 1.0101 0
20 71 66 1.1322 0
97 71 61 1.187 0
50 61 74 1.0867 0
67 62 76 1.1498 0
84 70 74 0.8553 0
86 59 68 1.1133 0
107 56 73 1.1258 0
51 66 60 0.6719 0
0
