128
0 127 0 79.4145 0
127 127 127 77.0916 0
127 0 0 73.5062 0
0 0 127 70.9595 0
99 24 100 31.8291 0
26 22 29 31.3065 0
33 89 96 27.886 0
95 90 34 26.0889 0
61 58 36 17.843 0
62 23 65 17.6386 0
67 60 87 16.6713 0
64 89 64 15.5944 0
127 49 73 13.1806 0
0 73 76 12.5441 0
40 57 69 11.9838 0
127 73 46 10.9245 0
88 56 67 10.3181 0
0 44 57 10.5731 0
35 59 46 7.7643 0
50 42 81 7.7643 0
88 56 46 7.7643 0
60 53 64 7.2945 0
108 51 63 6.9206 0
104 58 80 6.8377 0
88 80 67 6.5236 0
17 61 80 6.7564 0
19 56 47 6.7564 0
39 34 64 6.552 0
41 80 61 6.5236 0
86 34 64 6.552 0
126 69 64 6.5306 0
73 38 48 6.4403 0
72 63 63 5.965 0
51 77 49 6.0927 0
2 63 59 6.0126 0
79 78 77 6.057 0
91 68 79 5.9091 0
108 62 48 5.7485 0
116 79 59 5.5157 0
2 54 71 5.3896 0
124 58 55 5.0075 0
54 39 49 5.1138 0
73 50 64 4.9287 0
44 48 49 4.7406 0
79 66 49 4.7406 0
17 77 67 4.603 0
29 78 64 4.5078 0
17 37 62 4.6298 0
100 78 65 4.5078 0
27 36 65 4.5362 0
104 39 66 4.2694 0
54 64 61 4.2708 0
72 75 50 4.1748 0
74 39 77 4.1869 0
6 57 50 4.0486 0
40 70 50 3.7328 0
80 47 50 3.7328 0
26 52 77 3.7328 0
100 54 50 3.7328 0
114 63 77 3.7328 0
80 77 58 3.5 0
47 37 56 3.5284 0
80 47 76 3.523 0
49 77 70 3.5 0
40 38 75 3.2468 0
54 75 76 3.2864 0
83 38 52 3.2468 0
62 66 67 2.9414 0
11 72 62 3.1399 0
51 68 76 3.026 0
104 48 73 2.8951 0
50 48 60 2.913 0
98 62 51 2.7249 0
96 66 60 2.872 0
62 66 60 2.9414 0
55 66 69 2.9414 0
63 40 51 2.8778 0
61 74 51 2.8694 0
114 56 53 2.8322 0
46 64 51 2.7249 0
77 56 51 2.7249 0
29 50 51 2.7249 0
27 66 51 2.7249 0
27 63 76 2.7249 0
120 67 73 2.7319 0
112 72 51 2.7249 0
10 54 76 2.7249 0
31 45 76 2.7483 0
89 44 51 2.7249 0
64 43 76 2.7249 0
100 70 76 2.7249 0
30 48 60 2.5137 0
30 66 60 2.5137 0
12 49 51 2.7249 0
117 62 51 2.7249 0
117 56 60 2.6051 0
111 56 72 2.6051 0
78 38 70 2.5205 0
78 38 57 2.5205 0
96 38 66 2.5205 0
106 76 58 2.4921 0
46 38 71 2.5205 0
94 38 59 2.5205 0
109 76 67 2.4921 0
33 38 72 2.5205 0
9 45 68 2.4676 0
95 76 73 2.4988 0
78 76 65 2.4921 0
50 76 63 2.4921 0
119 67 57 2.3175 0
81 65 59 2.2551 0
16 73 75 2.3148 0
81 67 74 2.2174 0
96 48 59 2.2551 0
80 48 59 2.2551 0
97 48 74 2.1554 0
77 56 59 2.2551 0
24 57 60 0.6987 0
59 47 74 2.1919 0
96 67 70 1.9335 0
77 67 70 1.9335 0
108 68 75 1.717 0
73 47 73 1.9135 0
90 67 59 1.9335 0
103 43 59 1.8821 0
47 67 60 1.9335 0
16 51 75 1.717 0
103 49 54 1.8898 0
0
