128
127 65 123 63.6635 0
0 127 127 76.2933 0
127 0 0 73.7876 0
56 127 0 61.3523 0
0 22 8 54.1708 0
30 2 109 51.7444 0
120 117 54 21.9175 0
87 127 81 20.1916 0
59 55 39 18.9562 0
106 80 42 17.5996 0
56 62 84 16.3211 0
8 83 44 15.8403 0
0 52 72 15.3257 0
56 22 50 14.6149 0
90 9 81 13.7786 0
70 96 80 12.5043 0
27 58 78 11.2153 0
31 67 47 10.8939 0
71 39 78 10.5235 0
78 77 48 9.8772 0
95 56 56 9.8602 0
70 3 62 8.839 0
47 94 63 8.5773 0
30 91 55 7.8785 0
93 29 70 7.5749 0
61 74 59 7.4265 0
62 117 70 7.2887 0
90 97 53 7.1839 0
49 80 51 6.9138 0
81 45 51 6.8536 0
41 40 52 6.6287 0
55 84 74 6.5972 0
10 62 54 6.4116 0
91 96 70 6.4055 0
69 20 68 6.3297 0
38 74 74 6.1589 0
69 96 60 5.8348 0
42 47 72 5.7467 0
72 77 75 5.8457 0
9 72 65 5.4333 0
74 33 53 5.5245 0
54 42 73 5.5279 0
92 40 61 5.2536 0
75 55 74 5.1257 0
37 27 57 5.0919 0
28 51 53 5.0606 0
79 25 74 4.8378 0
90 116 57 4.8995 0
79 60 53 4.8378 0
66 86 53 4.8378 0
76 66 74 4.8378 0
54 107 64 4.611 0
96 71 61 4.3765 0
27 74 70 4.427 0
80 112 61 4.29 0
103 107 73 4.3589 0
64 62 63 4.2783 0
42 59 56 4.3571 0
109 92 62 4.3126 0
87 40 72 4.1018 0
19 44 72 3.9947 0
83 84 73 3.83 0
41 59 69 4.0323 0
60 29 69 3.9928 0
41 84 70 3.9951 0
10 35 67 3.9753 0
37 80 54 3.8325 0
78 95 54 3.83 0
83 48 73 3.83 0
46 69 54 3.8325 0
71 46 58 3.6369 0
19 55 54 3.8339 0
54 101 72 3.7533 0
28 44 70 3.5952 0
70 30 62 3.6259 0
27 30 60 3.5525 0
75 21 55 3.5243 0
90 48 67 3.5859 0
27 58 60 3.3563 0
28 41 56 3.4734 0
14 66 71 3.4097 0
71 57 59 3.3853 0
56 88 55 3.2552 0
71 49 67 3.1268 0
26 79 55 3.0209 0
90 70 55 3.1092 0
48 76 71 2.9868 0
41 74 58 3.0303 0
35 88 66 3.0677 0
73 114 66 3.0749 0
82 73 72 2.8221 0
42 50 56 3.0114 0
67 40 55 2.9886 0
98 79 63 3.0171 0
55 40 56 3.0345 0
71 67 55 2.9538 0
84 35 55 2.8313 0
83 103 72 2.8221 0
56 85 63 2.7691 0
75 11 71 2.744 0
89 86 55 2.8221 0
101 97 55 2.8221 0
73 15 59 2.8635 0
85 107 55 2.8221 0
67 68 68 2.7998 0
63 79 69 2.834 0
71 59 66 2.8347 0
56 59 64 2.8114 0
83 60 72 2.8221 0
93 108 55 2.8221 0
19 70 55 2.8246 0
82 8 65 2.6179 0
20 64 63 1.4273 0
20 38 63 1.3415 0
63 37 63 1.395 0
89 19 65 2.5984 0
96 113 63 2.5075 0
56 49 67 2.5651 0
13 49 58 2.4943 0
43 30 63 2.6175 0
89 61 67 2.6264 0
34 50 63 1.117 0
41 84 59 2.5561 0
12 42 61 2.527 0
87 54 70 2.5625 0
27 74 60 2.3024 0
56 47 60 2.4398 0
107 100 69 2.4182 0
0
