128
127 0 127 70.6472 0
0 0 0 70.6472 0
127 127 0 70.6472 0
0 127 127 70.6472 0
27 100 27 35.3619 0
100 100 100 35.3619 0
100 27 27 35.3619 0
27 27 100 35.3619 0
51 56 56 21.2572 0
65 122 65 17.746 0
65 5 62 17.746 0
122 65 65 17.746 0
5 65 62 17.746 0
85 56 75 15.2948 0
77 83 56 14.691 0
55 88 75 13.2173 0
68 33 76 11.4545 0
33 75 74 9.4957 0
95 65 53 9.2842 0
51 26 55 7.1414 0
66 30 55 7.1414 0
86 34 70 6.1721 0
58 96 56 6.1574 0
36 91 68 6.1653 0
43 17 62 5.67 0
110 43 65 5.67 0
17 43 62 5.67 0
43 110 65 5.67 0
80 105 57 5.2327 0
105 80 57 5.2327 0
27 59 70 5.1256 0
71 98 70 5.1256 0
28 71 57 5.1256 0
18 86 65 4.6675 0
86 18 65 4.6675 0
34 35 59 4.5893 0
77 35 61 4.364 0
93 74 68 4.5893 0
24 52 58 4.1178 0
96 89 58 4.1521 0
53 31 69 4.1521 0
100 41 69 4.1178 0
103 53 58 4.1178 0
27 42 58 4.1178 0
51 105 59 3.2745 0
34 80 61 3.4257 0
52 22 68 3.2745 0
78 22 68 3.2745 0
68 100 59 3.1099 0
51 104 68 3.1111 0
22 50 68 3.2745 0
76 25 59 3.1099 0
104 52 68 3.1111 0
100 68 68 3.1099 0
40 27 59 3.1099 0
91 96 59 3.1536 0
103 76 68 3.1099 0
48 94 60 3.164 0
96 77 59 3.1536 0
41 100 68 3.1099 0
27 86 68 3.1099 0
93 43 63 3.0874 0
81 107 66 3.0023 0
107 88 62 2.6731 0
88 107 62 2.6731 0
46 33 66 2.5324 0
95 50 60 2.5398 0
22 79 60 2.326 0
94 82 66 2.5324 0
22 78 67 2.326 0
96 32 67 2.1624 0
106 82 66 2.1449 0
58 25 67 2.102 0
63 101 67 2.102 0
94 37 65 2.1453 0
31 47 67 2.1624 0
41 33 62 2.1453 0
59 33 62 2.1453 0
101 61 67 2.102 0
33 42 65 2.1453 0
80 99 67 2.102 0
26 67 67 2.102 0
47 27 67 2.102 0
89 25 67 2.102 0
25 35 60 2.102 0
85 99 60 2.102 0
28 63 60 2.102 0
103 72 60 2.102 0
34 100 67 2.102 0
27 93 67 2.102 0
35 106 65 1.6905 0
106 35 65 1.6905 0
34 21 62 1.6905 0
93 21 65 1.6905 0
21 93 65 1.6905 0
21 35 63 1.6106 0
79 21 62 1.6905 0
94 27 66 1.0941 0
105 93 61 1.4383 0
93 105 61 1.4383 0
100 94 61 1.0941 0
59 25 61 1.0941 0
31 66 66 1.1909 0
28 82 61 1.0941 0
28 31 61 1.0941 0
75 104 66 1.097 0
27 78 61 1.0941 0
32 86 62 1.1775 0
33 28 61 1.0941 0
26 46 66 1.0941 0
96 56 61 1.1909 0
29 48 61 1.0941 0
99 44 61 1.0941 0
44 101 61 1.0941 0
81 27 61 1.0941 0
63 102 61 1.0941 0
46 102 66 1.0941 0
102 32 66 1.0941 0
45 31 61 1.1909 0
84 31 61 1.1909 0
32 84 65 1.1775 0
104 47 61 1.097 0
102 86 61 1.0941 0
95 68 65 1.1775 0
103 59 61 1.0941 0
65 96 66 1.1909 0
79 31 66 1.1909 0
96 95 61 1.1909 0
0
