128
127 127 0 75.8309 0
0 127 127 73.7225 0
0 0 0 73.6337 0
127 0 127 72.538 0
33 32 95 30.7429 0
96 29 32 30.3754 0
31 94 33 29.4149 0
91 91 93 28.7428 0
61 59 46 16.7665 0
13 63 64 16.0081 0
112 61 63 15.4338 0
54 126 55 14.486 0
54 71 79 14.2938 0
72 0 58 13.9367 0
73 49 78 13.315 0
74 126 75 12.779 0
88 66 52 10.4077 0
70 85 52 10.3628 0
50 3 70 10.0742 0
61 23 53 9.3495 0
61 107 72 9.1902 0
69 26 74 9.1944 0
48 38 57 8.6792 0
36 57 54 8.2903 0
48 92 69 8.0982 0
66 105 55 7.6141 0
33 76 72 7.1868 0
88 62 70 6.7875 0
93 47 71 6.3382 0
37 62 69 6.2878 0
69 38 57 6.0876 0
78 109 65 5.6048 0
83 30 67 5.5296 0
47 18 63 5.5261 0
54 80 57 5.5198 0
63 89 70 5.1099 0
79 97 60 5.27 0
73 71 70 5.1455 0
52 52 70 5.1929 0
86 84 57 5.114 0
42 70 57 5.1508 0
80 52 57 5.1099 0
115 82 68 4.8417 0
58 17 69 4.5494 0
53 103 60 4.4181 0
33 43 58 4.3318 0
57 40 69 4.4402 0
11 42 68 4.3225 0
96 79 58 4.2181 0
56 91 58 4.1053 0
68 80 69 4.102 0
24 82 66 4.0406 0
101 41 65 4.06 0
73 28 60 3.9738 0
72 116 59 3.7716 0
67 63 67 3.7735 0
76 80 65 3.7026 0
103 82 63 3.5562 0
35 89 68 3.6012 0
74 72 59 3.4353 0
79 39 61 3.5377 0
25 42 62 3.5178 0
32 69 59 3.4905 0
57 31 68 3.3841 0
93 54 59 3.3159 0
54 12 59 3.099 0
90 37 68 3.1258 0
61 56 67 3.1133 0
46 51 59 3.0941 0
71 99 68 3.1698 0
71 20 62 3.0658 0
27 49 59 3.0941 0
76 64 60 2.8484 0
74 89 65 2.8112 0
45 78 60 2.7389 0
67 73 61 2.6531 0
47 59 67 2.647 0
78 64 67 2.6416 0
52 25 67 2.6439 0
56 84 66 2.5926 0
67 37 67 2.3929 0
80 76 60 2.3033 0
46 60 60 2.3027 0
73 48 60 2.4308 0
92 72 67 2.4243 0
34 52 67 2.231 0
45 81 67 2.3183 0
93 31 66 2.1453 0
60 97 60 2.3565 0
55 72 61 2.295 0
81 74 67 2.0863 0
28 75 60 2.2155 0
97 86 61 2.2896 0
33 35 61 2.2868 0
83 39 67 2.2296 0
40 53 67 2.1947 0
60 36 60 2.0904 0
61 75 60 2.0927 0
98 73 67 2.1644 0
59 48 67 2.1643 0
45 48 67 2.1606 0
39 83 67 2.1981 0
28 51 67 2.1298 0
90 48 60 2.0863 0
19 41 65 2.1787 0
86 72 67 2.1114 0
58 45 60 2.1224 0
16 89 62 2.0948 0
100 47 60 2.1334 0
85 44 60 2.0863 0
50 68 60 2.0863 0
34 76 60 2.0884 0
97 35 67 2.1111 0
86 52 67 2.0881 0
39 47 60 2.0863 0
50 26 61 2.0369 0
19 44 60 2.1029 0
69 96 60 2.0976 0
42 76 67 2.0863 0
60 11 63 2.0916 0
85 44 67 2.0863 0
87 54 62 1.9165 0
92 88 61 2.0069 0
44 84 61 1.9671 0
37 70 64 1.902 0
65 113 62 1.9332 0
83 80 64 1.8084 0
66 46 61 1.717 0
0
