128
63 63 127 67.1513 0
127 127 0 63.5216 0
0 0 0 62.7503 0
127 0 1 61.9072 0
0 127 2 61.8612 0
43 64 39 21.6857 0
86 62 39 20.1057 0
103 0 80 19.4531 0
24 0 80 19.4531 0
127 100 80 19.2185 0
28 127 79 18.9753 0
98 127 79 18.521 0
0 99 79 18.3964 0
127 30 81 17.1367 0
0 29 79 16.9126 0
64 30 39 16.385 0
63 97 39 15.9007 0
63 127 44 12.5498 0
127 63 43 12.3391 0
0 63 43 12.3391 0
64 0 43 11.9938 0
63 127 80 10.7581 0
127 69 81 10.7952 0
0 69 80 10.2282 0
55 0 81 9.9839 0
46 0 58 9.7357 0
81 0 59 9.7357 0
82 89 56 9.6219 0
127 50 62 9.3416 0
0 51 63 9.2201 0
84 37 57 9.0987 0
126 79 59 9.0512 0
43 37 57 9.1067 0
45 90 57 8.793 0
2 81 57 8.8224 0
76 126 62 8.2723 0
74 3 81 8.2381 0
49 124 60 7.8889 0
95 79 61 6.3304 0
62 1 64 6.3394 0
110 74 46 6.1982 0
110 50 46 6.1982 0
17 75 46 6.1982 0
31 48 60 6.2355 0
96 48 62 6.239 0
18 51 46 6.1982 0
110 22 65 6.0889 0
64 100 62 6.041 0
60 27 62 6.1067 0
31 78 61 5.8784 0
7 52 80 5.7541 0
105 107 64 5.5323 0
22 107 64 5.5323 0
8 38 58 5.3653 0
17 23 64 5.5083 0
119 53 80 5.3779 0
3 67 63 5.3502 0
77 113 47 5.1904 0
88 118 58 5.2199 0
118 36 60 5.1377 0
100 83 47 5.2108 0
78 14 47 5.1904 0
50 11 47 5.1904 0
50 113 47 5.1904 0
73 27 60 5.0291 0
31 40 48 4.9299 0
33 89 48 4.5756 0
96 39 48 4.6584 0
63 109 70 4.6096 0
116 92 59 4.6751 0
33 11 59 4.5923 0
94 11 59 4.5923 0
28 67 62 4.4877 0
12 93 59 4.4182 0
102 103 79 4.2901 0
96 67 62 4.4444 0
24 102 79 4.2727 0
37 116 59 4.3718 0
85 25 48 4.1825 0
76 117 79 4.3002 0
7 46 50 4.2647 0
105 25 79 4.2613 0
123 66 65 4.2282 0
82 102 48 4.1825 0
42 101 48 4.1825 0
22 25 79 4.2613 0
50 116 79 4.1933 0
110 62 48 4.1825 0
17 63 48 4.1825 0
24 84 48 4.1825 0
45 25 48 4.2022 0
61 122 65 4.1748 0
101 58 65 4.0669 0
53 99 64 3.9341 0
26 17 62 3.7247 0
119 45 50 3.7924 0
101 17 61 3.7247 0
75 99 64 3.6347 0
65 109 56 3.6393 0
96 112 59 3.6124 0
45 13 78 3.1746 0
7 79 70 3.3957 0
49 27 64 3.4167 0
33 39 66 3.2822 0
82 14 78 3.1746 0
110 98 63 3.1336 0
51 26 56 3.1786 0
94 91 49 3.2252 0
11 79 78 3.1768 0
81 28 67 3.087 0
116 79 78 3.1768 0
30 111 60 3.2234 0
45 7 71 3.1267 0
14 45 78 3.1746 0
105 40 49 3.1746 0
90 98 49 3.1746 0
64 11 78 3.1746 0
101 72 67 3.1741 0
92 30 49 3.1746 0
112 46 78 3.1746 0
106 34 78 3.1746 0
96 23 78 3.1746 0
36 28 49 3.1746 0
22 41 49 3.1746 0
17 98 64 3.1336 0
120 78 71 3.0383 0
82 7 71 3.1267 0
91 90 67 2.9945 0
0
