128
127 127 0 62.2188 0
0 0 127 62.2187 0
127 0 127 62.0786 0
0 127 0 62.0786 0
127 0 0 57.2211 0
0 127 127 57.2209 0
0 0 0 57.2139 0
127 127 127 57.2138 0
63 48 0 20.6123 0
64 79 127 20.6121 0
64 0 40 15.8693 0
63 127 87 15.8692 0
127 60 42 14.7372 0
0 67 85 14.7369 0
0 60 42 14.7291 0
127 67 85 14.7288 0
64 83 10 13.7128 0
63 44 117 13.7126 0
87 127 67 13.3634 0
40 0 60 13.3634 0
88 0 61 13.4932 0
39 127 66 13.4931 0
0 90 66 12.5313 0
127 37 61 12.5309 0
34 61 15 12.3396 0
93 66 112 12.3394 0
93 61 15 12.3997 0
34 66 112 12.3995 0
63 127 42 12.2947 0
0 37 61 12.3774 0
127 90 66 12.3774 0
63 0 85 12.2946 0
65 23 23 11.2647 0
62 104 104 11.2646 0
63 102 24 8.7123 0
64 25 103 8.7121 0
18 107 66 8.0401 0
109 20 61 8.0399 0
109 107 66 7.9569 0
18 20 61 7.9567 0
106 55 31 7.4841 0
21 72 96 7.4839 0
21 55 31 7.3978 0
106 72 96 7.3976 0
82 43 21 6.9593 0
45 84 106 6.9591 0
44 44 21 6.7928 0
83 83 106 6.7926 0
67 0 65 6.7818 0
60 127 62 6.7815 0
45 77 19 6.3656 0
82 50 108 6.3655 0
3 56 66 6.2442 0
124 71 61 6.2441 0
3 71 61 6.0712 0
124 56 66 6.071 0
79 9 78 5.9883 0
79 118 50 5.7001 0
83 77 20 5.8532 0
44 50 107 5.8531 0
48 9 77 5.7001 0
48 118 50 5.6874 0
83 12 45 5.6348 0
44 115 82 5.6347 0
7 79 50 5.5311 0
120 48 77 5.5308 0
120 80 50 5.6175 0
7 47 77 5.6174 0
51 18 36 5.65 0
76 109 91 5.6499 0
14 44 44 5.4228 0
113 83 83 5.4226 0
112 45 43 5.4135 0
15 82 84 5.4133 0
82 115 82 5.3292 0
45 12 45 5.3291 0
49 32 26 5.0724 0
78 95 101 5.0722 0
22 69 29 5.2663 0
105 58 98 5.2662 0
106 69 30 5.1607 0
21 58 97 5.1605 0
75 67 16 5.047 0
52 60 111 5.0468 0
78 19 36 5.0522 0
49 108 91 5.052 0
52 67 16 5.1261 0
75 60 111 5.1259 0
16 32 53 5.0942 0
111 95 74 5.0942 0
111 33 52 4.8857 0
16 94 75 4.8858 0
29 112 73 4.8179 0
98 15 54 4.8179 0
57 111 34 4.7266 0
70 16 93 4.7264 0
57 16 93 4.7046 0
70 111 34 4.7046 0
98 112 73 4.7388 0
29 15 54 4.7386 0
80 32 27 4.6859 0
47 95 100 4.6857 0
74 92 24 4.6125 0
53 35 103 4.6124 0
56 5 69 4.5971 0
71 122 58 4.5969 0
32 47 27 4.5482 0
95 80 100 4.548 0
95 47 27 4.5078 0
32 80 100 4.5077 0
51 89 23 4.2035 0
76 38 104 4.2034 0
111 96 58 4.2271 0
16 31 69 4.227 0
16 96 58 4.1373 0
111 31 69 4.1371 0
98 113 60 3.7955 0
29 14 67 3.7953 0
93 75 26 4.1005 0
34 52 101 4.1003 0
93 52 101 3.9804 0
34 75 26 3.9804 0
29 113 59 4.0601 0
98 14 68 4.0601 0
57 38 23 3.8753 0
70 89 104 3.8751 0
38 13 73 3.8199 0
89 114 54 3.8198 0
0
