128
63 0 0 73.1322 0
127 127 127 68.0652 0
0 1 127 67.2826 0
0 127 1 67.1922 0
127 113 3 55.3342 0
125 10 107 49.4799 0
15 112 112 44.6634 0
68 97 59 25.3164 0
71 57 116 21.1764 0
0 42 52 17.0959 0
65 37 84 15.9573 0
127 43 49 15.7189 0
0 76 66 13.8777 0
127 75 63 13.3463 0
61 82 95 11.7397 0
30 86 63 11.6162 0
45 71 44 11.1576 0
33 42 68 10.6084 0
89 42 69 10.6084 0
103 85 60 10.6084 0
42 63 101 10.2319 0
63 60 60 10.35 0
84 72 38 9.8244 0
10 56 32 8.2277 0
98 62 97 8.0506 0
81 80 86 7.9494 0
114 56 32 7.9108 0
123 63 82 7.8778 0
82 60 53 7.5871 0
103 45 56 7.5847 0
45 82 79 7.5847 0
5 56 75 7.3023 0
43 48 86 7.2349 0
86 49 89 7.1385 0
24 64 79 4.3173 0
25 64 34 7.0329 0
103 64 72 4.3173 0
5 66 88 6.8699 0
52 46 66 6.9573 0
5 67 46 6.8699 0
120 54 69 6.3996 0
95 81 76 6.5769 0
24 64 93 6.441 0
46 56 56 6.5028 0
103 63 49 4.3173 0
101 65 34 6.4114 0
24 64 52 4.3173 0
121 67 45 5.862 0
16 47 71 5.802 0
24 47 54 5.569 0
24 63 66 4.3173 0
50 71 61 5.2901 0
86 70 95 5.263 0
106 48 70 4.5611 0
74 49 65 4.9812 0
97 79 45 4.5611 0
53 53 95 4.7172 0
16 79 55 4.6795 0
18 79 74 4.5611 0
30 79 47 4.5611 0
109 79 74 4.5611 0
103 64 84 4.3173 0
103 63 59 4.3173 0
46 75 90 4.391 0
86 73 53 4.1434 0
115 63 93 4.0245 0
78 68 62 3.8942 0
107 49 43 3.5532 0
113 77 51 3.7511 0
116 73 78 3.7506 0
89 49 55 3.6789 0
45 78 67 3.5532 0
30 78 79 3.5533 0
85 60 94 3.6393 0
20 49 43 3.5532 0
38 57 47 3.6149 0
31 49 83 3.5532 0
76 72 95 3.4823 0
37 49 55 3.5558 0
99 49 80 3.5532 0
90 78 66 3.5532 0
24 49 78 3.5532 0
90 59 43 3.3406 0
113 51 61 3.3021 0
12 73 82 3.1437 0
38 76 87 3.1973 0
118 62 54 2.8384 0
35 54 92 3.0294 0
34 71 92 3.0057 0
9 61 57 2.8384 0
56 67 97 2.9898 0
9 57 64 3.0289 0
70 77 82 2.9168 0
103 55 37 2.8714 0
14 67 37 2.8714 0
111 67 37 2.8714 0
21 54 37 2.8714 0
77 59 64 2.748 0
31 74 37 2.8715 0
42 76 58 2.8447 0
9 66 78 2.8384 0
118 59 60 2.8384 0
51 50 77 2.5454 0
63 77 80 2.5454 0
55 77 81 2.7108 0
35 61 38 2.588 0
92 77 89 2.6103 0
44 50 73 2.5454 0
98 50 47 2.5454 0
57 71 67 2.5083 0
79 50 79 2.5581 0
36 77 74 2.5454 0
17 50 62 2.566 0
105 77 46 2.5454 0
93 77 52 2.5454 0
18 77 66 2.5454 0
104 77 81 2.5454 0
20 77 47 2.5454 0
83 77 75 2.5454 0
77 50 73 2.5454 0
91 77 59 2.5454 0
32 50 50 2.5454 0
82 52 61 2.4152 0
11 72 53 2.3786 0
76 53 88 2.3425 0
112 52 77 2.2994 0
90 54 48 2.3603 0
13 54 82 2.4313 0
0
