128
127 92 127 61.6619 0
0 92 0 61.6619 0
0 0 127 68.7478 0
127 127 0 68.7478 0
92 0 0 61.6683 0
9 127 118 57.8558 0
103 0 98 35.8219 0
57 62 89 22.3744 0
19 19 39 21.861 0
69 69 40 20.2152 0
127 54 46 15.7166 0
54 127 46 15.6852 0
75 127 82 14.4333 0
47 42 46 13.9949 0
66 99 81 13.5834 0
127 32 67 13.5061 0
64 27 80 12.9871 0
21 67 80 12.9871 0
88 45 80 12.9871 0
99 57 49 10.9713 0
65 100 49 10.9713 0
42 0 55 10.9745 0
0 42 55 10.9658 0
0 76 73 9.5555 0
60 0 76 8.9388 0
0 56 72 8.3289 0
79 81 75 7.9477 0
97 77 52 7.9477 0
25 47 52 7.9477 0
110 45 75 7.9477 0
48 89 52 7.9477 0
48 19 52 7.9477 0
42 69 52 7.9477 0
41 87 75 7.9477 0
94 120 70 7.527 0
75 127 58 7.4536 0
127 75 58 7.4479 0
33 119 56 7.2645 0
42 39 75 7.356 0
85 89 53 6.9398 0
84 45 53 6.9398 0
45 106 53 6.9398 0
28 48 74 6.9398 0
112 71 53 6.9398 0
86 65 74 6.9398 0
69 44 53 6.9398 0
54 126 70 6.5767 0
126 54 69 6.2187 0
107 41 54 5.9319 0
63 31 54 5.9319 0
87 107 73 5.8207 0
73 1 67 5.7138 0
59 1 60 5.2004 0
86 94 73 5.1464 0
27 85 72 4.9241 0
110 22 62 4.8451 0
81 103 55 4.9241 0
13 54 55 4.9241 0
26 62 55 4.9241 0
100 63 72 4.9241 0
77 114 55 4.9241 0
14 83 72 4.9241 0
13 50 72 4.9241 0
37 74 72 4.9241 0
102 34 72 4.9241 0
36 56 55 4.9241 0
43 122 64 4.5016 0
7 89 67 4.5183 0
55 114 76 4.2413 0
2 60 59 4.3473 0
71 43 73 4.2993 0
82 28 76 4.257 0
62 58 62 4.2652 0
47 99 76 4.2413 0
53 13 76 4.2413 0
58 84 72 4.0373 0
37 81 56 3.9162 0
37 96 56 3.9162 0
52 58 56 3.9162 0
94 37 56 3.9162 0
47 6 70 3.932 0
115 57 71 3.9162 0
125 65 66 4.0409 0
92 29 71 3.9162 0
74 32 56 3.9162 0
91 85 71 3.9162 0
40 27 71 3.9162 0
38 28 56 3.9162 0
111 31 56 3.946 0
32 36 56 3.9162 0
77 57 71 3.9162 0
38 54 71 3.9162 0
96 72 71 3.9162 0
108 83 56 3.9162 0
36 63 71 3.9162 0
73 88 56 3.9162 0
30 72 56 3.9162 0
62 20 56 3.9162 0
11 32 61 3.7578 0
32 11 61 3.7317 0
68 68 65 3.5968 0
61 42 71 3.5051 0
99 99 67 3.3721 0
28 99 60 3.3721 0
99 28 60 3.3721 0
120 86 61 3.3357 0
28 28 65 3.3529 0
23 109 60 3.462 0
58 67 62 3.4467 0
102 110 68 3.1695 0
86 120 61 3.3324 0
71 9 75 3.2565 0
67 81 70 2.9083 0
50 107 75 3.2334 0
46 23 75 3.2334 0
44 16 71 3.2425 0
31 37 70 2.9083 0
3 68 62 3.1875 0
56 10 57 2.9083 0
68 117 57 2.9083 0
87 66 57 2.9083 0
34 104 57 2.9083 0
63 124 64 3.036 0
56 110 57 2.9083 0
58 52 57 2.9083 0
94 95 57 2.9083 0
53 42 72 3.0453 0
39 101 70 2.9083 0
0
