128
65 63 108 29.7053 0
0 127 0 52.7617 0
127 0 0 52.7847 0
0 127 127 59.6703 0
0 0 127 59.6721 0
127 127 127 59.6747 0
127 0 127 59.6723 0
0 0 0 52.7835 0
127 127 0 52.7609 0
70 65 0 29.7675 0
64 0 67 19.4323 0
83 127 59 19.4405 0
0 83 60 19.4135 0
127 83 60 19.4156 0
86 63 60 18.0317 0
43 126 59 18.75 0
126 43 59 18.7411 0
1 43 59 18.7378 0
41 63 65 18.0325 0
64 1 30 15.7758 0
126 63 29 15.5552 0
1 63 29 15.5545 0
63 126 29 15.5255 0
32 11 59 14.1468 0
96 12 59 13.8208 0
63 124 87 13.7477 0
29 59 16 13.6415 0
124 63 88 13.415 0
3 63 88 13.4111 0
64 21 97 12.0761 0
59 27 18 11.6257 0
58 100 19 10.6179 0
104 104 63 10.1622 0
23 104 64 10.1619 0
40 86 85 10.0517 0
24 64 106 9.7852 0
40 41 84 9.6958 0
87 85 82 9.7605 0
87 42 81 9.4687 0
56 100 94 9.4041 0
62 72 47 9.2203 0
105 63 106 9.0908 0
102 54 21 8.9235 0
41 84 21 8.7793 0
103 73 21 8.7186 0
64 104 67 7.8894 0
97 58 85 8.7303 0
29 56 89 8.1862 0
63 29 67 8.0186 0
43 41 22 7.7914 0
59 54 45 7.7258 0
76 98 91 7.712 0
37 82 46 7.6286 0
37 44 46 7.5755 0
78 34 22 7.5942 0
78 97 22 7.5942 0
98 74 92 7.4002 0
44 13 40 7.0313 0
83 13 40 6.9964 0
64 76 67 6.8057 0
22 29 49 6.835 0
28 72 87 6.9534 0
22 29 68 6.8743 0
90 84 45 6.7844 0
105 29 70 6.8408 0
64 51 67 6.802 0
105 29 49 6.8359 0
89 41 46 6.5128 0
21 96 48 6.3525 0
44 14 78 6.0637 0
107 94 46 6.0166 0
85 15 77 5.9088 0
95 106 46 5.795 0
32 106 46 5.7943 0
80 28 89 5.8582 0
113 82 37 5.7154 0
14 82 37 5.7126 0
91 84 24 5.5785 0
45 113 37 5.7342 0
14 45 37 5.6961 0
113 45 37 5.6923 0
31 69 43 5.6301 0
88 44 24 5.6556 0
19 76 24 5.5878 0
76 19 24 5.5868 0
48 27 89 5.5232 0
113 46 81 5.3768 0
88 87 65 5.5179 0
14 46 81 5.351 0
39 87 60 5.5024 0
46 113 81 5.3444 0
81 113 35 5.3716 0
81 113 81 5.3548 0
113 80 82 5.0382 0
91 108 75 5.1612 0
36 108 75 5.1655 0
29 56 45 5.0651 0
14 80 83 5.034 0
38 39 68 4.9375 0
107 92 74 4.8525 0
47 68 42 4.9159 0
43 56 42 4.9159 0
89 39 66 4.933 0
20 92 75 4.8427 0
73 52 43 4.888 0
98 74 78 4.7694 0
77 14 86 4.5375 0
46 56 25 4.5706 0
56 43 25 4.5706 0
45 67 25 4.5706 0
55 85 25 4.5706 0
56 35 88 4.3657 0
61 115 47 4.4175 0
12 61 71 4.4085 0
115 61 71 4.4083 0
12 61 47 4.4023 0
115 61 47 4.4015 0
54 13 48 4.2211 0
95 51 42 4.3218 0
95 23 75 4.1681 0
32 23 75 4.1651 0
76 76 43 4.1507 0
67 50 55 4.1761 0
56 77 77 4.1809 0
74 77 77 4.1809 0
95 23 43 4.1459 0
32 23 43 4.1387 0
73 13 48 4.2252 0
0
