128
127 127 127 55.7862 0
0 0 0 54.5311 0
0 0 127 55.7862 0
127 0 127 55.7861 0
0 127 127 55.7861 0
127 0 0 54.5759 0
127 127 0 54.5759 0
0 127 0 54.5311 0
64 64 0 23.2379 0
127 50 63 24.3969 0
77 0 63 24.3799 0
0 50 63 24.3729 0
77 127 63 24.3711 0
60 53 127 15.6001 0
14 93 63 17.0093 0
113 93 63 17.0052 0
34 14 63 16.9998 0
62 89 127 15.6001 0
91 64 127 15.6001 0
40 113 56 14.1511 0
27 64 9 13.5496 0
64 27 9 13.5496 0
64 115 98 13.3178 0
63 12 98 13.3178 0
31 64 124 13.057 0
62 117 28 12.9242 0
117 65 29 12.8826 0
117 63 99 12.864 0
10 63 99 12.864 0
11 68 32 12.067 0
59 11 32 12.0291 0
99 63 11 11.5338 0
62 98 11 11.5338 0
64 25 120 11.1598 0
100 27 71 10.9557 0
46 111 81 9.9883 0
101 32 49 8.3242 0
109 79 85 8.229 0
18 79 85 8.229 0
93 102 48 7.8501 0
25 34 48 7.836 0
25 34 78 7.813 0
93 102 78 7.8099 0
81 41 15 7.5023 0
43 83 15 7.5023 0
79 88 15 7.5023 0
108 82 40 7.4954 0
41 48 15 7.5023 0
46 19 86 7.1452 0
78 18 35 7.1181 0
18 49 35 7.0951 0
106 47 89 6.9744 0
21 47 89 6.9718 0
108 47 37 6.806 0
80 108 37 6.7783 0
32 99 79 6.7587 0
77 39 118 6.5363 0
43 21 40 6.4953 0
21 84 40 6.481 0
49 72 118 6.5293 0
85 22 85 6.4062 0
81 107 88 6.1836 0
29 95 44 6.0541 0
88 24 45 5.8315 0
54 18 50 5.7741 0
47 107 37 5.8764 0
18 73 49 5.7955 0
71 70 117 5.5214 0
40 47 117 5.5821 0
109 72 50 5.5775 0
82 85 117 5.5568 0
88 76 17 5.4866 0
57 109 45 5.3018 0
57 18 78 5.2507 0
100 91 84 5.017 0
72 102 112 4.9106 0
50 35 116 4.9679 0
91 100 62 5.0108 0
27 36 62 5.0091 0
55 103 111 4.8775 0
104 72 110 4.9131 0
36 28 84 4.8802 0
104 55 110 4.9147 0
54 42 18 4.4787 0
39 80 116 4.636 0
87 46 116 4.6177 0
19 72 71 4.607 0
46 35 18 4.4787 0
108 72 71 4.585 0
23 77 99 4.474 0
23 73 109 4.5469 0
23 54 109 4.5452 0
78 51 116 4.5135 0
87 53 18 4.4787 0
27 90 86 4.4002 0
104 77 100 4.4743 0
90 27 56 4.3957 0
100 37 84 4.3991 0
20 52 23 4.3196 0
75 20 23 4.2705 0
40 99 90 4.1749 0
99 91 39 4.2222 0
92 31 87 4.1643 0
74 106 20 4.14 0
88 98 90 4.0831 0
34 30 39 3.9753 0
108 59 84 4.0107 0
19 59 84 4.0106 0
61 108 81 3.8794 0
47 105 95 3.9383 0
106 50 25 3.9018 0
54 107 68 3.7989 0
38 100 37 3.849 0
73 20 85 3.8266 0
100 38 37 3.821 0
45 88 115 3.8092 0
108 62 44 3.8132 0
79 22 95 3.5802 0
68 43 19 3.4708 0
20 72 60 3.6326 0
55 20 61 3.594 0
78 94 114 3.6877 0
55 83 19 3.4708 0
105 79 27 3.627 0
24 50 100 3.5077 0
107 72 60 3.5988 0
96 49 19 3.4708 0
40 101 71 3.5286 0
0
