128
127 127 0 70.9219 0
0 0 0 70.7447 0
0 127 127 70.6886 0
127 0 127 70.6885 0
26 26 101 35.7226 0
100 25 27 34.8016 0
100 101 100 34.7525 0
26 101 27 34.7481 0
65 65 42 19.4009 0
69 58 85 19.2111 0
127 67 67 17.8243 0
0 63 63 17.2611 0
63 114 63 17.0035 0
64 13 65 17.0035 0
39 70 78 12.5288 0
58 88 78 12.1562 0
98 67 50 11.2529 0
29 60 50 11.1796 0
100 59 76 10.4648 0
53 38 51 10.2837 0
76 90 53 8.78 0
77 34 73 7.5636 0
58 89 54 7.1174 0
89 44 72 6.7971 0
117 43 62 6.7433 0
36 43 55 6.1627 0
74 43 55 6.2824 0
24 58 72 6.2341 0
20 75 72 6.1583 0
91 84 55 6.1098 0
45 52 72 6.1732 0
41 73 55 6.196 0
86 53 55 6.1961 0
61 36 72 6.1784 0
76 82 71 6.0658 0
88 73 71 5.9342 0
39 90 71 5.8994 0
43 24 60 5.8179 0
85 103 61 5.6531 0
42 103 66 5.6461 0
85 24 66 5.6461 0
110 53 56 5.1036 0
45 52 56 5.1605 0
12 43 63 4.9568 0
12 84 61 4.7575 0
100 74 69 4.5698 0
50 40 70 4.6907 0
114 87 64 4.6547 0
51 79 58 4.5398 0
26 75 58 4.5387 0
28 84 70 4.3774 0
101 43 69 4.5387 0
74 94 70 4.4168 0
24 45 57 4.2719 0
52 63 68 4.2738 0
110 79 57 4.2279 0
82 75 57 4.1656 0
46 63 58 4.1216 0
98 52 57 4.1362 0
67 34 57 4.0963 0
84 64 58 4.1216 0
55 73 70 4.0925 0
76 32 59 3.8806 0
88 63 66 3.7908 0
64 75 68 3.4403 0
87 55 69 3.6486 0
90 33 69 3.6479 0
64 45 59 3.6164 0
102 85 58 3.4247 0
77 63 63 3.4401 0
111 51 69 3.2789 0
52 31 68 3.2788 0
39 44 67 3.1771 0
38 33 59 3.3537 0
51 96 60 3.3744 0
76 72 67 3.2692 0
39 62 63 3.3347 0
16 49 69 3.3576 0
76 54 60 3.3744 0
33 50 69 3.1169 0
90 94 58 3.2651 0
51 70 61 3.0867 0
76 44 66 3.0867 0
45 86 58 3.1091 0
88 83 67 3.0348 0
26 37 60 3.1645 0
51 47 63 2.9271 0
17 76 58 3.0896 0
100 92 61 3.1288 0
26 66 64 3.1539 0
100 78 61 3.1288 0
17 50 58 3.1089 0
26 47 67 3.1645 0
101 35 65 3.041 0
26 92 66 3.0851 0
55 48 69 3.0847 0
108 78 69 3.0846 0
84 43 58 3.0847 0
51 89 63 3.0426 0
55 51 58 3.0847 0
63 80 60 3.073 0
39 82 60 2.9711 0
51 57 61 2.9727 0
76 80 61 2.9728 0
39 53 63 2.8256 0
88 38 62 2.5963 0
39 37 65 2.8256 0
88 71 61 2.7169 0
26 53 63 2.8117 0
50 98 67 2.7625 0
63 93 63 2.7101 0
64 53 63 2.7102 0
63 68 65 2.7101 0
37 57 68 2.6765 0
32 100 65 2.674 0
88 91 64 2.6676 0
94 27 66 2.6569 0
33 27 61 2.6468 0
94 100 62 2.5964 0
100 45 60 2.5797 0
50 80 67 2.5783 0
64 86 63 2.4809 0
63 47 66 2.5332 0
91 45 59 2.2935 0
104 63 63 2.4626 0
32 63 65 2.4545 0
63 39 63 2.4809 0
59 63 64 2.4171 0
0
