128
127 0 127 68.3229 0
0 0 0 68.3229 0
127 127 0 68.3229 0
0 127 127 68.3229 0
111 111 111 43.8547 0
17 17 110 43.2151 0
109 18 18 42.3784 0
18 109 18 42.3784 0
63 65 93 24.0201 0
64 65 37 22.7628 0
3 63 64 20.0884 0
124 66 66 20.0884 0
65 3 63 19.5683 0
66 127 73 15.7717 0
65 100 47 12.5106 0
58 31 48 11.5027 0
31 58 48 11.5027 0
97 62 49 10.4948 0
96 59 81 10.3424 0
30 68 80 10.1812 0
65 30 87 10.0337 0
63 99 90 8.5131 0
50 113 59 8.5283 0
88 83 51 8.4791 0
85 113 64 8.4817 0
76 40 52 7.4713 0
39 77 52 7.4712 0
40 40 52 7.4712 0
85 44 80 7.2452 0
111 40 64 6.986 0
30 51 74 6.584 0
97 78 74 6.584 0
41 16 65 6.4659 0
50 88 53 6.4633 0
17 39 63 5.9782 0
17 87 65 5.9782 0
110 89 63 5.9782 0
39 83 80 5.9357 0
53 107 77 5.7252 0
89 46 54 5.4555 0
97 44 73 5.5961 0
90 17 64 5.4586 0
83 97 54 5.4555 0
76 26 54 5.4555 0
104 79 54 5.471 0
43 45 78 5.4164 0
28 83 73 5.4555 0
25 74 54 5.4555 0
85 81 79 5.3093 0
64 46 69 5.2508 0
50 91 85 4.9459 0
74 107 76 4.9562 0
74 92 83 4.7267 0
105 49 55 4.6526 0
45 22 55 4.5322 0
36 109 65 4.5679 0
79 32 80 4.4717 0
53 46 55 4.5225 0
75 87 55 4.4476 0
26 42 55 4.4476 0
73 43 75 4.2352 0
56 19 80 4.2838 0
51 36 81 4.3364 0
55 43 75 4.2352 0
71 112 59 4.1692 0
64 107 79 4.0793 0
32 93 70 3.9273 0
32 40 70 3.9273 0
95 89 70 3.9273 0
64 45 57 3.7557 0
95 34 70 3.9273 0
75 19 79 3.794 0
55 53 68 3.7067 0
72 52 69 3.7077 0
94 68 69 3.6274 0
84 71 56 3.4397 0
49 19 74 3.4424 0
49 100 56 3.4397 0
44 66 56 3.4397 0
63 85 56 3.4397 0
83 19 72 3.5021 0
45 56 56 3.4397 0
44 108 72 3.5022 0
79 52 56 3.4397 0
42 55 76 3.4008 0
45 100 76 3.349 0
30 19 64 3.4431 0
37 29 56 3.4397 0
30 84 56 3.4397 0
93 94 56 3.4397 0
71 108 67 3.4423 0
38 90 56 3.4397 0
100 88 56 3.4397 0
84 59 56 3.4397 0
104 51 71 3.4632 0
84 32 56 3.4397 0
97 108 64 3.4431 0
55 75 63 2.3712 0
88 72 76 3.3951 0
87 33 76 3.3694 0
63 115 57 3.341 0
21 46 70 3.3186 0
72 79 70 3.3428 0
59 108 69 3.0589 0
64 57 66 3.1128 0
55 44 66 2.9393 0
32 60 68 2.9416 0
83 20 58 3.0089 0
77 106 57 3.0082 0
20 97 64 2.9545 0
64 77 62 2.5846 0
56 78 69 2.9821 0
95 97 68 2.9416 0
57 94 80 2.9007 0
95 52 68 2.9416 0
32 76 68 2.9416 0
39 93 76 2.7865 0
107 29 63 2.9545 0
107 100 64 2.9545 0
20 27 64 2.9545 0
55 79 58 2.8795 0
65 41 78 2.7385 0
53 28 80 2.7889 0
56 66 63 2.5329 0
105 84 70 2.7659 0
64 67 64 2.5847 0
22 84 57 2.7659 0
22 49 57 2.7659 0
0
