128
127 0 0 75.8525 0
0 127 0 75.8523 0
0 0 127 69.1205 0
127 127 127 69.1201 0
23 105 110 37.4665 0
104 22 110 37.4663 0
99 99 34 30.9389 0
28 28 34 30.9388 0
62 62 111 18.9201 0
27 65 69 18.6927 0
100 62 69 18.6925 0
66 62 41 18.0909 0
61 127 72 11.5126 0
65 0 72 11.5125 0
76 127 55 9.8282 0
66 87 95 9.4835 0
56 3 52 9.2866 0
66 35 50 9.0201 0
62 91 50 9.0201 0
62 38 94 8.9625 0
89 65 96 8.7389 0
38 61 95 8.4621 0
89 88 71 7.6058 0
89 37 66 7.606 0
38 40 72 7.6061 0
38 90 69 7.6061 0
65 110 52 7.0043 0
45 78 52 7.0775 0
65 16 87 7.1517 0
62 111 87 7.1514 0
84 5 72 7.1175 0
41 4 62 6.8242 0
83 47 53 6.3149 0
43 121 73 6.2075 0
61 20 53 6.0081 0
49 48 93 5.6822 0
87 77 86 5.592 0
40 105 69 5.5903 0
87 22 69 5.5901 0
40 49 84 5.5908 0
75 50 93 5.2222 0
52 77 93 5.2217 0
45 56 54 5.0882 0
77 76 93 5.0924 0
54 45 54 4.9886 0
86 117 65 4.8099 0
69 100 87 4.6323 0
86 103 69 4.5823 0
41 23 68 4.5823 0
77 120 71 4.4575 0
49 7 71 4.4574 0
83 72 55 4.431 0
59 98 87 4.3482 0
59 121 56 4.2621 0
42 73 89 4.1278 0
68 11 55 3.9807 0
47 90 55 3.9807 0
72 23 55 3.9807 0
54 102 55 3.9807 0
48 66 55 3.9807 0
57 78 55 3.9807 0
74 84 55 3.9807 0
58 26 86 3.883 0
85 53 88 3.8221 0
68 28 86 3.6312 0
85 79 62 3.5745 0
76 8 81 3.6336 0
53 117 82 3.6245 0
63 104 69 0.9236 0
85 46 77 3.5742 0
42 49 61 3.5743 0
42 79 80 3.5751 0
64 23 69 0.9245 0
79 86 89 3.3658 0
50 38 88 3.2274 0
78 31 56 2.9728 0
82 37 56 3.1283 0
73 45 56 2.9728 0
75 113 56 2.9728 0
66 51 91 3.0296 0
75 76 56 2.9728 0
66 80 56 2.9728 0
56 29 56 2.9728 0
70 118 81 2.9744 0
54 88 88 2.9146 0
54 36 56 2.9728 0
70 101 56 2.9728 0
68 74 91 2.845 0
52 15 56 2.9728 0
73 6 59 2.7891 0
61 75 91 2.7992 0
49 121 64 2.8011 0
55 19 83 2.7786 0
72 108 83 2.7782 0
52 31 86 2.7216 0
56 10 81 2.6517 0
43 97 61 2.5664 0
59 50 90 2.5799 0
73 40 88 2.6902 0
79 58 93 2.6881 0
48 69 93 2.6877 0
84 78 77 2.5663 0
84 28 61 2.5667 0
76 95 86 2.6147 0
43 59 84 2.5673 0
43 66 85 2.5673 0
43 50 74 2.5669 0
43 40 84 2.6081 0
43 31 77 2.5669 0
84 87 84 2.6077 0
43 85 60 2.5664 0
84 47 63 2.5667 0
43 16 64 2.5664 0
84 62 85 2.5661 0
43 114 66 2.5665 0
43 14 70 2.5666 0
84 78 70 2.5665 0
84 98 76 2.5663 0
84 38 76 2.5663 0
43 80 65 2.5665 0
43 87 79 2.5672 0
84 96 65 2.5666 0
43 32 66 2.5665 0
84 31 74 2.5664 0
43 42 62 2.5664 0
77 66 94 2.4459 0
72 34 86 2.3172 0
82 57 57 2.1796 0
0
