128
127 0 127 71.2912 0
0 0 0 71.2912 0
127 127 0 71.2912 0
0 127 127 71.2912 0
26 100 27 34.3935 0
101 27 27 34.3935 0
101 100 100 34.3935 0
26 27 100 34.3935 0
58 69 86 19.0943 0
58 58 41 19.0943 0
61 122 61 17.2283 0
61 5 66 17.2283 0
68 38 79 12.3498 0
68 89 48 12.3498 0
1 52 67 12.2828 0
126 52 60 12.2828 0
89 59 79 12.0571 0
89 68 48 12.0571 0
122 76 66 11.1322 0
5 76 61 11.1322 0
28 67 77 10.4398 0
28 60 50 10.4398 0
59 98 77 10.0219 0
59 29 50 10.0219 0
110 61 75 8.0062 0
110 64 52 8.0065 0
48 36 63 7.2471 0
48 91 64 7.2471 0
21 46 62 7.116 0
106 46 65 7.116 0
79 37 62 6.917 0
79 90 65 6.917 0
105 81 60 6.2205 0
22 81 67 6.2205 0
51 80 54 6.2055 0
51 47 73 6.2055 0
80 51 54 5.9904 0
40 44 54 5.9954 0
40 83 73 5.9954 0
80 75 73 5.9904 0
87 86 54 5.9954 0
87 41 73 5.9954 0
85 116 65 5.731 0
85 11 62 5.731 0
39 54 72 5.5715 0
39 73 55 5.5715 0
99 64 64 5.1131 0
76 22 72 5.105 0
76 105 55 5.105 0
12 61 55 4.9825 0
73 105 71 4.7143 0
73 22 56 4.7143 0
97 90 61 4.5051 0
30 90 66 4.5051 0
30 37 61 4.5051 0
97 36 66 4.5051 0
84 29 70 4.2711 0
84 98 57 4.2711 0
18 55 71 4.2486 0
39 11 66 4.2192 0
39 116 62 4.2192 0
56 100 56 3.9747 0
21 73 56 4.0745 0
68 40 56 4.1006 0
68 87 71 4.1006 0
54 28 71 3.9747 0
75 75 56 4.1233 0
75 52 71 4.1233 0
106 73 71 4.0745 0
91 52 56 4.0082 0
91 75 71 4.0082 0
100 54 56 3.9747 0
45 101 71 4.006 0
45 26 56 4.006 0
13 66 71 3.9747 0
36 64 64 3.9595 0
73 64 64 1.8124 0
41 63 57 3.4485 0
75 63 57 3.2041 0
41 73 70 3.3185 0
41 54 57 3.3185 0
75 63 70 3.2041 0
92 57 63 3.1762 0
38 94 70 2.9668 0
78 109 64 3.1487 0
78 18 63 3.1487 0
67 73 57 3.1104 0
67 54 70 3.1104 0
42 63 70 3.0965 0
43 46 66 2.9865 0
37 33 57 2.9668 0
43 81 62 2.9865 0
45 110 69 3.0107 0
45 17 58 3.0107 0
30 76 57 2.9668 0
27 51 70 3.0095 0
98 71 70 2.9668 0
96 47 70 2.9668 0
61 50 70 2.9681 0
61 77 57 2.9681 0
95 80 57 2.9668 0
71 96 70 2.9668 0
71 31 57 2.9668 0
57 86 70 2.9668 0
57 41 57 2.9668 0
91 71 64 2.8615 0
36 56 62 2.8615 0
25 65 63 2.7285 0
37 72 64 2.675 0
59 90 63 2.5896 0
30 59 64 2.6296 0
108 54 58 2.6436 0
59 37 62 2.5896 0
67 102 58 2.5183 0
67 25 69 2.5183 0
32 28 62 2.4894 0
32 99 65 2.4894 0
99 78 69 2.5399 0
86 82 69 2.2992 0
95 27 65 2.4894 0
95 100 62 2.4894 0
69 24 63 2.447 0
69 103 64 2.447 0
85 46 64 2.194 0
82 78 58 2.3652 0
82 49 69 2.3652 0
48 58 69 2.4145 0
48 69 58 2.4145 0
0
