128
127 127 127 80.0804 0
0 0 127 80.0813 0
127 0 0 61.8136 0
0 127 0 61.8124 0
106 107 4 45.0619 0
21 20 4 45.0624 0
24 104 88 31.2187 0
103 23 88 31.2191 0
71 56 28 19.5154 0
70 0 60 15.7564 0
57 127 60 15.7526 0
127 50 59 13.8559 0
0 77 59 13.854 0
40 69 34 13.4682 0
41 65 71 13.3233 0
63 86 71 13.3233 0
86 63 71 13.3233 0
64 41 71 13.3233 0
59 89 35 12.4603 0
1 52 49 11.8707 0
126 75 49 11.8688 0
49 78 114 11.7009 0
78 49 117 11.5126 0
104 60 37 10.4445 0
67 25 37 10.4445 0
62 113 38 9.6186 0
15 66 38 9.4367 0
57 80 93 8.7047 0
47 7 51 8.4692 0
80 120 51 8.4654 0
80 56 97 8.2176 0
109 64 66 8.2839 0
19 63 66 8.2839 0
64 64 127 6.4526 0
66 48 94 6.7162 0
68 106 64 6.2682 0
59 20 65 6.5408 0
44 45 64 6.2682 0
92 44 41 6.413 0
50 44 41 6.413 0
81 79 41 6.413 0
82 34 41 6.413 0
85 83 64 6.2682 0
49 66 95 6.2002 0
54 104 63 5.2603 0
41 89 42 5.4052 0
49 104 42 5.4052 0
92 72 42 5.4052 0
72 23 63 5.2603 0
27 56 42 5.4052 0
75 51 84 5.378 0
82 44 63 5.2603 0
43 83 63 5.2603 0
101 52 63 5.2603 0
99 76 63 5.2603 0
31 50 63 5.2603 0
25 76 63 5.2603 0
48 33 63 5.2603 0
79 94 63 5.2603 0
77 67 88 5.1923 0
59 12 44 5.0291 0
110 38 54 4.961 0
17 89 54 4.9591 0
16 40 52 4.8259 0
111 87 52 4.824 0
38 50 43 4.3973 0
23 79 43 4.3973 0
52 52 81 4.6884 0
71 76 86 4.6743 0
76 93 43 4.3973 0
89 11 55 4.4377 0
77 13 44 4.3647 0
40 116 53 4.4339 0
69 76 43 4.3973 0
52 29 43 4.3973 0
51 56 43 4.3973 0
74 104 43 4.3973 0
59 73 43 4.3973 0
108 75 43 4.3973 0
60 38 43 4.3973 0
31 85 43 4.3973 0
48 94 62 4.2524 0
79 33 62 4.2524 0
119 59 44 4.2537 0
74 74 62 4.2524 0
53 53 62 4.2524 0
113 49 44 4.1431 0
47 115 46 3.8502 0
63 75 105 3.6654 0
13 52 61 3.6975 0
14 79 45 3.6871 0
114 75 61 3.6967 0
65 51 105 3.6925 0
18 51 44 3.3894 0
103 44 44 3.3894 0
89 58 44 3.3894 0
80 22 44 3.3894 0
72 38 44 3.3894 0
54 74 81 3.3112 0
55 64 44 3.3894 0
109 46 61 3.2856 0
21 49 61 3.2445 0
91 82 44 3.3894 0
92 44 61 3.2445 0
73 53 61 3.2445 0
54 20 44 3.3894 0
52 75 61 3.2445 0
35 40 61 3.2445 0
34 80 61 3.2445 0
49 22 61 3.2445 0
52 58 88 3.1766 0
80 18 61 3.2445 0
95 85 61 3.2445 0
54 65 123 3.2292 0
52 64 105 3.1766 0
78 108 61 3.2445 0
52 67 85 3.1766 0
22 33 52 3.1167 0
105 94 52 3.1148 0
75 63 106 3.1766 0
34 13 51 3.0599 0
93 114 51 3.0568 0
72 114 59 2.8918 0
62 73 122 2.8213 0
52 14 60 2.8396 0
60 52 85 2.6847 0
17 82 60 2.8495 0
8 61 60 2.7351 0
0
