128
63 63 21 30.2561 0
127 127 127 59.9116 0
0 0 127 59.9116 0
127 0 127 59.9116 0
0 127 127 59.9116 0
127 127 0 59.9116 0
0 127 0 59.9116 0
127 0 0 59.9116 0
0 0 0 59.9116 0
64 64 107 30.0068 0
127 64 61 24.1035 0
66 127 66 24.1035 0
0 63 69 24.1035 0
67 0 66 24.1035 0
20 62 36 13.3355 0
60 22 37 11.8356 0
59 105 37 11.8356 0
104 65 90 11.6772 0
33 13 63 11.0011 0
49 40 76 10.5916 0
55 101 89 10.586 0
101 55 38 10.586 0
78 40 76 10.5916 0
40 78 76 10.4223 0
32 113 64 9.9933 0
77 88 76 10.0808 0
14 95 63 9.9933 0
14 31 63 9.9933 0
113 30 64 9.9933 0
113 97 64 9.9933 0
30 51 88 9.7411 0
64 28 88 9.5781 0
99 112 63 8.9854 0
99 15 64 8.9854 0
89 71 75 8.9621 0
95 79 40 8.9259 0
79 95 40 8.9259 0
80 33 41 8.3186 0
95 46 86 8.3157 0
33 80 41 8.3186 0
34 45 41 8.1051 0
56 89 73 7.8709 0
37 57 72 7.6078 0
48 90 46 7.3667 0
48 37 46 7.3667 0
90 54 71 7.4901 0
17 82 48 7.0373 0
17 44 49 6.9697 0
94 84 85 6.8721 0
44 110 50 6.9697 0
88 47 49 6.6546 0
78 104 85 6.6964 0
23 79 85 6.6964 0
48 21 84 6.4557 0
79 38 58 6.3485 0
109 82 80 6.2687 0
109 44 79 6.0398 0
43 109 78 5.9618 0
45 18 48 6.0398 0
80 22 84 6.0167 0
86 109 50 5.9618 0
109 41 50 5.9618 0
63 36 66 5.9003 0
47 89 61 5.6338 0
87 83 63 5.5217 0
29 67 84 5.6009 0
37 79 59 5.5004 0
40 94 84 5.5466 0
83 19 47 5.3143 0
39 45 63 5.5217 0
66 37 47 5.46 0
36 66 47 5.46 0
108 84 47 5.3143 0
65 91 47 5.3326 0
89 108 75 4.9539 0
78 91 60 5.1937 0
52 36 59 5.076 0
89 19 76 4.9539 0
85 85 50 4.9191 0
19 41 77 4.9539 0
19 87 76 4.9539 0
90 67 47 4.8345 0
35 68 64 4.6638 0
66 92 64 4.6638 0
89 96 83 4.5387 0
34 35 83 4.5387 0
99 40 44 4.5387 0
91 33 83 4.5387 0
91 77 54 4.4512 0
92 65 62 4.4283 0
36 51 53 4.1636 0
91 55 58 4.0952 0
88 43 64 4.2239 0
46 20 72 3.946 0
38 20 77 3.946 0
58 92 58 3.9572 0
107 84 69 3.946 0
35 58 59 3.9144 0
107 44 68 3.946 0
47 20 59 3.946 0
92 20 52 3.946 0
37 97 45 3.5308 0
64 47 76 3.7312 0
29 89 82 3.5308 0
80 59 76 3.7008 0
74 106 47 3.4852 0
95 93 45 3.5308 0
47 64 76 3.3698 0
77 44 48 3.5894 0
86 58 47 3.6294 0
103 69 45 3.5521 0
45 78 47 3.5609 0
93 33 45 3.5308 0
37 28 45 3.5308 0
41 55 47 3.5399 0
39 27 82 3.5308 0
73 21 47 3.4852 0
33 46 75 3.3959 0
64 80 76 3.3635 0
76 84 47 3.3749 0
49 55 76 3.3964 0
40 42 53 3.3748 0
84 76 47 3.3305 0
46 106 62 2.9382 0
106 85 58 2.9382 0
21 81 60 2.9382 0
68 36 57 3.185 0
44 92 73 3.1603 0
0
