128
127 127 0 70.2325 0
0 0 93 60.6163 0
127 0 127 69.666 0
0 127 127 68.7926 0
0 115 0 56.1442 0
115 0 0 55.8619 0
106 107 108 39.5175 0
23 22 0 36.4078 0
57 97 59 23.8499 0
124 54 54 19.089 0
63 63 0 19.1014 0
72 22 59 19.0333 0
63 63 127 17.4791 0
9 71 60 16.8419 0
64 40 87 13.2056 0
93 83 63 12.0079 0
58 85 23 11.7836 0
61 85 93 11.3532 0
14 56 34 11.2894 0
61 30 30 11.1363 0
105 66 77 10.8651 0
82 63 40 6.9404 0
44 28 44 9.923 0
36 56 121 9.8342 0
43 63 86 7.0476 0
43 63 44 7.0618 0
86 44 73 9.4753 0
78 44 33 9.4161 0
54 44 108 9.1572 0
49 45 68 9.112 0
82 63 90 6.9404 0
32 79 73 8.6894 0
63 63 34 6.9158 0
24 93 59 8.3809 0
100 29 58 8.1356 0
23 66 84 8.0835 0
63 63 66 6.9158 0
74 80 36 7.9421 0
82 63 58 6.9404 0
51 47 27 7.7413 0
43 63 103 7.0476 0
63 63 86 6.9158 0
76 80 79 7.3777 0
43 63 60 7.0479 0
108 57 30 7.2456 0
42 81 35 7.0339 0
36 63 12 6.9959 0
91 58 12 7.0036 0
82 63 73 6.9404 0
63 63 49 6.9158 0
63 63 101 6.9158 0
82 63 110 6.9404 0
43 63 29 6.4262 0
103 48 71 6.4223 0
67 43 18 6.5311 0
45 80 84 6.3922 0
19 50 51 6.1569 0
19 39 40 6.1554 0
72 49 105 6.1604 0
86 79 45 5.6702 0
79 49 16 5.5677 0
70 49 70 5.5964 0
26 58 70 5.6733 0
69 78 108 5.4531 0
109 74 60 5.412 0
46 48 83 5.4188 0
25 61 21 5.2539 0
55 79 109 5.2451 0
50 41 52 5.1659 0
83 48 88 5.1158 0
41 62 73 5.1312 0
45 74 14 5.0571 0
96 55 24 4.9806 0
26 61 103 5.0881 0
82 64 27 5.0447 0
48 49 95 4.9595 0
83 49 51 3.5339 0
94 54 83 4.6413 0
99 61 92 4.8486 0
40 40 57 4.8458 0
94 43 51 3.284 0
87 34 43 4.4965 0
73 76 19 4.343 0
37 44 44 3.4691 0
90 76 79 4.3814 0
76 77 93 4.475 0
29 32 41 4.1403 0
21 74 41 4.3065 0
53 76 39 4.352 0
76 46 61 4.3564 0
33 73 44 3.4854 0
94 53 64 4.2018 0
35 51 70 4.2539 0
63 51 57 3.1711 0
42 39 33 4.2631 0
33 54 57 3.5349 0
77 77 66 4.1928 0
77 77 52 4.1928 0
34 87 43 4.1166 0
109 35 50 4.1597 0
96 75 47 4.1154 0
105 75 50 4.1363 0
82 68 15 3.9722 0
50 41 39 4.0599 0
94 55 34 4.0412 0
46 54 15 3.9726 0
62 46 42 2.1377 0
51 51 55 3.871 0
45 68 114 3.8851 0
31 72 60 3.8589 0
63 39 44 3.8081 0
55 76 80 3.8621 0
107 47 38 3.8327 0
47 77 95 3.8486 0
74 43 47 3.6725 0
108 39 66 3.6876 0
35 75 88 3.6548 0
102 63 45 2.9928 0
35 52 32 2.3506 0
98 64 101 3.6746 0
40 50 108 3.3906 0
31 56 79 3.4775 0
64 77 79 3.3022 0
99 48 33 3.4902 0
79 50 97 3.5003 0
43 51 44 3.2639 0
41 77 24 3.3583 0
94 63 57 3.133 0
0
