128
127 0 127 73.312 0
0 0 0 73.312 0
127 127 0 73.312 0
0 127 127 73.312 0
95 32 32 30.7684 0
32 95 32 30.7684 0
95 95 95 30.7684 0
32 32 95 30.7684 0
72 55 81 15.8767 0
57 57 47 15.6546 0
59 3 68 15.5164 0
59 124 59 15.5164 0
127 71 74 13.3668 0
0 56 74 13.3668 0
56 81 78 12.7763 0
83 71 50 12.6268 0
122 57 54 10.4846 0
5 70 54 10.4846 0
69 90 53 10.0234 0
34 68 74 9.6412 0
59 28 53 9.6206 0
68 28 74 9.6143 0
28 59 53 9.6089 0
99 59 74 9.5445 0
62 103 73 8.5976 0
104 67 55 8.1326 0
50 60 72 7.0873 0
16 70 71 6.8068 0
39 45 56 6.6395 0
81 11 61 6.3992 0
81 116 66 6.3992 0
48 97 70 5.7611 0
73 106 57 5.687 0
38 85 70 5.5806 0
58 78 57 5.6744 0
85 40 70 5.6206 0
13 55 58 5.5958 0
77 54 57 5.5716 0
114 55 69 5.5958 0
22 57 69 5.434 0
111 82 64 5.4321 0
16 82 63 5.4321 0
16 45 64 5.4321 0
111 45 63 5.4321 0
76 74 70 5.4181 0
71 19 59 5.1974 0
58 41 70 5.1527 0
68 40 58 5.1644 0
87 69 70 5.0346 0
84 94 58 4.9346 0
43 33 58 4.9346 0
42 71 58 4.8342 0
93 85 58 4.7664 0
107 72 69 4.7451 0
57 102 58 4.6303 0
96 44 69 4.6406 0
93 58 58 4.5726 0
70 89 69 4.4663 0
39 55 68 4.2501 0
24 72 59 4.2423 0
25 79 68 4.1435 0
82 26 68 3.9258 0
44 17 64 3.8442 0
44 110 63 3.8442 0
102 80 59 3.9873 0
55 89 59 3.7036 0
103 54 59 3.8087 0
48 26 63 3.707 0
74 107 68 3.6668 0
25 46 59 3.676 0
55 23 68 3.6415 0
72 30 59 3.5705 0
68 76 59 3.5846 0
52 39 59 3.559 0
75 17 68 3.5898 0
87 55 67 3.5586 0
41 60 59 3.5558 0
96 72 68 3.4332 0
114 72 61 3.4597 0
47 49 68 3.4073 0
75 39 68 3.0874 0
46 79 60 3.1943 0
58 67 68 3.2146 0
79 100 63 3.1356 0
83 47 62 2.8007 0
83 80 65 2.8007 0
46 71 68 3.0183 0
49 103 62 2.8905 0
30 39 60 2.874 0
65 71 68 2.9457 0
51 71 60 2.6936 0
67 41 67 2.8877 0
53 34 67 2.7967 0
82 107 60 2.8279 0
112 65 67 2.6976 0
92 34 67 2.7054 0
58 50 68 2.7814 0
32 70 60 2.7019 0
72 62 60 2.548 0
59 40 61 2.7566 0
77 44 60 2.548 0
86 53 60 2.7476 0
103 49 66 2.7048 0
69 49 60 2.7479 0
29 88 67 2.6678 0
17 65 60 2.6976 0
31 53 67 2.55 0
68 78 67 2.6553 0
82 84 60 2.6494 0
40 94 66 2.6501 0
52 19 60 2.632 0
52 108 67 2.632 0
70 68 60 2.5822 0
79 33 67 2.5564 0
71 97 67 2.5165 0
64 70 60 2.548 0
96 74 60 2.55 0
65 102 60 2.5494 0
58 92 66 2.5142 0
43 77 67 2.3412 0
14 61 66 2.3393 0
96 92 61 2.3602 0
88 48 67 2.3082 0
85 20 65 2.3068 0
41 102 67 2.328 0
77 24 63 2.2586 0
99 37 66 2.2731 0
37 114 61 2.2032 0
0
