128
63 0 0 73.3393 0
127 127 127 69.7665 0
0 8 127 67.5762 0
0 127 3 67.1399 0
127 7 107 50.4121 0
106 103 22 38.9494 0
25 107 102 35.8041 0
125 55 53 20.1825 0
0 52 50 20.0294 0
74 54 115 19.1956 0
61 99 60 18.4522 0
68 37 83 16.5167 0
42 72 47 13.5728 0
46 64 89 12.7491 0
66 83 88 12.0991 0
72 71 49 11.557 0
9 78 67 11.2498 0
94 62 50 10.5491 0
94 58 92 10.473 0
44 41 71 9.5673 0
115 61 83 8.4847 0
24 66 82 8.4537 0
85 90 71 8.3664 0
29 54 53 7.5255 0
85 75 86 7.5878 0
89 36 69 7.5209 0
114 81 65 7.4753 0
39 84 67 6.9222 0
75 63 71 4.5179 0
50 80 76 6.5624 0
22 72 54 6.5176 0
99 63 71 4.5193 0
13 59 73 6.2986 0
110 32 57 5.7521 0
33 54 78 5.7655 0
92 45 80 5.7237 0
58 60 55 5.5098 0
17 31 58 5.5856 0
100 45 55 5.5098 0
68 63 83 4.3768 0
36 99 62 5.3044 0
81 85 56 5.0997 0
34 75 76 5.0816 0
19 49 68 5.0281 0
91 102 65 4.9641 0
86 63 71 4.5191 0
78 57 89 4.7667 0
90 78 56 4.5019 0
23 41 56 4.5019 0
77 71 97 4.642 0
34 90 56 4.6144 0
107 74 56 4.5858 0
111 73 76 4.4516 0
80 56 56 4.5019 0
44 55 56 4.5019 0
61 71 100 4.5095 0
25 84 56 4.5009 0
111 50 74 4.4516 0
68 64 93 4.3557 0
29 45 71 4.1936 0
26 80 71 4.1735 0
18 92 64 3.9504 0
60 54 94 4.0754 0
98 72 85 3.9721 0
89 48 57 3.494 0
36 45 58 3.7919 0
110 65 71 3.6325 0
54 53 78 3.7413 0
101 40 71 3.6513 0
58 75 57 3.494 0
110 41 67 3.6458 0
35 31 66 3.5463 0
92 81 78 3.6076 0
74 82 73 3.4304 0
98 86 72 3.5367 0
71 54 57 3.494 0
57 44 66 3.5075 0
83 52 81 3.3613 0
66 63 72 3.4075 0
19 40 65 3.3818 0
105 52 84 3.3553 0
58 72 79 3.2073 0
23 55 74 3.1256 0
78 66 89 3.2009 0
108 91 65 3.1697 0
60 56 84 3.0839 0
90 87 60 3.0734 0
105 68 86 3.0706 0
75 42 64 2.9268 0
31 37 69 2.8167 0
60 80 72 2.8842 0
43 54 76 2.8393 0
75 71 81 2.6218 0
77 77 78 2.734 0
94 26 67 2.6869 0
80 63 83 2.6666 0
75 56 81 2.6127 0
101 45 77 2.5792 0
97 93 69 2.5334 0
54 52 58 2.4861 0
63 51 58 2.4861 0
60 63 99 2.6042 0
31 64 58 2.4861 0
69 70 99 2.5644 0
92 40 59 2.5433 0
99 75 58 2.4861 0
33 82 58 2.4867 0
79 48 58 2.4861 0
100 81 58 2.4861 0
84 68 58 2.4861 0
22 73 72 2.5041 0
109 69 65 2.4359 0
55 68 58 2.4861 0
31 39 58 2.4861 0
101 34 58 2.4861 0
25 63 58 2.4861 0
67 60 58 2.4861 0
109 58 72 2.4359 0
23 87 68 2.3408 0
50 81 66 2.4381 0
64 44 64 2.2662 0
43 47 59 2.3457 0
99 78 80 2.2847 0
67 81 71 2.3585 0
105 23 60 2.3611 0
35 66 77 2.256 0
32 107 63 2.2176 0
80 43 68 2.2851 0
0
