128
63 63 127 64.0192 0
60 66 0 61.8217 0
127 0 38 38.1172 0
0 0 45 36.5522 0
127 127 40 35.7086 0
0 127 83 34.8142 0
127 95 85 17.8706 0
92 127 83 17.7043 0
127 36 82 16.9451 0
95 0 85 16.9746 0
37 127 45 16.3343 0
0 93 44 15.8436 0
0 39 82 15.5829 0
37 0 84 15.4408 0
127 75 40 15.1711 0
73 0 40 14.7304 0
0 76 83 12.8871 0
71 127 43 12.4025 0
56 127 84 12.397 0
0 50 43 12.2306 0
49 0 54 11.8872 0
127 48 54 11.409 0
127 71 67 10.981 0
72 0 67 10.7883 0
0 69 58 10.6366 0
20 21 83 9.459 0
70 125 66 8.8528 0
94 51 61 8.2112 0
82 37 61 8.0625 0
86 120 57 7.9352 0
21 107 44 7.8614 0
96 69 62 7.9138 0
41 120 69 7.8822 0
55 31 62 7.8697 0
61 4 84 7.813 0
88 85 62 7.7813 0
107 21 75 7.6906 0
62 97 63 7.4185 0
122 61 83 7.154 0
39 41 62 7.1472 0
29 68 63 6.9994 0
121 88 59 6.8681 0
36 84 63 6.8615 0
107 108 74 6.7342 0
8 41 60 6.6743 0
47 95 64 6.6215 0
112 43 43 6.4438 0
6 87 66 6.2893 0
55 123 60 6.3257 0
85 8 57 6.3018 0
30 52 62 6.0034 0
70 29 65 5.8335 0
86 113 44 5.7225 0
41 14 44 5.6081 0
76 96 63 5.5415 0
112 96 65 5.5406 0
3 54 66 5.5491 0
112 59 44 5.4357 0
110 88 44 5.436 0
88 21 44 5.4358 0
97 111 65 5.3446 0
40 114 82 5.3335 0
16 97 59 5.3069 0
96 15 66 5.2174 0
115 37 62 5.0113 0
54 6 72 4.9794 0
74 10 82 4.7492 0
30 16 71 4.7799 0
15 89 82 4.8571 0
37 9 64 4.8612 0
32 112 62 4.6896 0
117 73 82 4.7702 0
73 26 53 4.6969 0
10 73 45 4.6643 0
8 59 82 4.5841 0
15 40 45 4.5361 0
104 99 82 4.6324 0
71 116 82 4.4677 0
93 104 45 4.4278 0
101 95 45 4.4278 0
101 37 45 4.4278 0
56 116 45 4.4471 0
52 15 45 4.4278 0
102 49 50 4.2787 0
104 68 51 4.2304 0
97 87 52 4.2824 0
90 33 51 4.2521 0
123 55 71 4.2411 0
82 100 54 4.0169 0
91 33 70 4.1754 0
22 106 57 4.066 0
82 100 71 4.0169 0
13 33 67 4.047 0
54 23 51 3.7016 0
98 87 70 3.6591 0
19 27 70 3.778 0
36 32 70 3.5692 0
64 105 54 3.7709 0
64 105 72 3.7709 0
29 87 72 3.6531 0
85 11 68 3.5306 0
25 48 71 3.5325 0
106 27 64 3.6177 0
100 60 54 3.6689 0
120 63 55 3.4745 0
117 48 67 3.6014 0
107 78 46 3.4199 0
6 61 73 3.5327 0
102 50 72 3.5792 0
36 32 55 3.5692 0
75 20 46 3.5105 0
100 59 69 3.551 0
105 68 73 3.5561 0
53 23 72 3.4829 0
15 93 68 3.5409 0
97 105 81 3.5125 0
24 34 46 3.4199 0
34 105 81 3.437 0
34 21 81 3.437 0
20 35 81 3.437 0
62 18 46 3.4199 0
113 53 81 3.437 0
35 25 46 3.4199 0
97 25 81 3.437 0
21 94 46 3.4199 0
53 13 81 3.437 0
96 29 46 3.4199 0
106 32 81 3.4375 0
0
