128
64 63 66 50.1557 0
0 127 0 54.3034 0
0 0 0 54.3034 0
127 127 0 54.3034 0
127 0 0 54.3034 0
0 127 127 53.1706 0
127 127 127 53.1706 0
0 0 127 53.1706 0
127 0 127 53.1706 0
64 90 2 17.7196 0
64 37 2 17.7196 0
90 64 2 17.7196 0
37 64 2 17.7196 0
63 0 94 16.3651 0
30 127 64 15.3197 0
127 30 64 15.3102 0
0 30 64 15.2971 0
127 97 64 15.2971 0
30 0 64 15.2971 0
97 127 64 15.2971 0
97 0 64 15.2971 0
0 97 64 15.2971 0
63 127 97 14.8543 0
127 63 97 14.8251 0
0 63 97 14.8112 0
0 63 32 14.7957 0
64 127 32 14.7957 0
64 0 32 14.7957 0
127 64 32 14.7957 0
64 98 127 14.8678 0
64 29 127 14.8678 0
29 64 127 14.8678 0
98 64 127 14.8678 0
71 127 71 10.5266 0
59 0 58 10.2617 0
0 60 71 10.1522 0
127 55 73 9.2808 0
54 125 55 9.2558 0
46 46 125 8.8043 0
50 77 127 8.7605 0
77 77 127 8.7605 0
77 50 127 8.7605 0
0 74 54 8.6319 0
127 53 54 8.6319 0
127 73 55 8.3364 0
124 75 76 8.5102 0
62 62 127 8.049 0
51 123 76 8.1301 0
4 81 82 7.8818 0
5 44 83 7.7767 0
73 3 71 7.627 0
76 122 52 7.4584 0
45 5 46 7.4856 0
82 5 46 7.4856 0
5 45 46 7.4856 0
82 121 85 7.2214 0
108 71 20 6.7858 0
56 108 20 6.7858 0
19 56 20 6.7858 0
56 19 20 6.7858 0
108 56 20 6.7858 0
19 71 20 6.7858 0
71 108 20 6.7858 0
71 19 20 6.7858 0
108 108 72 6.7823 0
19 19 72 6.7823 0
19 108 72 6.7823 0
108 19 72 6.7823 0
85 7 83 6.6292 0
120 42 83 6.6292 0
42 7 83 6.6292 0
120 84 45 6.6053 0
55 108 108 6.2143 0
55 19 108 6.2143 0
18 72 107 6.2457 0
109 72 107 6.2457 0
72 109 107 6.2457 0
72 18 107 6.2457 0
108 107 56 6.2223 0
107 19 56 6.2223 0
19 20 56 6.2223 0
20 108 56 6.2223 0
18 55 107 6.2457 0
109 55 107 6.2457 0
42 119 45 6.1363 0
8 86 46 6.0605 0
119 41 46 6.0605 0
3 58 54 5.9556 0
118 88 82 5.7364 0
52 4 73 5.7071 0
43 43 14 5.4036 0
85 43 14 5.2067 0
43 85 14 5.2067 0
6 76 68 5.1863 0
88 117 46 5.0815 0
38 117 82 5.1921 0
38 81 118 5.21 0
89 81 118 5.21 0
81 38 118 5.21 0
83 83 15 5.1676 0
89 47 118 4.9311 0
47 89 118 4.9311 0
81 90 117 4.7527 0
116 80 92 4.9412 0
46 116 91 4.7715 0
14 48 95 4.6657 0
12 80 36 4.5061 0
115 47 36 4.5061 0
49 60 122 4.6113 0
76 4 58 4.5889 0
12 92 81 4.5719 0
12 80 93 4.5217 0
115 47 93 4.5217 0
80 115 36 4.5061 0
78 113 97 4.36 0
50 15 30 4.4147 0
50 112 30 4.4147 0
13 33 80 4.4133 0
94 114 80 4.4133 0
48 33 115 4.4047 0
33 48 115 4.4047 0
99 50 112 4.2171 0
13 47 35 4.1494 0
80 13 35 4.1494 0
114 80 35 4.1494 0
13 34 48 4.1509 0
93 13 48 4.1509 0
34 13 48 4.1509 0
0
