128
127 0 127 69.0948 0
0 0 0 69.0948 0
127 127 0 69.0948 0
0 127 127 69.0948 0
106 106 106 39.7375 0
106 21 21 39.7375 0
21 106 21 39.7375 0
21 21 106 39.7375 0
59 68 87 22.1726 0
63 63 39 21.4806 0
64 4 63 18.7843 0
63 123 64 18.7843 0
123 64 63 18.7843 0
4 63 63 18.7843 0
67 33 79 13.0411 0
93 57 77 12.851 0
95 69 49 11.4019 0
68 95 49 11.4019 0
64 32 50 10.394 0
32 64 50 10.394 0
29 74 75 9.2422 0
53 98 75 9.187 0
43 42 52 8.3783 0
35 54 72 7.9296 0
71 97 73 7.9223 0
48 43 72 7.819 0
84 79 72 7.7143 0
86 87 53 7.3704 0
87 35 71 6.6671 0
40 88 71 6.6674 0
88 52 54 6.3625 0
47 82 54 6.3625 0
28 47 54 6.3625 0
17 86 64 5.682 0
41 17 63 5.682 0
86 110 64 5.682 0
88 17 64 5.682 0
41 110 63 5.682 0
110 86 63 5.682 0
110 42 63 5.682 0
17 41 63 5.682 0
75 51 70 5.68 0
98 75 71 5.6214 0
80 40 55 5.3547 0
49 23 55 5.3562 0
51 95 55 5.3547 0
101 52 55 5.3547 0
50 28 71 5.1313 0
83 92 69 4.6361 0
80 22 71 4.4796 0
35 80 56 4.3468 0
100 85 56 4.3468 0
80 105 56 4.4796 0
23 77 56 4.3486 0
99 40 70 4.2113 0
75 81 56 4.3468 0
40 29 56 4.3468 0
78 27 56 4.3468 0
28 88 70 4.3739 0
78 62 68 4.1126 0
39 66 68 3.9452 0
36 40 68 4.0224 0
72 83 68 3.8734 0
21 48 70 3.9002 0
62 88 69 3.8645 0
35 98 68 3.7824 0
42 77 68 3.7688 0
95 85 68 3.6219 0
51 86 68 3.6967 0
63 48 69 3.5892 0
45 71 57 3.3389 0
48 105 57 3.5053 0
60 82 57 3.3389 0
46 54 57 3.3389 0
33 35 57 3.3389 0
90 98 57 3.3389 0
82 74 57 3.3389 0
68 45 57 3.3389 0
57 43 57 3.3389 0
51 33 57 3.3389 0
82 65 57 3.3389 0
93 43 57 3.3389 0
42 91 57 3.3389 0
77 49 57 3.3389 0
39 31 67 3.1907 0
106 49 69 3.0552 0
76 71 67 3.0987 0
56 51 67 3.0643 0
82 44 67 2.9805 0
78 106 69 3.0552 0
28 42 68 3.013 0
84 68 67 2.862 0
95 29 67 2.9633 0
29 63 67 2.9397 0
44 60 67 2.9188 0
105 78 58 2.5529 0
48 54 67 2.6117 0
58 40 66 2.5896 0
92 92 67 2.6149 0
20 31 63 2.6583 0
31 107 64 2.6583 0
75 42 67 2.6858 0
95 107 63 2.6583 0
107 33 64 2.6583 0
52 49 58 2.331 0
107 95 63 2.6583 0
32 20 63 2.6583 0
20 95 63 2.6583 0
91 44 67 2.6117 0
88 99 67 2.4807 0
105 81 69 2.5529 0
43 99 67 2.4807 0
96 94 58 2.331 0
78 33 66 2.3676 0
79 58 58 2.331 0
44 64 58 2.331 0
26 36 58 2.331 0
85 33 58 2.331 0
90 25 69 2.331 0
67 82 58 2.331 0
80 97 58 2.331 0
57 89 58 2.331 0
62 99 66 2.3601 0
28 99 66 2.3601 0
58 102 58 2.331 0
29 85 58 2.331 0
57 28 66 2.3601 0
94 98 65 2.2289 0
0
