128
127 0 127 69.0948 0
0 0 0 69.0948 0
127 127 0 69.0948 0
0 127 127 69.0948 0
106 106 106 39.7375 0
106 21 21 39.7375 0
21 106 21 39.7375 0
21 21 106 39.7375 0
67 59 86 21.8943 0
64 64 39 21.4806 0
64 4 63 18.7843 0
63 123 62 18.7843 0
123 64 65 18.7843 0
4 66 62 18.7843 0
33 66 77 12.7622 0
62 94 78 12.7472 0
58 32 49 11.4019 0
96 69 49 11.4019 0
32 59 49 11.4019 0
63 95 50 10.394 0
97 53 75 9.5676 0
74 29 75 9.187 0
82 89 52 8.3783 0
42 86 73 8.237 0
56 32 73 7.994 0
91 73 72 7.9142 0
40 41 53 7.3704 0
43 46 71 7.2045 0
79 84 71 6.7497 0
16 42 63 6.6898 0
88 38 72 6.6242 0
46 82 54 6.3625 0
84 47 54 6.3625 0
110 40 64 5.682 0
76 35 55 5.3547 0
110 88 63 5.682 0
85 110 64 5.682 0
17 88 64 5.682 0
41 110 63 5.682 0
86 17 64 5.682 0
42 17 62 5.682 0
45 101 72 5.4162 0
30 76 55 5.3547 0
102 52 55 5.3547 0
78 104 55 5.3562 0
79 97 69 4.9816 0
29 49 70 5.0519 0
27 83 71 4.7413 0
54 79 70 4.8296 0
48 95 56 4.3468 0
76 24 56 4.3468 0
51 47 56 4.3468 0
70 44 56 4.3468 0
44 70 56 4.3468 0
99 84 56 4.3468 0
82 75 56 4.3468 0
43 29 56 4.3468 0
28 44 56 4.3468 0
31 92 68 4.0697 0
97 84 68 4.0522 0
68 80 68 3.8289 0
48 21 70 3.9002 0
43 33 69 3.8506 0
100 39 70 3.708 0
84 48 68 3.7383 0
87 61 68 3.6528 0
89 89 68 3.7426 0
77 42 68 3.7319 0
87 26 70 3.4322 0
105 80 70 3.5053 0
83 60 57 3.3389 0
48 70 69 3.4754 0
49 105 57 3.5053 0
94 30 67 3.4655 0
95 45 57 3.3389 0
90 56 57 3.3389 0
71 84 57 3.3389 0
30 40 67 3.4402 0
65 39 68 3.4455 0
92 96 57 3.3389 0
36 85 57 3.3389 0
46 59 57 3.3389 0
58 83 57 3.3389 0
46 57 68 3.2272 0
37 98 67 3.1216 0
106 78 58 3.0552 0
56 45 67 3.1435 0
77 106 69 3.0552 0
21 81 58 3.0552 0
21 51 58 3.0552 0
88 97 67 2.9483 0
98 64 67 2.8365 0
78 73 67 2.7826 0
43 75 67 2.8618 0
31 107 64 2.6583 0
20 31 63 2.6583 0
94 107 63 2.6583 0
33 20 63 2.6583 0
36 36 67 2.6873 0
95 20 64 2.6583 0
107 31 64 2.6583 0
85 33 58 2.331 0
61 75 67 2.6385 0
49 22 58 2.5529 0
35 54 66 2.6106 0
37 29 66 2.4303 0
30 36 58 2.331 0
35 31 58 2.331 0
62 46 58 2.331 0
22 54 69 2.5529 0
35 79 66 2.3539 0
49 94 68 2.4866 0
73 91 66 2.368 0
78 55 58 2.331 0
24 37 58 2.331 0
49 63 68 2.4623 0
53 89 58 2.331 0
28 99 66 2.3601 0
102 71 69 2.331 0
70 29 58 2.331 0
90 37 58 2.331 0
74 77 58 2.331 0
51 74 58 2.331 0
95 43 66 2.2126 0
36 25 58 2.331 0
43 101 58 2.331 0
40 94 58 2.331 0
65 28 66 2.3136 0
0
