128
0 0 127 71.7438 0
127 127 0 69.2382 0
0 127 83 61.6113 0
127 102 127 58.9911 0
127 0 23 58.6303 0
0 15 0 55.0504 0
101 16 108 30.6843 0
31 96 0 30.5456 0
68 56 7 22.0134 0
55 72 109 19.124 0
54 7 53 19.1054 0
111 65 61 17.3359 0
77 115 70 15.81 0
13 54 58 14.9358 0
23 71 37 12.7698 0
58 52 62 4.573 0
69 17 79 11.4353 0
96 53 85 11.3468 0
55 112 35 11.2011 0
67 44 101 11.061 0
34 30 57 10.5501 0
61 24 25 10.3945 0
71 74 53 4.6084 0
67 99 90 9.8345 0
98 93 65 8.5846 0
69 104 48 8.2119 0
97 37 72 8.1945 0
38 63 21 8.0445 0
81 61 98 8.0374 0
64 85 21 7.9032 0
50 29 70 7.9517 0
71 44 51 4.6146 0
96 59 22 6.8987 0
77 22 61 6.8542 0
87 21 72 6.783 0
83 97 56 6.6729 0
80 58 65 3.123 0
63 64 72 4.3884 0
69 26 42 6.226 0
93 71 79 6.1827 0
61 32 88 6.1219 0
28 52 42 6.0263 0
51 62 54 4.5379 0
59 73 62 4.5974 0
62 98 74 5.924 0
63 64 46 4.3884 0
52 74 23 5.8874 0
60 102 61 5.8017 0
66 97 34 5.7445 0
30 43 68 5.6151 0
30 68 102 5.6269 0
40 65 50 4.609 0
52 82 66 4.6161 0
51 50 95 5.0137 0
63 65 84 4.4069 0
83 46 95 5.143 0
77 75 95 5.0137 0
98 45 60 4.9801 0
37 61 95 5.0137 0
113 62 37 4.8804 0
31 89 36 5.0064 0
53 102 49 4.9942 0
52 38 24 4.8798 0
77 34 47 4.919 0
81 89 46 4.936 0
73 35 29 4.9581 0
76 77 24 4.8796 0
87 68 24 4.8796 0
47 49 24 4.8796 0
40 40 73 4.8456 0
55 88 86 4.871 0
13 61 78 4.7767 0
93 83 75 4.6377 0
33 56 32 4.7001 0
53 42 66 4.6084 0
57 97 26 4.4353 0
74 64 62 4.5834 0
88 61 67 4.6167 0
51 37 81 4.5926 0
63 65 36 4.4066 0
27 42 49 4.474 0
42 27 43 4.2844 0
98 84 54 4.2964 0
88 30 64 4.2654 0
73 84 50 4.2541 0
72 29 91 4.1733 0
68 53 54 3.9681 0
26 72 55 3.8906 0
87 69 89 3.8738 0
70 85 94 4.0059 0
24 52 76 3.9088 0
74 92 39 3.9089 0
105 57 41 3.8318 0
90 99 74 3.8529 0
47 24 36 3.7928 0
94 49 68 3.8022 0
37 97 36 3.6899 0
39 107 33 3.6498 0
88 39 84 3.6415 0
82 31 55 3.6938 0
46 100 42 3.4742 0
90 87 51 3.6352 0
34 71 93 3.6481 0
95 80 66 3.5658 0
105 67 38 3.6012 0
32 48 77 3.5875 0
64 59 91 3.4505 0
62 26 67 3.4666 0
53 41 90 3.3792 0
55 94 67 3.4713 0
44 43 82 3.4681 0
61 31 77 3.2418 0
83 45 26 3.2879 0
54 90 75 3.2967 0
20 64 91 3.2738 0
49 30 57 3.2102 0
85 96 67 3.1413 0
72 89 31 3.1728 0
52 96 57 3.1557 0
33 60 46 3.1748 0
48 82 86 3.109 0
37 75 27 3.134 0
24 69 63 3.0535 0
20 65 74 3.0923 0
100 51 49 3.0847 0
69 25 54 3.0271 0
77 36 38 2.9451 0
42 77 90 3.0614 0
0
