128
127 127 32 75.5062 0
0 0 32 75.5062 0
127 0 127 81.298 0
0 127 127 80.153 0
95 32 0 28.0228 0
32 95 0 28.0228 0
43 84 48 18.5317 0
83 44 47 18.2558 0
81 82 100 15.3419 0
45 47 97 15.031 0
64 46 72 11.4204 0
45 63 74 11.4681 0
63 82 72 11.35 0
81 64 72 11.1464 0
50 50 122 9.5874 0
75 76 126 9.136 0
61 51 0 8.7653 0
66 76 0 8.7653 0
48 69 21 8.0285 0
71 49 23 7.8857 0
62 63 126 7.4558 0
48 62 2 7.2072 0
79 65 2 7.2072 0
63 64 37 4.9057 0
60 79 16 6.7027 0
63 64 59 4.9476 0
76 63 17 6.3312 0
63 64 92 4.9861 0
61 77 30 6.2306 0
76 62 90 5.9924 0
62 76 90 5.6939 0
65 52 89 5.4665 0
51 62 57 5.3923 0
61 52 55 5.3644 0
51 67 91 5.2182 0
75 63 33 5.0888 0
63 64 15 4.8646 0
66 76 53 5.0722 0
62 53 36 5.012 0
75 66 54 4.9824 0
52 64 36 4.9932 0
63 64 70 4.985 0
63 64 81 4.9901 0
63 64 48 4.9425 0
63 64 103 4.9487 0
63 64 26 4.9007 0
61 53 15 4.4607 0
65 75 41 4.3598 0
52 61 46 4.2265 0
52 61 110 4.2174 0
74 66 43 4.1063 0
61 53 109 4.1806 0
73 63 102 4.0864 0
64 64 113 4.0579 0
53 65 101 4.0006 0
73 74 83 3.9413 0
73 74 60 3.9413 0
74 67 112 3.8291 0
67 75 113 3.8349 0
62 74 103 3.7484 0
67 62 5 3.7227 0
54 74 83 3.6035 0
73 55 83 3.3333 0
64 54 101 3.291 0
60 54 45 3.1155 0
55 54 82 3.1492 0
60 54 24 3.1166 0
53 60 14 3.0175 0
67 48 11 3.0477 0
53 59 26 2.9823 0
54 55 64 2.896 0
55 72 6 2.7148 0
71 74 13 2.8946 0
72 54 6 2.7148 0
68 74 21 2.7582 0
58 64 6 2.7148 0
73 60 60 2.6377 0
73 68 26 2.5921 0
62 73 60 2.5185 0
54 72 65 2.2774 0
71 66 119 2.2716 0
65 71 119 2.3206 0
55 62 117 2.3819 0
65 57 116 2.2574 0
54 56 19 2.2988 0
71 55 13 2.0106 0
79 57 10 2.1513 0
61 72 111 2.1646 0
71 55 95 2.0106 0
71 73 46 1.961 0
71 55 33 2.0106 0
54 57 40 1.9831 0
54 71 32 1.9897 0
71 55 62 2.0106 0
54 60 85 2.0119 0
54 54 12 1.8868 0
54 57 32 1.9831 0
72 66 83 1.9672 0
56 73 97 1.81 0
53 73 12 1.8868 0
65 71 12 1.8868 0
54 67 12 1.8868 0
61 57 62 1.8875 0
61 71 23 1.864 0
71 63 25 1.883 0
52 54 7 1.707 0
69 73 28 1.7478 0
68 55 58 1.7778 0
62 72 82 1.7417 0
71 66 96 1.7621 0
65 57 29 1.6559 0
72 71 38 1.5288 0
68 73 34 1.7497 0
71 62 48 1.647 0
66 56 43 1.6535 0
75 74 7 1.707 0
60 69 7 1.707 0
66 72 98 1.6876 0
55 67 84 1.6413 0
66 56 50 1.653 0
55 67 108 1.6405 0
72 71 32 1.5288 0
55 67 62 1.6421 0
55 67 43 1.5165 0
55 61 64 1.5807 0
49 70 8 1.5134 0
72 59 27 1.5829 0
55 61 20 1.5853 0
0
