128
127 127 127 83.4278 0
0 0 127 83.4557 0
0 127 0 70.4575 0
127 0 0 70.4575 0
95 95 19 30.3049 0
32 32 19 30.3049 0
41 87 76 23.1015 0
86 40 76 23.1014 0
64 63 8 14.1497 0
107 64 54 14.0219 0
20 63 54 14.0219 0
61 18 51 13.5638 0
66 109 51 13.5638 0
77 81 57 12.593 0
46 50 57 12.593 0
79 51 43 10.385 0
48 76 43 10.385 0
51 76 109 8.7048 0
76 51 109 8.6817 0
72 50 25 6.3942 0
55 77 24 6.3942 0
78 70 74 6.3328 0
49 57 76 6.3328 0
63 38 56 6.1226 0
71 35 42 5.9092 0
56 90 50 6.043 0
70 57 122 5.5333 0
57 70 122 5.5429 0
84 63 57 5.4852 0
47 68 18 5.1882 0
57 87 33 4.9013 0
71 76 39 5.0096 0
88 70 45 4.9013 0
51 56 40 5.0096 0
69 77 79 5.0002 0
83 57 28 4.9013 0
57 44 43 4.9013 0
94 57 40 4.9013 0
33 70 40 4.9013 0
42 70 29 4.9013 0
59 50 82 4.6569 0
77 59 96 4.6573 0
59 50 70 4.6572 0
68 50 97 4.6573 0
59 77 97 4.6574 0
50 68 97 4.6574 0
81 60 18 4.6524 0
40 67 54 4.2161 0
69 50 55 4.2639 0
58 77 55 4.2639 0
77 66 86 4.1547 0
50 62 88 3.9931 0
107 65 34 3.9205 0
20 62 34 3.9205 0
40 58 42 3.8934 0
69 42 33 3.8935 0
58 51 34 3.8935 0
58 95 39 3.8935 0
50 68 56 3.8922 0
69 88 43 3.8935 0
78 69 40 3.8935 0
67 42 19 3.7836 0
75 57 57 3.6255 0
61 87 19 3.3173 0
66 76 89 3.1636 0
75 69 31 3.1628 0
66 76 70 3.1639 0
69 75 30 3.1628 0
52 58 31 3.1628 0
90 59 50 3.1325 0
65 78 19 3.0814 0
92 59 31 2.8856 0
51 63 67 2.9126 0
76 65 62 2.9905 0
59 35 46 2.8856 0
68 38 26 2.8856 0
32 59 41 2.8856 0
68 43 48 2.8856 0
63 51 90 2.9199 0
64 51 63 2.9114 0
64 21 34 2.9326 0
63 106 34 2.9326 0
68 27 37 2.8856 0
59 78 34 2.8856 0
68 33 31 2.8856 0
33 68 31 2.8856 0
51 68 27 2.8856 0
95 68 40 2.8856 0
59 52 26 2.7486 0
59 52 46 2.7488 0
75 59 32 2.7486 0
75 68 47 2.7488 0
54 56 85 2.5167 0
61 50 20 2.3992 0
72 72 87 2.4334 0
52 60 21 2.3368 0
89 61 20 2.3992 0
37 66 20 2.3992 0
66 65 123 2.4537 0
76 67 21 2.3369 0
67 92 49 2.2079 0
61 75 62 2.1733 0
60 32 39 1.8777 0
69 74 23 2.2479 0
45 60 34 1.8777 0
85 67 37 1.8777 0
60 95 31 1.8777 0
67 97 38 1.8777 0
25 67 38 2.066 0
102 60 38 2.066 0
60 81 48 1.8777 0
60 83 43 1.8777 0
75 62 103 2.0189 0
60 100 34 1.8777 0
75 63 68 1.9069 0
67 87 36 1.8777 0
37 67 47 1.8777 0
57 54 90 1.9031 0
67 48 37 1.8777 0
54 70 32 1.9033 0
101 67 38 1.8783 0
26 60 38 1.8782 0
74 59 22 1.8906 0
73 70 25 1.9033 0
60 47 50 1.8777 0
62 48 55 2.0056 0
67 52 33 1.8777 0
60 93 26 1.8777 0
0
