128
127 0 127 77.5466 0
0 127 0 76.1744 0
64 0 0 60.8897 0
63 127 127 60.6401 0
127 97 27 56.044 0
0 32 97 55.4271 0
58 66 43 16.9649 0
68 61 83 16.9149 0
92 43 54 12.0745 0
35 87 72 11.4842 0
71 127 53 11.2907 0
55 1 73 10.9567 0
63 34 75 10.3077 0
63 94 51 10.1722 0
85 82 76 8.8703 0
37 70 59 8.5495 0
88 61 66 8.0654 0
44 46 52 7.6654 0
55 82 75 7.2325 0
72 47 53 6.8799 0
75 93 69 6.5237 0
45 71 74 6.2857 0
51 93 64 6.2503 0
84 47 71 6.0782 0
48 85 54 5.727 0
58 41 54 5.542 0
55 19 71 5.7134 0
48 33 57 5.6297 0
79 65 55 5.676 0
71 109 54 5.6237 0
50 62 66 5.4374 0
78 33 67 5.1436 0
69 82 73 5.2168 0
67 18 71 5.1874 0
71 33 58 5.2013 0
74 78 55 4.9335 0
86 26 58 4.9163 0
54 47 70 4.9222 0
41 103 69 4.8135 0
84 122 64 4.5503 0
58 109 55 4.4793 0
62 91 68 4.4348 0
70 5 67 4.247 0
59 32 60 4.2526 0
56 122 59 4.0598 0
41 57 59 4.0372 0
43 6 62 3.6714 0
71 60 59 3.491 0
72 45 69 3.3604 0
84 103 70 3.2783 0
75 88 57 3.2064 0
74 24 69 3.1717 0
85 74 65 2.8776 0
85 111 68 2.9974 0
44 24 57 2.9761 0
48 121 64 2.9556 0
52 35 66 2.9222 0
75 97 58 2.8402 0
60 65 64 2.8021 0
76 65 64 2.8021 0
54 49 57 2.758 0
62 81 57 2.7034 0
62 50 57 2.5184 0
55 109 64 2.1635 0
43 112 67 2.4308 0
82 55 57 2.6641 0
73 109 65 2.2065 0
84 17 59 2.6668 0
72 18 62 2.4156 0
52 100 57 2.4483 0
43 99 61 2.514 0
63 115 57 2.4483 0
49 101 70 2.4483 0
62 59 62 2.3551 0
78 114 57 2.4483 0
47 53 68 2.3485 0
73 77 67 2.3723 0
68 89 63 2.3723 0
48 13 68 2.1638 0
62 46 68 2.3485 0
55 55 68 2.3485 0
77 59 63 2.3551 0
54 72 70 2.1932 0
82 70 70 2.2163 0
51 28 68 2.2588 0
55 18 61 2.2625 0
65 97 64 2.2188 0
78 74 70 2.1932 0
73 12 68 2.1638 0
61 75 70 2.1932 0
56 77 60 2.1111 0
43 14 59 2.1401 0
61 13 68 2.1638 0
79 36 59 2.0195 0
59 98 69 2.087 0
43 57 66 2.1119 0
56 77 66 2.1049 0
62 120 63 1.9477 0
79 7 62 1.9331 0
76 120 65 1.9477 0
78 28 58 1.8097 0
84 80 64 1.8697 0
84 71 60 1.8765 0
73 48 63 1.7745 0
83 88 66 1.8088 0
43 50 62 1.8289 0
69 66 60 1.8012 0
50 23 58 1.6954 0
66 66 64 1.7942 0
44 79 59 1.7543 0
72 71 58 1.6955 0
82 75 58 1.7238 0
54 27 58 1.6954 0
65 99 69 1.5638 0
55 82 58 1.6955 0
77 23 58 1.6954 0
77 57 58 1.6787 0
72 25 58 1.6954 0
68 74 58 1.6955 0
67 79 58 1.6955 0
79 83 58 1.6955 0
67 26 58 1.6954 0
83 98 66 1.6825 0
70 85 58 1.6955 0
49 75 58 1.6955 0
62 26 58 1.6954 0
74 18 67 1.6009 0
49 57 58 1.6787 0
0
