128
0 0 0 84.3533 0
127 127 0 72.3151 0
127 0 127 72.3151 0
0 127 127 72.3151 0
97 98 97 32.0361 0
105 33 33 28.5574 0
36 102 36 27.2479 0
47 47 90 25.8746 0
69 67 42 19.4387 0
127 70 71 14.9473 0
73 26 63 14.3604 0
61 105 69 12.8116 0
84 58 78 12.3836 0
4 82 54 12.4263 0
12 59 77 11.5798 0
61 81 77 11.3757 0
97 70 52 9.3599 0
73 94 53 8.5077 0
41 69 53 8.3521 0
40 79 74 8.3521 0
105 59 73 7.3442 0
23 72 54 7.3442 0
77 48 61 7.0024 0
120 48 63 6.7505 0
53 50 57 6.7723 0
114 61 55 6.4414 0
24 73 72 6.3363 0
86 85 55 6.3363 0
45 94 71 5.5622 0
87 40 71 5.3285 0
79 75 71 5.3285 0
60 87 56 5.3285 0
66 65 71 5.3285 0
89 57 56 5.3285 0
98 47 71 5.3285 0
87 97 60 4.5234 0
98 71 70 4.3206 0
11 75 69 4.4898 0
51 81 57 4.3206 0
28 62 70 4.3206 0
113 75 57 4.3245 0
103 57 57 4.3206 0
10 66 60 4.0929 0
65 51 61 4.0067 0
117 89 67 4.0929 0
69 53 69 4.0166 0
26 52 68 3.9302 0
41 54 58 3.5663 0
31 61 58 3.3127 0
76 96 67 3.5981 0
53 69 69 3.3127 0
102 82 58 3.3127 0
29 85 69 3.3127 0
108 48 69 3.3127 0
35 68 69 3.3127 0
74 86 69 3.3127 0
33 78 58 3.3127 0
108 77 69 3.3127 0
89 76 69 3.3127 0
92 31 66 3.2667 0
88 47 58 3.3127 0
52 62 58 3.3127 0
35 91 69 3.3127 0
20 85 58 3.3127 0
34 52 63 2.9293 0
116 82 61 2.8143 0
14 94 59 2.7688 0
85 72 59 2.3048 0
114 55 68 2.552 0
40 81 59 2.3048 0
84 40 59 2.4596 0
111 52 59 2.3048 0
95 91 59 2.3048 0
95 81 59 2.3048 0
18 63 59 2.3048 0
24 61 59 2.3048 0
109 82 59 2.3048 0
113 82 68 2.3116 0
50 76 68 2.3048 0
53 90 68 2.3048 0
42 66 68 2.3048 0
108 68 59 2.3048 0
58 78 59 2.3048 0
81 85 68 2.3048 0
97 37 68 2.3048 0
87 66 59 2.3048 0
51 71 59 2.3048 0
27 81 59 2.3048 0
46 59 59 2.3048 0
94 50 59 2.3048 0
78 81 59 2.3048 0
18 83 68 2.3048 0
71 73 68 2.3048 0
74 67 68 2.3048 0
58 63 68 2.3048 0
52 89 59 2.3048 0
101 78 68 2.3048 0
109 68 68 2.3048 0
50 85 68 2.3048 0
96 62 68 2.3048 0
105 42 68 2.3048 0
86 70 68 2.3048 0
96 56 68 2.3048 0
82 77 59 2.3048 0
69 91 68 2.3048 0
71 84 59 2.3048 0
46 71 68 2.3048 0
49 95 63 2.1752 0
30 95 65 2.1752 0
115 39 63 1.7111 0
54 94 60 1.9513 0
59 53 64 1.9214 0
115 59 64 1.7111 0
13 83 67 1.6626 0
45 85 60 1.297 0
20 93 60 1.4141 0
86 83 67 1.297 0
56 73 60 1.297 0
65 80 60 1.297 0
24 94 63 1.1673 0
18 79 60 1.297 0
32 72 60 1.297 0
89 34 60 1.4141 0
22 87 67 1.297 0
60 57 60 1.297 0
34 59 67 1.297 0
95 77 67 1.297 0
59 69 67 1.297 0
0
