128
127 127 63 103.733 0
0 0 127 77.8319 0
41 0 0 54.5852 0
104 0 96 28.3499 0
11 65 43 27.9061 0
104 3 45 21.2961 0
72 5 65 15.4546 0
40 68 9 12.9547 0
84 31 113 11.1137 0
38 37 55 10.4092 0
55 24 59 9.267 0
33 63 75 8.5035 0
73 47 122 7.9828 0
56 67 127 7.9039 0
59 61 0 7.5815 0
90 26 30 7.3777 0
73 18 85 6.9381 0
93 20 68 6.4619 0
77 23 98 5.8223 0
62 24 74 5.736 0
48 69 114 5.5653 0
40 64 89 5.5346 0
32 49 66 5.3836 0
40 47 39 5.3499 0
79 15 46 5.2736 0
42 65 28 5.2799 0
68 21 51 5.1199 0
70 53 5 4.9887 0
89 24 57 4.9068 0
39 61 62 4.6521 0
62 56 121 4.6243 0
41 53 29 4.6604 0
88 26 79 4.6915 0
86 30 94 4.4885 0
88 26 46 4.5615 0
50 34 69 4.5445 0
45 66 103 4.4876 0
83 27 65 4.4901 0
53 34 48 4.1212 0
80 29 55 4.0406 0
54 57 12 4.0917 0
83 35 24 3.9968 0
79 30 74 4.0174 0
74 32 63 3.8129 0
44 57 70 3.8436 0
43 41 69 3.7952 0
46 56 21 3.7536 0
43 59 52 3.8248 0
70 35 70 3.6689 0
71 40 111 3.5859 0
48 53 56 3.5902 0
72 32 102 3.5342 0
72 34 54 3.591 0
45 58 79 3.6138 0
51 50 69 3.6067 0
54 47 62 3.5479 0
64 39 59 3.5046 0
82 31 85 3.5076 0
60 42 66 3.4808 0
78 32 46 3.4926 0
72 35 78 3.43 0
49 40 43 3.3446 0
84 18 37 3.1979 0
68 28 90 3.2781 0
55 47 53 3.3365 0
43 61 44 3.3315 0
61 42 74 3.2894 0
83 31 40 3.2759 0
56 32 76 3.2464 0
48 55 47 3.2527 0
64 28 83 3.2389 0
64 40 51 3.1747 0
75 47 12 3.1169 0
61 29 48 3.2166 0
53 50 79 3.1899 0
55 60 117 3.1471 0
62 54 10 3.0711 0
70 37 46 3.0961 0
75 35 85 3.0176 0
79 41 19 2.9741 0
63 42 81 2.918 0
55 49 45 2.889 0
69 39 85 2.8194 0
48 57 86 2.7215 0
66 46 112 2.7332 0
42 62 37 2.7749 0
58 47 84 2.6824 0
62 43 45 2.7586 0
81 16 78 2.7367 0
45 54 63 2.6965 0
81 36 98 2.5783 0
48 58 39 2.6247 0
82 34 33 2.6268 0
79 35 91 2.6771 0
75 36 39 2.6525 0
75 22 42 2.6517 0
53 52 86 2.4466 0
47 48 33 2.4835 0
77 44 111 2.6124 0
39 47 73 2.479 0
68 23 60 2.4647 0
71 22 75 2.4628 0
69 40 39 2.4429 0
48 61 93 2.4691 0
65 43 88 2.4106 0
53 53 39 2.3815 0
49 44 37 2.4515 0
63 51 114 2.4061 0
67 24 66 2.1913 0
59 42 55 2.3382 0
61 46 39 2.2829 0
71 40 91 2.2541 0
86 25 88 2.2982 0
60 48 90 2.2959 0
51 36 60 2.2382 0
48 52 75 2.2299 0
52 56 92 2.1311 0
39 49 48 2.0958 0
53 53 20 2.1823 0
55 45 72 2.1096 0
49 50 28 2.2004 0
76 19 53 2.1186 0
67 33 95 2.0668 0
48 61 33 2.0128 0
78 41 104 2.0455 0
49 39 75 2.0788 0
66 28 44 2.0954 0
84 14 54 2.1212 0
0
