128
0 0 0 106.211 0
17 127 127 72.9254 0
127 0 127 62.139 0
127 127 0 58.4534 0
127 104 99 41.8822 0
39 19 127 26.7402 0
105 62 51 24.4534 0
60 108 43 22.012 0
67 52 118 16.3889 0
72 64 77 16.1109 0
43 49 100 11.6656 0
79 36 82 11.5694 0
93 59 96 11.5658 0
84 75 116 11.072 0
84 111 67 10.96 0
95 96 53 9.7205 0
67 90 71 9.6847 0
93 69 16 9.6258 0
21 44 106 9.4364 0
68 94 15 9.2408 0
66 78 55 8.714 0
63 12 97 8.4456 0
60 42 89 7.6149 0
80 81 11 7.0368 0
69 71 100 6.9036 0
91 84 70 6.8085 0
91 80 29 5.9975 0
88 76 89 5.8933 0
62 34 104 5.941 0
70 85 29 5.4788 0
67 24 89 5.5161 0
81 106 84 5.4265 0
91 87 40 5.2254 0
73 89 86 5.0913 0
70 81 41 5.0485 0
63 54 96 4.9038 0
76 70 47 4.6453 0
66 22 107 4.3927 0
86 97 39 4.4034 0
84 47 104 4.4297 0
72 80 92 4.29 0
86 84 58 4.2858 0
87 78 100 4.3117 0
82 68 33 4.2473 0
89 96 70 4.0017 0
71 48 91 3.8611 0
58 29 91 3.9032 0
78 73 59 3.774 0
84 45 95 3.7617 0
51 19 97 3.6496 0
75 98 80 3.7001 0
74 89 58 3.4356 0
76 87 50 3.3339 0
73 35 107 3.4451 0
80 95 27 3.474 0
75 99 63 3.4386 0
68 34 94 3.3253 0
85 83 48 3.301 0
50 36 92 3.4162 0
71 22 98 3.3647 0
87 86 84 3.2789 0
31 34 101 3.2852 0
71 59 97 3.1181 0
81 99 58 3.1429 0
72 82 20 3.1443 0
52 37 105 3.1272 0
81 86 31 2.3155 0
74 81 101 2.9749 0
84 89 110 2.9946 0
81 95 52 2.9096 0
81 86 22 2.3155 0
87 78 79 2.6329 0
67 40 98 2.8495 0
88 82 19 2.7714 0
75 27 94 2.7971 0
77 98 88 2.6284 0
59 47 100 2.7936 0
80 80 29 2.6555 0
82 69 25 2.7772 0
80 50 91 2.751 0
80 80 22 2.6555 0
87 100 77 2.5196 0
72 77 33 2.5928 0
83 70 99 2.5513 0
82 62 106 2.5273 0
46 24 98 2.4814 0
80 81 90 2.4053 0
75 71 39 2.4352 0
88 90 78 2.3483 0
82 94 85 1.9423 0
85 75 67 2.343 0
82 105 93 2.3495 0
77 84 107 2.3161 0
80 81 84 2.2297 0
77 86 43 2.1131 0
76 82 61 2.1943 0
81 93 79 1.9079 0
38 30 99 2.3141 0
88 92 33 2.2457 0
76 65 106 2.2422 0
55 40 100 2.2479 0
76 81 47 2.2091 0
87 79 38 2.1005 0
80 77 65 2.189 0
81 94 34 2.1728 0
85 90 89 2.0602 0
77 99 70 2.1443 0
86 84 105 2.0978 0
81 92 70 1.4831 0
81 71 40 1.9488 0
71 46 99 1.6566 0
72 26 103 2.0492 0
88 90 62 2.0136 0
84 95 46 2.0202 0
29 44 96 1.9214 0
86 96 81 1.9212 0
71 34 100 1.8409 0
74 88 95 1.9266 0
73 80 65 1.9219 0
80 41 106 1.9877 0
79 75 52 1.993 0
79 76 33 1.961 0
57 21 93 1.9481 0
77 83 55 1.8909 0
83 39 99 1.9621 0
87 95 63 1.8909 0
86 72 28 1.9161 0
33 39 105 1.7421 0
0
