128
127 127 0 73.0948 0
0 0 0 73.0948 0
127 0 127 70.66 0
0 127 127 65.3863 0
110 117 117 44.3768 0
22 106 28 36.4745 0
25 30 104 36.0566 0
100 27 29 33.0702 0
64 67 38 20.349 0
67 69 106 19.9096 0
105 69 71 19.8004 0
25 63 61 16.7394 0
65 127 77 15.1161 0
51 81 79 12.297 0
69 0 52 12.238 0
56 0 81 11.512 0
69 42 85 11.1062 0
75 81 77 10.7702 0
60 37 48 10.4623 0
60 123 51 9.7933 0
65 98 49 9.2624 0
62 98 95 8.7858 0
42 125 65 8.2944 0
87 45 74 8.0151 0
34 91 70 8.0346 0
93 97 69 7.6686 0
44 48 51 7.2466 0
36 40 62 7.4261 0
64 21 83 6.7544 0
36 68 84 7.1563 0
54 43 73 7.0028 0
87 58 89 6.8833 0
87 78 52 6.5647 0
87 59 52 6.5647 0
41 4 70 6.4425 0
87 121 70 6.2042 0
72 4 71 6.278 0
64 20 52 6.2387 0
76 28 67 3.6802 0
87 5 60 5.6477 0
51 17 67 3.6802 0
51 86 53 5.2309 0
42 77 53 5.2318 0
53 5 64 5.2983 0
76 102 77 3.4017 0
75 91 91 5.3071 0
76 39 67 5.3264 0
79 88 53 5.2309 0
77 48 53 5.2309 0
51 59 77 3.4017 0
37 110 68 5.0953 0
49 113 75 5.0347 0
90 49 60 4.645 0
90 87 60 4.645 0
90 33 68 4.6666 0
65 40 67 4.5666 0
84 71 87 4.5669 0
49 40 61 4.4965 0
74 121 58 4.3122 0
47 65 90 4.2655 0
68 110 90 4.3299 0
72 111 54 4.223 0
52 24 54 4.223 0
58 111 89 4.1301 0
55 109 54 4.223 0
40 49 70 4.2188 0
56 12 54 4.223 0
79 112 77 4.1104 0
76 15 67 3.6802 0
74 49 71 4.0511 0
57 52 90 4.0128 0
88 91 81 3.9739 0
76 64 77 3.4017 0
73 39 57 3.9001 0
89 109 70 3.8345 0
51 26 67 3.6802 0
64 72 70 3.7151 0
64 49 70 3.7151 0
38 24 64 3.6371 0
75 28 80 3.7308 0
69 11 80 3.7308 0
58 31 80 3.7308 0
86 39 62 3.7087 0
38 16 68 3.6599 0
89 18 64 3.6371 0
38 80 65 3.6371 0
46 60 55 3.2151 0
51 98 77 3.4017 0
76 55 77 3.4017 0
74 16 55 3.2151 0
87 86 69 3.3453 0
57 50 55 3.2151 0
63 7 66 3.2544 0
52 99 55 3.2151 0
77 101 55 3.2151 0
68 86 55 3.2151 0
73 25 55 3.2151 0
45 68 55 3.2151 0
67 48 55 3.2151 0
45 35 55 3.2152 0
64 90 71 2.9805 0
53 50 82 3.0432 0
48 94 89 3.0384 0
67 90 86 2.9872 0
74 111 70 2.809 0
55 16 79 2.7229 0
65 71 82 2.7463 0
57 111 70 2.809 0
75 111 84 2.809 0
83 34 77 2.7816 0
81 111 69 2.7072 0
73 103 89 2.7386 0
39 58 79 2.7646 0
39 102 75 2.6292 0
52 34 67 2.7298 0
42 71 70 2.748 0
77 54 89 2.7579 0
51 58 89 2.7386 0
39 85 58 2.7047 0
88 95 58 2.7047 0
40 93 82 2.6822 0
88 106 63 2.6292 0
57 38 63 2.5508 0
39 100 64 2.6292 0
88 25 66 2.6292 0
45 38 70 2.5508 0
49 52 77 2.5332 0
79 8 65 2.4549 0
0
