128
127 0 127 67.2797 0
7 123 5 54.9518 0
0 0 0 66.6304 0
0 127 127 66.0685 0
127 127 0 64.1686 0
118 119 117 51.3459 0
119 11 8 51.3012 0
11 12 117 48.5602 0
109 65 63 24.4597 0
19 66 61 24.2238 0
64 118 63 23.5736 0
62 12 64 22.2024 0
63 61 70 14.2566 0
63 54 127 15.0648 0
63 75 105 13.6675 0
63 47 96 13.295 0
79 66 38 13.262 0
50 66 39 12.6565 0
65 47 0 12.3877 0
64 83 0 11.6664 0
88 35 67 11.3567 0
42 66 0 10.4104 0
65 85 82 10.4612 0
85 64 0 10.4119 0
38 36 61 10.2778 0
64 101 32 10.084 0
90 95 60 10.0524 0
64 30 36 10.0215 0
39 95 57 9.8084 0
84 68 125 9.1631 0
29 64 95 9.0554 0
35 65 21 9.0856 0
97 65 98 8.5445 0
40 63 121 8.4686 0
91 64 19 8.0768 0
80 34 48 8.0372 0
38 89 75 7.4717 0
79 96 45 7.139 0
64 107 94 7.0958 0
62 22 94 7.0605 0
64 37 18 6.9423 0
50 35 47 6.8059 0
51 96 44 6.765 0
52 74 125 6.7838 0
50 76 87 6.66 0
89 87 76 6.354 0
36 45 78 6.3816 0
89 85 45 6.0704 0
65 94 115 6.2823 0
78 62 98 6.2118 0
38 46 44 6.1216 0
64 92 17 6.1181 0
78 75 89 6.13 0
89 46 44 6.1216 0
38 85 43 6.0662 0
49 62 97 5.7528 0
66 41 77 5.822 0
44 34 77 5.5649 0
78 53 84 5.556 0
92 48 83 5.5917 0
34 78 85 5.4872 0
81 97 78 5.3916 0
49 52 83 5.2037 0
48 99 80 5.1527 0
63 31 108 5.1634 0
75 80 121 5.1383 0
52 78 74 5.1034 0
93 76 87 4.992 0
39 52 33 5.0883 0
60 90 53 4.9388 0
77 75 76 4.9774 0
67 38 54 5.0379 0
58 64 4 4.9582 0
69 66 4 4.9569 0
89 61 111 4.8739 0
65 70 51 4.9058 0
74 58 109 4.8793 0
71 90 54 4.8844 0
52 59 108 4.8332 0
65 59 50 4.7608 0
54 39 59 4.6324 0
60 81 67 4.5936 0
76 28 83 4.6034 0
37 68 108 4.4953 0
51 28 84 4.4526 0
71 79 68 4.4453 0
55 42 79 4.3769 0
74 102 85 4.3638 0
65 101 105 4.2825 0
49 53 6 4.0582 0
35 52 90 4.1602 0
37 58 106 4.0632 0
49 93 68 4.1475 0
57 90 95 4.0015 0
89 71 108 3.9307 0
40 79 32 4.0405 0
48 79 7 3.8279 0
54 87 15 3.8664 0
73 86 14 3.8515 0
92 54 92 3.8841 0
54 102 88 3.7705 0
79 77 6 3.7372 0
70 90 96 3.6973 0
53 91 60 3.7207 0
78 93 69 3.7363 0
76 84 95 3.7591 0
75 43 83 3.6562 0
66 92 45 3.4458 0
75 47 75 3.6389 0
87 46 55 3.5583 0
73 38 62 3.6094 0
81 55 119 3.6421 0
53 46 12 3.5518 0
54 43 113 3.5254 0
54 37 28 3.4512 0
80 51 8 3.4108 0
84 37 83 3.4146 0
86 52 28 3.0665 0
64 77 60 3.3504 0
41 49 69 3.205 0
80 52 94 3.2486 0
73 38 25 3.222 0
35 58 84 3.2446 0
80 73 99 3.2185 0
54 93 25 3.1938 0
46 52 117 3.0115 0
46 72 97 2.9387 0
45 59 88 3.1305 0
0
