128
127 127 127 61.1304 0
0 0 0 61.1414 0
127 127 0 61.1435 0
127 0 127 61.1432 0
0 127 0 61.1435 0
0 0 127 61.1432 0
127 0 0 61.1414 0
0 127 127 61.1304 0
64 65 105 28.5185 0
65 64 22 28.4791 0
64 127 79 17.0481 0
63 0 48 17.0047 0
64 3 82 14.894 0
28 56 81 14.411 0
105 63 88 14.2208 0
23 63 37 13.361 0
106 63 37 13.361 0
64 107 37 13.361 0
64 96 75 12.2585 0
1 63 87 12.3321 0
0 88 64 11.9519 0
127 88 64 11.9519 0
127 40 63 11.5946 0
94 46 70 11.8093 0
87 5 65 11.7419 0
0 40 65 11.5946 0
38 126 64 11.431 0
89 126 63 11.431 0
39 6 65 10.7341 0
30 82 77 10.5225 0
51 44 73 10.3918 0
98 78 68 10.3591 0
72 26 40 10.3969 0
64 29 87 10.3374 0
0 69 44 10.0932 0
72 43 73 9.3858 0
49 34 41 9.3295 0
127 72 81 9.2214 0
127 55 46 9.2178 0
55 127 46 9.2116 0
74 127 48 8.671 0
44 90 42 8.3216 0
87 87 84 8.38 0
127 64 63 8.1639 0
92 45 42 8.3216 0
93 81 42 8.3216 0
126 53 80 8.1316 0
126 74 47 8.1313 0
83 34 84 7.5387 0
0 60 63 7.4685 0
44 94 84 7.316 0
33 44 43 7.3138 0
56 77 71 7.3121 0
82 96 43 7.3138 0
2 51 48 7.1611 0
106 62 63 7.186 0
24 70 64 6.6224 0
113 25 63 6.5722 0
14 25 64 6.5722 0
14 102 64 6.6055 0
113 102 64 6.6055 0
29 42 64 6.6224 0
72 71 70 6.3937 0
103 112 63 6.4028 0
24 112 64 6.4028 0
49 20 83 6.3059 0
41 33 83 6.3626 0
28 82 44 6.3059 0
49 108 83 6.3124 0
34 93 64 5.8734 0
103 16 65 5.616 0
24 16 65 5.616 0
40 75 45 5.298 0
78 20 82 5.298 0
15 75 82 5.3169 0
93 94 64 5.2439 0
48 18 45 5.298 0
78 41 45 5.298 0
46 105 45 5.298 0
40 56 45 5.298 0
78 106 82 5.3072 0
88 101 78 5.0172 0
87 73 80 5.1661 0
92 63 64 4.8647 0
38 51 63 4.8516 0
35 64 63 4.8656 0
3 71 70 4.8662 0
108 82 81 4.689 0
87 62 79 4.5494 0
82 13 48 4.5161 0
97 93 76 4.5763 0
62 40 62 4.6067 0
16 47 46 4.2902 0
35 75 62 4.6067 0
22 58 62 4.6067 0
63 39 46 4.2902 0
113 80 46 4.2902 0
81 110 46 4.2902 0
87 29 46 4.2902 0
7 47 80 4.4517 0
34 98 77 4.5115 0
5 78 78 4.4323 0
32 37 76 4.4118 0
54 109 67 4.1955 0
109 45 81 4.4068 0
41 38 62 4.3269 0
89 60 46 4.2902 0
63 51 64 4.312 0
109 45 46 4.2902 0
78 51 62 4.312 0
81 38 62 4.3269 0
16 78 46 4.2902 0
66 88 46 4.2902 0
57 92 46 4.2902 0
47 82 81 4.2902 0
47 48 46 4.2902 0
78 84 46 4.2902 0
58 22 46 4.2902 0
74 81 76 4.2294 0
80 55 77 4.2169 0
25 84 62 4.1265 0
72 110 67 4.1955 0
74 84 67 4.1848 0
4 72 59 3.9769 0
7 83 49 3.9935 0
42 70 80 3.8772 0
12 33 56 3.7394 0
40 13 51 3.6789 0
0
