128
127 127 127 67.9307 0
5 0 0 58.1003 0
0 0 127 67.9307 0
0 127 0 61.3731 0
127 0 0 60.986 0
121 126 0 58.1833 0
118 9 112 50.1732 0
9 118 112 50.1732 0
64 62 5 26.2187 0
64 18 58 25.3177 0
63 109 59 24.8711 0
127 62 65 19.7552 0
0 65 65 19.7531 0
99 92 59 11.9416 0
21 38 58 12.0189 0
59 82 127 11.8999 0
82 59 127 11.8985 0
98 35 58 11.5376 0
28 91 59 10.9922 0
6 61 34 10.0785 0
121 65 34 10.0168 0
29 64 21 10.057 0
42 67 122 9.9498 0
67 42 122 9.9491 0
99 63 21 10.057 0
56 90 28 9.8588 0
64 31 92 9.2186 0
63 96 95 8.8454 0
64 31 25 8.7012 0
75 89 33 8.2411 0
91 62 106 8.0986 0
42 61 62 2.9889 0
63 67 57 3.5387 0
113 78 46 7.6219 0
85 61 62 2.9889 0
43 88 42 7.4306 0
57 57 127 7.2758 0
38 36 70 7.2891 0
38 37 47 7.2113 0
37 63 105 6.9451 0
111 62 89 6.7454 0
16 65 89 6.7454 0
111 48 47 6.6652 0
16 79 47 6.6593 0
84 87 46 6.6471 0
86 92 74 6.2919 0
86 36 42 6.2702 0
36 73 74 2.9819 0
41 76 25 6.0255 0
91 73 74 2.9819 0
15 50 44 6.0013 0
40 50 25 6.0255 0
87 76 25 6.0255 0
65 88 110 6.0641 0
88 50 25 6.0255 0
107 78 73 6.048 0
105 47 71 5.7675 0
70 39 105 5.7812 0
20 50 75 5.6462 0
76 93 83 5.6053 0
52 93 84 5.5723 0
49 34 82 5.5719 0
86 36 73 5.4132 0
40 65 45 1.4632 0
35 85 74 5.4735 0
41 76 60 4.2207 0
25 65 99 5.3483 0
87 59 45 1.4655 0
86 76 58 4.2207 0
22 79 73 5.2735 0
36 54 74 2.988 0
50 38 26 5.0177 0
77 41 26 5.0177 0
91 54 74 2.988 0
43 42 59 4.9365 0
64 67 42 2.3629 0
77 32 33 4.8304 0
64 51 43 2.435 0
86 51 60 4.2207 0
48 32 35 4.868 0
63 84 41 4.7578 0
75 35 82 4.592 0
96 83 76 4.5097 0
74 76 120 4.6777 0
57 40 103 4.6635 0
35 55 51 1.9096 0
44 85 56 4.506 0
54 86 103 4.5499 0
83 85 61 4.506 0
102 64 98 4.4931 0
108 77 58 4.386 0
83 42 54 4.3183 0
107 54 80 4.0867 0
41 52 62 4.1436 0
35 44 80 4.2895 0
49 79 113 4.1537 0
83 52 110 4.2439 0
66 66 125 4.055 0
95 44 75 4.1225 0
44 91 74 4.1761 0
83 70 114 4.0591 0
43 74 108 4.0307 0
66 53 63 1.523 0
27 85 44 3.9424 0
102 84 44 3.9772 0
49 54 118 3.9273 0
64 49 57 3.5387 0
88 69 39 1.5571 0
39 53 40 1.7193 0
25 43 42 3.7407 0
29 45 72 3.7684 0
100 42 43 3.8219 0
72 84 45 3.6922 0
108 70 81 3.744 0
64 79 61 3.5387 0
84 41 64 3.6847 0
72 86 102 3.7067 0
64 59 52 3.084 0
63 58 60 3.5387 0
112 53 36 3.5997 0
43 87 65 3.6161 0
54 84 46 3.6294 0
14 67 45 3.5614 0
52 47 108 3.5832 0
20 72 81 3.6119 0
106 49 59 3.6059 0
49 39 42 3.3952 0
20 77 58 3.5978 0
0
