128
127 127 127 96.2998 0
0 0 0 62.3572 0
0 127 0 59.316 0
0 0 127 56.7566 0
127 0 0 55.4677 0
113 0 91 35.1342 0
0 92 114 34.898 0
118 92 0 34.621 0
65 61 4 25.5278 0
8 62 62 24.2328 0
59 0 64 23.4871 0
70 50 57 21.3385 0
78 125 20 19.4654 0
71 26 115 18.6346 0
29 109 70 17.463 0
30 28 67 14.7057 0
39 59 111 14.7326 0
111 39 58 14.5777 0
53 82 57 13.5572 0
113 59 37 13.3411 0
60 46 91 13.2459 0
52 109 48 12.6404 0
48 67 79 12.006 0
23 65 28 10.8683 0
89 17 54 10.5526 0
67 25 19 10.4238 0
65 97 19 10.4097 0
77 79 45 9.244 0
71 11 34 9.2376 0
20 56 94 8.3309 0
96 60 21 8.4525 0
94 69 44 8.2361 0
57 12 95 8.0895 0
81 41 84 8.1668 0
32 44 47 8.0136 0
26 88 50 7.8599 0
41 77 22 7.386 0
80 86 22 7.386 0
71 98 43 7.2283 0
26 85 80 7.1145 0
28 46 82 7.1811 0
44 63 50 6.9761 0
48 24 46 6.7621 0
44 20 83 6.449 0
72 14 89 6.3209 0
81 39 23 6.4238 0
45 87 77 6.3313 0
38 54 23 6.3782 0
95 49 42 6.2204 0
101 39 78 5.918 0
94 29 67 5.9221 0
56 17 37 5.7642 0
54 68 42 5.7602 0
82 19 70 5.6817 0
39 79 102 5.5612 0
96 31 45 5.5519 0
93 106 30 5.5687 0
24 71 87 5.5356 0
50 32 102 5.5323 0
51 88 24 5.3703 0
106 78 39 5.5498 0
37 97 46 5.4611 0
89 75 24 5.3703 0
51 40 24 5.3703 0
26 80 38 5.4379 0
84 100 24 5.3703 0
92 46 24 5.3703 0
57 113 30 5.1854 0
59 92 41 5.2125 0
92 83 41 5.2125 0
95 46 70 5.1583 0
28 85 65 4.9564 0
83 21 39 5.0569 0
47 54 41 5.0097 0
70 111 40 4.9457 0
34 102 92 4.9016 0
32 51 34 4.7254 0
35 48 62 4.7978 0
70 33 79 4.723 0
44 58 64 4.7733 0
40 41 101 4.5244 0
75 20 79 4.5903 0
50 47 75 4.6051 0
75 20 46 4.6012 0
56 21 84 4.5767 0
64 21 44 4.5084 0
88 36 101 4.5256 0
28 61 84 4.4101 0
65 72 40 4.2868 0
40 67 61 4.31 0
43 83 90 4.2493 0
48 26 58 4.2703 0
58 35 76 4.2085 0
36 31 86 4.1853 0
86 94 40 4.2046 0
103 41 38 4.1862 0
61 81 40 4.2046 0
30 75 47 4.0485 0
72 32 89 3.9109 0
40 33 44 3.8171 0
30 57 42 3.7369 0
41 71 94 3.9533 0
52 41 40 3.7944 0
45 94 40 3.7967 0
40 96 85 3.6663 0
74 49 31 3.7398 0
81 108 39 3.7455 0
68 75 31 3.5757 0
30 74 78 3.7082 0
44 56 92 3.5086 0
80 22 87 3.7086 0
102 91 36 3.5726 0
32 94 86 3.6005 0
102 48 27 3.4048 0
80 34 95 3.555 0
37 89 100 3.5165 0
51 22 100 3.5165 0
98 98 34 3.4557 0
41 96 56 3.2967 0
58 34 40 3.2832 0
69 83 26 3.3545 0
54 30 26 3.3545 0
64 38 26 3.3545 0
80 28 26 3.3545 0
85 66 26 3.3545 0
82 67 39 3.1968 0
52 78 39 3.1968 0
88 57 39 3.1968 0
0
