128
127 0 127 70.198 0
0 127 127 70.1791 0
0 0 0 69.9985 0
127 127 0 69.9985 0
105 22 22 37.8902 0
22 22 105 37.8719 0
22 105 19 37.888 0
105 105 107 37.8924 0
64 105 63 20.5758 0
22 65 63 20.574 0
104 66 63 19.6339 0
62 23 62 19.5735 0
63 64 127 17.1712 0
63 63 72 10.0063 0
63 63 0 10.6014 0
64 64 96 12.6674 0
86 42 70 10.0902 0
64 64 42 3.6974 0
83 59 1 8.7725 0
43 85 72 8.6819 0
42 43 54 8.6656 0
93 62 90 8.5173 0
65 34 89 8.5065 0
83 85 51 8.0079 0
67 42 2 7.8553 0
35 66 90 7.59 0
61 84 2 7.765 0
43 66 2 7.7649 0
66 92 36 7.5584 0
61 35 36 7.5577 0
60 92 89 7.6637 0
92 67 37 7.6623 0
35 60 37 7.6596 0
45 85 54 7.3273 0
83 84 69 7.2606 0
42 46 71 6.6818 0
72 63 20 4.5744 0
55 64 20 4.5744 0
60 40 122 5.9237 0
87 66 122 5.838 0
86 49 54 5.7058 0
90 64 23 5.5619 0
37 63 23 5.5619 0
63 90 103 5.4384 0
39 60 120 5.2241 0
67 87 121 5.1669 0
77 41 51 5.1771 0
77 41 84 5.1822 0
86 50 85 5.1759 0
75 87 80 5.1224 0
40 75 46 5.0883 0
42 78 86 4.8544 0
39 55 81 4.8717 0
55 88 43 4.8874 0
49 42 40 4.9078 0
87 74 82 4.702 0
51 41 78 4.6783 0
89 62 104 4.4911 0
88 56 45 4.5466 0
65 89 23 4.4731 0
38 66 103 4.576 0
65 38 15 4.4733 0
66 38 103 4.5571 0
77 85 38 4.3284 0
84 78 38 4.0296 0
64 64 27 3.6986 0
64 64 51 3.6935 0
75 71 6 3.8263 0
42 51 43 3.8437 0
58 73 82 3.7677 0
51 85 83 3.7979 0
51 55 6 3.7331 0
60 39 23 3.7106 0
58 54 83 3.7677 0
54 74 6 3.7331 0
57 49 6 3.7331 0
61 39 111 3.5599 0
61 88 14 3.5652 0
71 40 41 3.6185 0
71 87 46 3.6157 0
88 62 13 3.5113 0
86 73 48 3.3892 0
74 65 82 3.435 0
87 57 78 3.3209 0
70 55 82 3.3988 0
53 62 83 3.435 0
41 73 78 3.3458 0
70 72 81 3.3988 0
54 41 48 3.3469 0
49 83 91 3.2482 0
70 40 77 3.3023 0
44 49 35 3.2392 0
75 42 94 3.3297 0
75 64 109 3.0661 0
52 63 108 3.0661 0
48 82 43 3.0599 0
69 87 95 3.0645 0
40 69 31 3.0608 0
86 55 98 2.9907 0
55 86 98 2.9659 0
72 59 12 2.8987 0
55 68 12 2.8987 0
71 56 109 3.0299 0
86 72 28 3.0173 0
41 55 28 3.0041 0
57 54 109 2.8949 0
72 86 28 2.9667 0
41 55 50 2.9919 0
55 41 86 2.9633 0
76 43 60 2.9351 0
81 80 80 2.9642 0
55 86 76 2.9613 0
76 49 7 2.7252 0
70 73 109 2.8948 0
42 74 96 2.8471 0
72 68 13 2.8987 0
55 61 12 2.8987 0
53 42 30 2.8786 0
65 63 15 2.8228 0
68 75 7 2.7252 0
58 74 108 2.7731 0
87 67 112 2.6902 0
59 40 98 2.8587 0
40 59 98 2.8531 0
64 53 109 2.7731 0
50 44 64 2.672 0
69 74 66 2.7731 0
67 40 26 2.7196 0
0
