128
0 0 0 84.0015 0
127 0 127 67.987 0
0 127 127 67.9506 0
127 127 0 67.9373 0
111 111 110 43.3451 0
24 118 24 36.9033 0
115 26 26 35.5038 0
43 42 97 29.088 0
64 78 39 19.7966 0
84 62 85 16.8656 0
60 85 84 15.3325 0
127 59 66 15.0824 0
71 21 68 14.4964 0
7 61 78 13.311 0
67 127 76 13.1663 0
73 46 46 12.7415 0
96 67 46 12.7415 0
0 84 53 12.5481 0
65 124 51 10.8632 0
33 76 48 10.7258 0
32 75 77 9.9595 0
73 104 74 8.2346 0
46 123 65 8.2184 0
105 73 74 8.2346 0
124 85 66 8.1602 0
54 107 75 8.1412 0
74 103 51 7.7021 0
86 121 65 7.4965 0
90 11 59 7.4312 0
105 52 75 7.3669 0
87 39 75 6.8878 0
51 57 52 6.6943 0
55 101 52 6.6943 0
115 73 52 6.6943 0
87 86 52 6.6943 0
86 84 75 6.3283 0
107 40 66 6.203 0
73 42 74 5.8308 0
55 37 63 5.8151 0
45 91 53 5.6864 0
59 65 74 5.7165 0
16 72 53 5.6864 0
91 47 54 5.5359 0
39 90 74 5.3099 0
66 53 72 5.3783 0
108 51 59 5.2735 0
6 79 70 5.0979 0
47 71 73 5.0558 0
19 86 54 4.6785 0
11 97 60 4.8465 0
82 31 54 4.7044 0
38 61 54 4.6785 0
56 45 54 4.6785 0
80 62 54 4.6785 0
18 80 72 4.6894 0
105 82 54 4.6785 0
85 96 71 4.4536 0
40 101 71 4.5559 0
8 69 61 4.4638 0
29 61 71 4.3878 0
23 51 70 4.1695 0
29 91 70 4.2031 0
100 85 70 4.1002 0
77 91 73 4.187 0
80 116 55 3.9648 0
86 98 55 3.6707 0
72 74 71 3.7867 0
45 68 55 3.6707 0
93 48 70 3.6865 0
52 116 55 3.7232 0
65 59 55 3.6707 0
32 91 55 3.6707 0
98 89 55 3.6707 0
110 60 55 3.7038 0
82 73 55 3.6707 0
63 109 55 3.6707 0
87 23 56 3.5289 0
64 39 69 3.5282 0
69 39 62 3.5111 0
36 115 65 3.4726 0
20 71 70 3.3552 0
85 105 69 3.1952 0
95 113 65 3.2538 0
99 63 69 3.1952 0
76 82 72 3.2673 0
94 79 70 3.2075 0
21 88 69 3.1952 0
84 48 69 3.1952 0
75 51 69 3.1952 0
49 96 72 3.194 0
44 82 72 3.1666 0
115 95 64 2.9413 0
57 55 69 2.9992 0
117 75 71 2.9642 0
74 119 62 2.9914 0
110 84 71 3.0309 0
46 79 56 2.6628 0
9 88 67 2.8802 0
104 29 64 2.8678 0
117 83 56 2.957 0
76 92 56 2.6628 0
14 61 62 2.8688 0
56 73 69 2.8069 0
81 75 69 2.8906 0
96 33 71 2.8569 0
44 42 64 2.8494 0
65 95 56 2.6628 0
89 25 71 2.6936 0
98 41 71 2.6628 0
46 62 71 2.8031 0
45 102 56 2.6628 0
90 34 56 2.6628 0
95 94 69 2.7669 0
86 108 56 2.6628 0
39 62 71 2.6943 0
61 52 56 2.6628 0
49 109 56 2.6628 0
62 99 71 2.71 0
85 40 56 2.6628 0
78 115 71 2.6685 0
26 66 56 2.6628 0
109 62 71 2.6628 0
69 67 71 2.6628 0
54 91 56 2.6628 0
42 53 56 2.6628 0
100 54 56 2.6628 0
85 45 61 2.5962 0
43 109 71 2.6761 0
0
