128
0 0 127 74.4207 0
127 0 0 71.6231 0
0 127 0 71.2066 0
127 127 127 71.1495 0
107 23 105 35.8917 0
101 102 26 34.4662 0
27 103 100 33.7845 0
27 28 25 33.2006 0
65 64 102 19.0726 0
64 21 62 17.9827 0
66 63 35 17.5397 0
64 105 63 16.9216 0
127 69 51 13.0821 0
0 72 76 12.6851 0
0 57 49 11.65 0
127 58 80 10.2083 0
40 63 84 10.2078 0
64 38 85 9.5861 0
39 66 43 9.4723 0
66 88 85 9.2355 0
55 87 45 8.7722 0
97 62 44 8.562 0
92 64 90 8.4154 0
89 31 65 7.6641 0
20 65 79 7.6249 0
124 43 68 7.49 0
76 41 47 7.3772 0
19 64 45 7.4646 0
87 95 66 7.3215 0
109 62 84 6.6685 0
42 95 59 6.531 0
59 41 47 6.4733 0
49 48 82 6.3608 0
121 87 60 6.1045 0
31 87 60 6.0263 0
42 33 65 5.7802 0
52 76 83 5.5575 0
78 36 76 5.4454 0
7 42 57 5.4012 0
3 74 57 5.4257 0
9 87 67 5.2374 0
82 77 88 5.4655 0
124 74 70 5.3325 0
85 53 47 5.296 0
71 85 48 5.4167 0
80 89 78 5.2038 0
51 37 75 5.1783 0
77 47 87 5.1944 0
110 58 50 5.1245 0
2 54 67 5.1088 0
97 41 59 5.022 0
122 52 58 4.5508 0
108 69 50 4.581 0
82 74 48 4.4972 0
42 81 46 4.5367 0
48 55 48 4.3931 0
32 38 62 4.4335 0
53 86 76 4.177 0
111 36 66 4.0986 0
100 85 62 4.0105 0
85 36 54 3.8478 0
27 55 76 3.9024 0
10 58 72 3.8584 0
37 48 76 3.7187 0
102 35 66 3.6328 0
31 73 76 3.6882 0
124 58 65 3.6583 0
82 56 87 3.7291 0
23 42 60 3.6811 0
43 76 77 3.5587 0
102 71 82 3.4977 0
49 37 55 3.3996 0
84 63 49 3.4294 0
79 90 56 3.5862 0
20 91 64 3.4791 0
48 91 70 3.4555 0
19 76 74 3.4468 0
25 75 49 3.4477 0
28 57 49 3.4248 0
109 91 63 3.4129 0
51 71 49 3.3942 0
88 44 49 3.3869 0
10 70 51 3.2547 0
54 58 82 3.2726 0
32 79 49 3.2235 0
101 51 50 3.2044 0
91 76 84 3.1212 0
88 84 79 3.15 0
106 43 60 3.0027 0
100 55 82 2.9958 0
15 38 60 3.0201 0
38 84 53 3.0026 0
84 43 79 2.8579 0
16 54 50 2.877 0
59 51 83 2.8282 0
91 53 84 2.8122 0
94 49 50 2.8094 0
92 84 59 2.7418 0
79 37 59 2.6967 0
14 81 72 2.7586 0
21 84 58 2.6601 0
17 54 73 2.6901 0
53 67 81 2.6933 0
122 65 69 2.6432 0
74 76 50 2.5562 0
120 70 77 2.6303 0
114 52 79 2.6121 0
49 44 50 2.5772 0
18 74 50 2.5665 0
42 39 74 2.5904 0
37 43 58 2.5661 0
81 68 86 2.5065 0
95 73 50 2.5716 0
4 64 62 2.5111 0
87 38 74 2.3382 0
96 90 70 2.515 0
43 88 50 2.4911 0
85 49 84 2.4857 0
51 64 50 2.4216 0
89 69 50 2.4097 0
28 68 50 2.4202 0
72 89 73 2.4035 0
73 77 85 2.3014 0
114 71 79 2.3036 0
79 82 51 2.3532 0
46 83 75 2.4021 0
57 75 50 2.2171 0
8 82 60 2.3372 0
0
