128
63 127 127 66.4472 0
64 0 0 63.8527 0
127 0 127 67.6865 0
127 127 0 65.2386 0
0 127 0 60.5827 0
0 1 124 58.2702 0
0 48 31 20.7903 0
0 75 95 20.1294 0
127 47 30 18.9786 0
127 95 79 18.3837 0
58 46 98 18.2806 0
61 100 45 17.8058 0
64 64 63 15.1908 0
33 64 81 15.6528 0
92 63 82 15.4133 0
0 75 58 15.3214 0
43 30 71 14.7817 0
47 74 29 14.6185 0
9 102 71 13.9361 0
73 31 72 13.7738 0
11 24 55 13.8533 0
77 72 30 13.6106 0
127 63 73 13.1035 0
110 32 54 12.766 0
3 48 68 12.2978 0
88 94 59 11.758 0
33 100 59 11.0035 0
100 62 33 10.587 0
101 59 57 10.3146 0
28 55 57 9.4107 0
124 72 51 8.7605 0
31 56 35 8.5712 0
41 70 55 8.2989 0
19 70 36 7.5633 0
86 70 54 7.291 0
114 73 87 7.1984 0
26 76 58 7.1003 0
93 38 66 6.7187 0
122 49 58 6.7447 0
109 89 60 6.7186 0
37 89 44 6.7107 0
101 89 73 6.7186 0
47 89 65 6.7186 0
83 55 53 6.2831 0
45 55 53 6.2831 0
106 73 67 6.0939 0
59 39 59 5.7108 0
62 60 38 5.5476 0
69 88 65 5.7107 0
104 83 85 5.6298 0
83 39 56 5.7108 0
84 87 42 5.5873 0
32 42 85 5.5435 0
35 38 52 5.3808 0
14 53 88 5.2921 0
80 45 85 5.3244 0
103 44 39 5.0461 0
106 74 52 5.1121 0
73 53 80 5.148 0
24 46 72 5.0189 0
13 63 72 5.1261 0
46 53 66 5.112 0
116 68 39 5.057 0
23 83 85 4.9583 0
24 81 71 5.0189 0
22 32 71 4.5314 0
35 88 73 4.7116 0
93 40 49 4.703 0
25 43 39 4.5397 0
50 56 39 4.5397 0
93 78 39 4.5397 0
81 55 39 4.5397 0
29 78 39 4.5397 0
84 52 65 4.1041 0
51 75 76 4.1041 0
119 44 69 4.3143 0
11 57 55 4.2348 0
51 52 76 4.1041 0
82 75 68 4.1041 0
106 52 71 4.1041 0
97 75 60 4.1042 0
76 75 76 4.1041 0
47 75 67 4.1041 0
112 57 83 4.013 0
89 41 80 4.0572 0
109 62 70 4.1057 0
22 46 85 4.037 0
106 41 70 3.6951 0
17 92 85 3.9626 0
119 82 59 3.9189 0
20 35 41 3.8666 0
15 94 55 3.9272 0
101 86 51 3.695 0
69 41 55 3.6951 0
59 86 68 3.695 0
45 86 53 3.695 0
28 33 58 3.557 0
119 57 50 3.7211 0
49 41 53 3.6951 0
79 86 71 3.695 0
87 86 74 3.695 0
22 67 51 3.5644 0
89 50 40 3.5319 0
26 33 47 3.5235 0
22 66 64 3.5644 0
72 57 40 3.5318 0
31 69 40 3.5318 0
28 94 74 3.5569 0
63 78 40 3.5318 0
22 84 50 3.2595 0
12 83 72 3.2269 0
22 43 63 3.2679 0
96 75 50 3.2595 0
73 52 50 3.2595 0
55 52 50 3.2595 0
54 75 50 3.2595 0
75 74 50 3.2595 0
23 43 52 3.2679 0
12 66 45 3.2294 0
12 46 54 3.2269 0
36 76 65 3.2005 0
108 76 77 3.0962 0
90 76 65 3.0963 0
78 51 71 3.0963 0
61 76 78 3.0962 0
108 51 79 3.0963 0
13 80 43 2.9675 0
93 51 66 3.0962 0
0
