128
127 127 0 68.8639 0
0 0 0 68.8641 0
127 0 127 67.4363 0
0 127 127 67.4362 0
15 14 113 44.9498 0
112 113 113 44.9496 0
112 16 17 43.405 0
15 111 17 43.4048 0
64 64 32 24.4906 0
64 64 97 24.4036 0
63 13 65 20.9642 0
64 114 65 20.9639 0
0 60 75 15.2238 0
127 67 75 15.2236 0
28 63 44 11.8231 0
28 64 86 11.3091 0
100 63 86 11.1321 0
103 63 45 10.8152 0
3 83 62 9.8311 0
124 44 62 9.831 0
8 66 52 8.7223 0
88 47 80 8.4687 0
74 35 83 8.199 0
90 27 65 8.0499 0
37 100 65 8.0495 0
37 81 78 8.0691 0
52 92 83 8.111 0
90 80 50 8.0072 0
76 92 48 7.7916 0
73 36 48 7.7916 0
53 92 48 7.7916 0
47 39 48 7.7916 0
39 48 79 7.6733 0
88 79 79 7.6732 0
36 27 65 7.4863 0
91 100 65 7.4861 0
55 36 82 7.518 0
89 49 50 7.461 0
74 92 82 7.2166 0
41 80 49 7.0211 0
6 39 67 6.9931 0
121 88 67 6.993 0
118 73 54 6.76 0
118 59 55 6.2056 0
37 49 53 5.9471 0
9 50 56 5.6964 0
63 86 75 5.679 0
16 74 78 4.9467 0
64 44 74 5.0208 0
90 62 65 1.9681 0
64 86 54 4.9668 0
90 66 55 4.7393 0
112 52 77 4.5906 0
88 93 54 4.53 0
45 31 75 4.4528 0
64 43 55 4.3865 0
37 63 67 2.2768 0
22 29 65 4.3114 0
23 98 64 4.3111 0
20 51 79 4.3708 0
106 98 65 4.311 0
42 62 77 4.2818 0
105 29 64 4.3114 0
37 69 72 4.2163 0
90 37 56 4.185 0
37 90 56 4.1848 0
90 60 72 4.2165 0
37 36 56 4.2045 0
83 96 74 4.1745 0
109 77 78 4.0581 0
105 78 52 3.7601 0
91 90 73 3.9609 0
36 37 73 3.9608 0
82 30 55 3.9756 0
112 50 52 4.0007 0
29 79 52 3.7601 0
20 49 52 3.7601 0
42 68 52 3.8474 0
16 77 52 3.7832 0
43 58 52 3.7601 0
103 49 52 3.7601 0
90 69 71 3.729 0
84 33 75 3.7328 0
64 73 65 1.5461 0
114 31 63 3.5092 0
13 96 63 3.5091 0
42 93 75 3.4771 0
45 30 57 3.3634 0
37 64 58 3.253 0
36 58 72 3.3872 0
36 72 56 3.3431 0
90 39 70 3.2844 0
59 35 53 3.2828 0
46 97 57 3.3047 0
64 55 63 1.5443 0
101 49 78 3.0076 0
100 79 78 3.2226 0
28 43 53 2.7522 0
64 77 58 2.8697 0
90 57 59 2.8372 0
64 76 70 2.9051 0
25 77 78 2.921 0
15 45 75 2.9982 0
116 84 58 3.0174 0
13 81 73 2.9488 0
51 47 78 2.8896 0
84 68 76 2.9064 0
14 31 66 2.9577 0
64 52 58 2.8698 0
114 81 73 2.9488 0
45 71 77 2.9066 0
49 80 78 2.9331 0
56 46 53 2.7522 0
64 52 70 2.9052 0
84 59 53 2.7522 0
53 80 53 2.7522 0
37 82 59 2.8371 0
47 50 53 2.7522 0
16 56 53 2.7825 0
33 92 74 2.7121 0
72 82 53 2.7522 0
78 51 53 2.7522 0
90 83 68 2.5672 0
37 44 68 2.5671 0
79 77 53 2.7522 0
83 71 53 2.7522 0
37 88 68 2.5672 0
83 40 53 2.7522 0
0
