128
0 127 127 75.1467 0
0 0 0 75.1467 0
58 127 0 63.2876 0
58 0 127 63.2876 0
127 127 116 51.2557 0
127 11 0 51.2557 0
127 16 76 22.9468 0
127 51 111 22.9468 0
127 105 45 20.8465 0
72 95 75 17.904 0
0 41 85 17.7719 0
0 86 42 17.7719 0
72 52 31 17.904 0
127 67 71 15.9148 0
76 77 107 16.9211 0
76 20 50 16.9211 0
121 77 19 16.6189 0
123 59 43 11.8833 0
53 37 60 11.2509 0
54 68 90 11.187 0
99 110 61 10.5524 0
96 63 17 10.3029 0
44 64 38 10.1277 0
26 54 87 9.9207 0
43 89 62 9.851 0
25 72 40 9.4834 0
26 40 72 9.4244 0
120 40 54 8.8596 0
81 58 88 8.8331 0
81 40 70 8.8331 0
25 86 54 8.7053 0
102 20 55 8.5121 0
102 72 107 8.512 0
0 67 67 8.0138 0
82 74 43 7.6338 0
118 78 51 6.8439 0
118 45 70 6.8439 0
118 89 71 6.8439 0
83 85 54 6.8174 0
48 81 77 6.7001 0
83 44 53 6.412 0
97 22 72 6.5212 0
97 55 105 6.5211 0
51 50 46 6.3219 0
60 71 43 6.3219 0
44 54 83 6.2885 0
59 84 56 6.2524 0
109 35 93 6.077 0
117 74 93 5.932 0
84 74 84 5.8095 0
66 55 83 5.8512 0
42 44 73 5.9016 0
71 70 84 5.8846 0
117 43 84 5.836 0
70 43 58 5.8038 0
38 79 49 5.7525 0
66 45 74 5.6029 0
36 43 60 5.3553 0
37 68 84 5.1946 0
70 80 51 5.2837 0
54 48 77 5.1241 0
108 90 33 5.0358 0
50 78 49 4.9645 0
3 62 54 4.9901 0
3 54 62 4.9901 0
88 34 36 4.9868 0
88 91 93 4.9868 0
99 77 25 4.6201 0
40 48 51 4.4957 0
95 102 76 4.2221 0
101 100 47 4.1968 0
112 101 68 4.3041 0
102 45 99 4.2139 0
103 29 84 4.231 0
95 29 43 4.231 0
95 84 98 4.231 0
86 100 57 4.1286 0
75 50 78 4.1765 0
13 44 66 4.1484 0
13 83 61 4.1483 0
86 70 27 4.1286 0
115 82 83 3.8203 0
13 61 83 4.0805 0
109 59 25 3.9481 0
86 27 69 4.0721 0
115 52 60 3.8203 0
62 48 52 3.8673 0
32 82 69 3.8386 0
115 61 87 3.8203 0
115 82 39 3.8436 0
86 44 83 3.7938 0
115 86 59 3.8203 0
94 48 27 3.7392 0
32 58 45 3.6312 0
87 59 101 3.5741 0
112 28 52 3.6405 0
37 77 77 3.5481 0
55 82 67 3.39 0
60 76 78 3.3907 0
5 63 80 3.3072 0
5 80 63 3.1931 0
71 70 46 3.1604 0
104 95 40 3.0667 0
8 65 45 3.1009 0
56 60 45 3.0736 0
86 63 45 3.0726 0
86 53 48 3.0935 0
86 78 75 3.0793 0
28 67 82 3.0736 0
87 83 88 2.7859 0
93 96 85 2.8925 0
114 45 42 2.8124 0
20 82 65 2.9414 0
114 74 39 2.8124 0
34 50 76 2.9197 0
18 50 76 2.9197 0
103 83 30 2.8754 0
113 55 31 2.7898 0
102 53 26 2.8546 0
87 40 44 2.7859 0
114 64 56 2.8124 0
114 54 79 2.8124 0
114 52 87 2.8124 0
87 83 64 2.7859 0
87 51 79 2.7859 0
87 85 44 2.7859 0
114 79 62 2.8124 0
87 35 60 2.7859 0
0
