128
127 127 127 74.6725 0
127 0 0 74.6725 0
0 127 0 55.2714 0
0 0 127 55.2714 0
0 125 123 51.3806 0
0 2 4 51.3806 0
98 115 12 42.9115 0
98 12 115 42.9114 0
52 127 59 22.3608 0
52 68 0 22.3608 0
52 59 127 22.3607 0
52 0 68 22.3607 0
0 78 57 18.8204 0
1 39 64 17.8125 0
3 64 92 15.7968 0
6 63 28 13.0168 0
127 78 43 12.3527 0
127 49 84 12.3526 0
81 66 35 11.886 0
81 61 92 11.8859 0
81 35 67 11.8036 0
81 92 60 11.8034 0
51 38 18 11.114 0
51 89 109 11.114 0
20 13 64 10.97 0
20 114 63 10.97 0
20 63 114 10.97 0
52 109 88 10.5541 0
52 18 39 10.554 0
51 103 33 8.8857 0
51 33 103 8.8856 0
24 57 15 8.6053 0
127 60 59 8.3552 0
103 40 71 8.3176 0
103 87 56 8.3175 0
105 56 87 8.0864 0
103 71 40 8.0865 0
12 98 71 7.3021 0
77 79 81 7.2264 0
77 48 46 7.2264 0
55 89 23 6.924 0
50 23 89 6.9239 0
12 56 47 6.7259 0
12 85 80 6.7259 0
36 109 78 6.5339 0
36 18 49 6.5338 0
35 79 109 6.7304 0
91 49 81 6.1618 0
91 79 47 5.789 0
75 45 83 5.8579 0
75 80 47 5.8579 0
36 48 19 5.742 0
27 74 18 5.762 0
13 59 72 5.718 0
13 45 85 5.718 0
73 58 19 5.594 0
73 108 69 5.594 0
73 69 108 5.5939 0
73 19 58 5.5939 0
124 76 63 5.3315 0
42 85 22 5.5222 0
124 66 73 5.3315 0
73 73 20 5.454 0
73 54 107 5.4539 0
32 108 50 5.3488 0
31 19 77 5.3487 0
31 50 108 5.3487 0
64 50 19 5.3488 0
64 77 108 5.3487 0
15 99 53 5.1302 0
14 43 43 4.7101 0
72 107 53 4.918 0
72 20 74 4.9178 0
43 97 96 4.9895 0
43 30 31 4.9894 0
40 43 105 4.9621 0
74 35 50 4.8501 0
74 92 77 4.8501 0
118 43 69 4.7221 0
117 84 58 4.7219 0
39 104 42 4.6842 0
14 78 36 4.7101 0
38 23 85 4.6841 0
66 107 78 4.5569 0
66 20 49 4.5568 0
62 105 44 4.4024 0
62 22 83 4.4022 0
96 66 84 4.4908 0
60 44 105 4.4022 0
59 96 96 4.2304 0
87 45 53 4.3119 0
87 82 74 4.3119 0
60 31 31 4.2302 0
65 81 21 4.2313 0
18 75 103 4.1362 0
17 26 53 4.0424 0
17 26 75 4.1189 0
15 58 60 3.7023 0
41 93 29 4.1357 0
95 44 59 3.8301 0
15 48 33 3.9977 0
94 58 44 3.8782 0
88 73 82 3.8638 0
38 26 39 3.8499 0
73 50 31 3.8422 0
96 83 68 3.83 0
73 81 35 3.8422 0
37 88 101 3.85 0
37 39 26 3.8499 0
25 106 76 3.8241 0
25 21 51 3.824 0
73 78 95 3.8422 0
73 91 45 3.8422 0
37 101 88 3.85 0
41 30 94 3.8575 0
15 73 75 3.7023 0
17 51 100 3.8108 0
15 81 91 3.7075 0
111 49 78 3.5652 0
60 29 92 3.5756 0
109 78 49 3.5654 0
34 67 108 3.3824 0
34 108 67 3.3825 0
34 19 60 3.3824 0
122 52 68 3.3158 0
18 76 26 3.2669 0
37 76 21 3.1752 0
16 33 80 3.2843 0
0
