128
0 0 127 67.0997 0
127 127 0 57.8259 0
127 17 127 59.8195 0
1 13 0 59.2967 0
0 127 127 57.1531 0
127 0 0 52.9247 0
0 127 10 53.8155 0
110 127 124 50.4823 0
65 121 60 26.5582 0
71 64 6 25.5666 0
60 70 122 23.7768 0
74 0 54 21.563 0
127 86 68 19.4574 0
0 61 64 19.3089 0
127 49 53 18.1722 0
54 64 69 7.9926 0
63 101 22 13.4981 0
16 91 67 12.8827 0
65 32 90 12.7081 0
90 70 54 7.9974 0
35 33 62 12.6568 0
101 74 89 11.9374 0
111 61 20 11.5955 0
69 27 20 11.4563 0
99 98 58 11.4462 0
73 49 54 8.0153 0
102 19 59 11.1673 0
79 52 87 10.6892 0
59 106 95 10.5566 0
38 74 21 10.4485 0
45 12 61 9.5818 0
41 76 81 8.0652 0
34 105 73 9.3365 0
9 70 92 9.0041 0
54 64 49 7.9926 0
60 12 80 8.6714 0
29 70 107 8.7042 0
77 95 83 8.3936 0
85 95 42 8.467 0
118 73 42 8.3848 0
73 86 54 8.0162 0
73 31 54 8.0156 0
10 72 39 8.1134 0
73 67 54 8.0286 0
54 64 90 7.9926 0
88 72 105 7.7744 0
25 48 74 7.5411 0
24 49 53 7.4665 0
95 48 24 7.4248 0
93 94 78 7.3858 0
117 60 75 7.3769 0
32 100 56 6.9683 0
77 15 81 7.0308 0
61 13 31 6.7314 0
97 73 25 6.417 0
85 37 25 6.417 0
83 93 67 6.3779 0
80 89 26 6.0589 0
71 93 98 6.1815 0
52 64 33 6.0421 0
17 82 49 6.0641 0
108 33 48 5.9476 0
29 87 82 5.7907 0
50 14 45 5.7286 0
109 70 54 5.8721 0
69 93 40 5.7691 0
88 17 72 5.8614 0
60 45 104 5.7789 0
17 58 84 5.5436 0
109 35 63 5.6845 0
96 55 82 5.6498 0
49 93 104 5.632 0
44 105 86 5.5149 0
46 55 26 5.4091 0
17 81 84 5.3897 0
48 87 26 5.4091 0
18 71 26 5.4299 0
45 33 79 5.4184 0
111 86 47 5.3579 0
55 40 26 5.4091 0
41 76 99 5.2585 0
45 26 47 5.3838 0
90 84 52 5.1216 0
16 60 44 5.0426 0
62 96 81 4.9362 0
42 38 45 4.8502 0
85 67 82 4.8808 0
76 15 31 4.9647 0
94 21 44 4.9237 0
113 47 33 4.7245 0
40 58 103 4.6241 0
37 41 79 4.827 0
50 104 36 4.8079 0
26 90 50 4.7183 0
80 84 103 4.6241 0
49 50 103 4.6241 0
82 37 81 4.6419 0
35 70 70 4.5037 0
47 82 70 4.4886 0
35 70 92 4.5037 0
47 82 92 4.4886 0
95 61 27 4.4012 0
69 51 100 4.4003 0
46 20 74 4.3775 0
90 83 27 4.4012 0
79 62 100 4.3387 0
41 103 46 4.2218 0
58 83 27 4.4012 0
71 91 69 4.2 0
90 60 45 4.086 0
85 68 93 4.1968 0
86 18 37 4.1588 0
91 82 62 4.1138 0
91 60 63 3.8453 0
104 88 79 3.927 0
112 47 71 3.756 0
60 92 102 3.7404 0
35 44 48 3.793 0
92 45 80 3.6341 0
52 25 80 3.6341 0
109 39 39 3.7344 0
59 97 40 3.662 0
66 47 80 3.6341 0
101 90 44 3.6399 0
106 59 80 3.6341 0
84 27 80 3.6341 0
40 87 102 3.6163 0
65 42 28 3.3933 0
0
