128
127 127 127 80.7028 0
0 0 127 73.6808 0
0 127 58 62.7531 0
127 0 58 62.7528 0
0 10 0 52.5682 0
107 127 0 46.6941 0
108 58 0 20.3403 0
72 22 0 18.9835 0
50 30 52 18.9692 0
64 66 0 16.7593 0
85 37 122 17.6405 0
27 76 0 17.5737 0
107 78 43 17.3989 0
40 81 113 16.7049 0
75 98 48 16.3721 0
51 99 3 14.3996 0
25 53 58 14.1971 0
65 38 80 11.9252 0
84 48 95 10.3455 0
32 64 81 10.1359 0
63 61 127 9.6978 0
21 60 34 9.6176 0
53 87 89 9.4035 0
72 46 40 9.0886 0
96 67 66 9.0841 0
62 21 27 8.7778 0
53 42 8 8.6963 0
63 94 72 8.6765 0
60 105 24 7.9737 0
42 56 9 7.6884 0
80 48 9 7.6884 0
72 46 59 7.68 0
46 45 75 7.6935 0
87 76 9 7.6884 0
70 34 100 7.314 0
89 59 45 7.3031 0
35 67 43 7.1572 0
85 77 57 7.1455 0
34 47 38 7.0939 0
91 57 80 6.9923 0
70 88 10 6.6805 0
101 77 19 6.1211 0
103 59 27 6.0667 0
56 90 37 5.8345 0
43 77 81 5.8414 0
52 57 34 2.4924 0
91 39 12 5.7916 0
80 49 78 5.5928 0
76 86 69 5.5794 0
40 63 97 5.5164 0
42 72 54 5.4503 0
59 50 65 5.3314 0
84 79 37 5.3858 0
52 48 89 5.2155 0
57 88 58 5.211 0
58 52 38 5.1633 0
42 76 36 5.0571 0
61 76 103 5.0761 0
38 70 65 4.9969 0
25 60 18 4.9654 0
26 73 24 4.9508 0
60 53 54 4.7394 0
85 76 71 4.8139 0
61 72 115 4.6401 0
85 62 12 4.6648 0
67 46 12 4.6648 0
50 81 12 4.6648 0
52 85 74 4.5566 0
49 28 26 4.4914 0
79 57 112 4.4707 0
64 47 119 4.2701 0
90 90 33 4.33 0
53 85 48 4.3603 0
41 73 92 4.2736 0
53 27 17 4.2803 0
70 30 35 4.1104 0
40 58 36 4.2591 0
83 54 35 4.0493 0
66 41 110 4.1381 0
49 80 56 4.1121 0
42 54 87 4.074 0
89 67 35 4.0493 0
49 62 122 3.9943 0
45 69 13 3.6569 0
76 28 23 3.898 0
79 60 103 3.8477 0
87 69 78 3.7098 0
41 57 47 3.658 0
45 78 70 3.8026 0
46 79 45 3.6859 0
72 100 27 3.6944 0
60 83 13 3.6569 0
67 86 82 3.7001 0
89 59 57 3.674 0
97 47 20 3.62 0
37 89 15 3.5635 0
49 98 22 3.5613 0
77 58 122 3.4327 0
73 51 71 3.4355 0
81 49 51 3.214 0
44 61 106 3.328 0
50 82 65 3.3058 0
83 32 18 3.2693 0
30 72 34 3.2726 0
95 83 25 3.267 0
96 55 34 3.0572 0
86 73 45 3.2166 0
83 67 51 3.1114 0
42 49 64 3.1446 0
73 45 105 2.9032 0
45 44 34 3.0414 0
67 98 14 2.9681 0
54 44 34 3.0414 0
49 83 37 3.0464 0
84 46 34 3.0414 0
61 42 34 3.0414 0
38 53 71 2.9319 0
43 33 30 2.8817 0
75 78 14 2.649 0
80 78 47 2.9372 0
29 51 26 2.9356 0
86 62 91 2.8426 0
43 94 19 2.8817 0
39 38 33 2.7495 0
45 76 62 2.8433 0
33 84 19 2.8813 0
68 55 51 2.7574 0
78 80 76 2.8477 0
0
