128
127 0 127 77.7224 0
0 0 0 77.7224 0
127 127 0 70.5512 0
0 127 127 70.5512 0
103 111 103 35.2704 0
24 111 24 35.2704 0
34 40 93 27.0907 0
93 39 34 27.0907 0
89 74 64 17.9542 0
38 76 63 17.9542 0
68 73 112 15.8675 0
59 73 15 15.8675 0
54 127 61 13.3809 0
50 4 77 13.118 0
77 4 50 13.118 0
77 118 64 10.0655 0
47 103 63 8.8833 0
47 49 59 8.8833 0
47 66 37 8.9584 0
80 66 90 8.9584 0
80 46 68 8.8833 0
79 73 35 8.4678 0
48 74 91 8.1589 0
67 123 80 7.9488 0
79 99 67 7.8754 0
58 49 42 7.4257 0
68 48 85 7.4257 0
66 53 99 6.1978 0
61 53 28 6.1978 0
50 33 62 5.8597 0
77 86 44 5.8597 0
77 30 65 5.8597 0
77 82 86 5.8597 0
61 121 42 5.933 0
50 92 79 5.8597 0
50 82 42 5.8597 0
77 97 51 5.8597 0
61 3 61 5.1293 0
76 57 78 4.884 0
51 18 64 4.9736 0
76 18 63 4.9736 0
65 92 101 4.748 0
76 91 78 4.8518 0
51 94 50 4.8518 0
51 60 50 4.8518 0
64 92 26 4.748 0
53 112 73 4.6567 0
65 34 82 4.4021 0
59 20 82 4.4021 0
61 35 45 4.4021 0
70 9 67 4.4578 0
69 119 50 4.3676 0
65 26 45 4.4021 0
52 65 79 3.8439 0
71 85 29 4.13 0
56 85 98 4.13 0
75 65 46 3.8439 0
72 86 96 4.0704 0
55 86 31 4.0704 0
75 108 52 3.922 0
75 56 59 3.8439 0
52 57 72 3.8439 0
52 87 89 3.8477 0
70 61 28 3.946 0
52 38 52 3.8439 0
52 22 73 3.8439 0
52 103 76 3.8439 0
53 110 52 3.7552 0
56 63 97 3.6554 0
68 54 46 3.3942 0
59 55 81 3.3505 0
74 109 76 3.3045 0
74 39 78 2.9478 0
57 12 58 2.8199 0
74 58 68 2.8361 0
74 38 59 2.8361 0
74 23 53 2.8361 0
53 73 79 2.8361 0
57 116 80 2.8538 0
53 82 78 2.8361 0
74 89 58 2.8361 0
74 33 74 2.8361 0
74 66 78 2.8361 0
74 61 53 2.8361 0
53 25 57 2.8361 0
53 42 68 2.8361 0
53 92 60 2.8361 0
74 73 80 2.8361 0
65 116 92 2.7914 0
74 74 48 2.8361 0
74 102 78 2.8361 0
53 73 46 2.8361 0
53 103 49 2.8361 0
53 91 68 2.8361 0
53 60 65 2.8361 0
55 78 34 2.6476 0
64 101 99 2.7322 0
62 102 28 2.7322 0
72 20 47 2.674 0
72 77 93 2.6476 0
73 91 36 2.5883 0
67 56 39 2.3426 0
61 56 89 2.3426 0
65 42 47 2.3863 0
60 28 80 2.3863 0
66 16 47 2.4113 0
57 115 48 2.403 0
65 25 80 2.3863 0
70 62 96 2.2918 0
57 62 31 2.2918 0
72 63 35 2.1733 0
62 112 32 2.2399 0
54 63 90 2.1144 0
56 92 94 2.2326 0
66 7 74 2.161 0
61 7 53 2.161 0
54 31 71 1.8282 0
73 89 70 1.8282 0
59 117 74 2.1159 0
73 90 90 2.1144 0
54 90 37 2.1144 0
56 57 35 2.0591 0
71 57 92 2.0591 0
54 26 67 1.8282 0
73 79 78 1.8282 0
58 12 64 1.9727 0
64 117 70 1.9015 0
73 24 71 1.8282 0
0
