128
127 127 48 70.7146 0
0 0 0 80.0929 0
0 127 127 77.3157 0
127 0 83 59.8295 0
25 2 127 48.1109 0
31 113 0 36.0796 0
104 74 127 26.1002 0
95 47 4 24.8892 0
29 83 46 17.8264 0
57 34 73 17.2814 0
66 53 126 15.9422 0
76 42 44 15.8065 0
21 47 81 14.7683 0
63 71 0 13.6758 0
76 84 100 12.8065 0
54 87 66 11.9995 0
67 35 100 10.2802 0
56 88 37 10.0317 0
100 65 92 8.952 0
29 67 69 8.5864 0
67 55 22 7.8996 0
88 45 117 7.4701 0
95 54 53 7.3752 0
60 81 86 7.1236 0
52 49 52 7.1514 0
69 92 8 6.9389 0
80 46 67 6.7772 0
37 47 65 6.5383 0
92 58 35 6.4401 0
83 77 6 6.3812 0
67 74 115 6.1947 0
97 59 72 6.1793 0
43 41 92 6.1536 0
72 80 78 6.0066 0
64 89 21 6.0034 0
44 81 26 6.0324 0
45 56 116 5.8635 0
87 73 87 5.83 0
56 54 39 5.7853 0
76 43 85 5.7383 0
42 75 76 5.738 0
27 51 102 5.4761 0
33 60 53 5.367 0
45 74 8 5.1124 0
65 82 52 4.8748 0
79 57 28 4.6037 0
52 41 100 4.381 0
41 74 64 4.5152 0
81 40 107 4.3945 0
52 80 50 4.2096 0
32 64 83 4.1872 0
87 70 98 4.0704 0
38 76 18 3.9945 0
69 80 61 3.9768 0
69 50 62 3.9523 0
57 68 114 3.8477 0
34 53 114 3.8602 0
77 66 114 3.8477 0
48 75 85 3.793 0
61 76 105 3.8023 0
40 52 54 3.7926 0
93 66 80 3.7106 0
53 85 21 3.6618 0
56 58 28 3.6205 0
91 51 64 3.628 0
58 42 110 3.5294 0
57 61 16 3.5142 0
98 56 102 3.6206 0
38 72 26 3.5293 0
73 52 80 3.4018 0
57 76 97 3.4542 0
79 43 95 3.5225 0
71 62 42 3.4137 0
41 46 82 3.4534 0
82 74 77 3.4633 0
51 46 113 3.3315 0
62 62 42 3.4137 0
83 47 78 3.3565 0
50 54 80 3.0682 0
63 52 56 3.3153 0
69 82 32 3.3264 0
65 53 80 3.2898 0
65 57 34 3.2742 0
31 60 91 3.2602 0
68 81 43 3.2236 0
53 44 92 3.204 0
82 56 113 2.8399 0
33 44 96 2.9407 0
89 65 26 3.1592 0
50 67 12 2.9773 0
39 69 85 2.9676 0
73 63 14 3.0276 0
72 82 24 2.9268 0
47 51 62 2.9691 0
47 55 44 3.0247 0
95 58 82 2.9992 0
52 76 78 2.8211 0
75 77 68 2.8894 0
66 45 89 2.8855 0
97 49 111 2.8696 0
57 54 81 2.8618 0
50 64 113 2.8399 0
53 63 42 2.7218 0
85 52 59 2.6506 0
47 76 57 2.7964 0
77 69 12 2.4722 0
73 43 110 2.7044 0
83 70 106 2.6253 0
88 70 20 2.6082 0
75 75 86 2.5688 0
37 63 41 2.6265 0
72 58 33 2.5125 0
67 78 70 2.6103 0
35 57 62 2.376 0
51 74 93 2.5342 0
78 85 10 2.4481 0
92 62 60 2.5126 0
72 49 73 2.4981 0
88 49 73 2.498 0
38 68 32 2.4307 0
36 67 59 2.451 0
87 70 74 2.4532 0
34 56 70 2.4379 0
60 45 92 2.2208 0
62 55 47 2.36 0
78 46 112 2.3954 0
90 62 44 2.3066 0
58 52 61 2.2074 0
0
