128
127 127 127 71.2792 0
0 127 0 71.2792 0
127 0 0 70.9605 0
0 0 127 70.9605 0
29 29 29 33.4723 0
99 28 98 33.4723 0
98 99 29 33.473 0
29 99 98 33.473 0
56 56 83 18.3542 0
1 67 67 17.4063 0
126 60 67 17.4063 0
57 71 45 17.3463 0
65 7 64 17.4155 0
63 116 63 16.8395 0
71 42 49 13.3149 0
86 70 78 13.3149 0
93 58 51 11.2991 0
70 90 76 11.2991 0
29 69 52 10.2912 0
26 56 74 9.385 0
52 29 73 8.2755 0
48 93 55 7.2676 0
68 34 71 6.2597 0
65 92 56 6.2597 0
54 79 71 6.2597 0
39 39 71 6.2597 0
79 75 56 6.2597 0
105 74 71 6.2597 0
36 69 71 6.2597 0
12 45 63 6.1107 0
115 82 62 6.149 0
101 57 70 5.4226 0
38 83 57 5.2519 0
44 19 65 5.3644 0
83 104 67 5.4122 0
76 62 57 5.2519 0
92 41 57 5.2519 0
40 57 57 5.2519 0
58 29 57 5.2519 0
91 88 70 5.2519 0
107 72 57 5.2519 0
80 24 57 5.3047 0
107 49 57 5.2519 0
80 49 70 5.2519 0
49 49 57 5.2519 0
20 56 57 5.2519 0
42 104 61 5.02 0
24 72 69 4.244 0
27 84 58 4.244 0
55 95 69 4.244 0
18 80 58 4.2773 0
75 86 58 4.244 0
53 39 58 4.244 0
91 53 69 4.244 0
88 31 58 4.244 0
28 42 69 4.244 0
69 75 69 4.244 0
92 74 58 4.244 0
14 87 64 4.0949 0
113 42 62 4.1498 0
71 66 68 3.2361 0
88 21 62 3.3713 0
101 87 68 3.3181 0
62 54 59 3.2361 0
47 71 68 3.2361 0
39 27 68 3.2361 0
83 94 68 3.2361 0
41 78 68 3.2361 0
59 39 68 3.2361 0
77 40 68 3.2361 0
71 46 68 3.2361 0
75 26 68 3.2361 0
32 91 59 3.2361 0
102 41 59 3.2361 0
31 52 59 3.2361 0
38 53 68 3.2361 0
75 99 59 3.2418 0
82 84 68 3.2361 0
73 56 68 3.2361 0
51 23 60 2.7627 0
82 61 64 2.6966 0
40 60 67 2.2282 0
32 78 67 2.2282 0
109 47 67 2.2858 0
49 101 66 2.3097 0
91 100 67 2.486 0
35 22 65 2.3867 0
86 48 60 2.2282 0
46 87 67 2.2282 0
54 56 60 2.2282 0
69 29 60 2.2282 0
18 81 67 2.2858 0
98 80 67 2.2282 0
58 86 60 2.2282 0
61 73 67 2.2282 0
49 39 67 2.2282 0
43 48 67 2.2282 0
101 78 60 2.2282 0
20 41 67 2.2282 0
77 33 67 2.2282 0
68 83 60 2.2282 0
58 88 67 2.2282 0
52 88 67 2.2282 0
35 99 60 2.236 0
76 78 67 2.2282 0
68 57 60 2.2282 0
65 43 67 2.2282 0
38 94 60 2.2282 0
102 48 67 2.2282 0
49 32 60 2.2282 0
44 65 67 2.2282 0
41 47 60 2.2282 0
42 65 60 2.2282 0
99 47 60 2.2282 0
80 51 60 2.2282 0
89 81 60 2.2282 0
83 66 60 2.2951 0
28 34 67 2.2282 0
99 34 60 2.2282 0
98 93 67 2.2282 0
107 84 67 2.2282 0
111 91 63 2.0792 0
70 77 60 2.2282 0
79 93 60 2.2282 0
32 30 67 2.2282 0
103 65 67 2.2282 0
103 65 60 2.2282 0
48 58 60 2.2282 0
0
