128
0 0 127 78.2812 0
0 127 0 78.2227 0
127 0 0 77.1151 0
127 127 127 76.5952 0
92 36 91 25.7527 0
92 91 36 25.6834 0
38 91 90 24.8479 0
37 37 37 24.3424 0
71 70 80 14.0489 0
70 57 45 14.0187 0
2 79 79 12.897 0
2 48 48 12.8306 0
127 50 77 12.5718 0
125 76 52 12.55 0
62 35 65 11.8703 0
61 92 59 11.877 0
49 56 76 10.5954 0
49 70 49 9.9872 0
96 67 72 8.9231 0
26 64 73 8.0404 0
0 65 62 7.3726 0
93 61 52 6.9713 0
80 87 69 6.9814 0
30 65 52 6.9635 0
79 41 57 6.2718 0
109 64 53 6.0585 0
112 64 74 6.0326 0
16 62 53 5.9557 0
51 72 68 5.6709 0
105 55 67 5.5192 0
77 55 67 5.5192 0
67 51 73 5.4176 0
67 75 54 4.9478 0
123 59 61 4.9814 0
123 67 70 4.9904 0
45 42 68 4.8373 0
43 85 59 4.8308 0
12 64 72 4.6651 0
109 73 67 4.6439 0
86 51 55 4.0239 0
40 73 66 4.1892 0
19 76 72 4.0438 0
59 64 66 3.9852 0
34 53 72 4.0169 0
51 56 55 3.9399 0
84 63 66 3.9751 0
82 69 55 3.9399 0
36 76 55 3.9399 0
93 84 66 3.8073 0
91 55 66 3.6619 0
111 84 59 3.8266 0
111 43 68 3.8345 0
93 43 61 3.8073 0
16 44 58 3.806 0
25 53 66 3.5405 0
85 74 68 3.6644 0
25 74 65 3.5034 0
68 59 65 3.5034 0
39 53 65 3.4592 0
4 54 64 3.3411 0
58 81 71 3.2364 0
38 66 71 3.2462 0
17 83 68 3.1049 0
25 55 56 2.932 0
43 59 56 2.932 0
56 47 56 2.9431 0
103 54 56 2.932 0
101 83 64 2.7994 0
19 51 56 2.9674 0
109 74 56 2.932 0
101 71 56 2.932 0
95 51 56 2.932 0
61 68 56 2.932 0
21 70 56 2.932 0
76 74 56 2.932 0
25 44 62 2.7994 0
75 44 68 2.8349 0
32 83 63 2.7994 0
73 82 57 2.8358 0
24 83 65 2.7994 0
31 44 65 2.7994 0
101 44 64 2.7994 0
13 72 68 2.5808 0
36 61 66 2.6003 0
17 63 65 2.6401 0
80 70 64 2.4955 0
76 64 64 2.4955 0
14 55 68 2.5662 0
67 52 64 2.4955 0
48 64 64 2.3315 0
114 55 69 2.4531 0
5 75 63 2.3333 0
50 81 57 2.2431 0
36 46 70 2.3113 0
115 56 57 2.0905 0
32 56 57 2.1512 0
36 67 64 2.203 0
27 74 57 1.9242 0
7 58 70 2.1313 0
66 74 64 2.15 0
9 69 57 1.9242 0
113 59 65 2.0667 0
85 50 66 1.8277 0
88 80 70 2.0163 0
76 76 63 1.4877 0
113 52 64 1.9188 0
114 67 65 1.9188 0
59 77 57 1.9242 0
120 51 62 1.876 0
62 59 70 2.0671 0
102 77 69 2.0469 0
91 71 57 1.9242 0
97 80 70 2.0163 0
16 78 64 1.8486 0
110 54 57 1.9242 0
8 60 57 1.9242 0
50 82 66 1.7915 0
34 72 70 2.0011 0
65 68 64 1.9343 0
59 49 70 2.0033 0
15 71 57 1.9317 0
58 59 57 1.9242 0
86 45 64 1.7915 0
57 53 57 1.9242 0
81 62 57 1.9242 0
38 56 57 1.9242 0
73 69 57 1.9242 0
62 48 57 1.9242 0
0
