128
64 127 127 68.2787 0
0 0 0 75.9928 0
127 127 0 59.3546 0
127 0 127 59.3546 0
12 127 9 50.7378 0
127 14 1 50.6229 0
0 36 114 42.1375 0
57 17 82 24.217 0
68 71 19 23.0764 0
127 74 94 18.9521 0
0 98 73 18.8383 0
127 51 60 16.5344 0
43 86 54 16.4844 0
83 86 54 16.4844 0
93 19 61 16.061 0
122 98 69 14.589 0
76 47 99 13.9315 0
3 66 63 13.5108 0
102 66 30 11.9158 0
76 28 36 11.4927 0
50 50 96 10.9079 0
33 42 71 10.8682 0
99 61 96 10.9079 0
121 78 52 10.4872 0
29 74 34 9.2061 0
88 48 33 8.8922 0
8 76 41 8.5694 0
31 78 76 8.3033 0
90 63 64 8.3264 0
62 32 51 8.3484 0
96 78 75 8.3033 0
12 80 91 7.5599 0
48 39 58 7.56 0
63 77 68 7.4135 0
115 29 66 7.5119 0
36 63 92 6.8764 0
63 43 35 6.8764 0
86 31 83 6.6383 0
26 96 68 6.6662 0
117 72 69 6.4557 0
117 51 85 6.4631 0
20 53 62 5.9832 0
26 73 90 6.1187 0
90 43 64 5.3469 0
116 58 40 5.8905 0
100 95 69 5.8458 0
46 59 36 5.8686 0
11 87 52 5.4478 0
106 95 55 5.6305 0
20 95 56 5.6305 0
74 32 60 5.6305 0
11 70 81 5.4478 0
50 75 75 5.3978 0
80 75 74 5.3978 0
63 75 52 5.3978 0
44 71 37 5.1763 0
112 32 53 5.1494 0
83 64 90 4.8607 0
66 62 90 4.8607 0
94 46 90 4.8607 0
21 54 74 4.6552 0
92 33 41 4.7922 0
100 80 41 4.6685 0
98 33 77 4.6226 0
102 77 88 4.6325 0
100 74 62 4.4075 0
115 42 77 4.44 0
26 75 63 4.4007 0
115 61 77 4.44 0
101 74 50 4.3899 0
31 50 57 4.2955 0
74 50 38 3.8528 0
37 48 86 3.9153 0
105 50 38 3.8528 0
56 63 89 3.8528 0
105 48 89 3.8528 0
79 32 70 3.8702 0
54 52 38 3.8528 0
86 61 38 3.8528 0
47 66 89 3.8528 0
46 44 80 3.7559 0
39 47 53 3.8231 0
82 34 51 3.6147 0
100 34 48 3.6147 0
114 70 41 3.6507 0
53 41 45 3.6886 0
49 43 70 3.4634 0
108 34 76 3.6147 0
91 73 86 3.6033 0
26 73 54 3.382 0
112 78 39 3.355 0
13 77 74 3.4321 0
25 77 47 3.3928 0
114 82 76 3.4321 0
114 65 49 3.4321 0
114 46 44 3.4321 0
13 81 63 3.4321 0
13 65 46 3.4321 0
39 73 85 3.3953 0
68 73 78 3.382 0
56 73 44 3.382 0
87 71 39 3.3303 0
113 91 86 3.3371 0
61 38 63 3.2163 0
35 62 39 2.8449 0
16 58 54 2.9893 0
14 60 76 2.7404 0
18 68 39 2.8449 0
46 45 48 2.833 0
62 54 88 2.8449 0
99 45 39 2.8449 0
74 67 88 2.8449 0
107 84 88 2.8449 0
88 55 88 2.8449 0
80 56 39 2.8449 0
62 46 88 2.8449 0
30 52 83 2.8548 0
62 54 39 2.8449 0
74 35 50 2.6068 0
104 92 78 2.6068 0
22 92 77 2.6068 0
24 55 53 2.517 0
113 90 51 2.6211 0
101 92 47 2.6703 0
113 66 57 2.4242 0
78 35 77 2.6068 0
24 82 86 2.5115 0
89 35 49 2.6068 0
0
