128
127 0 127 68.5027 0
0 0 0 68.5027 0
127 127 0 68.5027 0
0 127 127 68.5027 0
109 109 110 42.0762 0
109 18 17 42.0762 0
18 109 17 42.0762 0
18 18 110 42.0762 0
92 64 63 23.558 0
35 64 64 23.558 0
49 127 60 12.6292 0
78 127 67 12.6292 0
49 0 67 12.6291 0
78 0 60 12.6291 0
46 62 28 12.4692 0
81 62 99 12.4692 0
46 28 63 12.4692 0
81 28 64 12.4692 0
49 66 1 12.0344 0
49 61 126 12.0344 0
78 61 1 12.0344 0
78 66 126 12.0344 0
47 66 101 11.5566 0
80 101 61 11.5566 0
47 102 63 11.4696 0
80 65 29 11.4614 0
64 97 80 9.0596 0
64 30 47 9.0596 0
63 47 97 9.0596 0
64 80 30 9.0596 0
77 41 82 8.5776 0
64 77 94 8.5562 0
63 94 50 8.5562 0
61 85 1 8.6219 0
66 42 1 8.6219 0
66 85 126 8.6219 0
61 42 126 8.6219 0
64 50 33 8.5562 0
50 42 44 8.4377 0
63 30 77 8.2492 0
61 2 86 8.0042 0
61 125 41 8.0042 0
66 125 86 8.0042 0
66 2 41 8.0042 0
51 85 85 7.4299 0
76 85 42 7.4299 0
52 42 80 7.0172 0
64 61 18 7.0039 0
75 82 83 6.4256 0
75 45 44 6.4256 0
63 17 64 6.3182 0
52 77 41 6.4719 0
64 69 109 6.3301 0
63 42 58 6.1985 0
64 58 85 6.1985 0
64 69 42 6.1985 0
64 85 69 6.1985 0
64 97 31 5.9296 0
64 30 96 5.9296 0
63 31 30 5.9296 0
63 96 97 5.9296 0
64 110 64 5.9343 0
64 46 74 5.6373 0
74 74 14 5.6316 0
53 14 52 5.5825 0
74 52 114 5.4299 0
53 52 13 5.4141 0
74 14 75 5.4141 0
53 114 75 5.4299 0
74 109 76 5.4141 0
73 51 19 5.2144 0
72 121 50 5.0546 0
63 54 47 4.9952 0
64 80 54 4.9952 0
64 73 80 4.9952 0
54 19 77 4.8966 0
54 46 23 4.6412 0
73 77 109 4.6321 0
54 76 118 4.6378 0
54 82 103 4.537 0
73 103 45 4.537 0
64 57 112 4.4251 0
54 53 111 4.4817 0
54 74 16 4.4817 0
54 109 49 4.4749 0
54 85 57 4.4538 0
73 16 53 4.4817 0
73 70 85 4.4538 0
54 70 86 4.452 0
73 86 57 4.452 0
64 108 51 4.208 0
60 124 74 4.091 0
69 4 75 4.1296 0
58 4 52 4.1296 0
72 56 43 3.7699 0
62 72 124 3.507 0
65 11 32 3.6406 0
65 116 95 3.6406 0
62 11 95 3.6406 0
62 116 32 3.6406 0
72 43 65 3.3984 0
55 57 42 3.458 0
63 73 15 3.5761 0
55 88 40 3.3984 0
72 30 88 3.3984 0
55 42 68 3.3984 0
68 53 123 3.5101 0
59 53 4 3.5101 0
68 74 4 3.5101 0
72 22 82 3.402 0
55 107 83 3.3984 0
63 17 75 3.4817 0
72 97 38 3.3984 0
55 38 30 3.3984 0
55 88 96 3.3984 0
55 20 44 3.3984 0
72 45 107 3.3984 0
55 82 74 3.3984 0
64 37 21 3.1763 0
64 90 106 3.1763 0
63 106 37 3.1763 0
72 53 80 3.3984 0
72 83 19 3.3984 0
64 21 90 3.1763 0
72 112 47 3.3984 0
55 54 81 3.3984 0
62 94 11 3.1397 0
63 49 19 3.0441 0
0
