128
0 127 0 72.3511 0
127 0 0 71.2624 0
127 127 127 69.6764 0
0 0 127 67.6929 0
111 14 114 43.531 0
18 16 21 39.7075 0
25 101 104 36.675 0
105 104 24 36.6645 0
62 61 36 23.5965 0
64 56 90 22.8325 0
13 60 63 18.9624 0
116 59 69 19.1316 0
60 127 74 14.5579 0
67 1 79 13.1097 0
59 0 50 11.7437 0
71 90 79 11.7571 0
62 26 48 11.6759 0
60 94 49 10.4941 0
67 118 50 10.3112 0
57 23 77 10.1285 0
91 75 77 9.4863 0
93 56 50 9.4862 0
45 14 63 9.1618 0
35 46 75 8.6759 0
91 44 75 8.2275 0
83 11 67 8.1037 0
38 77 52 7.7441 0
80 39 52 7.8328 0
37 67 76 7.7959 0
81 120 63 7.7488 0
75 29 77 7.7659 0
53 81 74 7.6544 0
37 48 53 7.363 0
33 33 64 7.1851 0
104 84 65 6.9427 0
49 111 62 7.0882 0
75 84 54 6.9933 0
58 104 74 6.7065 0
74 109 73 6.6423 0
89 74 53 6.4626 0
104 35 68 6.4444 0
48 38 54 6.3876 0
77 44 66 5.8835 0
26 86 63 5.8315 0
50 38 71 5.835 0
74 103 55 5.5877 0
89 59 73 5.4548 0
97 43 59 5.5372 0
37 62 54 5.5481 0
44 90 54 5.4547 0
51 54 63 5.3287 0
52 81 57 5.1444 0
77 20 56 5.1276 0
50 29 63 5.1382 0
75 74 70 4.9113 0
74 3 59 4.8676 0
42 28 73 4.6992 0
52 94 69 4.7894 0
87 96 71 4.7607 0
15 35 63 4.4739 0
75 60 63 4.0487 0
52 70 67 4.3249 0
75 95 63 4.0487 0
75 22 66 4.0446 0
100 73 57 3.9975 0
39 79 71 3.9533 0
75 73 60 4.0487 0
96 17 68 3.8684 0
65 76 71 3.6829 0
47 100 56 3.4779 0
64 36 71 3.6829 0
29 77 70 3.4592 0
24 39 71 3.6429 0
93 88 71 3.439 0
71 12 56 3.4737 0
82 64 56 3.439 0
81 51 56 3.439 0
60 41 56 3.439 0
68 39 56 3.439 0
87 85 56 3.439 0
44 26 56 3.4725 0
82 66 71 3.439 0
64 81 56 3.439 0
81 94 56 3.439 0
53 44 62 3.312 0
84 28 56 3.439 0
85 87 71 3.439 0
101 24 68 3.3565 0
87 43 62 3.1851 0
93 116 62 3.3809 0
38 109 65 3.3697 0
53 100 62 3.3177 0
74 31 59 3.1642 0
39 68 63 2.6141 0
24 40 58 3.0841 0
74 51 59 3.1642 0
50 64 61 3.0785 0
75 34 66 3.0589 0
74 110 62 3.0595 0
55 6 67 3.0775 0
89 21 71 3.0404 0
74 83 65 3.048 0
63 23 64 2.938 0
47 48 70 2.7792 0
35 53 63 2.9646 0
100 98 64 2.9112 0
29 77 60 2.8078 0
30 17 63 2.87 0
48 72 57 2.8217 0
45 55 71 2.7134 0
29 96 64 2.8078 0
71 15 70 2.7181 0
96 29 71 2.6811 0
39 91 67 2.6141 0
47 64 71 2.7315 0
39 81 63 2.6141 0
34 88 57 2.4311 0
43 86 71 2.6835 0
39 74 65 2.6141 0
39 87 61 2.6141 0
44 56 57 2.4311 0
79 100 70 2.4764 0
64 106 57 2.4311 0
83 35 71 2.4314 0
80 110 57 2.4432 0
97 82 57 2.4566 0
90 36 57 2.4311 0
81 52 70 2.4312 0
0
