128
127 64 127 59.4417 0
0 0 0 63.6339 0
127 127 0 63.6339 0
0 127 2 62.0671 0
127 0 2 62.0671 0
0 64 127 59.4417 0
65 0 114 29.592 0
64 127 114 29.5765 0
64 63 19 27.0087 0
25 1 82 20.3848 0
26 126 81 19.7107 0
102 125 81 19.6597 0
101 2 80 18.9604 0
16 64 50 17.2244 0
111 64 50 17.2244 0
63 127 50 15.7787 0
63 0 50 15.7787 0
64 66 88 13.5259 0
101 32 66 12.4642 0
26 95 66 12.4642 0
101 95 66 12.4642 0
26 31 66 12.4642 0
63 100 34 11.8906 0
64 26 34 11.8906 0
64 41 103 10.6835 0
64 87 103 10.6652 0
55 6 75 9.7299 0
68 120 75 8.7221 0
38 79 38 7.9373 0
74 8 74 7.7142 0
85 119 59 7.7142 0
36 51 39 7.5024 0
91 77 39 7.5024 0
91 51 39 7.5024 0
80 38 39 6.8512 0
42 9 59 6.7063 0
80 89 39 6.8512 0
95 75 68 6.6936 0
32 75 67 6.6936 0
48 39 39 6.8512 0
83 9 60 6.7063 0
44 118 61 6.7063 0
95 57 68 6.6936 0
32 55 67 6.6936 0
45 62 78 6.0669 0
82 65 78 6.0669 0
51 49 87 5.997 0
76 49 87 5.997 0
43 23 96 5.969 0
49 98 97 5.7887 0
48 90 40 5.8433 0
40 107 95 5.7172 0
78 97 97 5.7887 0
78 31 97 5.7887 0
52 117 72 5.6984 0
87 22 95 5.7167 0
87 106 95 5.7167 0
99 43 50 5.5622 0
28 43 50 5.5622 0
47 75 82 5.4356 0
29 86 49 5.2727 0
98 86 49 5.2727 0
38 65 41 4.9572 0
80 77 83 4.7856 0
93 100 84 4.6778 0
34 28 84 4.6778 0
93 27 82 4.6778 0
49 34 96 4.7915 0
34 98 83 4.6778 0
52 81 90 4.6017 0
84 53 79 4.4841 0
32 113 60 4.4261 0
75 82 92 4.2365 0
64 47 88 4.3056 0
89 64 42 3.9768 0
52 17 43 4.0446 0
76 17 43 4.0446 0
52 110 43 4.0446 0
93 16 62 4.0762 0
76 110 43 4.0446 0
95 48 60 3.9239 0
95 111 60 3.9265 0
78 101 42 3.8276 0
79 26 42 3.8276 0
60 41 42 3.8276 0
92 47 74 3.6699 0
81 115 72 3.6827 0
40 52 78 3.8484 0
57 115 82 3.6827 0
35 83 76 3.6699 0
69 41 42 3.8276 0
47 27 42 3.8276 0
36 65 72 3.7056 0
47 101 42 3.8276 0
63 85 42 3.8276 0
35 37 80 3.6699 0
48 115 83 3.6827 0
35 45 76 3.6699 0
92 85 77 3.6699 0
80 115 86 3.6827 0
80 12 85 3.6827 0
92 39 79 3.6699 0
74 115 64 3.6827 0
45 115 50 3.6887 0
39 73 76 3.593 0
35 65 62 3.3995 0
32 15 59 3.3532 0
37 38 43 3.4574 0
92 37 45 3.4718 0
97 80 57 3.3739 0
35 45 62 3.3995 0
30 80 57 3.3739 0
88 75 77 3.3327 0
92 66 62 3.3995 0
45 14 89 3.2142 0
75 56 78 3.2549 0
54 26 95 3.1273 0
38 91 43 3.012 0
78 78 43 2.8197 0
79 49 43 2.8197 0
32 34 49 3.0223 0
80 13 49 2.9058 0
80 114 49 2.9058 0
48 13 49 2.9058 0
55 54 79 2.9525 0
48 51 43 2.8197 0
90 66 72 2.9374 0
49 78 43 2.8197 0
0
