128
63 0 127 69.4543 0
127 127 0 65.2457 0
0 0 0 65.2457 0
0 127 127 64.7742 0
127 0 11 61.0582 0
127 122 127 60.2492 0
6 120 7 54.1043 0
64 83 64 33.3263 0
64 64 0 21.2785 0
0 45 77 21.5754 0
127 47 82 20.5543 0
63 38 40 16.3716 0
121 78 64 14.3091 0
7 79 63 14.0607 0
37 41 58 13.3177 0
89 43 61 12.4542 0
6 63 43 10.2207 0
120 65 43 9.3156 0
88 70 99 8.9226 0
86 53 41 8.6616 0
39 70 98 8.6706 0
92 62 13 8.2704 0
13 56 103 8.2136 0
35 64 14 7.7052 0
42 53 40 7.6635 0
111 58 104 7.5723 0
54 82 22 7.2687 0
73 82 22 7.2687 0
113 50 57 7.2495 0
76 46 21 6.9138 0
37 53 77 6.6243 0
17 48 53 6.553 0
90 54 78 6.5144 0
104 82 77 6.1508 0
52 47 21 6.1092 0
24 82 76 5.8753 0
12 71 83 5.8028 0
103 82 53 5.8753 0
25 82 52 5.702 0
36 66 38 5.675 0
100 45 78 5.6369 0
91 67 38 5.4937 0
114 72 83 5.262 0
25 63 56 3.1142 0
25 64 101 5.2617 0
102 63 51 3.1142 0
35 62 86 5.1001 0
93 63 86 4.853 0
35 61 49 4.708 0
50 63 27 3.1142 0
95 79 88 4.6632 0
114 63 29 4.7162 0
32 79 42 4.6632 0
32 79 86 4.6632 0
45 74 17 4.5955 0
83 74 17 4.5955 0
14 64 27 4.5966 0
25 63 77 3.1142 0
103 63 73 2.4119 0
16 75 45 4.4214 0
110 76 46 4.2488 0
12 64 92 4.1888 0
43 54 17 4.1483 0
93 62 49 4.2313 0
47 64 35 4.1878 0
76 64 26 3.1142 0
87 79 33 4.0689 0
27 64 66 3.1142 0
13 59 57 3.7502 0
40 79 33 4.0689 0
96 79 41 4.0436 0
101 64 99 3.9665 0
100 63 31 3.1142 0
23 64 18 3.8076 0
105 62 19 3.6644 0
28 47 73 3.7818 0
105 48 66 3.7117 0
114 68 93 3.7502 0
102 47 50 3.7008 0
44 47 29 3.6262 0
77 63 34 3.6198 0
102 80 64 3.7008 0
114 60 64 3.5869 0
101 63 42 3.1142 0
27 47 82 3.6234 0
25 64 47 3.1142 0
27 64 31 3.1142 0
86 52 19 3.5895 0
26 80 63 3.5944 0
32 63 72 3.5986 0
26 47 45 3.5944 0
87 64 28 3.1142 0
38 64 27 3.1142 0
95 63 73 3.5986 0
57 58 36 3.4933 0
32 63 60 3.5986 0
70 58 36 3.4933 0
46 64 20 3.3473 0
81 64 20 3.3473 0
34 57 67 3.4488 0
114 62 56 3.3212 0
102 64 90 3.1142 0
102 63 82 3.1142 0
68 63 26 3.1142 0
96 63 65 3.2307 0
96 63 57 3.2307 0
62 63 32 3.1142 0
26 63 89 3.1142 0
111 54 44 3.1866 0
62 50 22 3.0919 0
20 50 94 3.1188 0
17 53 42 3.0074 0
59 64 25 3.1142 0
25 64 38 3.1142 0
20 77 84 3.1188 0
94 63 26 3.0086 0
103 48 87 2.9645 0
22 49 64 2.7817 0
82 48 30 2.8033 0
101 56 98 2.7779 0
42 78 24 2.7635 0
103 63 60 2.4119 0
30 49 39 2.6537 0
33 71 46 2.4409 0
94 54 88 2.4962 0
15 69 34 2.501 0
32 51 45 2.6127 0
106 50 94 2.5091 0
0
