128
0 0 0 72.3687 0
127 122 126 56.3627 0
0 127 127 69.6541 0
127 127 0 66.6753 0
127 0 127 63.4977 0
19 12 116 44.5989 0
115 17 20 44.3109 0
20 113 18 40.935 0
65 66 33 24.7725 0
70 66 112 23.2343 0
66 10 68 20.9473 0
127 69 67 20.8078 0
72 127 71 20.4767 0
9 59 70 18.4896 0
42 66 83 15.4882 0
66 89 80 15.3377 0
103 65 92 12.9089 0
100 68 47 11.7561 0
66 105 46 11.6845 0
29 69 48 11.479 0
78 42 88 10.2191 0
71 63 77 10.1337 0
79 41 55 9.7614 0
57 35 50 9.3472 0
48 35 73 9.1278 0
37 90 60 8.7676 0
82 90 51 8.5746 0
105 90 72 8.3667 0
12 86 60 8.0495 0
115 41 68 8.1293 0
66 35 102 7.9814 0
56 90 57 7.9567 0
44 114 62 7.958 0
89 82 90 7.5973 0
98 113 68 7.557 0
43 47 50 7.3004 0
81 68 62 7.2627 0
98 67 71 7.0873 0
52 54 61 7.15 0
34 44 71 6.6315 0
43 88 76 6.5138 0
39 22 67 6.3701 0
57 72 66 6.1849 0
49 45 89 6.1847 0
52 106 74 6.0602 0
82 104 85 6.022 0
94 48 85 5.9775 0
60 29 89 5.5886 0
26 78 73 5.8242 0
87 68 80 5.656 0
89 54 52 5.6358 0
18 34 69 5.625 0
109 104 68 5.5617 0
85 57 85 5.5784 0
110 50 81 5.4719 0
74 39 72 5.3798 0
93 15 66 5.3033 0
83 90 66 5.2671 0
108 52 56 5.2552 0
56 106 62 5.1675 0
30 51 52 5.1828 0
82 107 54 5.1625 0
37 74 63 5.1081 0
108 87 58 4.954 0
33 59 64 4.928 0
45 69 57 4.8734 0
75 56 61 4.7747 0
46 80 53 4.7869 0
47 27 59 4.8421 0
83 27 80 4.8429 0
33 104 63 4.7373 0
103 82 84 4.6915 0
49 102 53 4.636 0
96 88 53 4.6801 0
80 102 70 4.6054 0
27 49 83 4.4799 0
52 49 75 4.3944 0
55 45 99 4.3929 0
69 87 58 4.4011 0
81 75 74 4.3401 0
75 50 69 4.2042 0
84 27 58 4.1006 0
24 91 66 4.1279 0
62 60 65 4.015 0
44 50 70 4.0391 0
79 80 66 3.9064 0
28 25 68 3.93 0
87 94 86 3.8013 0
24 84 54 3.6449 0
96 90 83 3.7647 0
40 57 57 3.7161 0
86 90 77 3.8278 0
108 30 67 3.7843 0
50 93 68 3.776 0
69 31 83 3.6168 0
61 57 87 3.625 0
87 78 54 3.6192 0
89 110 79 3.4672 0
89 111 60 3.4908 0
43 35 54 3.2856 0
97 48 54 3.5112 0
102 77 76 3.3854 0
55 42 62 3.4259 0
79 98 61 3.443 0
27 75 63 3.3736 0
39 46 85 3.3718 0
80 32 66 3.439 0
101 21 67 3.1644 0
94 44 69 0.7723 0
89 19 74 3.2837 0
20 76 59 3.2519 0
79 78 56 3.1179 0
104 43 60 3.0507 0
87 63 71 3.0583 0
56 57 72 3.1202 0
36 41 57 3.1664 0
41 103 57 3.1069 0
51 85 68 3.1454 0
35 82 70 3.1488 0
53 54 94 3.151 0
64 46 54 3.0979 0
35 33 71 3.0799 0
55 51 83 3.0574 0
101 103 74 2.8869 0
108 96 61 2.9572 0
46 63 64 2.9775 0
68 33 58 2.9196 0
40 105 69 2.9246 0
0
