128
127 127 127 73.6078 0
0 0 127 73.6078 0
0 127 73 63.3612 0
127 0 73 63.3612 0
127 111 0 53.2475 0
0 16 0 53.2475 0
64 64 45 22.2537 0
48 108 0 24.5807 0
79 19 0 24.5807 0
50 18 52 16.7711 0
77 109 52 16.7711 0
43 86 127 15.9107 0
86 43 127 15.9107 0
106 75 57 14.6176 0
21 52 57 14.6176 0
23 79 15 14.0098 0
104 48 15 14.0098 0
64 63 82 12.7418 0
84 59 0 11.9786 0
43 68 0 11.9786 0
64 62 127 10.4728 0
66 75 1 10.9464 0
61 52 1 10.8508 0
60 31 77 9.173 0
67 96 77 9.173 0
22 67 36 9.0281 0
105 60 36 9.0281 0
37 71 103 8.8776 0
90 56 103 8.8776 0
56 90 103 8.8666 0
71 37 103 8.8666 0
32 61 79 8.5951 0
95 66 79 8.5951 0
69 104 27 8.5423 0
58 23 27 8.5423 0
64 63 104 8.1557 0
87 89 65 7.8343 0
40 38 65 7.8343 0
35 37 46 7.1609 0
92 90 46 7.1609 0
52 101 32 6.5812 0
75 26 32 6.5812 0
89 36 25 5.4717 0
38 91 25 5.4717 0
88 79 76 5.3268 0
39 48 76 5.3268 0
66 89 91 5.1681 0
61 38 91 5.1681 0
70 27 44 5.0227 0
57 100 44 5.0227 0
66 31 62 4.9309 0
61 96 62 4.9309 0
39 71 88 4.6278 0
88 56 88 4.6278 0
48 40 77 4.7527 0
79 87 77 4.7527 0
47 30 33 4.6725 0
80 97 33 4.6725 0
72 95 14 4.7036 0
55 32 14 4.7036 0
39 60 92 4.4975 0
88 67 92 4.4975 0
54 87 89 4.545 0
73 40 89 4.545 0
46 65 123 4.4756 0
65 46 123 4.4756 0
81 47 96 4.4406 0
46 80 96 4.4406 0
63 79 123 4.4171 0
99 74 38 4.3962 0
28 53 38 4.3962 0
94 60 66 4.2598 0
33 67 66 4.2598 0
30 79 34 4.2494 0
97 48 34 4.2494 0
29 69 50 4.0285 0
98 58 50 4.0285 0
58 45 26 4.0684 0
82 74 8 4.1228 0
45 53 8 4.1228 0
49 51 26 4.0684 0
45 69 26 4.0684 0
69 45 26 4.0684 0
99 65 23 3.9481 0
28 62 23 3.9481 0
62 51 69 4.0251 0
51 65 69 4.0251 0
53 40 8 3.8177 0
80 53 26 3.9103 0
53 80 26 3.9102 0
74 87 8 3.8177 0
72 54 69 3.8661 0
54 55 69 3.8661 0
55 73 69 3.8661 0
64 76 70 3.8473 0
44 59 27 3.7618 0
79 48 108 3.7936 0
48 79 108 3.7936 0
82 63 122 3.7719 0
74 92 65 3.6802 0
53 35 65 3.6802 0
41 52 85 3.6996 0
86 75 85 3.6996 0
67 83 26 3.6672 0
83 67 26 3.6669 0
76 67 69 3.6434 0
78 77 26 3.6676 0
94 65 13 3.4261 0
33 62 13 3.4261 0
53 41 86 3.4728 0
74 86 86 3.4728 0
68 43 115 3.4856 0
43 68 115 3.4844 0
41 81 10 3.4458 0
86 46 10 3.4458 0
60 84 116 3.3651 0
55 88 80 3.2997 0
72 39 80 3.2997 0
50 80 9 3.181 0
77 47 9 3.1778 0
84 60 114 3.2294 0
90 76 67 3.2213 0
37 51 67 3.2213 0
72 74 69 3.1379 0
70 31 53 2.9674 0
57 96 53 2.9674 0
88 55 79 3.0594 0
39 72 79 3.0594 0
0
