128
127 0 0 73.8431 0
0 0 127 71.6191 0
127 127 127 71.6189 0
0 127 0 71.6188 0
30 99 97 32.6347 0
97 99 30 32.6347 0
28 30 30 32.6341 0
94 33 96 31.6262 0
60 67 60 23.5381 0
0 69 69 16.9802 0
126 70 58 16.016 0
62 12 65 15.8538 0
62 115 62 15.8535 0
94 60 52 10.4609 0
28 59 75 10.4609 0
92 72 75 10.4953 0
70 35 53 9.453 0
52 37 74 9.4763 0
24 69 53 9.4538 0
76 93 73 8.4451 0
118 48 67 7.7321 0
87 43 58 7.1847 0
108 61 71 6.4294 0
36 43 71 6.5409 0
10 48 61 6.4583 0
45 94 56 6.4294 0
35 85 57 5.4264 0
109 54 57 5.4215 0
108 76 70 5.4215 0
87 85 65 5.2887 0
68 39 69 5.1052 0
83 104 66 5.0733 0
43 23 66 5.0736 0
81 23 62 4.8171 0
55 38 58 4.6959 0
103 73 58 4.4136 0
32 56 58 4.4136 0
20 55 58 4.4136 0
71 94 58 4.4136 0
23 73 69 4.4667 0
90 75 59 4.3557 0
33 73 69 4.4136 0
97 86 69 4.4136 0
60 95 69 4.4136 0
90 57 68 4.3557 0
45 103 63 3.7352 0
24 43 68 3.4058 0
114 87 61 3.6314 0
13 87 66 3.6308 0
99 47 59 3.4058 0
16 80 59 3.4594 0
25 82 59 3.4058 0
90 94 68 3.4058 0
37 31 68 3.4058 0
83 32 59 3.4058 0
60 95 59 3.4058 0
51 28 59 3.4111 0
71 30 68 3.4058 0
44 40 62 3.3085 0
38 48 61 3.2717 0
77 40 65 3.3085 0
78 89 60 2.8545 0
19 49 67 2.3979 0
37 100 60 2.641 0
98 60 67 2.3979 0
112 38 66 2.6571 0
76 100 60 2.641 0
34 94 60 2.3979 0
19 81 67 2.3979 0
34 76 60 2.3979 0
102 52 67 2.3979 0
106 45 60 2.3979 0
105 85 67 2.3979 0
16 56 67 2.4698 0
111 84 67 2.4699 0
63 32 67 2.3979 0
37 53 66 2.4431 0
108 79 60 2.3979 0
37 80 66 2.4431 0
52 92 67 2.3979 0
59 31 60 2.3979 0
17 42 67 2.3979 0
91 33 60 2.3979 0
26 90 60 2.3979 0
30 36 67 2.3979 0
91 101 66 2.4151 0
43 88 65 2.338 0
26 50 60 2.3979 0
28 79 67 2.3979 0
97 40 60 2.3979 0
50 99 67 2.4051 0
103 69 67 2.3979 0
97 79 60 2.3979 0
108 63 60 2.3979 0
14 39 62 2.3074 0
62 39 63 2.197 0
34 26 65 1.8886 0
90 26 62 1.8886 0
50 27 66 1.7452 0
51 100 61 1.745 0
92 50 66 1.5803 0
46 32 61 1.39 0
19 88 61 1.39 0
97 93 66 1.39 0
32 63 61 1.39 0
106 46 66 1.39 0
101 79 66 1.39 0
67 95 66 1.39 0
91 68 62 1.574 0
91 51 62 1.574 0
103 40 61 1.39 0
77 32 66 1.39 0
31 47 61 1.39 0
80 96 61 1.39 0
16 61 61 1.4985 0
29 77 61 1.39 0
25 37 66 1.39 0
24 50 66 1.39 0
102 80 61 1.39 0
112 94 62 1.378 0
19 46 61 1.39 0
47 91 66 1.39 0
41 37 66 1.5091 0
33 71 61 1.39 0
106 90 66 1.39 0
80 37 61 1.5091 0
15 93 65 1.3775 0
96 97 66 1.39 0
0
