128
0 127 0 78.4607 0
127 0 0 78.4607 0
127 127 127 77.3193 0
0 0 127 77.3193 0
35 92 94 25.2191 0
92 35 94 25.2081 0
92 92 36 24.8106 0
35 35 36 24.8106 0
68 68 79 16.8607 0
59 69 47 15.0873 0
65 38 63 14.3946 0
125 77 51 12.4525 0
2 50 51 12.4525 0
124 52 76 12.2894 0
3 75 76 12.2894 0
83 61 51 9.2117 0
44 56 76 9.0658 0
52 86 64 8.744 0
34 65 52 8.0093 0
71 87 62 7.7594 0
107 66 53 7.1556 0
20 64 74 6.7975 0
107 63 74 6.797 0
86 83 67 6.5836 0
18 63 55 6.4591 0
85 47 60 6.5401 0
43 43 66 6.0358 0
106 79 61 5.5806 0
21 48 61 5.5806 0
101 48 66 5.4316 0
26 79 66 5.4316 0
41 77 57 5.5135 0
43 74 69 5.4994 0
118 64 63 5.3567 0
92 73 73 5.0369 0
85 55 70 4.9781 0
55 57 64 4.8215 0
4 59 67 4.6736 0
40 62 89 4.4556 0
99 56 56 4.2199 0
71 57 59 4.012 0
52 51 56 4.1127 0
31 52 71 4.1397 0
9 69 60 3.9756 0
76 76 56 4.002 0
95 68 56 3.9778 0
43 56 56 3.9778 0
87 36 64 3.6873 0
88 65 89 3.6399 0
46 63 61 3.7327 0
102 74 69 3.6009 0
88 60 78 3.3877 0
89 74 59 3.4507 0
36 51 64 3.443 0
30 72 72 3.272 0
97 55 72 3.2711 0
26 56 57 3.3175 0
13 63 65 3.1427 0
24 72 57 3.2632 0
103 61 85 3.197 0
24 66 85 3.1946 0
83 66 64 3.1406 0
23 55 68 3.0021 0
16 82 68 2.9626 0
111 45 68 2.9626 0
51 65 67 3.1215 0
38 68 75 3.0227 0
109 61 63 3.056 0
110 73 68 2.8873 0
89 68 82 3.0261 0
31 76 57 2.9699 0
39 89 62 2.9632 0
117 70 70 2.8109 0
16 70 66 2.7559 0
108 53 70 2.6583 0
33 45 67 2.7005 0
77 52 68 2.7467 0
87 66 71 2.6886 0
115 57 58 2.7157 0
12 57 70 2.4849 0
18 75 70 2.5316 0
40 82 65 2.4958 0
16 53 67 2.6114 0
76 69 60 2.3778 0
112 56 66 2.4537 0
99 74 58 2.3789 0
93 76 65 2.3699 0
21 66 64 2.3957 0
92 50 69 2.2573 0
34 39 65 2.3699 0
122 72 66 2.2466 0
114 77 65 2.3618 0
96 80 69 2.2877 0
97 40 66 2.2836 0
30 88 66 2.2836 0
35 54 58 2.282 0
92 54 58 2.282 0
51 47 69 2.2323 0
12 48 63 2.2228 0
38 66 82 2.0674 0
45 50 60 2.1279 0
98 70 78 2.1886 0
29 57 78 2.1882 0
82 77 60 2.1279 0
106 54 58 2.0943 0
96 63 89 2.0625 0
31 64 89 2.0625 0
34 76 69 2.1098 0
76 51 58 1.9886 0
95 48 58 1.9621 0
77 60 62 1.9459 0
11 58 61 2.0002 0
93 90 64 1.9113 0
85 72 69 1.9963 0
94 61 58 1.9621 0
44 69 58 1.9621 0
17 72 58 1.9621 0
82 71 58 1.9621 0
52 75 68 1.9211 0
102 71 63 1.7921 0
71 76 61 1.7796 0
41 60 65 1.7591 0
36 84 60 1.6426 0
44 65 67 1.7586 0
99 58 77 1.7572 0
28 69 77 1.7575 0
89 56 63 1.6093 0
99 69 73 1.6722 0
0
