128
127 127 0 74.7217 0
6 0 121 55.8292 0
0 127 127 70.3709 0
127 0 127 62.586 0
0 0 0 62.586 0
116 0 9 52.0642 0
15 101 19 40.2411 0
105 99 109 38.4068 0
59 56 91 25.8605 0
61 7 62 23.506 0
65 55 28 23.2879 0
0 59 63 21.2491 0
126 58 67 19.8372 0
67 117 70 16.9714 0
99 54 40 11.2712 0
67 85 68 10.9685 0
99 55 86 10.4173 0
28 56 41 10.4174 0
61 90 41 10.1855 0
84 69 67 10.1403 0
46 80 67 9.4731 0
41 120 58 9.1801 0
24 58 83 9.0005 0
92 19 66 8.7858 0
23 81 64 8.4288 0
59 95 84 8.2726 0
54 107 49 8.1737 0
78 28 82 8.1327 0
48 31 44 7.7782 0
104 79 66 7.8437 0
118 30 62 7.8157 0
31 19 64 7.6927 0
81 50 65 7.646 0
77 29 45 7.3916 0
10 30 64 6.9268 0
27 39 56 5.4466 0
43 28 77 6.6209 0
39 64 65 6.364 0
89 40 82 6.154 0
86 100 67 6.3045 0
40 98 62 5.2274 0
41 68 45 6.154 0
89 39 45 6.154 0
76 81 45 6.154 0
36 40 45 6.154 0
88 68 45 6.154 0
69 41 63 6.0148 0
104 70 54 5.8622 0
82 29 59 5.8375 0
29 43 81 5.8109 0
100 39 75 5.4658 0
100 39 52 5.4689 0
24 73 77 5.3947 0
56 41 62 5.3379 0
44 49 63 5.4484 0
36 77 81 5.3597 0
114 45 47 5.1798 0
67 68 62 5.3379 0
95 90 65 5.1064 0
48 103 72 5.0269 0
49 80 46 5.1462 0
43 30 57 5.0903 0
24 71 53 4.9579 0
103 69 76 4.7952 0
27 38 70 4.6101 0
106 23 64 4.5548 0
46 89 80 4.5193 0
68 104 50 4.31 0
28 95 64 4.4289 0
84 31 70 4.4177 0
82 84 61 4.33 0
102 57 59 4.3388 0
15 45 80 4.3693 0
64 33 47 4.1383 0
57 72 61 4.33 0
50 65 61 4.33 0
69 53 61 4.33 0
72 95 80 4.1593 0
17 46 47 4.1418 0
59 76 47 4.1383 0
45 48 47 4.1383 0
83 84 74 3.9224 0
86 50 77 4.0468 0
79 101 58 3.8669 0
26 56 58 3.5845 0
36 25 52 3.7996 0
11 38 74 3.6988 0
25 63 70 3.6204 0
25 68 63 3.6586 0
88 28 50 3.6586 0
102 63 68 3.6204 0
57 55 60 3.3222 0
52 103 63 3.5763 0
93 67 79 3.5569 0
54 91 62 3.5071 0
53 91 73 3.2145 0
85 49 48 3.1304 0
29 104 62 3.4243 0
39 28 66 3.3323 0
75 60 60 3.3222 0
55 29 78 3.3217 0
74 92 48 3.1304 0
31 87 72 3.2797 0
20 25 59 3.193 0
91 26 77 3.282 0
20 25 68 3.193 0
33 67 79 3.2191 0
47 31 67 3.1095 0
86 58 48 3.1304 0
25 55 68 3.0891 0
46 58 48 3.1304 0
90 57 74 3.0782 0
77 70 48 3.1304 0
34 34 79 3.1304 0
79 42 48 3.1304 0
102 55 69 3.0891 0
43 107 61 3.1435 0
87 78 48 3.1304 0
90 57 61 3.0782 0
51 42 48 3.1304 0
47 89 48 3.1304 0
51 71 48 3.1304 0
40 78 48 3.1304 0
38 54 69 3.0291 0
69 74 48 3.1304 0
107 45 79 3.1304 0
32 72 48 3.1304 0
77 41 72 3.0478 0
0
