128
0 0 0 67.2824 0
127 127 127 58.1553 0
127 127 0 64.6242 0
127 0 127 61.5835 0
0 127 127 58.1553 0
0 127 9 58.8061 0
1 3 127 58.704 0
123 7 10 54.5885 0
65 118 68 26.6066 0
66 63 19 24.7911 0
62 1 69 24.2817 0
127 50 67 15.2374 0
0 50 67 15.2374 0
126 82 68 15.0051 0
2 82 68 14.4093 0
41 66 127 14.3344 0
86 66 127 14.3344 0
65 89 127 13.5036 0
63 40 127 11.8728 0
62 98 34 11.8199 0
4 65 91 11.6445 0
123 66 91 11.6441 0
34 26 68 11.4916 0
64 103 105 11.4885 0
101 99 67 11.404 0
90 25 67 11.1873 0
28 99 68 11.1374 0
32 68 33 10.6809 0
99 65 34 9.673 0
127 64 42 9.8582 0
0 66 43 9.7007 0
66 29 34 9.673 0
48 30 84 8.7474 0
63 19 101 8.7769 0
78 29 84 8.3273 0
104 65 110 8.3742 0
22 65 109 8.0012 0
106 37 70 7.8661 0
46 84 36 7.6572 0
64 61 123 7.5649 0
41 97 83 7.2814 0
41 97 53 7.2681 0
90 93 82 7.0648 0
91 39 82 6.9679 0
88 95 53 6.8471 0
21 81 84 6.7082 0
110 51 83 6.784 0
18 50 83 6.7847 0
79 87 37 6.6494 0
107 81 84 6.639 0
20 39 72 6.529 0
42 50 37 6.6494 0
79 98 92 6.4491 0
34 40 83 6.4514 0
52 39 38 5.6415 0
89 51 38 5.6415 0
113 53 50 5.814 0
14 53 50 5.8145 0
79 40 38 5.6415 0
90 79 38 5.6415 0
16 63 38 5.6415 0
22 39 59 5.6191 0
51 97 93 5.4412 0
117 76 49 5.4662 0
71 17 44 5.4726 0
14 78 51 5.4087 0
59 30 112 5.4498 0
44 27 53 5.4547 0
59 16 42 5.365 0
80 21 51 5.3683 0
52 30 69 5.2418 0
48 47 120 4.8549 0
79 47 120 4.8549 0
50 34 98 4.8262 0
48 84 119 4.7056 0
101 38 57 4.7307 0
76 34 98 4.5287 0
19 56 95 4.6194 0
113 70 39 4.6336 0
74 30 70 4.4573 0
19 75 95 4.4483 0
110 87 56 4.5313 0
82 83 117 4.5403 0
19 89 58 4.5087 0
77 96 45 4.4334 0
31 88 85 4.3522 0
113 58 40 4.3081 0
70 32 112 4.2447 0
109 56 94 4.265 0
100 48 89 4.2207 0
40 41 93 4.2221 0
109 75 95 4.0715 0
88 32 52 3.9865 0
86 51 114 4.0642 0
41 51 114 4.0642 0
110 45 57 4.0584 0
52 94 112 4.0015 0
86 93 70 3.9965 0
27 49 91 3.8799 0
84 39 92 3.8612 0
33 35 54 3.8504 0
28 54 40 3.6258 0
31 74 112 3.7755 0
88 90 94 3.8109 0
46 71 40 3.6258 0
39 90 94 3.7865 0
17 74 40 3.7371 0
33 82 40 3.6258 0
39 79 113 3.6861 0
48 95 43 3.5773 0
51 20 50 3.742 0
44 61 40 3.6258 0
27 80 95 3.6559 0
100 81 93 3.6644 0
58 83 40 3.6258 0
68 42 40 3.6258 0
43 94 68 3.6483 0
70 73 119 3.5334 0
82 37 74 3.5451 0
53 28 40 3.6258 0
121 68 55 3.5937 0
86 68 40 3.6258 0
6 67 56 3.5937 0
55 76 119 3.5334 0
50 95 103 3.4255 0
78 95 103 3.4255 0
76 94 111 3.4393 0
62 95 89 3.4255 0
0
