128
127 0 61 89.1988 0
0 127 0 75.7838 0
0 32 127 56.375 0
108 127 127 53.9798 0
96 114 43 29.0554 0
33 106 99 27.6085 0
91 86 0 20.6592 0
29 52 56 20.6764 0
42 39 1 20.4533 0
57 78 127 15.1649 0
68 79 92 12.9969 0
58 107 66 12.7269 0
42 83 66 12.4191 0
67 50 127 11.7895 0
67 82 65 11.4793 0
52 58 26 10.7067 0
85 66 125 10.1825 0
87 91 75 10.169 0
59 60 104 10.1232 0
39 67 83 9.8504 0
72 87 26 9.4294 0
69 53 0 8.7075 0
62 73 46 8.5785 0
68 67 18 8.2849 0
64 71 0 8.2309 0
67 102 86 7.7424 0
58 68 77 7.0884 0
44 47 80 7.0462 0
76 68 108 6.7495 0
44 73 105 6.5447 0
76 81 47 6.4766 0
63 99 48 6.4036 0
45 74 48 6.2466 0
56 65 63 5.8056 0
50 55 90 5.7669 0
63 90 108 5.74 0
67 81 12 5.3339 0
67 71 32 5.2984 0
62 89 38 5.2178 0
82 75 23 4.9625 0
76 77 117 4.9619 0
49 80 85 4.9461 0
52 94 54 4.9389 0
80 62 4 4.7832 0
62 51 14 4.816 0
55 61 50 4.7404 0
45 69 37 4.6739 0
64 87 49 4.4405 0
65 97 98 4.3707 0
75 99 66 4.2301 0
81 81 36 4.2845 0
54 63 5 4.163 0
56 80 35 4.0857 0
48 75 94 3.9623 0
51 86 48 4.0111 0
55 68 14 3.9626 0
54 65 88 3.9452 0
49 49 39 3.746 0
81 79 106 3.9587 0
46 65 96 3.8903 0
56 71 34 3.6777 0
70 82 111 3.6736 0
63 90 79 3.6164 0
54 58 72 3.6276 0
71 65 120 3.6011 0
52 90 78 3.5807 0
52 81 107 3.52 0
72 57 112 3.4088 0
54 56 80 3.5573 0
54 56 41 3.5573 0
46 57 74 3.375 0
72 90 40 3.1802 0
46 67 70 3.3358 0
61 79 20 3.3244 0
54 59 119 3.2407 0
79 97 86 3.2443 0
46 62 10 3.0819 0
70 97 56 3.1001 0
74 98 77 3.1279 0
58 79 27 3.0754 0
79 91 61 3.0446 0
75 74 38 3.0047 0
57 72 25 2.9449 0
51 80 42 2.961 0
58 97 80 2.9376 0
58 80 78 2.8963 0
78 74 31 2.9799 0
59 74 106 2.9066 0
59 60 13 2.8093 0
46 60 40 2.8861 0
56 73 57 2.8757 0
53 64 42 2.8192 0
65 80 35 2.8445 0
73 91 77 2.8354 0
79 67 11 2.8507 0
47 69 58 2.7072 0
66 50 111 2.731 0
66 71 110 2.7528 0
50 64 116 2.7695 0
51 79 100 2.7526 0
49 50 70 2.713 0
76 90 55 2.7278 0
56 50 114 2.6384 0
53 57 58 2.5852 0
72 57 12 2.5259 0
54 70 94 2.5765 0
53 56 65 2.55 0
55 93 46 2.4696 0
76 91 84 2.4662 0
61 62 118 2.3728 0
58 83 53 2.3712 0
50 75 33 2.3534 0
77 61 12 2.3329 0
61 81 109 2.3225 0
53 68 54 2.2891 0
52 82 94 2.3185 0
66 97 76 2.1824 0
50 75 77 2.2415 0
78 60 114 2.1638 0
47 65 45 2.1549 0
79 55 118 2.1498 0
47 65 110 2.1564 0
75 96 91 2.2022 0
71 90 51 2.0964 0
68 64 113 2.2033 0
52 81 54 2.1434 0
54 92 71 2.1081 0
73 72 7 2.1653 0
0
