128
0 127 127 81.0143 0
127 0 0 81.016 0
64 1 127 59.3038 0
61 127 0 58.4142 0
127 116 88 50.9251 0
0 6 35 49.847 0
0 80 30 22.4923 0
115 46 88 17.9577 0
25 59 0 17.1029 0
83 75 120 16.0291 0
59 37 60 15.8175 0
68 90 67 15.8175 0
91 65 63 15.1391 0
22 44 83 14.0431 0
109 60 116 12.8391 0
48 45 25 11.6137 0
30 84 48 11.3921 0
83 73 39 9.7244 0
56 58 8 9.3614 0
74 84 92 9.5204 0
50 58 89 9.3668 0
0 57 68 9.3863 0
87 45 78 9.1402 0
51 82 50 8.4848 0
24 60 27 7.8702 0
35 44 64 7.7477 0
63 66 107 7.4528 0
31 75 30 7.2662 0
42 45 44 7.0385 0
42 80 64 6.8537 0
43 47 77 6.7974 0
54 67 28 6.6163 0
70 47 79 6.2156 0
5 70 58 6.0836 0
77 51 52 6.2182 0
64 47 40 5.9604 0
66 80 46 5.8328 0
40 62 55 2.5458 0
15 77 55 5.4238 0
50 72 81 5.3849 0
29 54 40 5.1898 0
59 79 84 5.1825 0
68 64 82 2.913 0
76 49 68 5.0998 0
20 61 61 2.3152 0
94 65 97 2.8602 0
4 59 53 5.0305 0
57 48 79 4.8211 0
58 70 95 4.846 0
68 64 49 2.9101 0
42 78 37 4.8398 0
79 70 24 4.7211 0
19 60 40 4.6461 0
35 59 85 4.6632 0
75 75 52 4.6183 0
28 67 40 4.4665 0
83 79 78 4.4763 0
64 52 29 4.4982 0
33 52 20 4.4764 0
40 62 72 2.5458 0
68 64 68 2.9097 0
26 62 76 4.25 0
68 64 35 2.9111 0
71 65 11 4.3383 0
44 66 11 4.3103 0
32 72 17 4.2541 0
40 62 37 2.5458 0
92 57 109 3.9776 0
94 50 97 4.2157 0
69 77 104 4.0598 0
78 57 42 4.0799 0
86 79 99 3.975 0
12 49 67 4.0551 0
34 52 31 3.9544 0
107 65 77 3.8468 0
85 50 91 3.8328 0
51 77 72 3.8004 0
33 48 52 3.6347 0
40 62 21 2.5458 0
43 54 12 3.6857 0
58 58 22 3.7004 0
23 76 62 3.6341 0
44 73 28 3.5505 0
77 50 87 3.4925 0
54 49 43 3.5211 0
57 57 32 3.5614 0
17 61 75 3.4566 0
40 62 46 2.5458 0
52 77 37 3.4074 0
99 52 104 3.2844 0
53 77 63 3.3649 0
77 61 106 3.2153 0
68 64 20 2.9122 0
31 76 63 3.2938 0
50 56 75 3.1067 0
62 58 98 3.1305 0
24 48 61 3.2519 0
77 73 74 3.2181 0
43 49 55 3.0531 0
94 65 83 2.8602 0
94 65 106 3.1613 0
68 64 96 2.9186 0
40 62 29 2.5458 0
50 66 18 3.1705 0
78 57 75 3.131 0
60 77 38 3.0671 0
79 63 48 3.0444 0
84 58 107 2.9218 0
78 68 15 2.9909 0
99 73 108 3.0205 0
86 78 86 2.9681 0
69 77 37 2.9504 0
68 64 89 2.916 0
68 64 28 2.9116 0
68 64 42 2.9106 0
68 64 56 2.9096 0
68 64 75 2.911 0
43 74 75 2.9158 0
94 65 90 2.8602 0
64 50 87 2.9395 0
63 73 32 2.7205 0
72 53 38 2.7517 0
58 67 18 2.7047 0
40 62 62 2.5458 0
68 77 82 2.7268 0
40 66 83 2.6522 0
107 66 98 2.8048 0
98 54 77 2.7746 0
0
