128
127 0 0 75.74 0
0 0 127 72.5084 0
0 127 0 71.9967 0
127 127 127 69.0751 0
25 104 104 35.7706 0
101 104 28 33.9284 0
21 26 25 33.1404 0
98 32 101 32.3554 0
60 38 62 20.73 0
60 91 61 19.2515 0
62 65 21 16.9317 0
61 65 105 15.9376 0
0 74 71 13.8821 0
127 56 73 13.3527 0
126 78 58 11.9448 0
0 58 50 11.4543 0
90 83 68 11.1885 0
92 51 62 10.3831 0
30 47 64 9.2971 0
75 81 85 9.1727 0
26 81 63 9.1727 0
80 53 47 7.3862 0
51 49 88 7.1815 0
109 79 69 7.157 0
38 63 31 6.9546 0
83 70 96 6.7692 0
13 48 61 6.8931 0
15 70 54 6.7496 0
51 51 38 6.6581 0
68 53 85 6.3984 0
110 57 59 6.1742 0
39 64 95 6.2703 0
56 78 86 6.1491 0
50 78 38 6.1525 0
71 78 40 6.1491 0
39 78 49 6.1491 0
40 78 73 6.1491 0
84 66 32 5.8284 0
16 66 86 5.8029 0
16 62 42 5.7425 0
106 58 72 5.4441 0
37 51 79 5.6227 0
2 53 68 5.5569 0
80 55 73 5.3772 0
67 54 41 5.3115 0
81 77 54 5.1412 0
121 71 41 5.0463 0
37 52 50 4.8508 0
119 62 90 4.8367 0
120 61 54 4.6948 0
39 65 60 2.0322 0
51 65 49 2.0322 0
12 59 77 4.3877 0
49 65 78 2.0322 0
93 57 47 4.4384 0
19 75 75 4.3477 0
40 76 61 4.1333 0
89 76 86 4.1333 0
108 76 55 4.1333 0
16 65 65 4.235 0
120 73 76 4.2532 0
99 76 80 4.1333 0
102 58 51 4.1748 0
97 76 55 4.1333 0
33 64 77 2.5501 0
33 64 51 2.5501 0
95 66 34 3.7456 0
26 63 34 3.7464 0
46 65 68 2.0322 0
96 69 93 3.7455 0
76 57 36 3.6828 0
22 52 53 3.616 0
26 65 93 3.7464 0
61 65 77 1.2883 0
21 52 74 3.5337 0
33 64 68 2.5501 0
94 58 75 3.5162 0
49 65 59 2.0322 0
76 75 72 3.1255 0
79 57 58 3.2859 0
70 66 53 1.0244 0
40 54 89 3.0894 0
51 75 77 3.1255 0
78 57 83 3.2036 0
60 75 40 3.1255 0
65 75 78 3.1255 0
28 75 75 3.1255 0
25 75 50 3.1255 0
72 66 63 1.0244 0
62 65 47 1.2068 0
55 65 69 1.777 0
43 65 52 2.0322 0
40 75 39 3.1255 0
112 60 82 3.1506 0
44 75 84 3.1255 0
33 64 85 2.5501 0
18 66 76 3.0465 0
77 75 63 3.1255 0
80 75 45 3.1255 0
88 58 39 3.0223 0
75 59 92 3.0465 0
49 54 78 2.9919 0
119 68 83 2.9645 0
59 65 55 1.4512 0
13 52 72 2.8751 0
48 74 91 2.9386 0
46 65 43 2.0322 0
104 67 92 2.7504 0
69 66 71 1.0244 0
33 64 44 2.5501 0
49 55 48 2.8252 0
60 56 79 2.7262 0
105 62 81 2.6385 0
15 55 51 2.7996 0
111 65 92 2.7377 0
47 68 35 2.7377 0
75 66 77 1.0244 0
76 71 35 2.7377 0
19 58 81 2.7181 0
33 64 60 2.5501 0
59 56 45 2.6439 0
50 65 85 2.0322 0
71 57 73 2.6273 0
86 66 79 0.7565 0
70 57 50 2.545 0
64 65 63 1.0439 0
69 66 84 1.0244 0
41 54 38 2.4295 0
0
