128
63 63 0 71.7325 0
127 127 127 68.6353 0
59 0 127 68.679 0
0 114 120 58.1592 0
127 7 56 28.8607 0
0 17 57 23.1824 0
124 47 86 20.0593 0
2 51 79 15.7669 0
34 127 54 15.8387 0
62 98 81 14.9519 0
86 127 54 13.8593 0
127 86 54 13.8593 0
57 127 76 13.7928 0
0 83 55 12.7525 0
98 69 77 11.9589 0
28 65 77 11.6077 0
127 56 55 11.0329 0
96 47 74 9.044 0
106 107 54 8.9067 0
17 103 55 8.8024 0
3 59 55 8.5456 0
63 123 54 7.9602 0
85 92 72 7.722 0
41 92 72 7.4406 0
121 73 72 7.4345 0
31 46 72 7.193 0
94 25 63 6.8321 0
88 104 63 5.9023 0
104 88 63 5.9023 0
76 119 71 5.9318 0
30 21 59 6.0139 0
55 110 63 5.9048 0
110 55 63 5.9048 0
39 104 63 5.9023 0
71 110 63 5.8914 0
109 76 63 5.8909 0
23 88 63 5.9023 0
17 73 63 5.8259 0
22 40 63 5.7234 0
105 40 63 5.7234 0
106 30 74 5.5604 0
116 41 55 5.5728 0
6 72 70 5.6175 0
18 36 75 5.4997 0
16 59 63 5.359 0
10 46 56 5.1936 0
31 82 70 5.1385 0
88 35 68 4.6431 0
42 115 72 4.6034 0
117 69 57 4.3149 0
98 98 63 4.0652 0
29 98 63 4.0652 0
95 84 69 4.1229 0
113 97 61 4.0152 0
28 31 64 3.8683 0
80 105 75 3.6476 0
96 113 61 3.5626 0
30 107 58 3.4688 0
44 105 76 3.5129 0
20 50 64 3.4882 0
37 37 67 3.1574 0
52 119 59 3.1715 0
111 66 65 3.114 0
12 80 69 3.1904 0
106 33 55 3.182 0
12 93 62 3.0238 0
116 84 69 2.9776 0
23 29 70 3.0477 0
118 38 64 2.9938 0
77 101 69 2.951 0
112 35 68 2.8875 0
35 112 68 2.8875 0
95 33 73 2.8087 0
49 111 75 2.8511 0
111 78 75 2.8511 0
81 111 63 2.8073 0
97 36 67 2.7651 0
21 51 74 2.7977 0
86 116 68 2.7482 0
106 56 73 2.8038 0
50 98 66 2.6573 0
25 109 63 2.7339 0
13 67 74 2.7084 0
17 87 55 2.6459 0
102 84 73 2.6119 0
30 91 69 2.6306 0
93 106 55 2.653 0
106 93 55 2.653 0
48 113 55 2.5083 0
24 29 56 2.6031 0
100 33 59 2.5286 0
113 65 75 2.5021 0
71 122 63 2.354 0
74 114 55 2.5133 0
120 62 68 2.4276 0
23 79 72 2.4473 0
16 75 75 2.4962 0
9 70 59 2.4592 0
100 58 66 2.3689 0
101 27 55 2.1935 0
103 31 64 2.3866 0
12 39 67 2.2438 0
115 90 66 2.3375 0
97 91 72 2.279 0
113 50 55 2.1471 0
47 102 70 2.0928 0
112 46 63 2.3004 0
46 112 63 2.3004 0
31 35 70 2.0251 0
68 114 73 2.143 0
28 75 66 2.2323 0
63 115 63 2.0827 0
12 67 55 2.1569 0
20 45 75 2.1446 0
83 112 72 2.1315 0
35 31 66 2.1902 0
75 110 75 2.1007 0
38 108 72 2.1332 0
102 24 69 2.1755 0
16 82 62 2.1256 0
17 41 55 2.1298 0
110 86 55 2.1298 0
86 110 55 2.1298 0
109 67 59 2.084 0
26 23 67 2.0961 0
112 35 60 2.0577 0
91 115 65 2.0577 0
96 91 66 2.0362 0
0
