128
127 127 127 60.7405 0
0 0 0 60.7405 0
0 127 0 60.7405 0
127 0 0 60.7405 0
127 0 127 60.7405 0
127 127 0 60.7405 0
0 0 127 60.7405 0
0 127 127 60.7405 0
63 64 21 29.4769 0
63 64 115 27.4369 0
63 127 55 10.8398 0
64 22 36 13.7076 0
105 64 36 13.7076 0
127 49 66 12.466 0
64 106 36 13.7076 0
21 64 36 13.7076 0
63 127 85 13.4708 0
63 0 85 13.4707 0
0 49 58 12.4659 0
0 78 57 12.4659 0
0 64 87 12.4559 0
127 78 56 12.466 0
87 0 64 12.2596 0
40 0 63 12.2596 0
87 127 63 12.2596 0
40 127 63 12.2596 0
125 63 88 12.1938 0
64 0 50 10.8402 0
103 64 99 10.6322 0
63 104 99 10.7465 0
64 23 99 10.7465 0
23 64 99 10.739 0
64 43 63 6.8024 0
64 84 63 6.8024 0
127 58 45 9.2718 0
91 45 41 8.6682 0
10 98 63 8.2153 0
117 98 63 8.2153 0
117 29 63 8.2152 0
10 29 63 8.2152 0
34 45 42 7.6604 0
89 83 42 7.6604 0
34 83 42 7.6604 0
63 64 63 5.765 0
64 20 64 4.8299 0
18 52 85 6.9727 0
122 80 77 7.039 0
75 109 85 6.9721 0
109 75 85 6.9582 0
25 113 64 6.7269 0
102 14 64 6.7269 0
25 14 63 6.7269 0
102 113 63 6.7269 0
78 37 95 6.5796 0
46 96 43 6.6525 0
77 92 95 6.5796 0
76 17 84 6.6008 0
45 41 95 6.5796 0
16 76 84 6.6525 0
48 38 43 6.6525 0
83 30 43 6.6525 0
50 90 95 6.5796 0
89 77 95 6.5796 0
108 52 86 6.5806 0
51 108 85 6.4121 0
51 19 85 6.4121 0
39 80 95 6.5796 0
87 48 95 6.5796 0
6 47 78 6.2043 0
63 100 64 4.8282 0
63 64 76 5.7246 0
6 81 76 5.7538 0
85 97 44 5.6446 0
77 121 45 5.7409 0
34 49 94 5.5717 0
74 90 44 5.6446 0
45 25 44 5.6446 0
64 8 66 5.4357 0
50 120 45 5.2437 0
115 48 45 5.1175 0
73 39 45 4.8173 0
49 8 45 4.9605 0
78 8 45 4.9605 0
63 111 64 4.8299 0
13 48 45 4.8495 0
46 109 45 4.6368 0
14 80 45 4.6373 0
110 81 45 4.6368 0
81 109 45 4.6368 0
56 89 45 4.6498 0
38 58 45 4.6368 0
88 70 45 4.6368 0
38 70 45 4.6368 0
81 121 79 4.5537 0
105 44 45 4.6368 0
4 63 47 4.5654 0
60 43 49 4.6196 0
66 39 93 4.5638 0
38 67 93 4.5638 0
65 84 50 4.4999 0
88 60 93 4.5638 0
49 29 93 4.5638 0
41 13 76 4.3541 0
41 114 76 4.3541 0
3 63 69 4.4969 0
88 113 75 4.2797 0
86 13 76 4.3541 0
86 13 52 4.3541 0
41 13 51 4.3541 0
88 113 52 4.2797 0
39 113 52 4.2797 0
80 6 79 4.3047 0
119 40 52 4.2758 0
17 64 82 4.1787 0
62 30 63 3.95 0
64 19 83 3.8041 0
56 85 72 3.8556 0
65 88 92 3.556 0
47 84 46 3.6289 0
56 43 72 3.8556 0
56 84 54 3.8556 0
107 30 72 3.9589 0
20 30 72 3.9589 0
107 97 72 3.9589 0
20 97 72 3.9589 0
47 6 78 3.9544 0
47 121 78 3.9544 0
123 69 72 3.9036 0
0
