128
0 127 61 63.9631 0
127 0 0 60.1779 0
127 127 127 66.3118 0
11 1 127 60.6498 0
0 0 0 65.7747 0
126 127 0 59.5512 0
127 4 116 54.8226 0
123 62 60 24.5758 0
66 12 62 23.8993 0
38 86 127 21.441 0
51 95 0 20.1265 0
71 60 127 18.8616 0
73 61 0 18.89 0
80 107 59 16.6413 0
34 41 64 16.2412 0
71 63 81 9.0156 0
71 64 41 9.03 0
97 33 59 12.4435 0
25 75 7 12.2121 0
59 96 99 10.9709 0
67 102 33 11.041 0
103 61 91 10.8195 0
19 57 82 10.2769 0
99 88 66 9.9059 0
66 26 29 9.8538 0
44 62 8 9.6456 0
108 65 28 9.4836 0
20 68 103 9.269 0
71 63 61 9.0232 0
43 66 61 9.2317 0
74 94 82 9.1637 0
67 27 93 8.7839 0
21 55 47 8.3001 0
71 65 99 8.0687 0
66 34 10 7.9687 0
100 64 10 7.8433 0
100 84 47 7.8805 0
51 34 43 7.5387 0
97 76 80 7.6091 0
51 34 81 7.5387 0
22 65 30 7.2533 0
99 45 77 7.2051 0
71 34 116 6.9084 0
39 48 41 6.8776 0
98 60 113 6.9991 0
39 79 98 6.8776 0
39 79 21 6.8776 0
83 31 42 6.8235 0
66 86 116 6.7568 0
85 32 78 6.707 0
45 60 116 6.622 0
100 46 42 6.2058 0
38 49 86 6.3002 0
58 91 81 5.9315 0
68 66 25 5.949 0
51 91 27 5.8878 0
74 86 12 5.6141 0
71 49 36 5.5902 0
71 79 36 5.589 0
53 49 12 5.6141 0
82 95 39 5.5434 0
63 94 70 5.2737 0
87 85 77 5.1187 0
61 95 48 4.9855 0
27 62 67 4.7859 0
71 96 17 4.6728 0
31 63 114 4.6063 0
55 73 13 4.6063 0
85 78 13 4.6063 0
102 72 40 4.5109 0
28 63 56 4.4928 0
101 52 31 4.5143 0
38 76 33 4.2988 0
54 36 30 4.1665 0
81 33 90 4.2845 0
74 89 96 4.1468 0
72 38 37 4.2249 0
97 61 76 4.2876 0
45 83 32 4.2703 0
61 94 59 4.0313 0
41 77 86 4.055 0
47 42 33 4.0073 0
49 87 89 4.0646 0
41 50 29 4.055 0
47 42 90 4.0073 0
91 88 38 3.8967 0
91 39 38 3.9172 0
87 83 87 3.882 0
53 37 55 3.9059 0
99 78 32 3.8987 0
75 32 103 3.8443 0
28 75 25 3.7116 0
61 43 113 3.5984 0
55 36 93 3.6948 0
74 32 82 3.6952 0
79 33 31 3.663 0
52 51 113 3.5984 0
88 90 46 3.7389 0
76 79 113 3.5984 0
66 79 14 3.5984 0
93 75 92 3.5773 0
89 50 113 3.5984 0
55 91 41 3.6796 0
90 52 14 3.5984 0
57 73 113 3.5984 0
81 44 113 3.5984 0
87 70 113 3.5984 0
78 40 14 3.5984 0
26 69 90 3.2218 0
63 33 81 3.4814 0
63 33 43 3.4628 0
95 69 102 3.4184 0
49 78 65 3.2578 0
42 50 96 3.3775 0
49 79 57 3.2578 0
75 59 29 3.3329 0
54 37 68 3.326 0
48 85 103 3.2514 0
26 63 19 3.2218 0
101 56 20 3.3022 0
26 55 35 3.3126 0
49 55 67 3.2578 0
58 35 21 3.1931 0
64 33 107 3.2865 0
43 78 40 3.1915 0
26 66 43 3.2218 0
81 86 92 3.1792 0
90 88 55 3.2533 0
0
