128
127 127 127 94.9505 0
0 0 127 81.5278 0
127 0 0 67.6994 0
0 127 0 64.2721 0
32 35 21 33.5345 0
3 111 97 32.4556 0
107 10 93 26.9197 0
77 75 29 25.4157 0
3 74 62 15.9618 0
68 17 58 15.5053 0
61 56 74 14.2076 0
37 80 84 14.218 0
87 43 72 12.0673 0
36 125 69 11.8724 0
62 110 43 11.5376 0
42 79 43 11.3054 0
71 42 44 10.2976 0
124 37 70 9.9955 0
106 61 47 9.6848 0
43 99 69 9.3736 0
55 79 68 8.3657 0
74 27 80 8.3829 0
24 69 46 8.2818 0
91 48 47 7.2739 0
116 49 58 7.103 0
52 61 47 7.2739 0
15 52 55 7.0567 0
24 64 69 6.6444 0
48 120 54 6.5818 0
45 98 48 6.2661 0
43 69 66 6.3499 0
90 20 65 6.1217 0
26 109 65 5.6492 0
105 41 77 5.4003 0
79 62 65 5.3421 0
49 29 58 5.2533 0
104 48 66 5.4144 0
33 87 65 5.3421 0
58 91 49 5.2582 0
37 63 49 5.2582 0
41 61 77 4.7923 0
12 95 63 4.9041 0
19 73 77 4.9045 0
63 36 77 4.7438 0
69 73 64 4.3342 0
82 31 50 4.521 0
68 95 51 4.6169 0
56 47 50 4.2503 0
71 41 65 4.3696 0
63 55 50 4.2503 0
21 83 50 4.2503 0
57 92 64 4.3342 0
42 81 64 4.3342 0
34 92 50 4.2503 0
58 31 70 3.938 0
17 83 76 3.8936 0
57 33 51 3.9226 0
101 24 64 3.7398 0
101 37 64 3.8391 0
112 27 66 3.8222 0
34 108 76 3.7359 0
89 59 63 3.364 0
87 25 55 3.5032 0
103 46 51 3.2424 0
94 68 53 3.351 0
46 109 51 3.246 0
34 77 65 3.3862 0
50 116 65 3.4258 0
24 54 64 3.3825 0
32 55 69 3.3387 0
97 57 63 3.3263 0
75 50 63 3.3377 0
54 72 51 3.2424 0
46 38 65 3.2793 0
46 59 63 3.2656 0
55 102 63 3.3263 0
31 96 75 3.3244 0
89 59 51 3.2806 0
90 35 51 3.2424 0
76 55 51 3.2424 0
25 57 51 3.2424 0
71 39 74 3.224 0
55 82 51 3.2424 0
85 24 74 3.1128 0
112 35 61 3.1933 0
40 32 58 3.1692 0
44 57 55 2.8821 0
20 102 62 3.0087 0
113 47 69 2.9465 0
24 90 75 2.7281 0
38 49 68 2.8473 0
23 44 57 2.6597 0
44 112 75 2.7281 0
107 57 60 2.8098 0
33 64 75 2.7281 0
19 62 58 2.5404 0
15 89 69 2.5262 0
51 33 66 2.6114 0
94 32 63 2.6333 0
29 80 52 2.2346 0
33 114 58 2.6343 0
53 109 64 2.541 0
55 115 60 2.6215 0
15 89 57 2.5066 0
67 81 62 2.3184 0
100 34 73 2.4946 0
64 87 62 2.3184 0
111 32 72 2.4021 0
26 91 52 2.2346 0
62 63 52 2.2346 0
63 42 63 2.4019 0
36 101 52 2.2346 0
58 33 62 2.3495 0
47 87 62 2.36 0
84 39 52 2.2346 0
32 96 63 2.4334 0
81 50 52 2.2346 0
71 65 62 2.3184 0
98 41 52 2.2346 0
59 69 62 2.3184 0
39 107 52 2.2372 0
52 40 52 2.2346 0
51 65 62 2.3184 0
81 54 62 2.3184 0
77 70 62 2.3184 0
29 86 52 2.2346 0
60 69 52 2.2346 0
83 56 52 2.2346 0
0
