128
52 0 127 68.1295 0
0 127 0 66.5998 0
127 0 0 66.6156 0
127 127 127 65.2809 0
0 0 9 58.9041 0
6 116 122 55.0074 0
117 117 12 49.4505 0
127 44 84 26.6484 0
64 64 31 26.5712 0
0 54 73 22.4754 0
61 127 67 22.4644 0
65 80 89 20.1824 0
38 63 74 13.4935 0
61 22 44 13.6317 0
116 65 50 13.5113 0
22 61 44 13.4767 0
90 62 74 12.8079 0
60 99 47 10.4452 0
92 86 72 10.1759 0
12 84 64 10.0492 0
36 87 71 9.6977 0
95 52 48 9.4373 0
38 43 48 9.4373 0
114 76 71 9.2236 0
106 16 73 8.6835 0
94 75 49 8.4295 0
35 80 49 8.4295 0
68 58 69 8.4097 0
81 36 49 8.4295 0
94 29 69 7.8423 0
80 16 57 7.7323 0
91 112 64 7.3463 0
83 88 50 7.4216 0
78 103 77 7.4216 0
112 92 64 7.0255 0
48 100 76 6.6901 0
53 48 68 6.7932 0
33 111 65 6.3384 0
77 105 51 6.4588 0
43 94 51 6.4137 0
16 28 67 6.0177 0
77 45 72 6.0002 0
91 42 78 5.8999 0
31 45 67 5.7615 0
110 46 55 5.7181 0
21 75 75 5.588 0
73 95 66 5.4305 0
44 19 55 5.4129 0
61 96 68 5.5058 0
95 45 66 5.4305 0
57 69 66 5.4305 0
54 39 52 5.4058 0
75 71 66 5.1924 0
80 32 66 5.2039 0
46 107 53 5.1453 0
19 44 54 4.7289 0
109 83 55 4.8455 0
67 39 53 4.398 0
52 85 53 4.398 0
50 94 65 4.4226 0
46 31 53 4.398 0
70 87 53 4.398 0
39 62 53 4.398 0
57 85 65 4.4226 0
95 38 53 4.398 0
30 33 65 4.196 0
18 98 64 4.0019 0
109 27 64 4.0019 0
73 82 65 3.8985 0
92 20 60 3.655 0
34 20 59 3.655 0
90 101 73 3.5083 0
21 78 54 3.6615 0
36 28 54 3.3901 0
29 76 64 3.4148 0
55 59 64 3.4148 0
64 78 64 3.4148 0
100 87 54 3.3901 0
82 52 54 3.3901 0
98 74 64 3.4148 0
87 98 65 3.49 0
44 77 64 3.4148 0
103 108 64 3.3838 0
66 88 64 3.4148 0
38 105 73 3.4697 0
88 99 54 3.3901 0
61 85 54 3.3901 0
50 48 54 3.3901 0
42 98 64 3.4148 0
27 89 54 3.3901 0
44 72 54 3.3901 0
67 33 64 3.4148 0
85 65 54 3.3901 0
45 55 54 3.3901 0
80 52 64 3.4148 0
88 25 54 3.3901 0
83 76 64 3.4148 0
27 37 54 3.3901 0
23 40 73 3.3901 0
81 76 54 3.3901 0
93 93 54 3.3901 0
76 47 54 3.3901 0
74 95 54 3.3901 0
80 108 66 3.3148 0
22 107 65 3.0208 0
40 34 64 3.1881 0
108 35 59 2.994 0
100 21 62 3.1757 0
108 64 70 3.0999 0
70 43 65 3.0822 0
19 71 65 2.994 0
19 39 62 2.994 0
108 58 64 2.994 0
26 21 63 2.9002 0
45 42 64 2.7379 0
82 42 64 2.7379 0
34 99 64 2.4822 0
84 36 73 2.7213 0
106 88 72 2.7392 0
101 75 72 2.6566 0
68 21 60 2.6472 0
59 33 63 2.4069 0
68 101 72 2.5399 0
99 65 55 2.3822 0
68 47 75 2.532 0
28 54 63 2.4069 0
53 78 63 2.4069 0
38 107 57 2.4376 0
0
