128
127 127 0 75.5186 0
0 127 127 74.2212 0
0 0 0 73.346 0
127 0 127 73.3338 0
27 26 99 31.4744 0
96 29 31 30.3896 0
96 95 96 29.2792 0
32 94 33 29.2669 0
59 64 87 18.5299 0
62 16 65 16.8396 0
59 58 45 16.104 0
0 55 73 14.7109 0
66 100 62 14.0978 0
127 71 74 13.6853 0
127 51 54 12.9388 0
1 76 55 11.5557 0
86 66 50 11.0647 0
30 64 77 10.5128 0
88 58 79 10.369 0
71 39 78 9.5831 0
33 58 52 9.0489 0
106 64 53 8.041 0
107 61 76 7.4891 0
71 78 54 7.0332 0
16 60 54 7.0332 0
52 36 54 7.0332 0
53 88 75 6.7005 0
54 41 75 6.503 0
41 79 75 6.3375 0
68 37 55 6.0253 0
57 79 55 6.0253 0
85 91 61 5.4101 0
42 51 74 5.5013 0
79 72 74 5.3296 0
71 82 74 5.3296 0
37 43 56 5.0174 0
41 28 64 5.0621 0
43 69 56 5.0174 0
78 52 56 5.0174 0
83 27 65 5.054 0
19 48 68 4.9265 0
99 54 67 4.7507 0
15 70 72 4.6208 0
86 43 73 4.856 0
98 65 67 4.7507 0
48 91 64 4.6854 0
114 51 68 4.648 0
108 74 71 4.4221 0
118 69 57 4.3252 0
75 52 72 4.2413 0
21 71 57 4.051 0
86 81 57 4.0095 0
96 77 57 4.0095 0
109 51 57 4.0095 0
23 49 57 4.0095 0
62 44 67 3.9771 0
94 53 57 4.0095 0
12 41 66 3.9636 0
104 45 67 3.88 0
117 87 69 3.8007 0
116 37 59 3.7998 0
96 46 72 3.6784 0
32 46 66 2.7416 0
40 90 69 3.602 0
63 53 66 3.3411 0
23 76 71 3.5728 0
27 54 66 3.3989 0
47 34 70 3.4199 0
82 35 70 3.3871 0
32 50 72 3.3206 0
21 39 66 3.2655 0
91 72 72 3.3138 0
49 45 66 3.1419 0
10 89 59 3.2324 0
77 42 58 3.0017 0
41 45 66 2.9893 0
74 45 66 3.086 0
18 61 69 3.0341 0
111 74 58 3.0017 0
73 66 58 3.0017 0
70 47 58 3.0017 0
41 35 58 3.0017 0
47 77 58 3.0017 0
49 46 58 3.0017 0
13 50 58 3.0017 0
87 49 58 3.0017 0
43 52 58 3.0017 0
104 77 58 3.0017 0
33 72 58 3.0017 0
32 31 64 2.8419 0
114 61 66 2.6123 0
10 76 68 2.7261 0
81 44 66 2.7442 0
112 81 69 2.7033 0
58 37 66 2.5772 0
92 30 65 2.6712 0
101 88 64 2.6727 0
51 52 70 2.665 0
93 38 69 2.5814 0
33 89 66 2.384 0
95 88 61 2.5954 0
30 81 71 2.306 0
62 83 71 2.306 0
88 45 65 2.5855 0
34 53 65 2.4963 0
41 38 69 2.481 0
33 39 67 2.5486 0
76 30 60 2.5474 0
70 52 65 2.4122 0
67 50 71 2.445 0
44 69 71 2.306 0
69 63 66 1.8194 0
43 63 71 2.306 0
94 44 65 2.4302 0
50 77 71 2.306 0
60 43 59 1.9938 0
101 38 65 2.1929 0
65 37 66 2.2765 0
74 61 71 2.3178 0
80 81 71 2.306 0
56 52 66 2.2 0
79 88 69 2.3644 0
45 42 71 2.3579 0
54 87 59 2.2981 0
58 79 71 2.306 0
34 85 71 2.306 0
91 52 65 2.1071 0
98 72 71 2.306 0
0
