128
0 0 0 81.1143 0
127 0 127 77.1235 0
127 127 0 76.5558 0
0 127 127 76.5558 0
91 91 91 25.815 0
37 95 37 24.7681 0
36 37 94 24.5498 0
92 39 38 24.4179 0
59 61 47 14.7871 0
64 28 66 13.7722 0
68 58 86 13.5339 0
126 76 75 13.0433 0
126 52 52 12.7245 0
61 99 67 11.775 0
6 78 52 11.3699 0
5 52 78 11.3018 0
83 72 52 9.65 0
48 71 80 9.5898 0
72 87 54 7.7764 0
107 64 54 7.6343 0
30 67 54 7.6343 0
0 67 67 6.5361 0
31 71 72 6.5262 0
88 60 79 6.5238 0
61 82 77 6.4052 0
40 56 58 6.1524 0
47 86 71 5.9353 0
108 66 77 5.7793 0
77 57 59 5.8115 0
14 67 71 5.6185 0
53 42 56 5.6362 0
59 81 56 5.6185 0
77 42 74 5.4581 0
22 60 78 5.5235 0
81 96 61 4.727 0
16 64 57 4.6106 0
45 38 65 4.7254 0
98 75 57 4.6106 0
43 69 57 4.6106 0
70 47 57 4.6106 0
99 69 70 4.6106 0
117 60 71 4.357 0
122 69 58 4.204 0
110 82 67 4.0251 0
20 83 60 4.1196 0
58 44 75 4.1205 0
27 56 60 4.0239 0
85 87 58 3.7882 0
77 69 74 3.9257 0
83 39 66 3.9667 0
95 57 61 3.9154 0
38 61 76 3.6953 0
71 81 70 3.8091 0
95 66 58 3.6028 0
48 77 58 3.6028 0
109 52 58 3.6028 0
6 63 58 3.6208 0
107 74 69 3.6028 0
82 51 76 3.6271 0
99 60 76 3.5341 0
70 73 58 3.6028 0
53 53 76 3.4865 0
37 83 69 3.6028 0
19 46 72 3.6026 0
92 82 58 3.6028 0
20 73 58 3.6028 0
69 73 76 3.4583 0
90 69 70 3.2969 0
44 95 67 3.2135 0
87 55 62 3.1695 0
103 56 63 3.167 0
50 56 63 3.1695 0
26 45 68 2.9982 0
91 43 68 2.9589 0
73 88 67 3.0433 0
108 45 62 2.9825 0
38 90 66 2.9985 0
68 57 63 2.9608 0
50 44 69 2.8899 0
20 75 68 2.5949 0
28 78 59 2.5949 0
86 45 73 2.7343 0
54 79 69 2.6665 0
112 68 68 2.5949 0
52 87 60 2.774 0
4 58 64 2.7519 0
33 42 66 2.7236 0
68 44 72 2.7001 0
73 66 59 2.5949 0
110 74 59 2.5949 0
62 45 59 2.5949 0
49 50 59 2.5949 0
40 68 68 2.5949 0
61 72 75 2.563 0
35 77 59 2.5949 0
29 81 68 2.5949 0
89 62 59 2.5949 0
41 45 59 2.5949 0
20 56 64 2.3718 0
8 74 67 2.419 0
45 56 75 2.4697 0
55 60 75 2.5524 0
40 76 70 2.3288 0
80 87 64 2.4975 0
90 51 75 2.5186 0
23 66 68 2.3608 0
67 67 67 0.9843 0
98 43 65 2.4355 0
31 57 75 2.4481 0
123 60 66 2.4499 0
76 40 61 2.3054 0
42 45 68 2.3035 0
114 48 62 2.1444 0
57 56 65 1.7442 0
24 89 61 2.1586 0
103 83 62 2.137 0
91 90 61 2.0378 0
51 68 68 2.1379 0
84 67 73 1.9846 0
80 61 70 0.8691 0
33 56 65 1.7442 0
119 54 67 2.019 0
82 73 70 1.9123 0
60 67 67 0.9843 0
76 76 70 1.8591 0
64 51 68 0.5759 0
14 49 67 1.9439 0
59 51 74 1.9635 0
0
