128
127 127 127 64.2891 0
0 0 0 55.1872 0
0 0 127 64.2891 0
0 127 121 61.6992 0
127 0 121 61.6992 0
127 127 0 55.1872 0
0 127 0 55.1872 0
127 0 0 55.1872 0
63 63 64 8.1166 0
63 42 0 17.729 0
62 86 0 17.729 0
64 63 127 14.1595 0
65 127 72 17.381 0
62 0 72 17.381 0
0 62 72 17.3725 0
127 65 72 17.3725 0
0 63 37 16.3415 0
127 64 37 16.3415 0
63 0 37 16.3116 0
64 127 37 16.3116 0
92 64 2 15.7133 0
35 64 2 15.7133 0
9 36 58 12.2376 0
118 91 58 12.2376 0
36 9 58 12.2274 0
91 118 58 12.2274 0
7 87 55 12.1615 0
120 40 55 12.1615 0
40 120 55 12.1329 0
87 7 55 12.1329 0
64 63 87 8.1166 0
62 89 125 9.4311 0
38 65 125 9.4311 0
89 62 125 9.4311 0
65 38 125 9.4311 0
66 109 16 9.1827 0
61 18 16 9.1827 0
103 22 57 8.3968 0
24 105 57 8.3968 0
63 108 93 8.3454 0
108 64 93 8.3532 0
19 63 93 8.3532 0
63 19 93 8.3454 0
18 59 19 7.4699 0
109 59 19 7.4699 0
64 65 104 7.2378 0
64 28 108 6.6123 0
63 99 108 6.6123 0
70 64 11 6.6424 0
102 102 64 6.5043 0
25 25 64 6.5043 0
29 65 110 6.6088 0
98 62 110 6.6088 0
49 78 122 6.3205 0
85 45 12 5.6346 0
55 62 12 5.6346 0
46 112 71 5.6268 0
81 15 71 5.6268 0
17 73 25 5.6309 0
15 81 71 5.619 0
112 46 71 5.619 0
83 110 74 5.6383 0
44 17 74 5.6383 0
83 83 12 5.6346 0
42 45 12 5.6346 0
26 24 51 5.3778 0
101 103 51 5.3778 0
77 48 121 5.3126 0
109 73 24 5.3028 0
108 75 83 5.3791 0
19 52 83 5.3791 0
75 108 83 5.367 0
52 19 83 5.367 0
83 113 41 5.2885 0
44 14 41 5.2885 0
14 44 41 5.2731 0
113 83 41 5.2731 0
110 83 73 5.272 0
17 44 73 5.272 0
73 17 26 5.1873 0
54 110 26 5.1873 0
19 74 83 5.161 0
108 53 83 5.161 0
74 19 83 5.1469 0
81 14 39 5.0874 0
46 113 39 5.0874 0
14 81 39 5.0926 0
113 46 39 5.0926 0
52 108 82 4.9363 0
42 82 13 4.6267 0
75 110 28 4.6 0
52 17 28 4.6 0
35 107 66 4.5862 0
92 20 66 4.5862 0
20 91 67 4.3098 0
107 36 67 4.3098 0
74 116 53 4.4376 0
53 11 53 4.4376 0
11 53 53 4.4025 0
116 74 53 4.4025 0
75 28 14 4.3986 0
78 75 120 4.3047 0
17 51 29 4.3737 0
110 51 29 4.3737 0
51 47 120 4.3047 0
92 105 70 4.1519 0
35 22 70 4.1519 0
105 92 70 4.1178 0
22 35 70 4.1178 0
53 103 18 4.2011 0
21 95 47 4.0724 0
106 32 47 4.0724 0
76 98 14 4.0962 0
57 116 54 3.7902 0
70 11 54 3.7902 0
11 70 54 3.7523 0
116 57 54 3.7523 0
25 75 18 3.6747 0
51 28 15 3.8093 0
77 55 14 3.6188 0
94 21 46 3.5583 0
33 106 46 3.5583 0
101 75 17 3.638 0
49 53 14 3.6188 0
21 33 46 3.5544 0
106 94 46 3.5544 0
78 74 14 3.6188 0
80 36 14 3.6188 0
0
