128
127 127 127 70.9827 0
127 0 0 70.9829 0
0 0 127 70.9826 0
0 127 0 70.9825 0
26 27 27 34.6795 0
27 101 100 34.6795 0
101 100 27 34.6795 0
100 26 100 34.6795 0
70 71 84 18.6494 0
70 56 43 18.6494 0
63 120 64 17.6185 0
63 7 63 17.6186 0
127 58 73 13.7066 0
0 69 73 13.7054 0
48 79 53 13.6833 0
48 48 74 13.6833 0
100 66 76 10.4905 0
25 67 51 10.4905 0
25 60 76 10.4905 0
102 60 51 10.4905 0
2 49 59 9.766 0
125 78 59 9.7665 0
91 45 60 8.8021 0
91 82 67 8.8013 0
65 95 53 8.4747 0
74 30 53 8.4826 0
74 97 74 8.4825 0
75 80 57 8.0314 0
73 46 72 8.0327 0
42 70 73 7.6933 0
43 57 54 7.6933 0
66 31 73 7.4669 0
58 36 55 6.4705 0
58 91 72 6.4704 0
50 27 72 6.459 0
50 100 55 6.459 0
29 76 66 6.1983 0
29 50 62 6.032 0
88 70 56 5.751 0
84 108 65 5.4976 0
84 19 62 5.4965 0
114 75 71 5.4511 0
86 56 70 5.2417 0
120 40 66 5.2756 0
7 87 66 5.2738 0
30 86 58 4.7592 0
117 51 57 4.7311 0
10 76 57 4.7306 0
10 64 57 4.7205 0
117 63 57 4.7209 0
42 20 66 4.568 0
42 107 61 4.5679 0
31 40 69 4.447 0
13 51 70 4.4433 0
16 55 57 4.4433 0
18 75 70 4.4433 0
109 52 70 4.4433 0
109 73 57 4.4433 0
98 72 60 3.8725 0
88 31 58 3.4354 0
89 96 69 3.4354 0
36 94 58 3.4643 0
37 32 69 3.4363 0
88 58 58 3.5381 0
77 103 58 3.5567 0
108 45 58 3.4354 0
76 24 69 3.5567 0
104 79 69 3.4478 0
99 55 65 3.4287 0
77 34 69 3.4354 0
18 82 58 3.4354 0
50 29 58 3.4354 0
53 66 69 3.4354 0
77 94 58 3.4354 0
51 102 69 3.4354 0
20 44 69 3.4354 0
82 72 64 3.4286 0
46 38 59 3.3054 0
46 89 68 3.3055 0
79 39 61 3.0504 0
79 88 66 3.0492 0
10 37 61 2.9786 0
117 90 61 2.9785 0
71 40 60 2.996 0
71 86 67 2.996 0
54 57 59 2.9971 0
38 88 65 2.7611 0
38 39 62 2.761 0
88 69 68 2.5642 0
102 79 60 2.5016 0
102 48 67 2.5007 0
83 38 67 2.5975 0
64 84 59 2.5555 0
82 89 60 2.5969 0
71 56 66 2.5598 0
58 81 68 2.5639 0
58 46 59 2.5639 0
78 56 66 2.5598 0
111 81 59 2.4275 0
61 69 59 2.4275 0
102 39 59 2.4275 0
63 99 68 2.4275 0
63 28 59 2.4275 0
38 66 59 2.4275 0
37 61 68 2.4275 0
64 76 59 2.4589 0
62 40 68 2.5197 0
15 45 59 2.4275 0
111 62 68 2.457 0
64 52 68 2.4592 0
14 82 68 2.4275 0
51 63 59 2.4589 0
112 84 68 2.4275 0
56 34 68 2.4275 0
112 43 68 2.4275 0
57 64 59 2.4275 0
13 59 68 2.4275 0
41 99 59 2.4275 0
57 27 59 2.4275 0
97 93 68 2.4275 0
97 34 59 2.4275 0
47 23 60 2.2589 0
102 89 68 2.2305 0
70 70 60 2.21 0
102 50 61 2.2146 0
63 84 67 2.0964 0
82 64 67 2.0957 0
90 63 67 2.0957 0
0
