128
0 127 127 73.3035 0
0 0 0 73.3035 0
127 127 0 64.9817 0
127 0 127 64.9817 0
125 116 116 50.4823 0
125 11 11 50.4823 0
26 107 20 37.5934 0
26 20 107 37.5934 0
72 63 30 23.5383 0
72 64 97 23.5383 0
62 0 69 17.1469 0
62 127 58 17.1469 0
0 49 74 12.2618 0
0 78 53 12.2618 0
109 63 85 11.6648 0
110 64 42 11.5913 0
72 29 42 11.4507 0
69 98 85 11.3318 0
38 64 43 10.324 0
71 31 84 10.4137 0
71 96 43 10.324 0
39 63 84 10.324 0
127 44 64 10.1845 0
127 83 63 10.1845 0
88 119 66 10.1877 0
88 8 61 10.1877 0
19 60 82 8.3082 0
18 67 45 8.3082 0
21 83 60 8.0703 0
21 44 67 8.0703 0
127 69 77 7.9177 0
54 41 65 3.5428 0
54 41 47 7.4046 0
49 80 81 7.5104 0
127 58 51 7.5173 0
95 79 46 7.3617 0
95 48 81 7.3004 0
86 88 81 7.314 0
96 49 46 7.3004 0
74 116 78 6.8881 0
74 11 49 6.8881 0
99 38 64 4.4286 0
56 43 80 6.8471 0
50 79 47 6.7069 0
99 79 79 6.6323 0
56 97 66 4.2471 0
45 109 62 5.9965 0
45 18 65 5.9965 0
76 28 64 4.3221 0
82 99 68 4.4005 0
102 84 63 4.2338 0
2 58 56 5.7433 0
98 58 64 3.0487 0
2 69 70 5.7433 0
110 61 64 4.5012 0
39 79 67 4.0429 0
122 52 78 5.4528 0
89 37 48 5.2846 0
86 90 48 5.3437 0
101 108 64 5.2562 0
115 95 63 5.2161 0
42 48 48 5.2846 0
50 61 65 2.6788 0
86 37 79 5.2846 0
101 19 62 5.2562 0
115 32 63 5.2161 0
68 82 61 2.1052 0
38 54 68 4.3766 0
61 15 49 5.163 0
124 72 51 5.1562 0
61 112 78 5.163 0
84 48 62 1.8138 0
56 96 50 5.0309 0
71 45 66 1.8886 0
82 84 64 2.6172 0
125 67 61 4.8528 0
82 99 57 4.4005 0
38 78 51 4.768 0
52 33 59 4.2761 0
78 15 78 4.6282 0
78 112 49 4.6282 0
85 101 78 4.5258 0
57 75 64 1.9084 0
56 27 49 4.5652 0
53 95 78 4.58 0
99 38 53 4.4847 0
35 99 62 4.5328 0
35 28 65 4.5327 0
91 72 66 2.2346 0
99 38 74 4.4847 0
62 84 78 4.2767 0
62 83 49 4.2767 0
42 48 78 4.2767 0
59 22 78 4.2767 0
38 54 56 4.3766 0
84 19 49 4.2767 0
36 77 77 4.3028 0
52 33 74 4.3339 0
51 54 49 4.2767 0
94 63 49 4.2767 0
108 47 78 4.2767 0
108 80 49 4.2767 0
52 55 78 4.2767 0
59 106 49 4.2767 0
94 67 78 4.2767 0
26 71 78 4.2767 0
10 51 59 4.2847 0
26 56 49 4.2767 0
17 64 65 2.1815 0
53 111 71 4.113 0
53 16 56 4.113 0
11 76 68 3.8396 0
124 59 69 3.9275 0
61 93 59 3.9147 0
104 59 57 3.8282 0
84 46 50 3.6811 0
62 92 71 3.7498 0
103 87 53 3.6291 0
44 79 59 3.5888 0
71 41 57 2.2859 0
48 78 68 3.5495 0
73 63 66 2.326 0
82 81 50 3.6998 0
83 47 77 3.5635 0
70 43 50 3.616 0
83 25 77 3.6435 0
73 34 58 3.6345 0
26 76 50 3.6021 0
0
