128
127 0 127 86.9187 0
0 0 0 86.9187 0
127 127 0 86.9187 0
0 127 127 86.9187 0
50 77 49 15.9621 0
50 50 78 15.9621 0
77 50 49 15.9621 0
77 77 78 15.9621 0
28 71 56 6.7272 0
99 56 56 6.7272 0
99 71 71 6.7272 0
28 56 71 6.7272 0
57 70 70 5.3545 0
70 57 70 5.3545 0
56 57 57 5.3545 0
71 70 57 5.3545 0
82 57 69 4.4833 0
46 70 69 4.4833 0
83 70 58 4.4833 0
44 57 58 4.4833 0
38 65 70 3.8191 0
92 62 69 3.6828 0
92 65 58 3.6805 0
37 63 58 3.6805 0
37 71 64 3.2201 0
36 56 63 3.2201 0
90 56 64 3.2201 0
110 68 68 2.7482 0
13 59 68 2.7482 0
13 68 59 2.7482 0
64 64 68 2.7173 0
63 63 59 2.6726 0
115 59 59 2.7482 0
90 70 65 2.2163 0
109 58 60 2.2552 0
19 69 60 2.2552 0
19 58 67 2.2552 0
64 70 62 2.2163 0
63 57 62 2.2163 0
105 64 67 2.0865 0
31 66 68 1.7928 0
120 67 67 1.8541 0
7 60 67 1.8541 0
7 67 60 1.8541 0
123 64 64 1.9107 0
4 63 64 1.9107 0
106 63 60 1.6647 0
100 62 67 1.7028 0
26 62 60 1.6647 0
21 64 60 1.6647 0
22 63 68 1.7129 0
86 63 60 1.6647 0
102 65 60 1.6647 0
98 67 60 1.6647 0
115 66 67 1.6647 0
31 62 60 1.6647 0
78 65 60 1.6647 0
96 58 66 1.5599 0
43 64 61 1.3281 0
58 64 61 1.3281 0
59 63 66 1.3281 0
53 64 66 1.3281 0
44 63 66 1.3281 0
48 63 61 1.3281 0
26 66 67 1.3436 0
84 63 66 1.3281 0
80 63 66 1.3281 0
76 63 66 1.3281 0
49 64 66 1.3281 0
10 63 65 1.1977 0
53 63 61 1.3281 0
72 64 66 1.3281 0
110 63 66 1.3281 0
121 61 61 1.0776 0
28 58 62 1.2109 0
31 69 65 1.2109 0
106 69 65 1.2109 0
94 69 62 1.2109 0
68 69 64 1.2044 0
59 58 64 1.2044 0
41 58 64 1.2044 0
105 58 63 1.2044 0
36 60 67 0.9919 0
116 63 65 1.0338 0
56 64 64 0.9155 0
62 59 66 0.8504 0
10 64 61 0.9197 0
117 63 61 0.9197 0
50 59 61 0.8504 0
76 59 66 0.8504 0
40 63 65 0.9233 0
60 68 61 0.8504 0
67 59 61 0.8504 0
72 63 61 0.6569 0
87 59 61 0.8504 0
40 68 61 0.8504 0
82 64 61 0.6569 0
88 65 66 0.7266 0
68 63 65 0.6087 0
65 68 66 0.8504 0
92 60 61 0.6569 0
18 62 67 0.7577 0
86 67 66 0.6569 0
112 64 61 0.6569 0
33 63 67 0.705 0
97 64 66 0.6569 0
110 62 61 0.6569 0
69 61 61 0.6569 0
89 61 61 0.6569 0
69 65 66 0.7266 0
56 62 66 0.7266 0
87 62 66 0.7266 0
103 60 66 0.6569 0
16 65 61 0.6569 0
15 63 67 0.705 0
42 66 66 0.6569 0
109 65 61 0.6569 0
22 66 66 0.6569 0
99 63 61 0.6569 0
75 63 61 0.6569 0
40 60 66 0.6569 0
24 59 63 0.6965 0
24 68 64 0.6965 0
13 63 61 0.6569 0
68 65 61 0.6569 0
52 67 66 0.6569 0
65 60 66 0.6569 0
94 66 66 0.6629 0
0
