128
0 127 0 89.5478 0
127 0 0 71.1109 0
127 127 127 66.4087 0
0 0 127 66.2236 0
112 15 116 45.7715 0
27 100 122 36.2532 0
34 17 38 29.3487 0
103 87 43 27.6595 0
64 59 116 18.1624 0
68 0 67 17.0776 0
25 65 83 14.8971 0
102 64 80 14.4421 0
56 126 88 13.5454 0
51 37 3 12.4394 0
79 112 65 12.0664 0
62 35 92 12.0806 0
94 41 66 11.8154 0
78 64 20 10.8926 0
34 43 70 10.8178 0
70 26 55 10.146 0
86 64 99 8.9703 0
44 55 97 8.534 0
85 21 67 8.3786 0
68 55 2 8.4724 0
68 85 104 8.1961 0
64 14 89 7.8022 0
71 70 38 7.8691 0
37 85 81 7.2708 0
79 38 80 7.0115 0
94 53 50 7.0119 0
90 86 77 6.9799 0
85 57 36 6.8911 0
76 49 95 6.7995 0
33 52 53 6.7247 0
46 44 84 6.3902 0
72 94 58 6.4313 0
86 50 85 6.2961 0
67 34 38 5.9982 0
47 13 72 5.9599 0
88 77 90 5.8456 0
45 107 83 5.8366 0
69 80 49 5.6724 0
59 37 21 5.7545 0
63 23 70 5.5318 0
45 32 79 5.3204 0
63 61 30 5.2427 0
42 70 95 5.2096 0
33 59 64 5.1881 0
62 114 72 5.1217 0
83 37 52 4.7364 0
79 83 95 4.7933 0
46 45 20 4.7879 0
83 97 74 4.7395 0
72 116 81 4.5154 0
56 77 102 4.4668 0
44 96 80 4.4196 0
43 24 72 4.4572 0
61 112 100 4.3524 0
41 51 40 4.3669 0
93 58 63 4.327 0
76 36 45 4.0798 0
75 74 100 3.7921 0
64 102 65 3.9573 0
63 58 15 3.8929 0
82 88 87 3.85 0
56 28 62 3.7643 0
43 79 90 3.5431 0
66 32 76 3.6817 0
46 48 29 3.6145 0
64 86 56 3.5498 0
52 21 67 3.5959 0
65 23 80 3.5567 0
51 69 100 3.5128 0
36 75 70 3.4654 0
62 73 46 3.5024 0
57 51 95 3.2504 0
86 47 43 3.3923 0
41 54 83 3.3754 0
46 91 87 3.3593 0
68 39 27 3.2398 0
81 92 66 3.2315 0
53 38 77 3.0584 0
57 86 98 3.2338 0
53 112 77 3.1386 0
55 8 83 3.0223 0
45 34 65 3.178 0
49 78 96 3.1228 0
66 95 111 3.1654 0
75 27 84 2.8997 0
80 35 61 3.0324 0
58 34 55 2.98 0
57 63 38 3.0134 0
48 85 91 3.0707 0
82 27 78 2.96 0
88 53 75 2.9618 0
80 64 43 2.9536 0
90 76 72 2.8659 0
35 69 65 2.7955 0
74 59 34 2.8528 0
79 106 80 2.9613 0
81 97 83 2.9015 0
66 43 8 2.8973 0
63 104 104 2.7694 0
81 15 77 2.8354 0
56 52 7 2.8682 0
72 21 68 2.823 0
58 39 31 2.7931 0
62 94 62 2.611 0
60 36 46 2.7021 0
61 17 77 2.6881 0
76 91 94 2.7017 0
82 41 44 2.7007 0
75 40 36 2.7121 0
54 22 88 2.6812 0
59 35 76 2.6629 0
80 51 28 2.6772 0
92 67 65 2.501 0
60 28 78 2.5375 0
47 55 36 2.5525 0
50 26 84 2.4069 0
52 42 25 2.5431 0
86 61 47 2.4533 0
83 47 76 2.465 0
81 47 36 2.3386 0
87 45 51 2.435 0
40 45 57 2.4119 0
75 73 49 2.449 0
53 58 33 2.4371 0
0
