128
127 0 127 63.9759 0
3 123 4 57.9477 0
127 127 0 63.9661 0
0 127 127 63.9752 0
0 0 0 63.9644 0
3 4 123 57.9592 0
124 123 123 57.959 0
124 4 4 57.9509 0
63 64 28 28.5425 0
63 63 98 27.6395 0
0 63 63 23.4932 0
63 0 64 23.1102 0
127 63 62 23.492 0
63 127 64 23.1102 0
39 88 70 13.3952 0
88 39 70 13.3945 0
39 39 70 13.3952 0
88 88 70 13.3945 0
100 69 84 10.7232 0
71 27 43 10.7341 0
27 71 84 10.5212 0
70 99 84 10.5104 0
68 100 44 9.8542 0
98 73 44 9.7263 0
68 28 83 9.7205 0
27 54 44 9.7263 0
95 50 45 8.9946 0
46 35 48 8.9602 0
30 76 45 8.7222 0
46 93 48 8.5524 0
51 103 81 7.4246 0
24 52 81 7.4488 0
33 117 63 7.1233 0
94 10 63 7.1243 0
94 117 64 7.1243 0
33 10 64 7.1233 0
117 93 64 7.1503 0
85 96 50 7.0385 0
11 95 63 6.581 0
116 32 63 6.5819 0
11 32 64 6.581 0
105 50 80 6.4688 0
51 25 80 6.4284 0
71 63 63 6.3468 0
79 41 51 6.2471 0
87 30 51 5.9323 0
55 64 64 5.773 0
30 39 51 5.7224 0
97 88 51 5.7206 0
83 80 52 5.4629 0
63 73 65 5.1484 0
43 79 52 5.0556 0
30 90 52 4.9663 0
40 49 52 4.7758 0
80 109 49 4.7899 0
46 109 49 4.7363 0
47 19 49 4.6877 0
97 36 52 4.7299 0
64 53 64 4.6248 0
80 19 78 4.5837 0
56 90 78 4.4919 0
56 37 78 4.4919 0
36 64 63 1.3415 0
90 56 78 4.4718 0
37 56 78 4.4716 0
37 64 50 4.382 0
90 63 63 1.2376 0
82 16 50 4.2967 0
109 104 64 4.0799 0
110 81 77 4.154 0
104 18 63 4.0307 0
23 18 64 4.0275 0
23 109 63 4.0275 0
17 82 77 4.05 0
82 110 77 3.9339 0
57 24 50 4.0454 0
89 62 50 3.9351 0
17 82 50 4.0324 0
74 87 50 4.0246 0
64 93 65 1.3894 0
63 36 61 1.0282 0
28 64 56 3.7266 0
109 82 50 3.7517 0
62 38 50 3.8455 0
55 104 50 3.8004 0
18 44 50 3.7134 0
99 63 57 3.7219 0
99 63 67 3.7194 0
63 27 57 3.7824 0
109 44 50 3.7135 0
60 89 50 3.679 0
28 63 71 3.7253 0
114 40 72 3.6938 0
13 87 71 3.6896 0
13 39 55 3.6784 0
86 13 73 3.5809 0
63 28 67 3.347 0
43 18 77 3.5756 0
34 29 52 3.4671 0
16 44 76 3.4898 0
40 13 55 3.4049 0
86 71 77 3.4723 0
64 99 64 3.3525 0
86 114 56 3.45 0
40 114 72 3.4055 0
35 98 53 3.2396 0
84 49 56 3.2678 0
38 65 76 3.0128 0
92 78 56 2.9509 0
65 86 76 2.9259 0
65 40 76 2.9053 0
102 109 65 2.8493 0
62 100 71 2.9097 0
62 100 57 2.8905 0
113 88 54 2.8259 0
14 86 57 2.7403 0
113 88 73 2.8305 0
47 47 57 2.8334 0
113 39 54 2.8259 0
50 85 57 2.7919 0
39 104 51 2.6712 0
86 71 51 2.6712 0
95 96 56 2.7387 0
77 85 57 2.7926 0
43 64 67 1.3814 0
85 64 75 2.7225 0
48 64 57 2.6047 0
40 24 51 2.6815 0
0
