128
127 127 127 60.8867 0
0 0 0 60.8863 0
127 0 0 60.8867 0
127 0 127 60.8867 0
127 127 0 60.8867 0
0 127 0 60.8863 0
0 0 127 60.8863 0
0 127 127 60.8863 0
63 63 23 29.473 0
63 64 104 29.473 0
127 64 62 23.9835 0
63 127 62 23.9265 0
63 0 61 23.9265 0
0 63 68 23.9788 0
23 60 39 11.9212 0
66 25 88 11.7624 0
102 59 88 11.3073 0
69 102 88 11.1457 0
45 35 80 11.0502 0
92 82 80 11.0051 0
35 83 80 10.8741 0
87 39 80 10.694 0
100 59 40 10.1067 0
54 27 40 10.0001 0
59 100 40 10.0988 0
29 51 86 9.5243 0
60 64 63 9.0481 0
78 31 41 8.9935 0
117 31 63 8.5947 0
10 96 64 8.592 0
96 117 64 8.5646 0
96 10 64 8.5646 0
10 31 63 8.592 0
117 96 64 8.5947 0
31 10 63 8.5654 0
31 117 63 8.5654 0
49 98 84 8.3312 0
86 88 42 8.3006 0
36 43 42 7.9843 0
42 90 42 7.9924 0
103 78 43 6.9765 0
77 105 43 6.9765 0
89 44 43 6.9765 0
28 81 43 6.9792 0
87 100 79 6.1253 0
76 91 65 2.7879 0
76 89 77 5.6096 0
48 17 82 5.4441 0
51 91 65 2.7877 0
27 67 82 5.4465 0
84 63 61 1.5804 0
110 80 82 5.3362 0
14 81 47 5.3121 0
14 46 47 5.3121 0
39 52 64 1.9001 0
75 43 60 1.9028 0
28 36 77 5.2015 0
89 74 45 5.0769 0
74 63 70 4.9316 0
102 43 45 4.9756 0
72 90 45 4.9607 0
74 64 57 4.9316 0
34 46 72 4.9415 0
44 104 45 4.9607 0
80 16 81 4.8533 0
40 100 65 2.6083 0
36 71 45 4.9607 0
42 52 77 4.6175 0
95 98 59 2.179 0
103 43 81 4.8104 0
52 86 77 4.7772 0
80 77 64 2.8905 0
20 21 66 4.7348 0
20 106 61 4.7348 0
107 21 66 4.7341 0
107 106 67 4.7341 0
37 100 77 4.6255 0
64 35 65 1.709 0
40 88 61 2.716 0
87 88 61 2.7146 0
32 29 62 2.22 0
81 112 80 4.5246 0
114 42 77 4.5037 0
94 49 64 2.6015 0
95 29 62 2.179 0
27 64 56 4.4749 0
63 52 71 4.4291 0
40 39 61 2.716 0
63 85 60 1.4174 0
45 112 80 4.3515 0
80 29 60 2.2433 0
39 13 75 4.3285 0
88 13 52 4.3275 0
88 114 52 4.3275 0
88 13 75 4.3275 0
63 93 69 1.9172 0
88 55 80 4.273 0
87 39 61 2.7146 0
39 75 59 1.8953 0
45 93 72 4.1768 0
65 36 46 4.0743 0
47 29 60 2.1745 0
38 64 68 1.3721 0
99 63 71 4.0165 0
52 43 62 1.7975 0
81 18 46 4.0144 0
37 30 46 3.9528 0
18 82 81 3.9838 0
63 99 73 3.9612 0
100 84 60 1.7567 0
63 28 69 3.9613 0
63 76 56 3.9705 0
63 76 70 3.9705 0
64 51 59 3.9718 0
49 40 46 3.9528 0
38 56 46 3.9528 0
27 43 60 1.8556 0
63 28 52 3.9612 0
89 66 81 3.9528 0
99 89 46 3.9528 0
60 90 81 3.9528 0
91 32 46 3.9528 0
54 87 46 3.9528 0
32 98 54 2.2231 0
71 40 80 3.6634 0
63 98 55 3.5389 0
113 42 49 3.7325 0
80 98 56 2.2461 0
0
