128
127 0 0 69.6407 0
0 127 0 69.6406 0
127 127 127 68.095 0
0 0 127 68.0949 0
17 111 112 42.9385 0
111 17 112 42.9384 0
20 20 22 39.4898 0
107 107 22 39.4898 0
64 64 98 22.9789 0
66 61 38 23.1152 0
60 127 77 12.6118 0
127 59 77 12.6119 0
67 0 80 12.6512 0
0 67 80 12.6512 0
61 96 49 12.0286 0
101 62 49 12.0286 0
32 68 49 12.0286 0
65 25 49 12.0286 0
59 0 51 11.9165 0
127 68 51 11.9164 0
68 127 51 11.9164 0
0 59 51 11.9164 0
64 31 90 9.2802 0
31 64 90 9.2801 0
97 64 90 9.0535 0
65 97 90 9.0535 0
2 86 68 8.2977 0
86 2 68 8.2977 0
89 44 53 7.9971 0
41 124 68 7.3903 0
42 86 54 6.9892 0
124 86 62 7.0004 0
86 124 62 7.0004 0
3 41 62 7.0003 0
41 3 62 7.0003 0
41 50 54 6.9892 0
124 41 67 7.1377 0
88 77 54 6.9892 0
38 38 73 6.9892 0
89 89 73 6.9892 0
49 40 85 6.4843 0
39 88 72 5.9813 0
39 50 85 6.1872 0
52 39 55 5.9813 0
78 88 85 6.2598 0
88 78 85 6.2597 0
12 74 55 5.9813 0
89 38 72 5.9813 0
79 88 55 5.9813 0
74 109 55 5.9813 0
18 54 55 5.9813 0
52 114 55 5.9813 0
78 42 84 5.6155 0
42 78 84 5.6151 0
87 51 84 5.4275 0
52 87 84 5.4275 0
123 51 57 5.3126 0
76 4 57 5.3126 0
6 51 71 5.2477 0
51 6 71 5.2477 0
121 76 71 5.2477 0
111 76 56 4.9735 0
77 120 71 5.0627 0
45 102 56 4.9735 0
81 30 56 4.9735 0
113 65 88 4.9524 0
29 85 56 4.9735 0
110 48 56 4.9735 0
74 39 56 4.9735 0
51 16 56 4.9735 0
64 112 88 4.6642 0
2 73 62 4.6642 0
86 26 71 4.6583 0
26 86 71 4.6583 0
41 100 71 4.6583 0
41 25 71 4.6583 0
25 41 71 4.6583 0
86 102 71 4.6583 0
102 86 71 4.6583 0
16 62 88 4.4924 0
63 16 88 4.4924 0
85 16 71 4.1554 0
16 85 71 4.1553 0
100 79 57 3.9656 0
53 124 60 4.0683 0
41 111 70 3.9656 0
28 47 57 3.9656 0
47 29 57 3.9656 0
51 76 57 3.9656 0
67 82 57 3.9656 0
80 20 57 3.9656 0
41 38 57 3.9656 0
63 40 57 3.9656 0
108 40 70 3.9656 0
80 100 57 3.9656 0
101 41 57 3.9656 0
63 112 57 3.9656 0
99 42 71 3.6504 0
15 43 70 3.5703 0
43 15 70 3.5703 0
84 112 70 3.5703 0
112 84 70 3.5703 0
96 12 67 3.5788 0
12 96 67 3.5788 0
86 59 58 2.9577 0
32 115 67 3.0957 0
18 65 58 2.9577 0
53 97 84 3.1611 0
17 83 58 2.9577 0
33 11 63 3.135 0
11 33 63 3.1348 0
116 94 63 3.1348 0
94 116 63 3.1348 0
95 34 58 2.9577 0
116 33 66 3.1606 0
80 11 77 3.1192 0
11 80 77 3.1191 0
47 116 76 3.1191 0
47 62 58 2.9577 0
95 29 69 2.9577 0
116 47 73 3.1191 0
56 106 86 3.0856 0
56 21 86 3.0856 0
32 94 58 2.9577 0
72 21 86 3.0856 0
21 72 86 3.0856 0
59 80 58 2.9577 0
88 66 58 2.9577 0
0
