128
127 0 127 81.3529 0
0 127 127 68.8582 0
0 0 0 67.172 0
127 127 0 67.1719 0
13 114 11 46.8022 0
105 22 9 39.1542 0
14 23 101 35.7793 0
94 105 93 32.3113 0
62 65 19 21.0746 0
4 66 60 20.4689 0
63 127 58 18.0739 0
69 4 48 15.5306 0
124 58 48 15.4763 0
50 59 116 14.7761 0
127 79 70 14.085 0
47 2 69 13.3828 0
63 63 62 7.8009 0
32 65 85 11.4527 0
72 72 110 9.6331 0
63 95 30 8.9351 0
32 64 30 8.9351 0
92 65 30 8.8624 0
62 35 30 8.8624 0
56 107 76 8.2088 0
54 22 79 7.7063 0
59 84 101 7.5991 0
39 115 61 7.4071 0
27 81 71 7.4208 0
20 41 61 7.3998 0
46 73 97 6.9145 0
27 52 70 6.8388 0
20 90 60 6.7804 0
63 18 66 6.6954 0
59 106 42 6.7174 0
45 53 95 6.5736 0
112 77 54 6.4305 0
53 42 100 6.1895 0
79 107 56 6.1765 0
107 43 52 6.2904 0
83 22 50 6.2453 0
50 16 53 6.0899 0
66 64 47 5.954 0
56 94 88 5.9268 0
54 33 89 5.6858 0
103 59 40 5.6635 0
63 60 77 5.3138 0
109 71 78 5.5239 0
106 88 59 5.3489 0
69 24 39 5.3918 0
33 20 63 5.1648 0
21 58 40 5.1867 0
103 74 45 5.1071 0
73 106 45 5.1895 0
76 86 34 4.8309 0
74 22 60 4.8795 0
42 50 34 4.8309 0
27 101 61 4.8382 0
57 21 41 4.9226 0
82 76 34 4.8309 0
44 105 53 4.8085 0
78 48 34 4.8309 0
52 85 34 4.8309 0
42 75 34 4.8309 0
52 45 34 4.8309 0
23 69 42 4.7946 0
67 104 66 4.7779 0
107 80 67 4.7142 0
38 81 82 4.7695 0
95 32 52 4.6237 0
82 69 98 4.627 0
88 99 55 4.3669 0
24 82 51 4.4265 0
65 28 73 4.4649 0
22 51 48 4.2947 0
40 50 84 4.2874 0
29 66 68 4.0293 0
97 93 57 4.0454 0
61 50 102 4.0152 0
29 93 68 4.0293 0
69 77 96 3.8155 0
25 29 62 3.8296 0
61 33 81 3.9109 0
87 53 35 3.8271 0
99 48 44 3.6731 0
38 27 55 3.6277 0
32 95 55 3.678 0
74 97 38 3.5618 0
30 53 38 3.5618 0
61 41 90 3.4465 0
99 69 84 3.4753 0
54 30 40 3.454 0
79 30 44 3.4468 0
82 28 59 3.3133 0
104 60 50 3.3832 0
72 29 67 3.1411 0
67 24 49 3.2342 0
114 59 66 3.2683 0
62 95 78 3.2893 0
48 98 45 3.2165 0
64 84 90 3.2555 0
30 79 45 3.1385 0
44 110 71 3.2367 0
35 89 75 3.165 0
67 57 105 3.2409 0
97 87 51 3.2144 0
30 40 51 3.2144 0
47 83 92 3.1821 0
30 39 68 3.2063 0
35 45 75 3.1649 0
28 111 61 3.0946 0
63 69 73 2.9693 0
75 38 36 3.0499 0
68 68 78 3.094 0
121 62 67 3.0862 0
88 69 91 3.0225 0
57 73 105 2.9954 0
50 24 46 3.0321 0
60 105 53 2.8655 0
50 111 50 3.0253 0
43 59 36 2.8152 0
48 63 93 2.9411 0
36 52 76 2.9239 0
90 37 47 2.8925 0
91 77 36 2.8152 0
50 36 36 2.8152 0
50 93 39 2.8294 0
34 77 39 2.8294 0
24 52 59 2.9069 0
0
