128
127 63 127 76.454 0
0 34 0 76.454 0
110 127 0 65.2853 0
0 127 111 65.2201 0
104 0 34 36.9674 0
35 0 103 36.4125 0
40 54 86 18.7622 0
86 55 40 18.7272 0
41 107 42 15.6599 0
80 127 81 14.302 0
80 2 80 12.6078 0
64 81 43 11.6835 0
39 78 66 10.8078 0
63 0 60 9.008 0
53 81 83 9.3159 0
63 127 63 9.008 0
66 105 82 8.9893 0
84 80 54 8.6884 0
60 33 82 8.6379 0
85 105 66 7.5631 0
84 33 58 7.35 0
73 31 46 7.2155 0
63 40 63 5.2673 0
45 32 72 6.4348 0
84 21 68 6.3862 0
68 19 80 6.4217 0
64 99 50 6.3397 0
63 96 66 5.2673 0
64 13 50 6.3397 0
47 87 52 6.1908 0
63 17 65 5.2673 0
48 123 57 5.9927 0
44 96 62 5.6907 0
63 47 76 5.8549 0
65 90 77 5.5143 0
64 45 52 5.5017 0
63 112 53 5.3042 0
63 108 66 5.2673 0
47 5 62 5.2785 0
63 29 59 5.2673 0
63 85 62 5.2673 0
61 64 48 5.1926 0
64 79 72 5.1247 0
58 122 49 5.0836 0
62 119 76 4.9567 0
81 94 57 4.7858 0
49 75 52 4.6028 0
45 62 63 4.5831 0
48 91 73 4.3033 0
55 96 78 4.1848 0
65 10 73 4.2594 0
65 26 71 4.2594 0
60 69 78 4.1848 0
45 20 67 4.0308 0
81 67 60 3.9035 0
81 45 61 3.7914 0
81 118 64 3.7984 0
81 88 65 3.686 0
74 92 50 3.4132 0
46 106 63 3.4889 0
63 50 66 3.3625 0
78 109 76 3.3895 0
79 96 71 3.2954 0
48 67 56 3.2954 0
79 30 71 3.2954 0
50 71 74 3.1794 0
63 55 50 3.1769 0
73 30 77 3.1918 0
64 57 77 3.1769 0
70 68 50 3.1769 0
75 4 64 3.0306 0
52 25 76 3.0543 0
47 43 67 2.9123 0
45 114 60 2.899 0
67 23 52 2.7073 0
81 11 66 2.8601 0
79 23 57 2.8687 0
53 6 54 2.7 0
80 57 62 2.6837 0
59 22 76 2.6838 0
60 22 52 2.7073 0
47 50 65 2.6837 0
67 36 71 2.2437 0
77 19 75 2.6027 0
76 102 74 2.4305 0
64 76 58 2.367 0
59 5 71 2.5597 0
48 101 69 2.5573 0
76 122 60 2.5052 0
74 95 76 2.4862 0
53 66 51 2.4862 0
53 95 51 2.4862 0
67 103 59 2.2437 0
63 51 59 2.367 0
78 103 56 2.4226 0
76 40 53 2.4305 0
76 70 53 2.4305 0
75 22 52 2.3559 0
60 105 58 2.2437 0
60 36 53 2.3203 0
69 39 76 2.2665 0
60 16 74 2.3203 0
63 76 64 2.367 0
67 115 62 2.2437 0
67 21 58 2.2437 0
52 39 75 2.3559 0
75 99 52 2.3559 0
67 114 71 2.2437 0
67 91 57 2.2437 0
60 116 68 2.2437 0
79 36 68 2.2458 0
60 21 58 2.2437 0
67 37 56 2.2437 0
60 115 62 2.2437 0
60 95 58 2.2437 0
67 33 66 2.2437 0
60 88 70 2.2437 0
60 30 67 2.2437 0
60 89 55 2.2437 0
67 47 60 2.2437 0
60 40 71 2.2437 0
56 71 51 2.169 0
59 61 76 2.169 0
56 109 76 2.169 0
57 57 51 2.169 0
52 122 66 2.0464 0
53 5 68 2.0199 0
79 42 67 1.9349 0
0
