128
127 127 0 73.5813 0
0 0 0 73.9928 0
127 0 127 68.0914 0
0 127 127 67.8808 0
16 111 22 38.5124 0
111 17 22 38.3794 0
100 100 105 36.7895 0
27 28 104 35.8165 0
64 64 37 21.1451 0
62 117 66 18.5756 0
66 11 65 18.2627 0
72 55 87 18.0488 0
0 62 73 15.5299 0
127 66 74 15.1675 0
47 77 82 13.1722 0
97 59 47 11.0706 0
30 66 47 11.093 0
39 96 65 10.302 0
56 37 53 10.2052 0
100 58 79 9.9858 0
55 93 48 10.0062 0
89 31 64 10.0025 0
119 56 51 9.5792 0
74 92 55 9.1571 0
25 66 78 8.9779 0
76 37 49 8.9779 0
10 72 51 8.7481 0
67 86 76 8.2347 0
7 86 62 8.1788 0
58 37 72 7.6318 0
120 40 62 7.5185 0
47 56 76 7.22 0
40 83 51 7.1166 0
87 76 51 6.9622 0
42 49 51 6.9622 0
75 33 75 5.9543 0
44 24 64 5.8975 0
79 76 75 5.9553 0
12 44 67 5.8386 0
115 84 67 5.7559 0
92 44 74 5.5563 0
83 103 63 5.3847 0
90 44 53 5.359 0
26 41 64 5.1643 0
30 82 74 5.1049 0
53 94 74 4.9464 0
113 50 74 5.0074 0
110 70 53 4.9464 0
92 71 74 4.9464 0
11 57 55 4.9609 0
17 78 74 4.9464 0
102 86 64 4.6099 0
78 85 68 4.3998 0
81 50 54 4.3186 0
30 51 54 4.2892 0
23 80 54 3.9385 0
64 72 73 4.2471 0
106 73 73 4.0015 0
21 54 54 4.0095 0
45 72 54 3.9385 0
99 77 54 4.0071 0
104 44 73 3.9385 0
79 95 69 3.9322 0
44 62 54 3.9385 0
38 64 73 3.9385 0
56 64 73 3.9385 0
32 55 73 3.9385 0
51 79 54 3.9385 0
105 47 54 3.9385 0
20 54 73 3.9418 0
82 42 71 3.7214 0
49 43 66 3.7091 0
81 67 63 1.1288 0
116 51 65 3.3256 0
83 44 62 3.3508 0
116 77 59 3.27 0
66 94 66 3.2101 0
55 53 63 1.2744 0
64 82 55 3.2705 0
66 84 63 3.0561 0
25 102 63 3.1579 0
30 87 55 3.156 0
45 83 62 3.1782 0
82 60 55 2.9706 0
48 33 67 3.1552 0
56 49 72 2.9307 0
89 53 63 1.4149 0
68 46 55 2.9307 0
62 45 64 2.974 0
87 88 55 2.9308 0
41 38 55 2.9307 0
32 83 64 2.8271 0
91 69 61 2.1166 0
88 63 72 2.9307 0
12 75 64 2.9886 0
77 79 55 2.9306 0
94 44 62 2.9802 0
22 92 64 1.4168 0
99 41 55 2.9307 0
82 67 55 2.9864 0
22 86 72 2.9309 0
88 79 72 2.9307 0
52 51 55 2.9307 0
103 26 63 2.7495 0
44 46 72 2.9307 0
74 50 61 2.1166 0
38 50 72 2.9307 0
89 53 71 2.5881 0
31 79 56 2.7531 0
108 52 61 2.1166 0
39 74 63 1.1165 0
72 74 62 1.1104 0
98 78 71 2.6634 0
14 97 63 2.4525 0
89 92 64 1.2395 0
38 35 64 1.2813 0
81 67 71 2.4194 0
64 59 64 1.1902 0
24 69 61 2.1166 0
95 100 65 2.5115 0
47 64 63 1.3846 0
113 30 62 2.3842 0
13 49 59 2.403 0
107 79 61 1.9343 0
105 35 62 1.2002 0
29 33 65 2.4248 0
64 74 63 1.1597 0
47 51 63 1.5759 0
0
