128
127 127 0 71.0627 0
0 127 127 70.9928 0
127 0 127 67.818 0
0 0 0 67.8101 0
110 15 18 42.3327 0
17 15 109 42.3286 0
21 103 22 37.7113 0
105 103 105 37.6281 0
62 58 37 23.5309 0
61 62 90 23.1861 0
64 8 63 21.3364 0
122 60 63 18.6559 0
5 58 66 18.5388 0
69 127 78 12.057 0
57 127 49 12.057 0
65 94 47 11.8315 0
95 56 79 10.8234 0
96 66 48 10.8234 0
63 100 79 10.833 0
30 63 49 9.8158 0
30 68 77 8.8078 0
76 34 77 8.808 0
81 81 51 7.9439 0
48 32 51 7.7998 0
51 35 76 7.7998 0
34 50 75 6.792 0
44 84 75 7.002 0
85 119 67 6.988 0
88 48 52 6.792 0
77 32 52 6.7919 0
86 73 75 6.7922 0
49 83 52 6.7924 0
34 46 52 6.7919 0
76 85 75 6.7923 0
110 84 64 6.5827 0
43 120 61 6.5951 0
17 81 62 6.3858 0
74 126 59 6.3614 0
71 111 53 6.0837 0
91 39 74 5.784 0
53 109 53 5.7841 0
109 38 65 5.5535 0
18 36 64 5.4474 0
36 15 64 5.2112 0
53 125 69 5.1611 0
92 15 63 5.1124 0
102 47 54 4.7761 0
47 97 73 4.7762 0
99 73 73 4.7761 0
82 95 54 4.7766 0
95 82 54 4.7764 0
76 111 73 4.7769 0
37 78 54 4.7768 0
80 48 73 4.7761 0
63 34 54 4.7762 0
31 82 73 4.7763 0
53 114 73 4.7768 0
44 25 70 4.7141 0
22 45 55 4.1785 0
105 78 55 4.223 0
86 25 72 4.0885 0
37 38 72 3.7685 0
42 21 56 3.9422 0
68 51 64 3.9342 0
45 46 72 3.7685 0
104 45 72 3.8871 0
23 44 72 3.8638 0
50 95 55 3.7686 0
89 36 55 3.7684 0
84 24 57 3.8315 0
82 68 55 3.7689 0
56 83 72 3.7687 0
45 72 55 3.7689 0
36 111 62 3.7696 0
77 100 72 3.7683 0
27 76 55 3.7684 0
42 72 72 3.7687 0
64 38 72 3.7682 0
34 33 55 3.7686 0
45 44 55 3.7683 0
61 80 55 3.769 0
64 86 72 3.7686 0
68 68 63 3.3705 0
107 28 63 3.5378 0
58 68 63 3.3705 0
20 92 63 3.3342 0
92 109 65 3.1835 0
22 77 71 3.2519 0
57 51 65 3.1362 0
81 58 71 2.7606 0
69 59 64 2.9924 0
63 113 71 2.7611 0
69 81 56 2.7612 0
96 40 56 2.7604 0
41 64 71 2.7609 0
42 54 56 2.7605 0
82 80 67 2.7376 0
75 42 56 2.7604 0
42 64 56 2.7607 0
82 59 56 2.7608 0
89 90 56 2.761 0
40 88 56 2.7611 0
29 39 71 2.7604 0
50 106 71 2.7611 0
79 103 56 2.7606 0
28 38 56 2.7606 0
86 85 71 2.7608 0
92 81 71 2.7606 0
56 39 56 2.7605 0
79 117 57 2.661 0
45 102 56 2.7604 0
53 90 71 2.7607 0
93 30 71 2.7608 0
100 37 71 2.7604 0
62 107 56 2.7604 0
27 57 71 2.7605 0
83 92 71 2.7606 0
72 75 56 2.761 0
80 65 71 2.7609 0
58 43 71 2.7606 0
70 45 71 2.7604 0
43 54 71 2.7607 0
76 74 71 2.7611 0
26 52 56 2.7604 0
21 72 58 2.6357 0
36 90 71 2.7607 0
32 32 65 1.3604 0
106 94 64 2.6231 0
0
