128
127 127 0 67.7239 0
0 0 0 67.7509 0
127 0 127 67.5557 0
0 127 127 67.5557 0
16 112 16 44.4164 0
112 16 16 44.4025 0
112 111 111 44.1579 0
15 16 111 44.1579 0
64 64 35 24.6228 0
63 64 96 24.3554 0
64 29 65 19.8907 0
99 71 62 18.0607 0
29 73 65 18.1148 0
63 101 81 13.0249 0
65 101 47 12.4586 0
0 66 48 12.6171 0
66 0 48 12.6165 0
126 65 79 11.9183 0
1 62 79 11.9183 0
61 127 49 11.7382 0
68 127 78 11.6543 0
127 63 49 11.7363 0
57 0 77 10.9292 0
84 102 63 10.6812 0
43 102 65 10.6937 0
88 46 76 10.2708 0
38 46 52 10.2791 0
127 43 62 9.3692 0
127 84 66 9.3431 0
0 43 66 9.3393 0
43 127 62 9.3499 0
83 0 63 9.0302 0
0 83 63 9.0178 0
74 85 69 8.5892 0
39 49 76 8.3626 0
54 85 60 8.3442 0
84 126 64 8.3809 0
41 2 65 8.0933 0
35 27 63 7.9663 0
94 31 65 7.6984 0
88 47 52 7.8031 0
16 52 54 7.3672 0
21 47 69 7.3609 0
107 46 59 6.6066 0
109 49 73 6.4383 0
52 116 74 5.551 0
53 85 75 5.6242 0
100 96 64 5.4001 0
57 112 60 5.2867 0
75 115 54 5.0906 0
70 112 66 4.7388 0
51 52 60 4.9464 0
25 37 59 4.7962 0
27 97 63 4.7409 0
49 11 54 4.7442 0
73 6 73 4.6604 0
63 62 66 4.7025 0
48 59 70 4.5222 0
75 52 69 4.641 0
80 115 73 4.4954 0
80 57 60 4.2766 0
88 20 61 4.3036 0
73 87 55 4.1425 0
94 10 62 4.1674 0
48 114 55 4.1491 0
10 94 63 4.1384 0
104 39 69 3.9771 0
81 13 55 3.9214 0
54 3 61 3.8285 0
76 73 62 3.9793 0
45 14 72 3.9472 0
52 74 68 3.909 0
120 78 55 3.9472 0
41 39 66 3.8293 0
77 71 71 3.8092 0
95 116 65 3.7962 0
116 52 55 3.8338 0
116 32 63 3.7932 0
32 116 63 3.7753 0
42 17 57 3.6274 0
85 17 70 3.6151 0
71 124 62 3.5603 0
56 124 67 3.5262 0
120 50 72 3.6427 0
116 94 64 3.2879 0
31 12 65 3.4699 0
3 56 62 3.5286 0
11 33 65 3.2797 0
124 57 64 3.4537 0
13 56 69 3.3975 0
83 60 74 3.3668 0
69 3 65 3.3077 0
52 48 74 3.3058 0
58 97 63 3.1305 0
34 38 72 3.2279 0
97 40 56 3.1846 0
62 81 71 3.1678 0
86 40 63 3.1685 0
51 71 60 2.9484 0
42 17 65 3.0348 0
96 48 61 2.993 0
61 115 70 2.9435 0
69 103 65 3.024 0
114 55 65 3.0484 0
45 59 56 3.0065 0
66 81 58 2.9565 0
46 45 65 2.9549 0
78 65 66 2.9406 0
77 49 56 2.842 0
69 96 65 2.7813 0
32 50 66 2.8267 0
11 82 56 2.7231 0
24 31 66 2.6235 0
84 115 56 2.7231 0
74 79 57 2.7357 0
33 39 64 2.513 0
66 114 57 2.6377 0
123 72 61 2.663 0
66 89 58 2.6792 0
4 71 66 2.5295 0
62 88 70 2.5853 0
7 76 71 2.6109 0
12 60 61 2.5999 0
108 90 68 2.4665 0
21 93 68 2.5318 0
100 16 63 2.4843 0
16 100 63 2.4772 0
43 117 71 2.4575 0
0
