128
0 127 127 78.5554 0
127 0 127 75.0916 0
127 127 0 71.0465 0
0 0 0 61.2283 0
114 4 0 51.3821 0
16 103 9 41.825 0
23 20 93 34.6225 0
96 93 90 28.5486 0
60 72 53 26.0427 0
62 57 6 21.6477 0
64 18 54 20.8958 0
7 59 56 18.8983 0
117 53 50 17.2916 0
51 49 123 13.5153 0
78 75 125 13.1894 0
62 66 93 13.2072 0
94 34 53 10.9742 0
36 34 52 9.4542 0
100 74 56 9.1488 0
61 28 24 8.9726 0
85 64 28 8.5794 0
64 34 82 8.2189 0
106 61 73 7.2662 0
59 41 102 6.913 0
78 61 80 6.8998 0
97 49 67 6.7873 0
40 63 26 6.4919 0
24 59 77 6.4802 0
18 58 32 6.3826 0
28 71 68 6.2586 0
27 49 40 6.155 0
92 71 42 6.1952 0
81 36 69 6.1484 0
95 57 17 5.9097 0
108 56 27 5.9675 0
48 33 36 5.925 0
28 71 44 6.0014 0
30 47 62 5.9766 0
44 69 82 5.945 0
82 34 39 5.7332 0
76 52 32 5.8988 0
62 70 113 5.817 0
97 45 38 5.638 0
47 53 30 5.279 0
41 55 107 5.2133 0
49 58 80 5.0193 0
69 57 121 4.9655 0
60 67 125 4.941 0
54 36 72 4.9834 0
30 58 18 4.9018 0
74 33 30 4.8256 0
46 37 64 4.5056 0
75 69 107 4.5138 0
64 53 78 4.413 0
89 69 65 4.36 0
86 59 41 4.2688 0
85 51 19 4.1942 0
57 49 32 4.1862 0
65 49 110 3.9695 0
30 59 88 4.1024 0
67 41 93 4.0832 0
29 69 56 3.996 0
39 53 19 3.986 0
86 67 110 3.8531 0
28 48 51 3.873 0
35 68 35 3.7164 0
36 57 98 3.7118 0
49 48 103 3.7082 0
83 59 69 3.6904 0
76 39 79 3.5598 0
38 39 38 3.438 0
66 48 31 3.5564 0
70 37 70 3.5903 0
72 36 20 3.3116 0
76 53 71 3.5295 0
103 68 42 3.4786 0
56 41 90 3.4897 0
80 64 92 3.4422 0
86 66 73 3.3921 0
98 58 81 3.3991 0
51 37 20 3.1115 0
89 43 72 3.2708 0
79 51 42 3.2471 0
98 68 68 3.1193 0
31 68 78 3.1248 0
55 52 76 2.9955 0
89 64 49 3.0498 0
28 55 68 3.0048 0
21 59 22 2.9992 0
38 68 74 2.9594 0
44 45 20 2.8861 0
80 43 20 2.8861 0
80 37 48 2.9365 0
80 38 59 2.861 0
56 53 83 2.8577 0
39 59 36 2.9269 0
72 54 86 2.8904 0
38 42 65 2.8551 0
58 35 37 2.7888 0
47 37 45 2.7317 0
100 49 30 2.7936 0
73 41 86 2.7332 0
85 56 49 2.711 0
33 50 71 2.7109 0
79 66 99 2.7013 0
68 35 36 2.6844 0
87 62 61 2.7049 0
97 49 56 2.6348 0
100 54 37 2.6273 0
23 67 36 2.715 0
45 66 92 2.5862 0
101 58 63 2.5583 0
95 52 77 2.5501 0
54 66 109 2.439 0
53 40 80 2.549 0
69 63 108 2.5923 0
71 54 113 2.4642 0
88 42 64 2.4212 0
85 54 35 2.5618 0
80 53 64 2.5322 0
72 48 40 2.4696 0
72 52 79 2.4928 0
51 35 27 2.5408 0
106 64 36 2.509 0
46 61 88 2.38 0
87 60 55 2.5327 0
89 40 38 2.5193 0
76 57 91 2.4987 0
0
