128
0 127 0 80.2244 0
127 0 0 80.2244 0
0 0 127 59.8866 0
127 70 127 60.1637 0
23 108 127 48.8455 0
127 127 28 48.1558 0
12 12 29 37.7414 0
80 127 84 23.9494 0
77 11 92 23.535 0
79 79 43 20.1603 0
17 55 70 19.723 0
55 49 96 19.0189 0
52 50 45 18.1468 0
54 11 60 13.3208 0
67 86 89 11.4095 0
74 66 78 10.3345 0
72 108 54 10.4427 0
52 109 73 10.1072 0
102 64 60 9.9013 0
103 84 61 8.8933 0
52 79 55 8.0681 0
78 51 55 8.0658 0
57 62 70 7.5661 0
96 33 77 7.3414 0
19 84 75 7.17 0
37 69 56 7.0845 0
65 29 56 7.0602 0
34 17 69 6.8155 0
30 62 94 6.7774 0
46 17 80 6.8155 0
59 93 57 6.6382 0
105 109 76 6.6031 0
34 38 83 6.2201 0
39 65 82 6.1871 0
79 42 88 6.1313 0
43 29 57 6.0523 0
74 28 67 5.7448 0
63 38 74 5.7271 0
69 62 62 5.5282 0
90 68 71 5.505 0
53 95 82 5.5018 0
36 99 74 5.4238 0
71 83 72 5.2641 0
33 38 58 5.0445 0
82 83 80 5.1405 0
56 74 99 5.0543 0
94 96 58 5.0421 0
88 107 60 5.0548 0
92 82 72 4.9762 0
45 74 90 5.0038 0
85 30 70 4.7125 0
51 25 91 4.6235 0
18 29 71 4.6193 0
42 55 76 4.5252 0
63 103 84 4.4589 0
104 43 71 4.2251 0
79 98 91 4.2341 0
64 91 73 4.3533 0
109 97 70 4.3274 0
23 75 84 4.1912 0
54 44 72 4.2135 0
72 39 59 4.0343 0
111 53 65 4.1471 0
87 60 59 4.0397 0
51 82 88 4.1069 0
61 70 60 3.8028 0
93 52 59 4.0343 0
77 53 87 4.0199 0
96 107 67 3.7919 0
84 36 80 4.0132 0
40 64 71 3.8826 0
50 67 81 3.8482 0
28 92 73 3.6963 0
73 37 80 3.6829 0
66 107 68 3.7919 0
61 41 64 3.7107 0
40 46 76 3.6601 0
65 70 90 3.3871 0
50 97 63 3.3099 0
58 104 60 3.3511 0
101 92 72 3.3454 0
82 92 85 3.1989 0
66 85 64 3.3524 0
51 67 60 3.2033 0
94 59 71 3.2935 0
44 95 78 3.2469 0
38 80 60 3.0287 0
88 59 77 3.1939 0
40 67 96 3.0763 0
47 90 60 3.0287 0
43 30 90 3.1358 0
53 29 60 3.0287 0
51 52 72 3.0859 0
90 41 83 3.099 0
94 75 65 2.9637 0
82 99 60 3.0264 0
70 94 60 3.0264 0
85 42 60 3.0264 0
22 21 70 2.924 0
68 46 60 3.0264 0
79 35 60 3.0264 0
43 97 66 2.9724 0
78 34 75 2.9612 0
23 33 77 2.8878 0
85 76 75 2.9343 0
69 71 65 2.8855 0
56 21 77 2.784 0
29 81 82 2.865 0
68 21 63 2.8227 0
36 41 71 2.8562 0
44 21 70 2.784 0
29 35 74 2.797 0
25 34 62 2.7157 0
61 21 72 2.784 0
56 97 67 2.7344 0
29 87 79 2.6641 0
59 66 81 2.5256 0
67 35 66 2.6544 0
47 66 74 2.5126 0
57 95 73 2.559 0
94 92 77 2.553 0
98 44 76 2.5498 0
83 56 83 2.5097 0
71 101 87 2.4532 0
26 71 90 2.4293 0
64 32 81 2.4338 0
56 34 79 2.3375 0
27 34 68 2.3375 0
0
