128
63 63 127 72.7891 0
127 127 0 60.4364 0
0 0 0 60.4364 0
127 0 0 60.4364 0
0 127 0 60.4364 0
64 65 20 29.0807 0
125 102 74 16.6042 0
100 126 74 16.4454 0
127 29 73 16.3103 0
29 127 73 16.3103 0
99 1 73 15.9323 0
1 99 73 15.9323 0
0 30 72 15.8519 0
30 0 72 15.8519 0
64 23 35 13.9626 0
106 64 36 12.9547 0
64 108 36 12.9547 0
23 66 36 12.9547 0
0 58 43 10.3429 0
57 0 44 9.8179 0
127 81 55 9.8787 0
64 126 61 6.476 0
80 127 54 9.5983 0
80 0 54 9.5983 0
0 80 54 9.5983 0
127 55 45 9.471 0
48 127 54 9.3656 0
44 38 40 8.9232 0
127 75 76 8.5243 0
74 127 76 8.3667 0
0 54 63 8.209 0
127 54 64 8.209 0
0 73 75 8.209 0
73 0 75 8.209 0
54 0 63 8.209 0
55 127 74 8.0513 0
82 92 41 7.9154 0
87 40 41 7.9154 0
37 85 41 7.9154 0
89 101 60 7.3961 0
102 88 60 7.1782 0
108 73 60 7.1782 0
61 109 60 7.1782 0
85 23 60 7.257 0
99 35 60 7.1782 0
108 56 60 7.1782 0
25 88 60 7.1782 0
38 101 60 7.1782 0
18 70 60 7.146 0
70 18 60 7.146 0
29 33 60 7.0531 0
20 48 60 6.9222 0
48 20 60 6.9222 0
29 46 42 6.9075 0
91 78 42 6.9075 0
46 98 42 6.9075 0
19 20 63 6.2144 0
108 20 62 6.2144 0
20 108 62 6.2144 0
64 125 47 6.2463 0
75 106 59 6.1703 0
43 5 53 5.9728 0
5 43 52 5.9728 0
101 46 43 5.8996 0
121 41 53 5.7074 0
20 20 76 5.5018 0
106 108 61 5.5018 0
48 109 64 5.0256 0
82 27 44 4.8917 0
57 91 44 4.8917 0
38 57 44 4.8917 0
113 48 44 4.8917 0
68 91 44 4.8917 0
70 40 44 4.8917 0
92 54 44 4.8917 0
116 78 44 4.8917 0
79 13 44 4.8917 0
104 81 44 4.8917 0
81 106 44 4.8917 0
48 114 44 4.8917 0
59 40 44 4.8917 0
45 21 44 4.8917 0
16 47 44 4.8917 0
124 59 77 4.6431 0
3 59 76 4.6317 0
59 3 76 4.6317 0
124 68 63 4.6317 0
108 44 65 4.4975 0
26 59 57 4.1545 0
45 32 57 4.1545 0
29 76 57 4.1545 0
55 98 57 4.1545 0
86 36 57 4.1545 0
58 28 57 4.1545 0
74 30 57 4.2561 0
15 58 65 4.2779 0
58 15 65 4.2779 0
116 93 56 4.1788 0
40 72 45 3.8839 0
95 77 57 4.1545 0
14 80 45 3.8839 0
78 95 57 4.1545 0
36 117 55 4.1263 0
93 116 56 4.1788 0
87 88 57 4.1568 0
39 88 57 4.1545 0
10 91 55 4.1263 0
99 64 57 4.1545 0
94 48 57 4.1545 0
32 48 57 4.1545 0
68 97 57 4.1545 0
91 10 54 4.1263 0
121 69 46 3.9384 0
37 24 57 4.1545 0
107 22 77 4.0887 0
22 107 77 4.0887 0
88 66 45 3.8839 0
95 91 45 3.8839 0
23 82 45 3.8839 0
50 84 45 3.8839 0
37 22 66 3.8579 0
69 4 63 3.7231 0
4 69 63 3.7231 0
113 30 57 3.74 0
99 98 67 3.5773 0
29 15 57 3.473 0
28 98 67 3.5773 0
32 67 56 3.5858 0
0
