128
0 127 0 84.1167 0
127 127 127 74.917 0
127 0 0 72.4148 0
0 0 127 63.0497 0
13 0 21 42.4654 0
101 15 110 39.4581 0
34 84 101 29.1817 0
106 96 28 28.5029 0
60 0 66 20.4835 0
28 47 62 19.8637 0
106 62 63 17.1593 0
53 45 21 14.6316 0
71 60 103 13.656 0
73 65 23 12.622 0
79 30 64 11.9386 0
50 121 83 11.9183 0
83 122 50 11.4339 0
50 68 56 10.0417 0
57 40 99 9.6247 0
89 87 62 9.1462 0
68 121 66 8.859 0
40 48 90 7.8361 0
40 21 71 7.774 0
97 58 88 7.711 0
85 104 58 7.0619 0
95 63 40 6.9308 0
91 43 73 6.8814 0
41 38 39 6.7613 0
41 54 38 6.7613 0
60 104 82 6.6542 0
45 82 66 6.4781 0
61 74 44 6.2793 0
59 11 40 6.1587 0
89 73 78 6.0727 0
91 44 56 6.0659 0
88 73 51 6.0181 0
67 88 86 5.913 0
42 34 82 5.7535 0
42 19 56 5.7583 0
55 64 36 5.6526 0
69 79 95 5.593 0
57 21 30 5.5728 0
58 23 95 5.3969 0
62 74 81 5.3895 0
58 12 91 5.2482 0
69 24 78 5.1523 0
79 97 68 5.1333 0
43 67 71 4.9841 0
54 55 94 5.0864 0
58 82 55 5.0528 0
74 37 80 4.9352 0
70 21 50 4.9177 0
69 89 44 4.9847 0
55 64 81 4.7198 0
43 29 50 4.7456 0
73 85 31 4.6077 0
72 46 31 4.5612 0
80 39 49 4.4343 0
74 93 77 4.2932 0
93 53 47 4.2889 0
44 59 78 4.0272 0
86 73 63 4.1957 0
72 90 57 2.3387 0
54 90 61 3.7849 0
78 110 66 3.8686 0
86 72 40 3.9311 0
63 91 53 3.6486 0
44 105 76 3.8799 0
85 68 93 3.7819 0
75 77 78 2.1557 0
45 93 70 3.6507 0
60 84 79 3.6303 0
78 74 93 3.5772 0
65 76 34 3.6679 0
62 30 32 3.5476 0
60 93 79 3.6304 0
67 37 32 3.5478 0
86 53 93 3.5772 0
74 30 48 3.5544 0
65 114 78 3.3808 0
86 57 32 3.551 0
48 30 32 3.5524 0
56 60 67 3.4211 0
71 104 57 2.3317 0
81 89 73 3.5047 0
82 89 50 3.2694 0
86 83 75 3.3102 0
71 38 52 3.2346 0
64 17 84 3.176 0
46 35 92 3.2893 0
51 61 73 3.1988 0
75 39 41 3.1884 0
65 23 58 3.1799 0
92 53 78 3.1902 0
58 63 91 3.2245 0
68 76 66 0.3696 0
45 63 43 3.1286 0
45 28 61 2.7298 0
90 48 83 3.1308 0
73 45 93 2.9666 0
87 68 33 3.091 0
66 82 50 2.9147 0
45 57 48 2.9437 0
64 72 90 3.0209 0
91 63 79 2.9326 0
80 114 36 2.9409 0
66 82 39 2.9051 0
62 17 48 2.8364 0
68 98 48 2.9153 0
51 96 65 2.9147 0
46 16 80 2.849 0
82 41 80 2.9086 0
45 44 79 2.7298 0
50 12 47 2.8297 0
55 115 69 2.8118 0
64 45 71 0.0886 0
66 19 42 2.7507 0
89 67 86 2.8089 0
68 97 81 2.7716 0
70 115 54 2.8118 0
45 46 45 2.7298 0
79 51 33 2.544 0
45 21 47 2.7421 0
45 51 78 2.7298 0
45 31 68 2.7298 0
45 27 42 2.7298 0
45 25 82 2.7298 0
63 104 65 0.6472 0
0
