128
69 0 127 65.7692 0
63 127 0 65.3075 0
127 127 127 72.7087 0
0 0 0 69.7023 0
127 18 6 57.6919 0
0 104 116 55.6324 0
0 81 42 20.522 0
127 46 80 19.8507 0
65 51 41 19.7016 0
63 75 84 18.9875 0
6 37 82 18.7018 0
124 86 44 18.4564 0
94 60 78 14.1932 0
33 67 45 14.1956 0
95 69 46 13.1877 0
36 55 79 13.2003 0
55 105 75 11.8907 0
74 22 52 11.4805 0
10 56 58 9.753 0
38 80 68 9.1019 0
87 80 67 8.4203 0
30 37 64 8.1667 0
73 51 71 8.2108 0
117 61 57 8.2736 0
17 103 53 7.6702 0
55 16 55 7.627 0
92 48 54 7.449 0
111 24 70 7.4978 0
39 46 52 7.1894 0
55 75 52 7.1405 0
78 94 71 7.1381 0
113 70 71 7.1797 0
73 76 52 7.1405 0
26 90 52 7.1597 0
49 31 52 7.1405 0
57 50 74 6.9603 0
25 20 71 6.6231 0
95 25 63 6.6304 0
105 51 61 6.5123 0
100 91 53 6.2473 0
42 20 62 6.3751 0
21 66 70 6.1655 0
101 40 74 6.1326 0
37 112 66 5.8224 0
105 103 54 5.7456 0
25 50 54 5.5337 0
77 108 68 5.4806 0
44 83 54 5.3882 0
88 87 54 5.3035 0
86 35 54 5.2904 0
102 78 69 5.1223 0
41 95 69 5.1339 0
8 70 65 4.6048 0
21 51 68 4.4243 0
61 59 65 4.3815 0
27 109 59 4.3644 0
50 89 68 4.1144 0
45 38 72 4.2303 0
47 65 68 4.1144 0
87 43 72 4.1426 0
66 94 68 4.1144 0
78 65 68 4.1144 0
82 62 57 4.0207 0
84 47 64 3.8839 0
60 26 61 3.9385 0
15 42 60 3.6332 0
76 37 58 3.6469 0
107 37 63 3.0034 0
96 37 57 3.4325 0
117 80 66 3.3455 0
96 46 65 3.4045 0
63 85 56 3.2579 0
21 78 56 3.109 0
84 28 64 3.1261 0
81 37 68 3.0558 0
69 102 66 3.1729 0
97 108 58 3.2338 0
36 24 70 3.2911 0
18 70 56 3.109 0
94 91 67 3.1066 0
78 88 56 3.109 0
103 69 64 3.0133 0
31 68 67 3.1066 0
91 96 56 3.109 0
46 60 56 3.1914 0
39 31 71 3.0947 0
53 86 56 3.109 0
41 92 56 3.109 0
35 102 67 3.1066 0
107 77 56 3.109 0
38 32 56 3.109 0
33 98 56 3.109 0
58 91 67 3.1066 0
52 57 67 3.1135 0
88 99 67 3.1066 0
62 32 56 3.109 0
21 77 67 3.1066 0
62 37 68 3.0558 0
32 92 67 3.1066 0
54 39 71 3.0947 0
82 97 60 2.9332 0
92 37 69 3.0079 0
41 50 63 2.955 0
63 47 65 2.9607 0
103 91 63 2.919 0
69 38 68 2.9289 0
56 52 63 2.7999 0
47 52 57 2.8308 0
44 97 60 2.7973 0
108 60 66 2.6591 0
19 27 66 2.7874 0
67 36 59 2.7702 0
31 81 57 2.6813 0
23 90 63 2.6947 0
35 86 57 2.6852 0
91 109 62 2.6143 0
82 52 57 2.6438 0
113 44 60 2.5039 0
83 74 57 2.4802 0
77 46 61 2.5692 0
102 31 70 2.4524 0
28 52 64 2.4857 0
82 44 57 2.3969 0
70 62 66 2.0987 0
12 94 59 2.469 0
95 82 57 2.2763 0
109 84 66 2.0987 0
38 67 66 2.0987 0
0
