128
64 64 127 34.3333 0
0 0 0 53.5944 0
127 127 0 53.5944 0
0 127 0 53.5944 0
127 0 0 53.5944 0
0 0 127 53.5944 0
127 0 127 53.5944 0
0 127 127 53.5944 0
127 127 127 53.5944 0
64 64 0 34.3333 0
64 64 67 23.3465 0
127 81 63 23.1443 0
0 46 64 23.1443 0
46 127 63 23.1443 0
46 0 63 23.1443 0
119 38 63 18.6354 0
89 119 63 18.6354 0
89 8 63 18.6354 0
8 89 64 18.6354 0
64 121 98 14.7165 0
121 63 98 14.7165 0
64 121 29 14.7165 0
64 6 97 14.7165 0
64 6 29 14.7165 0
6 64 30 14.7165 0
121 63 29 14.7165 0
6 64 98 14.7165 0
26 27 53 9.5187 0
27 26 73 9.5187 0
30 102 77 8.4597 0
102 97 77 8.4597 0
29 101 50 8.2737 0
102 96 49 7.8462 0
55 25 17 7.7571 0
72 25 17 7.7571 0
24 56 17 7.7571 0
25 57 110 7.7571 0
71 25 110 7.7571 0
47 64 40 7.4996 0
64 47 40 7.4996 0
99 28 79 7.3552 0
55 78 40 7.2436 0
78 55 40 7.2436 0
81 110 87 7.1694 0
110 46 87 7.1694 0
75 76 40 7.0022 0
54 102 18 6.7493 0
18 83 40 7.0096 0
83 18 87 7.0096 0
72 102 18 6.7493 0
72 102 109 6.7493 0
26 72 18 6.7493 0
98 28 47 6.678 0
82 109 39 6.624 0
109 45 39 6.6239 0
18 82 88 6.6239 0
82 18 39 6.6239 0
27 74 109 6.7493 0
103 55 18 6.7493 0
102 58 109 6.7493 0
54 104 109 6.7493 0
104 73 109 6.7493 0
104 73 18 6.7493 0
55 27 109 6.7493 0
109 82 89 6.6239 0
45 109 38 6.624 0
45 109 88 6.624 0
18 45 39 6.6239 0
18 45 89 6.6239 0
45 18 88 6.6239 0
45 18 38 6.6239 0
109 82 38 6.6239 0
69 112 78 6.3083 0
112 58 78 6.3083 0
71 111 47 5.5722 0
71 16 79 5.5721 0
16 71 80 5.5721 0
111 56 47 5.5721 0
71 16 47 5.5721 0
16 71 48 5.5721 0
63 45 90 5.5011 0
45 63 90 5.5011 0
79 53 90 5.2169 0
53 79 90 5.2169 0
50 50 45 4.9754 0
50 50 89 4.9754 0
73 80 90 5.0249 0
82 68 90 4.9749 0
34 45 20 4.7335 0
99 95 63 4.8338 0
35 44 107 4.7335 0
44 35 107 4.7335 0
26 35 86 4.5924 0
94 46 107 4.7335 0
82 34 20 4.7335 0
82 34 107 4.7335 0
34 82 20 4.7335 0
46 94 107 4.7335 0
94 46 20 4.7335 0
91 102 85 4.7784 0
42 37 20 4.7335 0
92 101 41 4.5924 0
35 26 86 4.5924 0
63 83 92 4.5019 0
34 100 63 4.4063 0
34 27 40 4.4063 0
83 66 44 4.2388 0
66 83 35 4.2388 0
66 83 45 4.2388 0
25 90 82 4.1649 0
49 50 34 4.1758 0
49 19 100 4.15 0
19 49 27 4.15 0
45 93 21 3.7256 0
26 36 39 3.9788 0
60 110 45 4.0467 0
17 60 82 4.0467 0
60 17 45 4.0467 0
60 17 81 4.0467 0
17 60 46 4.0467 0
110 67 45 4.0467 0
82 93 106 3.7256 0
101 36 39 3.9788 0
92 83 21 3.7256 0
83 68 35 3.9757 0
27 92 40 3.7928 0
40 23 48 3.9493 0
79 20 99 3.6045 0
0
