128
127 127 127 70.9563 0
0 127 0 70.9567 0
0 0 127 70.9566 0
127 0 0 70.9559 0
29 29 29 33.6969 0
100 98 29 33.6971 0
98 27 98 33.6972 0
29 100 98 33.6965 0
56 56 84 17.8349 0
125 60 67 17.889 0
2 67 67 17.8892 0
67 125 60 17.6673 0
65 2 65 17.5463 0
58 71 45 17.5711 0
84 71 79 12.9575 0
85 55 50 12.5315 0
70 34 51 11.5232 0
70 94 77 10.7319 0
28 68 52 10.5159 0
28 58 76 9.5693 0
58 27 76 9.5299 0
62 98 53 9.5093 0
55 80 72 7.1372 0
43 37 71 6.4849 0
105 76 71 6.5703 0
78 52 71 6.4844 0
36 84 56 6.4847 0
102 64 56 6.5725 0
45 95 56 6.4849 0
104 50 56 6.4848 0
53 49 56 6.4841 0
100 60 73 6.3178 0
39 70 72 6.0121 0
17 46 66 5.9397 0
48 109 59 5.9821 0
44 17 65 5.71 0
90 88 70 5.4765 0
88 37 57 5.4762 0
69 39 72 5.613 0
40 56 57 5.4764 0
67 52 57 5.4763 0
73 87 57 5.4769 0
84 74 57 5.4767 0
30 43 70 5.4769 0
81 19 59 5.217 0
80 106 69 4.8968 0
58 105 71 4.7918 0
18 85 62 4.7159 0
55 22 58 4.5884 0
55 93 69 4.4682 0
91 53 69 4.4686 0
39 50 69 4.4691 0
28 72 69 4.4685 0
68 76 71 4.3841 0
71 24 69 4.3062 0
21 54 59 3.9864 0
108 87 65 3.7282 0
108 44 65 3.7283 0
55 39 68 3.4613 0
77 105 59 3.6108 0
88 108 64 3.6231 0
53 38 59 3.4603 0
79 84 68 3.4607 0
100 87 68 3.4607 0
87 27 59 3.4603 0
30 53 59 3.4606 0
104 51 68 3.4618 0
39 27 68 3.4613 0
75 97 59 3.4611 0
83 95 68 3.4606 0
40 74 59 3.4609 0
44 81 68 3.4605 0
94 75 59 3.4609 0
53 88 59 3.4612 0
96 43 59 3.4605 0
74 65 59 3.4621 0
74 77 59 3.461 0
79 41 68 3.4609 0
70 66 70 3.2941 0
106 75 60 3.1278 0
51 70 68 2.9373 0
34 95 60 2.4533 0
22 78 67 2.6507 0
107 37 62 2.753 0
26 81 60 2.4531 0
37 107 62 2.7532 0
90 20 62 2.753 0
40 59 69 2.5037 0
44 64 60 2.6555 0
43 46 60 2.4526 0
71 105 67 2.6506 0
34 33 67 2.4533 0
62 44 60 2.455 0
64 87 60 2.6621 0
91 97 67 2.4528 0
96 70 67 2.4528 0
47 82 60 2.4532 0
28 92 60 2.4532 0
63 24 60 2.5959 0
92 68 60 2.4529 0
96 81 67 2.4528 0
48 87 67 2.4525 0
46 46 67 2.4534 0
97 94 67 2.4528 0
82 87 60 2.4533 0
96 32 60 2.4525 0
58 31 60 2.4523 0
70 47 67 2.4529 0
70 57 67 2.4528 0
75 47 60 2.4526 0
50 104 67 2.4538 0
86 44 67 2.453 0
23 38 67 2.4546 0
75 78 67 2.4528 0
97 48 67 2.4529 0
34 77 67 2.4527 0
101 37 60 2.4526 0
74 31 67 2.4531 0
38 101 60 2.4534 0
59 56 60 2.4527 0
72 84 67 2.4527 0
49 30 67 2.4535 0
87 82 60 2.4532 0
37 48 60 2.4526 0
79 42 60 2.4525 0
51 58 60 2.4528 0
28 34 67 2.4533 0
46 74 67 2.4527 0
0
