128
0 127 127 63.3232 0
127 0 1 62.4565 0
127 127 0 63.0575 0
0 0 0 63.0065 0
127 125 127 62.0539 0
0 0 127 61.7598 0
127 0 127 61.7583 0
1 126 0 61.7324 0
65 118 64 25.3738 0
9 65 63 24.9724 0
118 64 64 24.9546 0
63 67 40 17.5602 0
64 67 87 17.5608 0
64 67 0 20.9427 0
64 67 127 20.4774 0
47 0 64 15.0497 0
80 0 64 15.0498 0
36 94 58 11.7067 0
93 92 69 11.6397 0
63 3 87 11.2194 0
26 30 64 11.2914 0
101 31 64 11.1062 0
64 5 41 10.937 0
64 101 97 10.6605 0
64 101 31 10.558 0
64 36 119 10.1882 0
23 63 97 9.8665 0
104 63 31 9.6802 0
103 62 99 9.2911 0
63 36 9 9.0747 0
24 64 28 8.9749 0
35 62 119 8.548 0
94 63 10 8.1486 0
94 62 116 8.0868 0
34 63 9 8.0191 0
95 85 49 7.81 0
33 86 77 7.5951 0
30 48 85 7.5911 0
97 48 85 7.5901 0
55 74 64 7.0899 0
72 74 63 7.0892 0
60 30 25 6.9736 0
30 48 43 7.0231 0
97 48 43 7.0193 0
71 59 63 6.9263 0
56 59 64 6.9264 0
60 92 15 6.7902 0
44 97 79 6.6729 0
60 91 112 6.6799 0
84 96 48 6.6724 0
30 81 44 6.2762 0
63 14 102 6.3576 0
97 80 83 5.7286 0
28 76 87 5.6942 0
90 19 72 5.6404 0
47 99 43 5.6518 0
38 18 73 5.5263 0
39 18 55 5.5405 0
88 18 55 5.5397 0
68 84 104 5.301 0
81 98 83 5.3225 0
68 85 23 5.301 0
62 17 27 5.2088 0
33 46 71 5.0148 0
50 46 118 5.0716 0
32 45 57 4.9659 0
49 13 47 4.8927 0
74 33 29 4.9303 0
78 13 47 4.8915 0
98 77 38 4.8307 0
95 45 56 4.9068 0
78 46 117 4.7443 0
94 45 72 4.561 0
32 36 79 4.5866 0
78 12 82 4.5734 0
49 12 82 4.5736 0
95 36 79 4.5863 0
74 36 106 4.5945 0
53 36 106 4.5945 0
33 55 106 4.5611 0
43 53 9 4.4257 0
58 86 27 4.2931 0
58 85 100 4.2931 0
50 65 105 4.3184 0
54 77 105 4.3087 0
33 35 49 4.1011 0
78 46 10 4.241 0
51 46 9 4.1848 0
94 35 49 4.1003 0
69 27 107 4.1596 0
58 27 107 4.1602 0
59 54 105 4.0765 0
71 89 116 4.0773 0
79 36 97 3.9601 0
48 36 97 3.9601 0
29 70 41 4.0016 0
73 37 19 3.9853 0
32 52 30 4.0175 0
98 74 93 3.967 0
72 56 105 3.9634 0
55 56 22 3.9623 0
77 71 105 3.9538 0
50 71 22 3.9527 0
50 35 30 3.9343 0
78 99 38 3.943 0
94 55 22 3.9054 0
33 56 21 3.9449 0
52 100 87 3.8978 0
32 70 107 3.8722 0
64 53 22 3.8216 0
30 60 42 3.8445 0
75 59 22 3.8793 0
94 51 98 3.8494 0
63 90 86 3.8534 0
34 49 97 3.7993 0
86 52 114 3.8314 0
30 61 84 3.7185 0
84 53 10 3.7147 0
76 74 23 3.7255 0
39 91 42 3.7778 0
98 66 86 3.7765 0
40 51 112 3.7282 0
71 90 12 3.6459 0
35 27 77 3.6232 0
94 51 30 3.5797 0
80 92 58 3.5596 0
92 53 106 3.6176 0
88 42 36 3.5674 0
0
