128
127 0 0 71.978 0
0 0 127 71.167 0
127 127 127 70.9493 0
0 127 0 66.8437 0
12 114 110 43.4972 0
11 17 13 43.3515 0
108 111 17 40.8125 0
106 21 106 36.9946 0
59 63 45 28.1924 0
62 115 62 20.5197 0
59 68 107 19.6818 0
65 14 66 18.0539 0
127 71 52 13.8672 0
0 69 75 13.4512 0
0 61 47 12.1825 0
126 58 80 11.3821 0
62 93 87 11.288 0
63 35 87 10.0149 0
40 26 58 9.7659 0
41 63 83 9.533 0
77 63 83 9.5042 0
106 65 79 8.5712 0
6 43 59 8.5047 0
58 21 38 8.3748 0
107 67 41 8.0423 0
62 99 34 7.9225 0
35 103 64 7.6213 0
6 88 65 7.4892 0
92 63 95 7.4951 0
88 101 63 7.3236 0
121 44 67 7.3245 0
20 64 36 7.2597 0
24 36 60 7.1523 0
87 29 65 6.8139 0
48 33 73 6.8023 0
19 63 67 6.7413 0
114 87 59 6.5534 0
26 67 94 6.4475 0
46 97 76 6.0654 0
93 63 57 5.7494 0
93 68 36 5.8115 0
76 46 85 5.6644 0
50 49 91 5.7172 0
7 77 54 5.5617 0
80 75 93 5.3577 0
38 75 93 5.3387 0
14 51 70 5.1185 0
77 97 76 5.1506 0
109 51 75 5.0532 0
117 54 56 5.0296 0
79 31 55 4.9278 0
17 59 79 4.9182 0
102 61 65 4.6676 0
27 62 57 4.8612 0
109 37 66 4.7896 0
101 97 61 4.6994 0
46 83 91 4.7101 0
43 100 52 4.6429 0
15 50 49 4.6276 0
76 33 78 4.5072 0
123 73 72 4.4311 0
15 72 45 4.4644 0
34 36 68 4.5288 0
15 70 88 4.4153 0
67 50 91 4.3695 0
80 99 52 4.4335 0
21 99 64 4.3351 0
49 40 83 4.3138 0
109 78 50 4.1577 0
59 90 71 4.1955 0
70 26 46 3.9478 0
62 38 72 4.0809 0
100 33 65 3.9898 0
123 56 64 4.019 0
88 92 72 3.9391 0
109 57 49 3.9172 0
72 100 44 3.8982 0
41 48 83 3.6183 0
91 57 38 3.7957 0
67 31 38 3.7957 0
76 84 90 3.7954 0
28 73 38 3.7957 0
19 69 77 3.7595 0
50 32 38 3.7957 0
119 80 67 3.5911 0
51 101 44 3.5844 0
85 52 87 3.6449 0
22 53 43 3.5096 0
4 55 64 3.4716 0
46 89 84 3.5086 0
58 46 79 3.4279 0
51 24 49 3.3716 0
59 50 86 3.2736 0
28 42 50 3.3628 0
34 93 73 3.3082 0
86 37 73 3.2232 0
75 34 63 3.1694 0
99 57 87 3.24 0
81 63 69 3.1879 0
46 96 60 3.1117 0
77 90 84 3.1475 0
98 58 42 3.1268 0
28 42 71 3.1669 0
59 78 84 3.1153 0
13 85 56 3.0878 0
95 72 87 3.1247 0
45 28 45 3.0543 0
112 47 59 2.9987 0
98 75 42 2.999 0
34 36 50 2.8474 0
70 35 72 2.8018 0
23 47 48 2.9121 0
37 63 70 2.8482 0
88 76 39 2.7878 0
49 93 39 2.7878 0
16 59 46 2.7912 0
113 58 71 2.7999 0
17 62 88 2.8183 0
16 93 60 2.7575 0
73 94 39 2.7878 0
56 34 66 2.7614 0
29 52 39 2.7878 0
116 65 71 2.7429 0
69 94 73 2.6355 0
51 94 68 2.6456 0
16 42 66 2.6346 0
30 58 90 2.5425 0
18 45 55 2.6059 0
0
