128
63 67 32 36.5425 0
127 0 127 67.7351 0
0 127 127 68.7464 0
0 0 0 59.635 0
127 127 110 58.3595 0
127 1 0 58.0724 0
0 127 0 54.6173 0
7 6 113 52.2023 0
127 119 0 50.8761 0
68 67 95 25.5883 0
63 0 60 23.8644 0
66 127 36 18.821 0
0 62 68 17.6478 0
127 63 67 17.3986 0
64 123 71 14.6438 0
0 66 35 13.9683 0
126 64 35 12.8972 0
40 121 55 11.9439 0
6 88 54 11.0877 0
93 21 58 10.4696 0
91 118 51 10.0966 0
35 21 58 10.1123 0
115 37 58 10.0564 0
65 103 87 9.7208 0
120 87 54 9.7746 0
62 23 87 9.4357 0
13 37 59 9.2961 0
70 20 33 9.2023 0
33 61 99 8.9034 0
41 64 73 7.5537 0
58 90 71 7.6381 0
101 63 72 7.4879 0
20 103 56 7.4176 0
46 79 72 7.2033 0
104 66 96 7.1556 0
46 108 39 7.0391 0
107 58 28 6.9891 0
8 49 47 6.6583 0
84 106 38 6.7361 0
75 88 70 6.6855 0
25 64 72 6.6382 0
53 24 34 6.4805 0
19 76 30 6.5247 0
107 73 30 6.394 0
107 102 52 6.1845 0
20 59 29 6.0695 0
82 20 44 6.0489 0
76 23 77 5.9379 0
118 48 45 5.7538 0
55 36 95 5.687 0
9 61 91 5.529 0
82 113 65 5.533 0
39 77 85 5.566 0
119 64 90 5.5109 0
45 24 71 5.4867 0
46 21 45 5.2488 0
48 90 81 5.3643 0
87 64 69 5.1592 0
46 111 69 5.1613 0
84 76 69 5.0974 0
71 35 94 5.0506 0
95 94 40 4.8737 0
75 105 47 4.805 0
37 99 42 4.8569 0
117 80 40 4.8461 0
58 106 48 4.7211 0
43 48 95 4.7248 0
11 82 39 4.7016 0
101 33 66 4.5723 0
26 32 51 4.7014 0
101 85 37 4.6038 0
29 91 39 4.5439 0
34 107 64 4.5662 0
26 33 65 4.5642 0
52 107 77 4.5197 0
77 94 82 4.4246 0
38 66 86 4.4929 0
85 99 48 4.4503 0
76 116 56 4.2892 0
53 54 71 4.3258 0
101 32 49 4.3181 0
77 107 76 4.3163 0
68 95 63 4.2576 0
20 59 93 4.1544 0
85 26 71 4.1169 0
11 82 69 4.1494 0
45 101 49 4.1172 0
118 73 49 4.0688 0
66 103 53 4.0144 0
18 92 64 3.9364 0
81 29 34 3.884 0
50 27 80 3.8645 0
29 108 49 3.8144 0
48 90 63 3.8109 0
97 86 46 3.8059 0
25 82 40 3.655 0
98 106 57 3.7677 0
115 82 67 3.6307 0
91 92 50 3.5109 0
54 100 55 3.6609 0
35 92 49 3.6603 0
73 99 56 3.5282 0
102 76 42 3.4493 0
41 57 86 3.4942 0
74 53 69 3.5117 0
93 30 70 3.4765 0
108 94 60 3.4879 0
75 30 86 3.1841 0
56 116 54 3.3933 0
10 73 51 3.275 0
84 84 76 3.3735 0
52 99 82 3.3326 0
59 97 61 3.2561 0
23 67 92 3.2939 0
90 108 62 3.3113 0
84 84 64 3.3124 0
81 95 56 3.2243 0
18 95 47 3.2333 0
29 84 47 3.2771 0
99 107 46 3.2704 0
93 28 45 3.2626 0
35 30 70 3.1861 0
85 89 83 3.211 0
44 95 55 3.2042 0
37 27 45 3.1937 0
103 68 40 3.2301 0
97 56 93 3.1516 0
23 71 39 3.1711 0
0
