128
127 0 127 85.133 0
0 0 0 83.3815 0
127 127 0 74.7909 0
0 127 127 74.3022 0
92 101 92 25.6905 0
34 99 36 25.6866 0
84 50 42 21.4423 0
42 51 83 21.2064 0
60 81 78 13.0788 0
67 82 49 12.4802 0
56 127 52 11.9628 0
85 69 72 11.4504 0
48 65 51 11.1336 0
69 126 75 10.8118 0
38 79 67 9.802 0
64 107 53 8.4149 0
71 53 73 7.8766 0
55 23 71 7.7487 0
63 106 74 7.6362 0
72 21 54 7.6344 0
90 86 62 6.854 0
56 47 55 6.4578 0
64 36 70 6.099 0
61 35 56 5.4515 0
63 64 70 4.927 0
59 9 67 4.8178 0
68 7 58 4.735 0
66 65 57 4.4559 0
84 120 68 4.6278 0
53 97 71 4.6297 0
57 95 57 4.3834 0
77 100 57 4.3834 0
71 119 57 4.3834 0
51 83 57 4.3834 0
70 95 71 4.2879 0
56 118 70 4.2295 0
78 84 70 4.1822 0
43 119 60 3.9648 0
44 92 70 3.7757 0
76 70 58 3.4925 0
61 57 58 3.4664 0
79 91 58 3.3755 0
71 34 58 3.4791 0
52 110 70 3.4536 0
77 44 67 3.4886 0
76 109 58 3.3755 0
49 113 58 3.3755 0
74 111 70 3.288 0
80 78 60 3.3048 0
52 34 67 3.176 0
49 41 60 3.0085 0
54 68 68 2.796 0
61 25 59 2.4894 0
61 46 67 2.901 0
36 93 66 2.703 0
50 122 66 2.8199 0
68 96 59 2.3676 0
63 96 67 2.7908 0
66 22 66 2.754 0
78 121 62 2.7386 0
66 43 59 2.4895 0
78 34 61 2.5948 0
61 53 67 2.6118 0
73 104 69 2.5415 0
53 102 59 2.3676 0
45 100 69 2.3091 0
61 19 59 2.4894 0
70 69 69 2.3189 0
65 49 59 2.3676 0
68 28 66 2.3445 0
58 72 59 2.3676 0
86 96 59 2.3676 0
50 91 59 2.3676 0
72 33 66 2.2756 0
49 104 69 2.2721 0
56 39 66 2.2694 0
71 63 68 2.2136 0
71 41 66 2.1948 0
50 53 60 2.2071 0
49 71 64 2.1715 0
38 113 61 2.0682 0
92 97 63 1.9908 0
72 81 67 1.9908 0
66 15 65 1.9523 0
67 45 66 1.8232 0
71 87 68 1.9213 0
49 76 61 1.8284 0
81 90 67 1.736 0
81 113 68 1.8167 0
48 87 68 1.7573 0
63 98 60 1.7242 0
77 57 65 1.7283 0
77 64 61 1.6439 0
66 114 68 1.7586 0
66 122 62 1.6382 0
77 97 68 1.7016 0
77 28 60 1.7003 0
62 116 67 1.736 0
50 35 61 1.6437 0
50 65 65 1.6102 0
54 104 68 1.6631 0
40 97 68 1.5929 0
67 89 66 1.5728 0
49 115 68 1.6886 0
56 62 67 1.6351 0
72 76 68 1.4401 0
71 40 60 1.567 0
55 111 60 1.3597 0
50 97 60 1.3597 0
62 18 65 1.6035 0
66 14 60 1.5426 0
61 11 60 1.5635 0
56 26 60 1.5669 0
73 94 60 1.3597 0
56 79 60 1.5669 0
55 55 60 1.3806 0
88 114 66 1.4656 0
66 54 60 1.5426 0
76 37 65 1.4951 0
66 30 60 1.5426 0
71 61 60 1.567 0
43 112 60 1.3597 0
75 117 67 1.5249 0
48 106 60 1.3597 0
62 116 60 1.3597 0
50 75 67 1.3838 0
69 71 60 1.3597 0
58 114 60 1.3597 0
0
