128
127 0 127 84.3181 0
127 127 0 74.8786 0
0 0 0 74.5635 0
0 97 127 73.8771 0
35 92 30 26.9855 0
89 38 30 24.8048 0
87 125 91 23.2712 0
86 83 75 20.131 0
43 32 77 17.3474 0
48 127 55 16.5609 0
44 59 57 14.8288 0
77 4 43 12.2509 0
57 59 32 11.4585 0
79 54 63 10.996 0
79 70 45 10.8241 0
53 6 67 9.4218 0
53 83 62 9.3741 0
67 63 88 8.9813 0
52 102 62 8.0696 0
72 25 56 7.5814 0
72 119 63 7.4264 0
73 103 59 7.1615 0
54 56 79 7.0606 0
56 26 55 6.7483 0
55 43 45 6.6473 0
71 86 51 6.6167 0
60 122 76 6.4073 0
67 45 74 6.2127 0
65 78 37 5.7445 0
72 37 64 5.6504 0
54 69 74 5.5534 0
68 44 53 5.2911 0
69 102 85 5.4369 0
67 63 72 5.2112 0
66 5 58 5.2591 0
66 63 54 5.181 0
56 42 60 5.1212 0
59 102 50 4.5503 0
60 81 48 4.5154 0
64 24 42 4.5376 0
74 106 73 4.2272 0
67 89 38 4.3279 0
57 114 39 4.177 0
60 84 75 4.1498 0
57 49 69 3.9987 0
72 56 48 4.0357 0
55 70 44 3.9024 0
58 98 73 3.7476 0
69 100 48 3.8112 0
64 77 85 3.7435 0
71 70 60 3.6781 0
54 113 70 3.4803 0
62 23 70 3.445 0
57 10 54 3.4609 0
68 99 70 3.4499 0
61 34 39 3.2421 0
73 12 57 3.3541 0
68 118 52 3.2079 0
63 62 63 3.0724 0
67 80 60 3.0866 0
63 100 41 3.123 0
56 32 45 3.06 0
55 74 51 2.9717 0
65 99 77 2.9702 0
56 19 65 2.8791 0
68 27 67 2.7973 0
56 109 46 2.7835 0
65 44 64 2.777 0
57 77 78 2.8538 0
68 55 77 2.6433 0
64 86 84 2.8016 0
58 89 51 2.656 0
63 64 45 2.6688 0
59 16 73 2.655 0
64 118 46 2.6351 0
61 72 80 2.5202 0
69 56 41 2.5633 0
70 19 45 2.4339 0
63 9 50 2.3873 0
69 91 60 2.3569 0
67 92 86 2.4618 0
54 16 57 2.4229 0
62 23 63 2.4322 0
58 58 69 2.3769 0
65 41 45 2.3836 0
63 47 40 2.3538 0
69 116 73 2.4301 0
60 59 48 2.3738 0
59 67 50 2.335 0
57 91 72 2.3849 0
65 16 40 2.3515 0
71 112 53 2.2614 0
71 36 55 2.3175 0
68 107 50 2.2414 0
66 70 77 2.2798 0
66 86 63 2.3018 0
55 105 73 2.1526 0
58 65 67 2.2612 0
60 106 40 2.2649 0
68 35 72 2.1704 0
62 100 67 2.2399 0
67 78 46 2.1828 0
66 68 40 2.2342 0
61 118 67 2.2031 0
70 76 56 2.1677 0
68 30 47 2.1207 0
64 36 78 2.1618 0
56 37 53 2.0672 0
63 114 86 2.1688 0
62 104 57 2.0892 0
56 93 55 2.1117 0
58 77 72 2.0843 0
60 41 69 2.0256 0
61 119 85 2.0955 0
57 33 62 2.0602 0
70 95 43 1.9814 0
60 47 54 1.9474 0
58 76 42 2.0248 0
60 28 65 1.8999 0
69 95 64 2.0103 0
67 21 66 1.9181 0
59 21 47 1.9508 0
56 71 63 1.9855 0
57 109 55 1.9838 0
68 49 46 1.8277 0
65 79 66 1.9405 0
57 112 64 1.8866 0
56 17 51 1.887 0
0
