128
127 0 127 72.8174 0
0 0 0 72.8174 0
127 127 0 72.8174 0
0 127 127 72.8174 0
29 98 29 32.1409 0
29 29 98 32.1409 0
98 98 98 32.1409 0
98 29 29 32.1409 0
69 58 85 16.7884 0
66 67 42 16.7778 0
64 102 63 15.472 0
63 25 63 15.472 0
127 70 75 12.9006 0
0 57 75 12.9006 0
0 72 53 12.3872 0
127 55 53 12.3872 0
42 69 80 11.7419 0
37 59 48 10.7306 0
93 68 49 9.7227 0
100 60 77 8.7476 0
51 43 50 8.7149 0
22 64 76 7.7252 0
58 82 76 7.7292 0
79 87 52 6.7819 0
19 60 52 6.6991 0
84 34 68 6.4136 0
43 93 68 6.4136 0
42 34 60 6.4028 0
71 46 53 5.6912 0
108 61 53 5.6912 0
90 47 74 5.7129 0
87 69 74 5.6912 0
74 79 74 5.7473 0
89 92 61 5.3934 0
6 39 69 5.1917 0
121 88 69 5.1917 0
47 72 54 4.6834 0
120 72 56 4.7986 0
7 55 56 4.7986 0
53 47 73 4.7502 0
114 56 73 4.6834 0
108 73 54 4.6834 0
54 82 54 4.6834 0
86 55 54 4.6834 0
28 77 73 4.6834 0
7 88 58 4.2768 0
120 39 58 4.2768 0
7 73 70 4.2651 0
26 70 55 3.6755 0
91 83 55 3.6755 0
32 56 72 3.7421 0
74 40 72 3.8421 0
105 72 72 3.7112 0
52 56 55 3.6755 0
37 83 72 3.7075 0
120 80 62 3.7479 0
7 47 62 3.7479 0
37 43 55 3.6755 0
120 50 68 3.7499 0
87 57 72 3.6755 0
24 50 55 3.6755 0
48 55 72 3.7323 0
17 74 55 3.6755 0
17 53 72 3.6875 0
37 73 55 3.6755 0
81 76 55 3.6755 0
17 75 72 3.6875 0
46 83 72 3.6755 0
99 80 55 3.6755 0
32 90 66 3.4448 0
96 55 55 3.6755 0
99 90 62 3.5 0
28 37 62 3.5 0
95 37 67 3.4448 0
80 90 67 3.3736 0
100 46 71 2.7616 0
17 86 61 2.898 0
110 41 61 2.898 0
111 50 56 2.6676 0
111 65 71 2.6969 0
53 61 71 2.7758 0
64 43 71 2.6897 0
95 74 71 2.7549 0
58 69 71 2.7248 0
64 73 71 2.6897 0
43 49 71 2.7009 0
40 56 71 2.6676 0
79 46 71 2.7421 0
60 50 56 2.6676 0
49 63 56 2.6676 0
8 80 66 2.7401 0
106 49 71 2.674 0
111 78 71 2.6969 0
25 53 71 2.6676 0
15 51 56 2.6676 0
12 46 71 2.6676 0
80 45 56 2.6676 0
104 52 56 2.6676 0
62 43 56 2.6676 0
45 80 56 2.6676 0
84 79 71 2.7009 0
81 67 56 2.6676 0
66 82 56 2.6676 0
78 58 56 2.6676 0
78 71 71 2.6676 0
30 45 56 2.6676 0
48 89 58 2.6645 0
48 38 69 2.6645 0
79 38 58 2.6645 0
107 89 64 2.3896 0
105 38 64 2.3896 0
22 89 64 2.3896 0
17 38 64 2.3896 0
113 89 66 2.3653 0
103 85 59 2.2021 0
24 42 59 2.2021 0
74 87 70 1.9665 0
32 63 70 1.7858 0
53 72 70 1.8156 0
118 63 63 1.7629 0
25 85 62 1.8901 0
111 86 62 1.8901 0
102 42 62 1.8901 0
78 52 57 1.6597 0
9 63 62 1.7629 0
50 77 70 1.6597 0
96 87 57 1.8208 0
52 88 69 1.6856 0
0
