128
64 64 14 36.1991 0
0 0 127 55.89 0
127 127 127 55.89 0
127 0 127 55.89 0
0 127 127 55.89 0
0 0 0 52.7626 0
0 127 0 52.7626 0
127 0 0 52.7626 0
127 127 0 52.7626 0
0 63 65 30.8651 0
64 127 65 30.8651 0
64 0 65 30.8651 0
127 64 65 30.8651 0
62 69 127 19.5985 0
61 57 73 22.1844 0
22 105 62 14.9002 0
64 34 122 14.6492 0
23 22 63 14.3309 0
105 23 63 14.3309 0
105 104 60 13.9619 0
96 63 120 13.3631 0
30 63 119 12.8199 0
64 105 107 12.4658 0
82 82 56 11.6289 0
45 83 54 10.8008 0
18 71 27 10.6301 0
57 18 27 10.6301 0
81 81 85 10.0854 0
83 43 52 9.9724 0
57 24 99 9.7549 0
103 55 98 9.6671 0
24 72 98 9.6671 0
108 73 28 9.3386 0
56 108 28 9.3386 0
42 42 49 9.2319 0
108 53 29 9.0706 0
45 82 86 8.9937 0
76 108 31 8.8427 0
102 75 96 8.4873 0
25 52 96 8.4873 0
20 51 29 8.0895 0
78 20 33 7.9733 0
86 62 54 7.7887 0
76 26 97 7.5711 0
45 48 115 7.5003 0
102 92 79 7.5439 0
83 46 115 7.5003 0
39 25 82 7.2601 0
25 88 82 7.2601 0
102 39 82 7.2601 0
39 102 82 7.2596 0
79 101 93 7.2198 0
63 86 61 7.1738 0
62 83 89 7.1807 0
38 105 45 7.0194 0
22 89 45 7.0194 0
89 105 44 6.9315 0
105 38 46 7.1072 0
38 22 46 7.1072 0
22 37 46 7.1072 0
90 22 46 7.1072 0
40 60 51 7.0482 0
84 43 87 6.8978 0
105 89 44 6.9315 0
91 26 81 6.5313 0
26 36 81 6.5313 0
51 91 114 6.4924 0
83 83 114 6.4924 0
90 101 82 6.4393 0
48 100 95 6.3914 0
86 41 70 6.3831 0
51 86 71 6.2955 0
66 39 50 6.132 0
89 89 39 6.0941 0
67 86 75 5.9441 0
85 64 88 5.8059 0
42 42 89 5.7181 0
37 37 34 5.5293 0
40 79 113 5.4845 0
87 69 68 5.5549 0
90 37 35 5.4414 0
37 90 35 5.4414 0
40 79 70 5.3792 0
42 67 92 4.8331 0
39 41 64 4.9023 0
60 99 90 4.9482 0
88 54 65 4.8144 0
50 24 41 4.6599 0
50 103 41 4.6599 0
24 77 41 4.6599 0
44 29 26 4.517 0
79 28 84 4.4211 0
65 90 47 4.3874 0
52 28 85 4.5089 0
85 42 100 4.1399 0
71 87 112 4.4767 0
71 51 112 4.4767 0
79 58 112 4.4767 0
38 69 60 4.2496 0
85 85 100 4.1399 0
88 88 71 4.2872 0
43 29 94 4.2955 0
87 54 82 4.3247 0
99 80 83 4.3332 0
28 48 83 4.3332 0
42 85 100 4.1399 0
78 94 111 4.295 0
89 100 70 4.1979 0
42 42 100 4.1399 0
86 64 100 3.5927 0
41 55 92 3.9431 0
24 84 34 4.045 0
43 103 34 4.045 0
63 41 95 4.0814 0
82 54 92 3.9431 0
73 41 92 3.9431 0
36 80 40 3.9982 0
42 24 34 4.045 0
98 87 91 4.032 0
39 41 74 4.0238 0
26 86 56 3.9695 0
41 101 56 3.9695 0
55 37 52 3.9482 0
28 99 42 3.9372 0
88 60 75 3.936 0
91 78 42 3.8226 0
78 91 42 3.8226 0
36 71 44 3.6469 0
0
