128
127 127 0 62.7793 0
0 0 127 60.7313 0
0 127 0 62.7793 0
127 0 127 60.7313 0
0 0 0 61.5386 0
127 0 0 61.5386 0
127 127 127 56.8673 0
0 127 127 56.8673 0
127 66 75 22.2114 0
0 66 75 22.2114 0
64 127 57 20.8447 0
59 0 57 19.1287 0
62 69 0 11.7045 0
65 66 127 7.6586 0
63 43 127 13.8746 0
39 65 127 13.8049 0
88 65 127 13.8049 0
64 124 93 13.7662 0
64 94 127 12.9671 0
89 14 64 12.3622 0
34 111 67 12.3954 0
64 9 88 12.5175 0
93 111 67 12.3954 0
11 63 41 12.3832 0
116 63 41 12.3832 0
109 34 64 11.9403 0
18 34 64 11.9403 0
86 63 0 11.7045 0
62 41 0 11.7045 0
64 29 104 10.8988 0
39 62 1 10.6966 0
19 92 65 10.4196 0
108 92 65 10.4196 0
36 18 66 10.3705 0
19 66 103 10.3797 0
108 66 103 10.3797 0
64 15 31 9.1844 0
64 109 32 8.8078 0
64 91 4 8.067 0
25 63 22 8.1644 0
102 63 22 8.1644 0
63 27 17 8.0085 0
67 107 109 7.4858 0
104 46 80 7.4735 0
23 46 80 7.4735 0
47 114 83 7.0488 0
70 38 49 0.8936 0
65 98 19 7.0511 0
48 20 81 7.0877 0
79 22 83 6.6921 0
77 114 79 6.6562 0
106 86 82 6.4991 0
21 86 82 6.4991 0
17 80 50 6.3484 0
110 80 50 6.3484 0
101 53 93 6.0572 0
26 53 93 6.0572 0
48 83 121 6.0772 0
94 30 75 6.0303 0
109 47 50 5.8898 0
18 47 50 5.8898 0
45 107 50 5.772 0
80 84 120 5.8578 0
76 16 43 5.8683 0
82 107 50 5.772 0
75 81 6 5.6573 0
32 32 77 5.6003 0
42 19 50 5.322 0
81 49 117 5.27 0
46 49 117 5.27 0
54 36 53 0.9945 0
50 28 92 5.1101 0
55 108 102 4.9383 0
31 74 111 5.0318 0
96 74 111 5.0318 0
75 40 111 4.8355 0
99 96 79 4.8734 0
28 96 79 4.8734 0
51 39 109 4.916 0
31 57 110 4.7491 0
96 57 110 4.7491 0
55 101 111 4.8047 0
105 78 92 4.7013 0
22 78 92 4.7013 0
79 48 7 4.6494 0
73 16 73 4.7123 0
78 30 93 4.7241 0
32 98 54 4.6629 0
95 98 54 4.6629 0
52 106 40 4.7202 0
51 18 40 4.7264 0
70 55 7 4.6494 0
54 55 7 4.6494 0
52 83 7 4.6494 0
92 56 15 4.4328 0
71 77 123 4.4903 0
75 106 41 4.3904 0
35 56 16 4.4328 0
35 70 15 4.2363 0
58 77 123 4.2428 0
31 28 54 4.22 0
96 28 54 4.22 0
92 70 16 4.2363 0
75 109 98 4.2738 0
19 51 61 4.2205 0
108 51 61 4.2205 0
94 43 89 4.123 0
33 43 89 4.123 0
59 26 87 4.2281 0
24 72 33 4.1323 0
103 72 33 4.1323 0
87 107 84 4.151 0
79 38 102 4.1119 0
58 113 78 4.0317 0
73 36 16 3.8371 0
38 105 83 3.8855 0
44 42 102 3.9158 0
35 48 99 3.9375 0
92 48 99 3.9375 0
102 89 51 3.8071 0
25 89 51 3.8071 0
22 50 38 3.8916 0
105 50 38 3.8916 0
75 96 113 3.8534 0
54 36 14 3.8371 0
50 92 115 3.7972 0
39 81 114 3.8122 0
68 26 86 3.7946 0
0
