128
0 61 127 82.8903 0
127 0 0 77.546 0
127 127 98 62.0421 0
29 127 0 62.0006 0
83 0 93 24.092 0
91 53 76 20.7144 0
51 54 35 20.6141 0
87 83 40 19.7303 0
47 0 58 19.3396 0
53 127 74 14.7395 0
53 81 52 9.8817 0
53 30 55 9.5825 0
79 25 70 8.62 0
79 81 70 8.62 0
54 102 64 8.5746 0
78 54 48 8.023 0
78 109 49 7.7697 0
70 125 58 6.4308 0
72 7 64 5.6641 0
76 39 55 5.5963 0
69 35 76 5.6832 0
76 99 61 5.5963 0
57 21 70 5.551 0
76 66 57 5.5963 0
59 67 60 5.5359 0
59 48 61 5.5359 0
72 89 82 5.5105 0
61 109 82 5.4951 0
68 24 82 5.1447 0
57 10 81 5.05 0
67 62 68 5.039 0
58 88 65 4.5431 0
60 18 47 4.221 0
66 36 46 4.2133 0
64 91 46 4.1304 0
68 99 81 4.1368 0
65 73 46 4.1304 0
74 95 72 3.5806 0
61 78 66 3.5202 0
59 116 59 3.5534 0
73 73 79 3.5388 0
74 37 66 3.5806 0
74 29 56 3.5806 0
74 89 60 3.5806 0
74 113 60 3.5806 0
59 37 67 3.5353 0
59 94 54 3.5353 0
71 65 47 3.2736 0
71 43 47 3.2736 0
70 100 47 3.1229 0
64 27 47 3.1225 0
73 19 59 2.5727 0
73 48 59 2.5727 0
61 19 79 2.8088 0
73 69 67 2.6168 0
60 31 72 2.7796 0
73 57 59 2.5727 0
60 101 77 2.5873 0
73 80 59 2.5727 0
73 107 65 2.5727 0
73 14 71 2.5727 0
62 56 57 2.5123 0
73 102 70 2.5727 0
60 101 52 2.5274 0
60 110 72 2.5274 0
62 5 75 2.4564 0
60 94 74 2.5274 0
73 74 62 2.5727 0
62 44 69 2.5123 0
60 109 56 2.5274 0
62 57 63 2.5534 0
60 20 60 2.5274 0
68 9 55 2.5074 0
71 67 74 2.2494 0
64 12 68 2.1921 0
71 80 79 2.3262 0
71 118 50 2.0157 0
63 50 69 2.0374 0
64 93 79 2.1211 0
63 72 69 2.0322 0
63 98 48 2.1147 0
72 33 49 2.1164 0
65 84 48 2.1147 0
70 119 67 1.9434 0
62 43 54 1.77 0
64 13 78 1.9298 0
65 12 50 1.9751 0
61 39 60 1.5195 0
63 71 53 1.5044 0
72 90 67 1.5648 0
72 19 77 1.6517 0
66 88 56 0.9036 0
72 44 65 1.5648 0
64 55 70 1.6213 0
61 39 50 1.6065 0
72 23 54 1.5648 0
61 17 55 1.5529 0
62 28 78 1.6141 0
63 61 55 1.5044 0
72 13 57 1.6236 0
72 107 59 1.5648 0
72 114 66 1.5648 0
61 83 71 1.571 0
66 6 70 1.4993 0
72 29 62 1.5648 0
72 102 54 1.5648 0
72 46 53 1.5648 0
63 75 57 1.5044 0
72 74 54 1.5648 0
58 13 72 1.5422 0
69 9 72 1.5422 0
72 95 55 1.5648 0
72 70 51 1.5648 0
72 72 73 1.5648 0
72 24 60 1.5648 0
72 98 52 1.5648 0
61 29 67 1.5195 0
72 34 61 1.5648 0
72 15 66 1.5648 0
61 111 67 1.5195 0
61 105 73 1.5195 0
72 101 76 1.5648 0
61 17 64 1.5529 0
63 79 72 1.5044 0
61 32 64 1.5195 0
63 81 61 1.5044 0
61 111 62 1.5195 0
66 36 57 0.8799 0
0
