128
127 0 127 65.0649 0
5 123 4 56.9336 0
0 127 127 64.9227 0
0 0 0 64.597 0
127 127 0 64.1433 0
122 6 5 55.961 0
122 121 120 54.9612 0
6 6 120 54.593 0
63 64 91 29.679 0
63 64 24 26.9051 0
63 0 49 14.0583 0
0 71 52 12.9292 0
127 64 46 12.7127 0
62 0 81 12.5664 0
65 127 82 12.3875 0
63 126 44 12.41 0
110 64 84 12.3609 0
15 63 84 12.3609 0
0 44 63 11.2077 0
127 43 63 10.9747 0
86 127 64 10.334 0
68 24 82 10.3452 0
58 104 82 10.3452 0
85 0 62 10.3418 0
41 127 62 10.3553 0
41 0 64 10.3557 0
127 85 63 10.0543 0
63 26 32 9.6059 0
101 64 31 9.3168 0
24 64 31 9.4187 0
64 103 31 8.9222 0
4 90 63 8.0939 0
127 67 69 7.6476 0
96 47 79 7.3216 0
29 79 79 7.3216 0
1 75 74 7.3979 0
48 31 79 7.3216 0
30 49 79 7.3216 0
79 99 79 7.3216 0
95 81 79 7.3216 0
74 109 46 6.7534 0
84 35 78 6.3137 0
15 49 51 6.4596 0
40 91 78 6.3137 0
54 108 45 6.363 0
111 47 52 6.171 0
79 25 56 2.9597 0
80 47 63 6.0005 0
84 16 55 6.0259 0
31 110 61 6.001 0
19 69 46 5.9403 0
111 90 59 5.8936 0
46 25 56 3.413 0
53 115 57 5.5709 0
99 110 63 5.7912 0
47 48 62 5.6391 0
69 126 63 5.693 0
19 90 57 5.476 0
52 17 77 5.3058 0
42 15 56 5.6501 0
48 80 62 5.6391 0
78 80 62 5.6391 0
1 60 71 5.575 0
78 113 77 5.4911 0
109 71 43 5.4631 0
75 115 58 5.4105 0
105 25 62 5.4652 0
20 26 64 5.2847 0
26 52 41 5.3016 0
107 68 60 2.2637 0
29 12 64 4.9653 0
111 55 42 5.044 0
92 52 35 4.9622 0
98 12 62 4.9222 0
92 77 35 4.8792 0
76 34 36 4.8785 0
72 17 41 4.9501 0
121 77 76 4.9411 0
57 125 65 4.8506 0
114 48 76 4.8762 0
50 35 36 4.717 0
63 20 48 4.8544 0
116 68 61 4.8227 0
13 59 44 4.8291 0
49 120 76 4.7073 0
52 93 35 4.7359 0
41 95 52 3.0943 0
12 47 75 4.7021 0
35 77 35 4.7502 0
14 100 62 4.6398 0
78 91 35 4.7359 0
80 24 47 4.6133 0
123 55 75 4.6828 0
101 51 43 4.693 0
89 95 56 2.1785 0
68 68 56 4.6347 0
68 46 61 4.6312 0
81 59 61 4.6312 0
102 85 50 4.5635 0
59 59 56 4.5703 0
17 92 68 4.534 0
46 25 47 4.5364 0
32 38 56 2.1815 0
12 70 66 4.5365 0
111 47 64 4.5038 0
54 17 42 4.2963 0
115 30 64 4.3734 0
38 39 76 4.298 0
33 82 51 1.4694 0
113 100 64 4.4425 0
16 49 64 4.3793 0
36 102 54 4.4016 0
31 66 76 4.298 0
92 102 55 4.4042 0
79 8 76 4.4199 0
41 16 67 4.379 0
62 10 66 4.3674 0
84 15 67 4.3428 0
90 93 76 4.298 0
111 80 76 4.298 0
83 21 76 4.298 0
15 81 76 4.298 0
27 32 56 4.3213 0
92 35 56 2.0056 0
43 105 76 4.298 0
18 69 58 4.1759 0
11 32 66 4.2006 0
59 82 61 4.078 0
0
