128
0 127 0 101.598 0
123 4 123 57.7726 0
127 127 127 64.3557 0
127 0 0 64.3557 0
0 0 127 64.3557 0
33 93 127 32.3925 0
32 0 35 31.7814 0
93 62 65 28.1169 0
74 63 117 18.0572 0
74 3 64 17.617 0
42 60 90 16.5109 0
37 38 66 13.8606 0
59 31 16 11.0446 0
57 118 98 10.6439 0
81 99 74 9.8294 0
77 51 31 9.9224 0
64 35 109 9.2322 0
50 14 73 9.2078 0
55 55 65 8.762 0
63 10 89 8.7383 0
78 79 95 8.2025 0
84 26 54 8.0049 0
84 26 73 8.0049 0
77 48 95 7.5183 0
59 72 75 7.4407 0
68 89 107 7.0074 0
63 32 52 3.9859 0
70 114 84 6.791 0
44 37 44 6.7577 0
68 86 76 6.4667 0
63 32 76 3.9859 0
62 52 50 6.6026 0
69 13 41 6.4943 0
47 84 89 6.406 0
82 38 41 6.0367 0
45 37 86 5.7749 0
56 49 105 5.7106 0
82 35 84 5.3352 0
64 95 93 3.9859 0
64 102 105 4.9916 0
63 32 35 3.9859 0
64 32 88 3.9859 0
56 72 104 4.8402 0
46 27 80 4.8244 0
75 18 82 4.777 0
52 46 54 4.6702 0
81 91 88 4.5686 0
73 61 93 4.4165 0
48 23 60 4.5928 0
64 17 104 4.487 0
46 35 31 4.3456 0
54 47 77 4.3197 0
54 80 98 4.3197 0
63 32 66 3.9859 0
49 105 93 4.2503 0
49 42 100 4.1895 0
63 95 82 4.0792 0
65 45 23 3.985 0
77 21 44 4.0861 0
72 39 23 3.9837 0
66 15 30 3.8822 0
61 49 39 3.7413 0
54 46 44 3.4873 0
58 16 55 3.6047 0
56 83 79 3.6175 0
47 29 52 3.3939 0
73 46 44 3.4873 0
53 19 87 3.3565 0
67 102 79 3.443 0
72 69 89 3.4086 0
55 77 87 3.4086 0
63 79 103 2.9759 0
76 84 83 3.2091 0
47 97 90 3.2321 0
60 60 76 3.0898 0
66 47 103 2.9759 0
72 46 84 2.919 0
65 32 43 2.9853 0
65 32 96 2.9853 0
76 105 87 2.6697 0
50 41 35 2.7751 0
62 16 48 2.7353 0
69 110 94 2.6415 0
62 16 78 2.7353 0
78 25 86 2.7171 0
79 36 94 2.603 0
79 28 41 2.6346 0
71 78 82 2.5429 0
58 17 63 2.6415 0
63 48 30 2.5484 0
51 42 92 2.5809 0
79 36 50 2.603 0
65 48 59 2.5855 0
79 36 32 2.603 0
48 36 95 2.603 0
59 110 86 2.3448 0
76 39 102 2.3352 0
53 44 85 2.5055 0
61 18 25 2.3337 0
61 95 101 2.382 0
50 40 78 2.2719 0
56 47 96 2.4007 0
71 52 86 2.4007 0
71 68 96 2.4007 0
77 24 64 2.343 0
49 38 53 2.28 0
72 19 50 2.2043 0
49 26 88 2.3322 0
64 30 59 2.3469 0
49 26 69 2.3322 0
58 63 102 2.1219 0
56 46 90 2.2442 0
79 34 62 2.2164 0
72 19 93 2.2043 0
55 45 36 2.0866 0
76 41 48 1.9527 0
69 78 102 2.1219 0
71 98 102 1.968 0
71 32 25 1.968 0
76 41 82 1.9527 0
60 57 102 1.968 0
53 36 102 1.968 0
67 20 25 1.968 0
65 64 79 1.9618 0
59 84 102 1.968 0
58 42 25 1.968 0
69 23 102 1.968 0
70 46 50 1.958 0
0
