128
64 63 57 40.9802 0
127 127 127 59.1869 0
0 0 127 59.1213 0
0 127 127 58.7177 0
127 0 127 58.6837 0
0 127 0 54.0109 0
127 0 0 54.038 0
127 127 0 53.5043 0
0 0 0 53.5017 0
66 127 47 18.1378 0
61 0 47 18.1391 0
0 63 38 18.633 0
127 64 38 18.615 0
127 62 78 18.2252 0
0 65 78 18.1745 0
64 0 84 15.7672 0
64 127 84 15.724 0
35 123 61 14.91 0
92 4 61 14.8914 0
123 92 60 14.7765 0
4 35 60 14.7517 0
64 102 15 14.7725 0
121 33 61 14.1616 0
6 94 61 14.1151 0
64 25 16 13.8096 0
26 63 16 13.7235 0
102 63 16 13.6605 0
63 89 127 13.462 0
64 38 127 13.4182 0
33 7 62 13.0537 0
95 119 59 12.9817 0
37 63 127 12.8225 0
90 64 127 12.8303 0
64 18 104 9.6543 0
63 109 104 9.6659 0
111 63 103 9.4616 0
16 64 103 9.3853 0
64 63 108 8.4214 0
84 112 76 7.436 0
27 24 50 7.1786 0
43 111 42 7.0881 0
47 65 103 7.0879 0
84 16 42 7.0528 0
58 79 103 7.0326 0
24 104 69 6.9182 0
40 17 44 6.7114 0
44 15 78 6.9029 0
69 59 127 6.784 0
103 23 69 6.9012 0
78 72 103 6.8897 0
57 48 103 6.8267 0
76 52 103 6.7828 0
111 85 42 6.6802 0
16 42 42 6.6492 0
22 25 69 6.675 0
30 104 49 6.5577 0
97 23 49 6.5685 0
15 84 43 6.6181 0
97 102 47 6.5222 0
104 103 69 6.4495 0
110 41 44 6.463 0
85 110 43 6.2465 0
46 112 77 6.3568 0
81 15 77 6.2915 0
57 69 126 6.2745 0
45 33 24 6.1963 0
54 95 92 5.9839 0
51 16 30 6.0508 0
73 33 109 6.0703 0
94 81 24 6.0623 0
31 64 92 6.0339 0
106 91 75 6.0089 0
33 45 24 5.9514 0
77 110 31 5.8553 0
46 41 96 5.8849 0
47 47 120 5.9845 0
80 80 120 5.9936 0
38 83 92 5.9857 0
54 94 108 5.7905 0
75 94 92 5.9415 0
105 75 92 5.8218 0
22 52 92 5.779 0
33 82 25 5.8519 0
20 37 76 5.8601 0
63 35 96 5.832 0
91 82 92 5.7266 0
81 47 120 5.7196 0
80 40 96 5.6746 0
46 80 120 5.6637 0
74 15 32 5.6969 0
45 94 26 5.6467 0
53 112 32 5.6677 0
32 64 108 5.5155 0
53 34 108 5.6136 0
106 51 92 5.6165 0
21 76 92 5.5948 0
98 56 110 5.5679 0
73 93 110 5.552 0
107 36 76 5.5209 0
95 45 25 5.4874 0
83 94 25 5.2762 0
90 55 96 5.4181 0
32 42 85 5.4369 0
22 92 75 5.2946 0
37 53 95 5.2488 0
98 69 110 5.3359 0
92 70 95 5.2065 0
52 10 68 4.977 0
82 32 26 5.0107 0
51 27 85 4.9761 0
64 90 97 5.0195 0
113 82 81 4.9403 0
102 62 85 4.9818 0
94 40 85 5.0437 0
80 84 97 4.8705 0
53 17 92 4.996 0
72 72 124 4.9412 0
55 55 124 4.9359 0
75 27 85 4.8899 0
74 109 93 4.8499 0
39 97 78 4.7097 0
75 117 67 4.759 0
36 73 98 4.7742 0
15 85 80 4.7819 0
65 105 78 4.6848 0
48 86 98 4.6336 0
24 78 76 4.7474 0
22 94 45 4.7366 0
0
