128
64 64 100 36.2681 0
0 0 0 55.5746 0
127 127 0 55.5746 0
0 127 0 55.5746 0
127 0 0 55.5746 0
0 0 127 55.5746 0
127 0 127 55.5746 0
0 127 127 55.5746 0
127 127 127 55.5746 0
64 64 4 32.5955 0
0 63 48 18.0963 0
44 0 65 19.3487 0
44 127 62 19.3487 0
84 126 64 18.9798 0
84 1 64 18.9798 0
127 55 52 18.0963 0
0 63 86 18.0963 0
126 64 88 17.0885 0
125 90 63 16.4665 0
5 93 64 14.5876 0
6 33 64 14.1825 0
64 127 95 13.5001 0
64 127 32 13.5001 0
64 0 95 13.5001 0
64 0 32 13.5001 0
111 63 24 12.6718 0
22 65 24 12.438 0
111 24 63 12.5107 0
64 36 60 11.3394 0
87 78 59 11.0884 0
40 49 60 11.0958 0
40 78 60 11.0958 0
66 90 59 11.0884 0
87 49 60 11.0958 0
57 102 26 10.4223 0
70 26 26 10.4223 0
103 104 70 9.352 0
27 105 71 8.7131 0
27 22 56 8.7131 0
50 31 28 8.4065 0
77 96 28 8.4065 0
117 40 77 8.0369 0
117 78 41 8.0176 0
29 22 74 7.7052 0
29 105 53 7.7052 0
37 45 29 7.3987 0
90 44 29 7.3987 0
55 20 98 7.3987 0
73 20 98 7.3987 0
93 81 29 7.3987 0
70 62 55 7.0569 0
42 88 29 7.3987 0
97 105 52 7.2013 0
55 66 55 7.0569 0
48 12 40 6.8588 0
48 115 87 6.8588 0
21 75 97 6.3908 0
55 107 97 6.3908 0
80 114 40 6.4899 0
80 13 40 6.4899 0
22 51 97 6.3908 0
106 52 97 6.3908 0
75 108 97 6.3908 0
95 22 76 6.1934 0
95 22 51 6.1934 0
57 52 54 6.049 0
12 85 45 6.0019 0
48 114 38 5.986 0
82 112 86 5.7521 0
82 15 86 5.7521 0
47 14 88 5.6171 0
106 77 96 5.3829 0
92 58 31 5.3829 0
51 91 69 5.2922 0
37 74 31 5.3829 0
39 19 47 5.2844 0
39 108 80 5.2844 0
49 37 70 5.1571 0
13 53 67 4.994 0
13 85 82 4.994 0
13 72 67 4.994 0
13 40 46 5.0239 0
114 84 82 4.994 0
34 46 76 5.0591 0
91 106 81 5.0505 0
114 70 66 4.994 0
13 43 82 4.994 0
33 66 71 4.8544 0
112 36 48 4.8151 0
64 29 76 4.8553 0
40 108 45 4.7804 0
33 64 53 4.8544 0
94 63 53 4.8544 0
94 66 69 4.8544 0
63 98 75 4.8553 0
50 91 53 4.7882 0
15 50 33 4.7013 0
33 80 76 4.6902 0
79 37 71 4.6532 0
94 80 75 4.6902 0
79 90 70 4.6532 0
94 47 76 4.6902 0
64 119 77 4.5609 0
65 119 50 4.5609 0
63 8 51 4.5609 0
85 32 32 4.375 0
38 60 32 4.375 0
57 18 32 4.375 0
104 48 32 4.375 0
22 63 95 4.375 0
20 31 78 4.385 0
20 96 49 4.385 0
39 20 83 4.4115 0
78 39 32 4.375 0
107 96 52 4.385 0
70 109 32 4.375 0
107 79 32 4.375 0
26 82 32 4.375 0
45 101 95 4.375 0
14 79 35 4.3531 0
25 49 32 4.375 0
49 37 52 4.0332 0
68 74 52 4.0332 0
113 56 71 3.9861 0
79 37 52 4.0332 0
110 93 79 4.0773 0
43 63 52 4.0332 0
84 63 52 4.0332 0
0
