128
0 127 0 70.8965 0
0 0 127 70.719 0
127 127 127 68.9811 0
127 0 0 68.7629 0
108 20 106 39.5912 0
108 106 21 39.5678 0
25 24 24 36.5535 0
25 103 103 36.5233 0
62 68 39 21.419 0
64 61 88 21.3859 0
125 63 64 19.5612 0
12 65 65 17.7161 0
72 0 68 15.3737 0
56 127 67 14.9919 0
96 61 48 11.9578 0
68 96 79 11.9672 0
68 30 48 11.9746 0
96 68 78 11.8293 0
64 25 78 11.239 0
63 104 49 10.9662 0
35 53 76 9.393 0
83 127 59 9.3132 0
48 7 62 9.0614 0
48 38 75 8.0448 0
84 44 52 8.0211 0
36 78 52 7.9263 0
36 59 52 7.9263 0
88 49 73 7.5012 0
86 87 74 7.4429 0
51 83 72 7.4032 0
82 98 62 6.9866 0
25 42 65 7.0203 0
40 72 74 6.9703 0
48 90 53 6.9348 0
86 78 53 6.9471 0
53 43 53 6.9184 0
74 114 73 6.7496 0
76 39 73 6.3541 0
112 87 64 6.0262 0
75 89 54 5.9106 0
26 85 61 5.807 0
112 40 63 5.7616 0
88 110 64 5.4231 0
75 70 64 5.4033 0
50 98 68 5.2546 0
98 84 67 5.1448 0
106 47 55 5.2599 0
86 64 63 5.3139 0
62 78 65 5.1262 0
75 29 65 5.1808 0
79 17 55 5.0512 0
77 113 55 4.9027 0
54 19 55 5.0354 0
85 30 55 4.9027 0
102 52 72 4.9098 0
98 42 67 4.9614 0
70 47 55 4.9027 0
86 35 67 4.8678 0
74 81 71 4.8147 0
49 109 57 4.8394 0
38 48 60 4.8117 0
104 75 56 4.598 0
49 19 71 4.5263 0
92 10 65 4.4866 0
85 22 67 4.3434 0
37 35 68 4.2737 0
86 77 66 4.2036 0
51 71 67 4.2137 0
62 40 71 4.1105 0
50 28 66 4.035 0
50 56 66 4.125 0
62 106 66 3.9265 0
60 89 56 3.8948 0
107 79 70 4.0466 0
97 97 66 3.9391 0
39 63 66 4.0009 0
39 23 66 3.9211 0
54 107 71 4.0164 0
39 90 66 3.9546 0
63 14 56 3.9251 0
97 42 56 3.932 0
47 53 56 3.8948 0
51 29 56 3.9619 0
81 56 56 3.8948 0
54 82 60 3.7786 0
38 116 66 3.7214 0
96 72 61 3.4209 0
87 88 59 3.5833 0
57 13 70 3.3882 0
29 79 70 3.3311 0
96 57 66 3.2545 0
62 49 65 3.1517 0
88 52 61 3.1272 0
28 95 62 3.2651 0
75 19 64 3.2588 0
81 106 70 3.2204 0
60 90 66 3.1353 0
31 54 62 3.1816 0
37 91 57 2.9158 0
71 120 57 3.1249 0
94 33 57 2.8869 0
47 79 57 3.1771 0
71 97 60 3.1237 0
75 54 66 3.1211 0
98 83 57 2.9798 0
82 59 70 3.0368 0
29 30 64 3.0598 0
62 34 65 2.9129 0
37 82 70 2.9874 0
90 100 70 3.0039 0
52 44 65 2.9104 0
48 109 66 2.9999 0
39 105 65 3.0003 0
36 77 65 2.9104 0
96 29 65 2.9104 0
61 50 57 2.9063 0
46 63 70 2.8869 0
87 21 57 2.9212 0
46 100 57 2.8869 0
39 98 57 2.8869 0
49 49 70 2.8869 0
42 68 57 2.8869 0
96 18 64 2.7883 0
43 39 57 2.8869 0
43 115 60 2.8833 0
107 48 65 2.8736 0
74 45 65 2.8155 0
60 60 63 2.7038 0
0
