128
0 57 127 67.2856 0
127 57 0 67.2787 0
127 0 127 70.7572 0
0 0 0 70.7475 0
127 127 123 55.0958 0
0 127 4 55.0851 0
63 127 63 21.3316 0
52 127 107 20.5504 0
75 127 20 20.5443 0
22 127 77 19.9383 0
105 127 50 19.9373 0
81 73 98 18.5313 0
46 73 29 18.5176 0
63 40 63 15.2392 0
64 1 63 17.6126 0
63 82 63 15.2392 0
104 81 75 13.6754 0
23 81 52 13.6709 0
49 3 91 12.8429 0
94 56 74 12.0569 0
33 56 53 12.05 0
92 5 51 11.942 0
60 98 19 10.8288 0
65 97 107 10.5921 0
75 9 35 10.5615 0
35 12 73 9.8383 0
57 46 35 9.014 0
70 47 92 9.0285 0
107 102 66 8.3183 0
20 102 61 8.3151 0
58 23 91 7.8188 0
91 25 59 7.6273 0
67 27 36 7.4708 0
36 37 61 7.3814 0
89 116 73 6.8908 0
36 116 55 6.8908 0
54 116 37 6.8908 0
72 116 90 6.8908 0
70 61 57 6.6897 0
57 61 70 6.6806 0
90 38 67 6.4846 0
89 84 58 5.8482 0
38 84 69 5.8489 0
58 84 89 5.8345 0
69 84 38 5.8208 0
81 115 44 5.8829 0
46 115 83 5.8829 0
71 60 71 5.2548 0
56 61 56 5.2661 0
39 28 71 5.3748 0
82 43 81 5.2311 0
89 72 65 5.3042 0
38 72 62 5.3013 0
83 21 47 5.298 0
79 98 97 5.1916 0
46 21 82 5.23 0
45 44 46 5.2196 0
33 98 49 5.009 0
94 98 78 5.0049 0
66 22 74 5.0605 0
30 98 74 4.9784 0
97 98 53 4.9664 0
69 32 88 4.8737 0
41 96 37 4.9206 0
44 114 45 4.875 0
59 37 88 4.6696 0
36 111 92 4.7313 0
91 111 35 4.7235 0
74 22 60 4.7922 0
86 98 88 4.5744 0
55 22 71 4.5171 0
85 85 76 4.6154 0
42 85 51 4.6126 0
74 99 28 4.4854 0
55 22 56 4.5327 0
65 22 52 4.2722 0
61 64 88 4.3743 0
66 64 39 4.3601 0
49 99 31 4.3303 0
39 24 61 4.3649 0
71 101 62 4.3572 0
62 101 71 4.3504 0
50 99 95 4.292 0
49 54 44 4.0388 0
78 55 83 4.0517 0
73 111 101 3.8962 0
70 113 41 3.8672 0
78 113 80 3.8672 0
84 113 55 3.8672 0
54 111 26 3.8836 0
72 98 72 3.8301 0
60 101 56 3.7621 0
41 113 69 3.8672 0
58 73 87 3.8756 0
69 73 40 3.8623 0
69 41 40 3.8623 0
61 113 87 3.8672 0
92 90 86 3.8352 0
55 32 41 3.7764 0
55 101 64 3.5344 0
85 75 74 3.678 0
28 89 68 3.6567 0
99 89 59 3.6569 0
42 74 53 3.6695 0
40 63 67 3.506 0
87 63 60 3.5005 0
100 112 71 3.5802 0
87 47 59 3.6582 0
40 47 68 3.6586 0
31 95 61 3.5957 0
95 97 65 3.5948 0
48 87 82 3.4367 0
80 87 46 3.4367 0
68 98 52 3.5065 0
86 36 56 3.4617 0
67 55 40 3.4941 0
60 55 87 3.5079 0
50 30 83 3.4452 0
77 30 44 3.4344 0
44 35 50 3.4376 0
62 16 40 3.271 0
69 90 29 3.2338 0
64 11 87 3.2561 0
76 66 65 3.2692 0
44 105 97 3.3061 0
83 105 30 3.2943 0
65 66 76 3.2503 0
87 14 65 3.2932 0
0
