128
0 127 127 91.6789 0
127 0 0 55.4547 0
127 0 127 62.763 0
127 127 0 55.4547 0
0 0 0 55.4547 0
127 102 95 40.3574 0
33 103 0 40.3388 0
41 15 80 34.6393 0
64 47 16 23.5254 0
123 52 58 20.9718 0
71 60 71 19.1317 0
81 109 55 16.9009 0
6 65 35 16.8888 0
90 28 61 16.8579 0
99 65 24 15.4624 0
78 57 106 14.155 0
69 18 40 13.0088 0
76 83 27 12.4388 0
24 53 57 11.8137 0
92 83 61 10.7895 0
64 86 55 10.4747 0
32 55 29 10.423 0
114 82 49 10.32 0
99 51 80 10.2279 0
46 69 55 10.2173 0
56 105 45 9.0189 0
85 75 92 8.3062 0
92 53 53 8.2122 0
99 65 113 7.8966 0
48 24 36 7.9045 0
55 46 53 7.477 0
92 43 32 7.3994 0
57 75 32 7.3994 0
44 45 41 6.8866 0
18 35 50 7.0022 0
103 98 51 6.8476 0
72 42 51 6.4369 0
44 68 33 6.3916 0
70 100 35 6.0931 0
80 74 50 5.429 0
109 58 93 5.7327 0
84 30 34 5.5513 0
29 70 50 5.429 0
108 48 35 5.5542 0
46 86 50 5.429 0
90 76 78 5.4515 0
93 88 34 5.3837 0
34 39 34 5.3837 0
30 71 34 5.3837 0
17 45 39 5.1679 0
17 85 40 5.1046 0
42 50 55 5.0757 0
85 98 35 4.9443 0
80 87 49 4.4212 0
35 80 49 4.4212 0
76 66 35 4.3758 0
61 92 35 4.3758 0
105 82 35 4.4085 0
69 71 49 4.4212 0
82 62 49 4.4212 0
60 65 49 4.4212 0
67 31 54 4.4248 0
79 52 49 4.4212 0
85 54 35 4.3758 0
88 58 89 4.2911 0
108 74 64 4.2679 0
92 50 94 4.2052 0
98 57 65 4.1807 0
91 72 105 4.1536 0
109 68 42 4.0967 0
30 39 49 4.067 0
37 27 42 3.9379 0
106 35 48 3.7176 0
108 61 104 3.5996 0
97 56 104 3.7214 0
46 57 36 3.3679 0
67 69 36 3.3679 0
100 44 48 3.4133 0
46 96 48 3.4343 0
108 66 76 3.5277 0
98 77 48 3.4133 0
70 54 48 3.4133 0
84 44 48 3.4133 0
94 91 48 3.4133 0
54 86 36 3.3679 0
58 74 48 3.4133 0
20 76 47 3.3863 0
54 64 36 3.3679 0
56 28 46 3.4199 0
23 78 36 3.3679 0
47 80 36 3.3679 0
84 70 36 3.3679 0
90 78 36 3.3679 0
29 28 45 3.0435 0
108 40 41 3.0889 0
55 41 42 2.9673 0
99 74 74 3.0214 0
55 50 42 3.1366 0
41 41 51 2.9728 0
39 99 44 2.93 0
94 99 41 2.93 0
93 28 40 2.93 0
38 77 37 2.3601 0
55 58 54 2.7186 0
99 85 47 2.4054 0
60 36 54 2.7186 0
89 76 48 2.5669 0
33 62 48 2.6916 0
74 64 47 2.4054 0
107 64 83 2.5198 0
102 40 37 2.3601 0
38 90 47 2.4054 0
101 52 94 2.4208 0
96 57 93 2.4283 0
107 70 51 2.5198 0
88 85 47 2.4054 0
78 58 37 2.3601 0
107 68 69 2.5198 0
82 44 37 2.3601 0
96 71 99 2.436 0
79 38 37 2.3601 0
63 83 37 2.3601 0
87 68 57 2.4493 0
87 91 47 2.4054 0
85 63 37 2.3601 0
97 79 37 2.3601 0
75 81 47 2.4054 0
41 34 37 2.3601 0
0
