128
63 0 0 73.0222 0
127 127 127 68.2645 0
0 2 127 67.5041 0
0 127 1 67.3842 0
127 1 114 56.6532 0
111 107 17 43.5959 0
18 110 109 42.3954 0
69 58 93 26.2934 0
126 51 52 21.7017 0
1 53 53 21.3692 0
63 126 63 19.7094 0
57 80 43 16.5636 0
31 62 80 12.4381 0
107 63 80 12.4966 0
86 85 69 12.3849 0
64 97 80 12.3118 0
35 86 62 11.9859 0
33 64 48 11.3284 0
93 64 48 11.3284 0
39 41 71 10.0518 0
108 80 64 9.5819 0
89 36 71 9.116 0
17 75 69 8.5704 0
50 56 59 8.3524 0
75 57 58 7.5036 0
90 53 65 7.3991 0
73 97 52 7.3945 0
53 81 71 7.2301 0
51 103 52 7.2725 0
88 113 63 6.6138 0
78 75 54 5.8543 0
39 112 64 5.7143 0
16 29 58 5.4349 0
107 45 73 5.4877 0
111 26 58 5.4349 0
79 107 73 5.3535 0
98 48 54 5.2567 0
54 92 63 5.2567 0
28 47 54 5.2567 0
46 96 72 4.8166 0
20 46 72 4.5264 0
34 56 63 4.327 0
49 107 72 4.3657 0
43 73 72 4.2965 0
91 68 72 4.2488 0
63 60 62 4.2918 0
103 94 65 4.1338 0
34 27 68 3.9484 0
79 108 56 3.7743 0
72 94 64 3.9479 0
47 63 71 3.6378 0
69 81 71 3.6196 0
71 86 58 3.6196 0
23 74 57 3.5325 0
72 76 63 3.3575 0
18 37 66 3.1628 0
22 97 63 3.2163 0
68 67 56 3.241 0
94 24 67 3.3997 0
94 40 59 3.3859 0
105 66 58 3.3568 0
109 35 64 3.2373 0
101 38 56 3.241 0
25 38 56 3.241 0
84 98 56 3.2597 0
38 101 56 3.241 0
62 97 56 3.241 0
87 102 71 3.241 0
46 68 56 3.241 0
48 76 62 3.198 0
22 66 59 3.0232 0
20 55 70 2.691 0
98 109 63 2.5755 0
97 75 58 2.6958 0
19 62 69 2.6948 0
30 109 63 2.5755 0
32 40 59 2.4013 0
25 39 70 2.2331 0
39 62 64 2.5206 0
83 62 64 2.4214 0
97 73 70 2.3151 0
21 22 61 2.3765 0
100 51 70 2.2331 0
32 33 62 2.3112 0
97 46 70 2.3465 0
27 22 64 2.3046 0
100 22 64 2.3046 0
70 88 68 2.3257 0
51 69 70 2.2331 0
86 105 57 2.2331 0
57 75 63 2.2392 0
106 36 70 2.3068 0
76 98 70 2.2587 0
81 66 57 2.2331 0
63 85 70 2.2331 0
64 76 70 2.2331 0
102 56 57 2.2331 0
93 99 70 2.2331 0
101 39 70 2.2331 0
101 33 70 2.2331 0
66 104 57 2.2331 0
26 51 70 2.2331 0
40 101 70 2.2331 0
42 106 57 2.2336 0
105 33 57 2.2331 0
57 66 57 2.2331 0
95 96 62 2.0456 0
47 96 59 1.9959 0
86 63 69 1.9704 0
23 104 64 1.9416 0
88 74 58 1.9096 0
106 64 64 2.024 0
104 102 63 1.9416 0
96 62 69 1.9957 0
90 96 59 1.9959 0
75 74 69 1.9096 0
29 74 69 1.9096 0
23 66 65 1.9416 0
77 108 64 1.8527 0
43 74 58 1.9096 0
69 82 64 1.6861 0
46 96 64 1.8906 0
94 63 63 1.5724 0
79 96 61 1.8906 0
25 58 63 0.8487 0
77 69 64 0.6225 0
98 97 69 1.711 0
26 55 58 1.2252 0
0
