128
0 127 0 69.5475 0
127 127 127 68.8808 0
0 0 127 67.9758 0
127 0 0 67.9758 0
113 111 15 43.8726 0
15 111 113 43.8726 0
111 16 111 43.3132 0
17 16 17 42.9986 0
63 94 65 24.94 0
64 34 64 24.1057 0
124 64 62 20.0077 0
62 64 124 20.0077 0
3 61 62 19.972 0
62 61 3 19.972 0
63 81 29 11.8373 0
29 80 68 10.9175 0
31 47 70 10.8294 0
70 47 31 10.8294 0
96 49 57 10.5644 0
57 49 96 10.5644 0
97 79 69 9.9768 0
70 79 97 9.8772 0
89 77 49 8.4266 0
36 77 49 8.0522 0
50 77 92 7.9626 0
38 50 51 7.8361 0
51 50 38 7.8361 0
77 50 90 7.8058 0
90 50 77 7.8058 0
44 71 33 7.1855 0
87 51 40 7.1223 0
42 51 85 7.1108 0
88 62 111 7.0916 0
111 62 88 7.0916 0
16 64 89 6.9684 0
89 65 16 6.9684 0
85 76 82 6.8767 0
81 75 34 6.7093 0
110 64 37 6.3658 0
37 64 110 6.3658 0
37 75 84 6.0827 0
38 62 18 5.707 0
18 63 38 5.707 0
76 61 77 5.0034 0
67 61 86 5.0034 0
78 74 21 5.469 0
85 61 68 5.0034 0
106 53 78 5.2525 0
78 53 106 5.2525 0
27 66 52 5.2333 0
90 64 92 3.6423 0
73 72 44 5.1105 0
85 72 97 5.0433 0
34 65 41 4.9922 0
45 63 71 2.9764 0
97 72 85 5.0433 0
106 55 45 4.9936 0
45 55 106 4.9936 0
54 74 43 4.9542 0
104 74 48 4.7887 0
49 53 24 4.7822 0
24 53 49 4.7822 0
43 72 73 4.7963 0
82 55 20 4.5223 0
21 54 81 4.4656 0
46 73 106 4.3435 0
19 71 79 4.3901 0
79 67 104 4.355 0
104 67 79 4.355 0
67 64 50 3.729 0
53 64 27 3.9843 0
60 64 57 3.729 0
28 70 89 4.089 0
78 54 48 4.0217 0
50 63 102 3.9843 0
102 63 50 3.9843 0
78 64 39 3.729 0
54 63 85 2.654 0
42 73 60 3.8276 0
35 64 82 3.729 0
85 73 62 3.7743 0
35 55 94 3.8537 0
89 69 28 3.8116 0
51 65 66 3.729 0
45 70 20 3.7005 0
48 72 51 3.6861 0
22 72 45 3.8093 0
45 54 73 3.7743 0
30 54 84 3.7743 0
40 71 99 3.6523 0
90 54 89 3.7743 0
61 73 86 3.7743 0
87 54 28 3.7743 0
39 54 38 3.7743 0
98 71 41 3.6591 0
84 64 33 3.729 0
96 61 99 3.253 0
31 62 29 2.6805 0
74 63 65 2.654 0
43 55 63 3.3168 0
91 63 60 3.578 0
63 64 76 2.654 0
62 63 94 3.4072 0
93 63 46 2.654 0
61 62 38 1.6674 0
80 64 59 2.654 0
61 55 45 3.3109 0
36 63 63 1.6674 0
51 56 78 3.1383 0
100 55 71 3.1379 0
71 55 100 3.1379 0
101 64 94 2.9764 0
96 63 87 2.9764 0
95 56 34 3.0558 0
26 64 106 2.9506 0
106 64 26 2.9506 0
71 72 83 2.7664 0
41 64 77 3.0163 0
70 55 45 2.7664 0
99 55 86 2.7664 0
98 64 57 2.9764 0
107 62 100 2.9311 0
100 62 107 2.9311 0
69 65 70 2.654 0
85 63 98 2.9764 0
82 55 57 2.7664 0
43 55 96 2.7664 0
20 64 100 2.786 0
0
