128
0 54 0 86.2505 0
127 127 127 72.5845 0
73 0 127 64.228 0
127 4 24 51.0221 0
114 89 28 33.1905 0
28 126 91 31.7024 0
72 127 45 24.3439 0
59 80 85 19.1218 0
124 47 80 18.5461 0
93 61 80 14.1622 0
89 53 48 13.0311 0
76 89 55 12.3119 0
75 47 67 10.2358 0
71 13 53 9.8772 0
79 32 53 9.2483 0
74 67 61 9.1409 0
64 111 75 9.0164 0
51 102 66 8.0769 0
100 44 66 7.7944 0
99 79 67 7.5734 0
84 82 73 7.5597 0
43 118 55 6.447 0
76 99 72 6.3219 0
60 56 72 5.9828 0
88 73 55 5.976 0
91 106 59 5.8405 0
105 30 71 5.5471 0
54 7 59 5.347 0
59 41 71 5.1216 0
85 19 60 5.1937 0
61 100 56 4.9681 0
96 66 60 4.6263 0
93 35 57 4.347 0
69 31 64 4.092 0
44 5 64 4.0881 0
82 108 66 3.9222 0
89 36 70 3.9674 0
56 90 63 3.8284 0
96 25 67 3.6997 0
112 44 60 3.61 0
55 118 67 3.5675 0
95 89 61 3.4365 0
56 22 64 3.4257 0
66 96 69 3.2919 0
57 30 67 3.118 0
115 83 65 3.2458 0
86 96 69 3.0876 0
92 82 58 3.0651 0
67 38 59 3.0514 0
92 91 69 3.0651 0
65 27 58 2.9976 0
91 95 58 2.9524 0
83 32 66 2.8377 0
59 18 58 2.9524 0
51 111 58 2.9547 0
68 101 63 2.7244 0
99 100 61 2.7078 0
85 72 68 2.6482 0
66 77 59 2.4044 0
84 77 63 2.4917 0
67 56 60 2.4497 0
84 57 64 2.4917 0
43 12 67 2.3794 0
50 119 62 2.3962 0
107 86 64 2.3844 0
44 111 63 2.2636 0
74 108 68 2.3403 0
92 25 60 2.3563 0
59 65 68 2.2709 0
49 18 66 2.2741 0
77 29 66 2.2468 0
86 41 59 2.1321 0
89 48 68 1.9445 0
81 105 59 2.2315 0
67 58 66 2.1117 0
86 65 59 2.1321 0
67 80 64 2.0763 0
99 90 67 2.0349 0
65 36 68 2.0079 0
89 29 68 1.9445 0
62 101 68 1.9913 0
96 34 68 1.9744 0
58 108 59 1.97 0
60 86 59 1.9624 0
89 43 68 1.9726 0
109 37 68 1.9445 0
63 31 68 1.9445 0
89 24 66 1.838 0
86 102 68 1.9575 0
64 63 68 1.9445 0
63 82 59 1.9583 0
61 13 61 1.8108 0
58 79 63 1.8127 0
113 34 67 1.7922 0
70 25 60 1.6118 0
102 89 63 1.4182 0
93 58 63 1.3973 0
59 48 67 1.4407 0
85 66 66 1.5296 0
94 35 64 1.56 0
85 62 63 1.4838 0
67 24 64 1.2402 0
101 29 64 1.5423 0
85 37 62 1.4838 0
59 95 67 1.4407 0
78 20 63 1.4861 0
93 52 66 1.4451 0
93 71 66 1.4451 0
107 39 60 1.2555 0
110 41 65 1.2763 0
103 97 62 1.3433 0
90 102 66 1.2823 0
66 89 66 1.1259 0
86 91 67 1.2367 0
86 53 67 1.2367 0
92 86 67 1.1896 0
63 32 60 0.96 0
65 105 60 1.0421 0
92 43 60 1.1896 0
95 100 65 1.2015 0
77 107 62 1.1167 0
52 18 62 1.1326 0
49 9 65 1.089 0
87 80 60 0.9366 0
66 85 65 1.0684 0
72 102 60 1.1488 0
100 36 60 1.1354 0
65 22 60 1.0421 0
0
