128
127 56 0 87.5999 0
0 0 127 72.2722 0
52 127 127 63.8964 0
0 121 19 54.8518 0
15 38 33 29.1534 0
85 0 85 21.2075 0
61 55 85 18.3018 0
3 79 80 17.8235 0
52 6 54 16.4539 0
39 71 49 13.0275 0
63 116 51 12.4466 0
33 69 79 12.4598 0
89 127 60 11.4379 0
52 93 54 10.9434 0
50 38 60 10.4622 0
68 27 77 10.4436 0
53 78 70 9.1574 0
27 50 68 8.1136 0
24 81 63 8.0849 0
70 82 73 7.4093 0
46 56 61 6.3717 0
75 103 64 6.2933 0
87 110 67 5.8803 0
36 22 60 5.5926 0
20 95 72 5.5602 0
41 48 72 5.4228 0
56 64 62 5.4272 0
34 87 72 5.3491 0
53 20 72 5.3001 0
35 88 57 4.9785 0
43 107 60 4.9493 0
73 8 61 4.743 0
66 13 70 4.1975 0
61 26 58 4.0412 0
35 54 58 3.9738 0
81 112 58 3.9929 0
31 61 62 3.9434 0
34 103 65 3.9456 0
70 93 67 3.772 0
68 96 59 3.595 0
58 52 62 3.4193 0
43 89 68 3.5475 0
59 91 69 3.4236 0
34 39 70 3.4216 0
14 45 66 3.4726 0
44 21 67 3.1219 0
67 71 70 3.355 0
41 31 70 3.2494 0
30 96 70 3.1634 0
61 38 70 3.2659 0
43 65 66 3.197 0
43 82 62 3.2213 0
31 38 63 3.1687 0
61 82 59 3.0574 0
58 27 66 2.8269 0
68 41 69 2.9536 0
68 18 59 2.9487 0
35 43 59 2.9709 0
35 33 59 2.9709 0
39 99 59 2.9487 0
76 20 67 2.9712 0
75 118 62 2.8936 0
69 24 63 2.7159 0
60 72 60 2.5812 0
52 107 60 2.3901 0
28 28 62 2.4418 0
40 80 69 2.2396 0
59 99 65 2.3883 0
40 57 69 2.2396 0
46 96 67 2.2215 0
37 95 69 2.1556 0
67 89 60 2.2199 0
31 90 64 2.2309 0
40 48 60 2.032 0
61 103 60 2.0921 0
42 72 65 2.1891 0
47 28 69 2.1632 0
45 24 60 1.9706 0
20 41 67 2.0018 0
25 39 67 1.9742 0
54 25 60 1.9408 0
63 33 60 1.9408 0
33 73 64 1.9073 0
33 97 60 1.9408 0
27 98 65 1.8426 0
68 35 66 1.708 0
81 8 62 1.6312 0
60 17 68 1.6659 0
68 85 63 1.708 0
68 31 64 1.708 0
42 95 64 1.6055 0
12 84 62 1.576 0
34 80 68 1.6618 0
73 12 68 1.5941 0
40 25 68 1.5935 0
52 27 68 1.487 0
60 44 67 1.4863 0
27 90 68 1.5702 0
67 100 68 1.5384 0
13 92 67 1.493 0
80 16 68 1.5026 0
60 33 67 1.4863 0
60 69 67 1.4863 0
56 109 63 1.4455 0
54 100 66 1.3494 0
79 118 67 1.4947 0
29 36 68 1.4562 0
60 86 63 1.3805 0
35 33 68 1.1936 0
23 31 63 1.4446 0
60 46 62 1.4279 0
41 91 62 1.2341 0
41 103 66 1.3599 0
67 105 61 1.3692 0
35 81 61 0.9855 0
67 14 63 1.1333 0
64 97 68 1.1638 0
41 76 67 1.2988 0
35 59 68 1.1936 0
78 111 68 1.1954 0
40 38 68 1.28 0
65 89 68 1.1477 0
74 112 61 0.933 0
71 18 68 1.1477 0
62 86 68 1.1477 0
49 106 64 1.218 0
29 94 61 0.933 0
61 21 68 1.1477 0
0
