128
0 127 0 105.494 0
127 0 127 90.793 0
127 127 90 40.4657 0
0 1 92 39.9028 0
119 81 40 26.7572 0
45 10 43 25.5718 0
38 43 82 16.3822 0
87 87 76 15.609 0
74 41 44 14.842 0
63 57 70 10.589 0
86 64 49 9.8177 0
17 27 54 7.5853 0
100 109 53 7.4682 0
80 65 68 6.9722 0
57 37 68 6.8212 0
53 41 52 6.5177 0
17 39 70 6.1533 0
89 109 67 5.7926 0
88 80 53 5.7717 0
99 70 65 5.2853 0
71 60 55 5.0418 0
34 23 70 5.1531 0
91 92 54 4.8996 0
47 45 62 4.5755 0
41 39 54 4.5333 0
104 95 65 4.2646 0
62 32 58 4.0367 0
30 34 55 3.9032 0
68 43 65 3.8354 0
89 100 60 3.7267 0
46 33 65 3.7852 0
33 33 64 3.6014 0
87 52 57 3.5997 0
61 49 56 3.5668 0
94 61 61 3.3376 0
83 74 61 3.4307 0
33 41 62 3.3043 0
75 50 64 3.1621 0
99 98 56 2.9156 0
24 34 60 2.9035 0
107 102 59 2.8553 0
82 55 64 2.8307 0
89 69 63 2.7308 0
79 55 57 2.6935 0
20 29 65 2.8288 0
24 20 61 2.6549 0
94 73 56 2.5232 0
24 31 71 2.4862 0
97 102 69 2.5121 0
77 55 69 2.4825 0
55 46 61 2.4407 0
97 98 63 2.3853 0
61 41 58 2.3499 0
95 82 59 2.2217 0
68 37 61 2.3417 0
40 34 61 2.2301 0
92 75 62 2.1745 0
97 90 60 2.1741 0
55 31 60 2.1286 0
88 57 63 2.0361 0
48 36 59 2.0796 0
100 80 63 2.0497 0
68 52 57 1.8466 0
39 39 63 1.9127 0
74 42 62 1.8659 0
30 30 70 1.8468 0
31 27 62 1.7704 0
26 45 66 1.795 0
101 86 63 1.8233 0
60 45 63 1.7398 0
21 40 62 1.8209 0
38 29 63 1.8005 0
71 48 60 1.8115 0
88 62 63 1.7603 0
82 47 59 1.5862 0
92 106 59 1.6896 0
96 106 62 1.7506 0
78 45 61 1.6998 0
29 21 64 1.6621 0
82 59 60 1.6419 0
95 67 58 1.423 0
65 44 59 1.6673 0
27 28 57 1.4784 0
74 53 57 1.5238 0
26 39 57 1.4783 0
99 102 61 1.3169 0
90 72 59 1.3196 0
51 31 62 1.3134 0
78 62 58 1.2301 0
26 38 65 0.9808 0
102 101 67 1.2253 0
73 59 62 1.2037 0
35 32 58 1.1594 0
26 24 58 1.0866 0
22 39 58 1.1327 0
22 44 65 1.0995 0
26 25 66 0.7678 0
77 51 59 1.0244 0
26 29 63 0.9928 0
72 56 61 1.0493 0
92 101 65 0.9923 0
63 40 62 0.9881 0
26 33 66 0.9209 0
96 79 62 0.9801 0
80 48 62 1.0241 0
92 95 61 0.9818 0
95 77 58 0.9616 0
104 101 63 0.9613 0
89 58 59 0.8756 0
99 95 60 0.9144 0
53 36 60 0.8334 0
26 26 69 0.9704 0
101 101 64 0.929 0
100 105 62 0.8918 0
98 74 59 0.8903 0
91 86 58 0.7301 0
101 90 62 0.7319 0
83 51 61 0.7886 0
77 55 62 0.5767 0
22 33 67 0.813 0
51 39 62 0.878 0
44 33 58 0.8718 0
43 37 62 0.7871 0
24 44 69 0.8327 0
76 58 64 0.7886 0
58 38 59 0.7965 0
22 35 65 0.813 0
35 37 58 0.9704 0
0
