128
63 63 127 74.9621 0
127 127 0 68.8372 0
0 0 0 68.8476 0
0 127 13 57.6603 0
127 0 13 57.6479 0
103 61 47 13.1937 0
62 103 47 13.1988 0
68 24 47 13.1739 0
24 68 47 13.1699 0
127 88 72 11.8936 0
88 127 72 11.8915 0
0 87 71 11.2097 0
127 40 71 11.1452 0
40 127 71 11.1488 0
87 0 71 11.1771 0
0 40 71 11.2097 0
40 0 71 11.1488 0
58 127 52 10.4223 0
0 63 52 10.2961 0
127 58 52 10.4689 0
67 0 52 10.3417 0
66 127 72 8.146 0
127 66 72 8.1179 0
0 60 71 7.5811 0
67 0 71 7.5397 0
112 103 72 7.4193 0
113 26 72 7.0232 0
26 113 72 7.019 0
98 80 54 6.5813 0
14 26 71 6.3624 0
43 96 54 6.5557 0
26 14 71 6.3086 0
81 98 54 6.4332 0
32 86 54 6.4493 0
87 33 54 6.4849 0
101 14 71 6.4049 0
47 28 54 6.3381 0
14 101 71 6.3624 0
28 47 54 6.2843 0
125 76 57 6.2977 0
76 125 57 6.2348 0
100 112 72 6.2803 0
98 42 54 6.0748 0
52 13 54 6.0615 0
7 79 55 5.2602 0
111 78 55 5.0536 0
46 112 55 5.0536 0
78 112 55 5.0536 0
114 47 55 5.0536 0
80 11 55 5.0536 0
10 50 55 5.0537 0
53 2 60 4.8851 0
91 91 56 4.4779 0
35 37 56 4.5501 0
19 85 56 4.0457 0
86 21 56 4.0457 0
3 73 64 3.7028 0
55 5 70 3.6812 0
121 55 70 3.3966 0
55 121 70 3.2598 0
8 70 70 3.082 0
4 52 62 3.1377 0
19 42 57 3.0379 0
69 117 57 3.0379 0
19 52 57 3.0379 0
74 117 70 3.0379 0
111 90 70 3.0379 0
117 73 70 3.0379 0
37 112 70 3.0406 0
112 37 70 3.038 0
86 107 57 3.0379 0
38 106 57 3.0379 0
90 15 70 3.0379 0
108 39 57 3.0379 0
15 90 70 3.0379 0
115 70 57 3.0379 0
107 86 57 3.0379 0
14 58 57 3.0379 0
41 20 57 3.0379 0
37 28 57 3.0379 0
33 99 57 3.0379 0
100 90 57 3.0379 0
44 8 58 2.5869 0
77 5 61 2.7546 0
47 121 59 2.6615 0
34 116 63 2.693 0
12 33 64 2.5499 0
12 94 64 2.5498 0
98 32 58 2.03 0
91 100 58 2.03 0
94 115 64 2.4089 0
94 12 64 2.4089 0
119 85 59 2.4124 0
102 25 69 2.03 0
85 119 59 2.3986 0
33 12 64 2.3221 0
118 40 59 2.2784 0
115 33 64 2.3047 0
52 122 64 2.4256 0
40 118 59 2.256 0
115 94 64 2.3047 0
11 87 58 2.3676 0
121 48 60 2.2686 0
51 100 59 2.3324 0
24 102 69 2.0344 0
84 112 69 2.03 0
23 92 58 2.03 0
16 78 58 2.03 0
45 113 69 2.03 0
23 23 69 2.2044 0
80 27 58 2.1603 0
27 38 58 2.03 0
10 42 58 2.099 0
122 52 64 2.1207 0
61 11 58 2.03 0
73 101 59 2.1964 0
88 14 58 2.0412 0
37 14 69 2.1305 0
94 25 58 2.03 0
106 47 58 2.03 0
15 41 69 2.03 0
100 50 59 2.0768 0
106 94 69 2.03 0
30 31 58 2.03 0
122 75 66 2.1207 0
12 71 58 2.03 0
8 53 69 2.0994 0
76 9 69 2.1198 0
0
