128
0 0 127 75.3173 0
127 0 0 75.3173 0
0 127 0 67.407 0
127 127 127 67.407 0
109 117 18 42.2999 0
18 117 109 42.2999 0
63 73 64 33.71 0
103 34 99 30.9485 0
24 34 28 30.9485 0
127 68 65 17.1647 0
0 68 62 17.1647 0
49 0 47 14.0256 0
78 0 80 14.0256 0
60 29 52 10.9694 0
67 28 76 10.771 0
105 72 48 9.854 0
83 113 64 9.4459 0
44 113 63 9.4459 0
22 68 78 8.8461 0
104 74 77 7.8383 0
22 73 51 6.8304 0
62 2 65 6.5341 0
8 92 66 6.3047 0
119 92 61 6.3047 0
76 23 61 6.3886 0
51 34 70 5.9028 0
96 97 64 5.9592 0
51 21 66 5.8115 0
79 37 55 5.399 0
14 83 74 5.2349 0
30 98 61 5.2266 0
65 12 53 4.8146 0
114 48 65 4.8894 0
13 48 62 4.8894 0
88 15 70 4.9346 0
39 15 57 4.9346 0
61 11 74 4.8146 0
28 55 74 4.8146 0
100 61 74 4.8146 0
98 58 53 4.8146 0
26 83 74 4.8211 0
26 61 53 4.8146 0
74 4 61 4.5184 0
80 38 71 4.4869 0
113 84 54 4.2309 0
47 38 57 4.1117 0
109 58 54 3.8068 0
101 87 54 3.8068 0
87 44 54 3.8733 0
24 85 54 3.8068 0
97 89 73 3.8846 0
35 48 73 3.8068 0
48 19 55 3.7677 0
109 56 71 3.6238 0
18 56 56 3.6238 0
22 43 63 3.692 0
105 43 64 3.692 0
16 82 55 3.6323 0
78 17 72 3.6002 0
110 100 62 3.539 0
17 100 65 3.539 0
51 5 65 3.5105 0
43 41 72 3.4334 0
114 86 69 3.4447 0
101 79 62 3.1315 0
30 92 71 3.036 0
14 54 70 3.141 0
82 24 72 2.9249 0
55 15 56 2.9253 0
92 27 66 3.0393 0
35 27 61 3.0393 0
29 91 55 3.0409 0
36 102 69 2.9988 0
99 38 64 2.9622 0
28 38 63 2.9622 0
94 50 55 2.7989 0
104 85 72 2.7989 0
107 49 59 2.9133 0
20 49 68 2.9133 0
45 27 55 2.8457 0
70 14 72 2.8413 0
26 80 63 2.7866 0
79 33 64 2.6145 0
100 111 63 2.701 0
27 111 64 2.701 0
73 14 57 2.6436 0
91 103 58 2.6926 0
44 9 62 2.6692 0
83 9 65 2.6692 0
14 84 62 2.5357 0
83 41 64 2.547 0
22 105 64 2.562 0
105 105 63 2.562 0
91 104 70 2.3683 0
36 104 57 2.3683 0
73 14 64 2.3724 0
113 83 62 2.3218 0
48 29 62 2.1905 0
113 54 59 2.1459 0
33 33 63 2.0945 0
94 33 64 2.0945 0
80 30 71 2.1522 0
107 63 70 2.0538 0
88 22 65 2.0756 0
39 22 62 2.0756 0
99 81 70 2.1151 0
26 76 70 2.1333 0
66 22 63 2.0143 0
45 38 64 2.1199 0
20 65 57 2.0107 0
19 91 71 1.791 0
87 45 71 2.088 0
40 45 56 2.088 0
55 14 62 2.0463 0
110 91 56 1.791 0
100 44 59 2.0612 0
27 44 68 2.0612 0
110 80 70 2.0156 0
61 22 65 2.0143 0
54 13 70 1.8044 0
55 7 70 1.8718 0
40 23 56 1.8933 0
26 97 69 1.8883 0
94 44 56 1.791 0
14 88 58 1.7943 0
57 17 71 1.8517 0
100 48 56 1.8361 0
93 53 71 1.791 0
0
