128
127 127 0 69.418 0
0 0 0 69.418 0
127 0 127 66.5007 0
0 127 127 66.5007 0
114 114 117 47.4823 0
13 13 117 47.4823 0
110 17 20 41.9051 0
17 110 20 41.9051 0
64 63 100 24.5845 0
64 65 37 23.8584 0
66 126 68 20.774 0
61 1 68 20.774 0
125 66 68 20.4195 0
2 61 68 20.4195 0
64 30 49 11.7639 0
29 65 49 11.7639 0
62 98 87 11.7008 0
29 63 88 11.0458 0
99 63 88 11.0458 0
66 28 86 11.0423 0
98 69 50 10.8907 0
63 99 50 10.756 0
81 86 77 10.2498 0
46 41 77 10.2498 0
45 83 77 10.2498 0
82 42 78 9.6949 0
43 42 53 9.682 0
84 87 53 8.6422 0
92 50 55 7.8861 0
45 85 55 7.8861 0
25 78 75 7.9113 0
100 48 74 7.2262 0
98 78 75 7.4352 0
47 102 74 7.2262 0
29 48 74 7.2262 0
84 67 74 7.125 0
44 64 74 7.2262 0
112 39 65 7.1616 0
15 88 65 7.1616 0
78 42 56 6.8782 0
63 81 73 6.6443 0
41 112 64 6.5107 0
86 15 67 6.6776 0
63 45 73 6.3672 0
111 90 67 6.3293 0
16 37 67 6.3293 0
79 26 73 6.2183 0
44 23 73 6.2183 0
83 104 73 6.2183 0
48 22 55 5.7166 0
22 48 55 5.7461 0
93 111 67 5.697 0
34 16 67 5.697 0
79 104 55 5.7166 0
31 82 57 5.3878 0
107 49 56 5.3316 0
75 55 72 5.2105 0
78 20 56 5.0693 0
70 86 58 4.8625 0
58 44 58 4.8625 0
99 85 56 4.824 0
49 106 56 4.7971 0
20 78 57 4.4521 0
44 71 58 4.4347 0
72 72 71 4.2026 0
44 57 57 4.5235 0
54 54 71 4.2026 0
72 100 73 4.4358 0
55 27 73 4.4358 0
56 70 72 4.362 0
87 55 72 4.3316 0
83 73 59 3.8546 0
91 27 71 4.2026 0
35 99 71 4.2026 0
59 84 59 3.8546 0
63 57 71 3.8912 0
81 30 57 3.7009 0
28 39 57 3.843 0
34 52 59 3.8546 0
89 37 57 3.8075 0
79 54 59 3.8546 0
68 47 60 3.7731 0
39 28 57 3.7009 0
43 98 57 3.7009 0
86 61 57 3.7009 0
30 109 65 3.4871 0
97 18 65 3.4871 0
33 29 71 3.2479 0
19 26 67 3.4428 0
108 101 67 3.4428 0
93 98 72 3.2479 0
97 39 59 3.1857 0
39 53 70 3.1947 0
58 101 70 3.1947 0
65 79 62 3.199 0
71 38 70 3.1947 0
53 93 70 3.2169 0
68 25 70 3.1947 0
36 74 70 3.1947 0
38 55 78 3.0593 0
108 28 65 3.1301 0
19 99 65 3.1301 0
106 79 58 3.0779 0
52 76 60 2.8467 0
90 77 60 2.8467 0
25 31 70 2.7837 0
102 96 70 2.7837 0
24 19 67 2.8691 0
103 108 67 2.8691 0
73 47 68 2.8831 0
77 78 60 2.8467 0
89 102 58 2.693 0
53 51 60 2.8467 0
73 64 71 2.8563 0
37 75 60 2.8467 0
102 57 58 2.693 0
51 32 58 2.693 0
40 19 60 2.7034 0
64 69 69 2.5293 0
35 92 58 2.693 0
75 94 58 2.693 0
51 97 58 2.693 0
86 108 60 2.7034 0
95 96 58 2.693 0
31 32 58 2.693 0
102 60 73 2.6026 0
54 62 70 2.667 0
25 91 72 2.6118 0
0
