128
0 127 127 74.8562 0
127 0 0 64.7287 0
0 0 17 62.3925 0
127 0 127 61.2661 0
127 127 0 61.179 0
12 126 0 51.5808 0
16 4 127 47.5262 0
116 103 103 43.8966 0
70 13 66 22.0059 0
65 115 55 21.5185 0
100 66 50 20.8343 0
27 72 52 20.8311 0
49 67 0 17.0184 0
30 51 84 16.4515 0
72 69 127 15.3112 0
94 52 82 13.4279 0
81 67 4 13.4027 0
64 41 125 12.0041 0
65 81 91 11.4613 0
62 42 6 10.7543 0
63 24 97 10.5418 0
64 92 7 9.7464 0
43 31 71 9.7101 0
45 54 120 9.4772 0
64 103 25 9.424 0
88 37 54 9.027 0
67 26 36 8.6537 0
89 56 105 8.6109 0
39 64 25 8.599 0
88 94 54 8.6195 0
41 98 46 8.0881 0
39 44 58 8.0495 0
67 101 83 7.8619 0
88 58 24 7.8266 0
87 75 24 7.5716 0
45 71 85 7.3225 0
82 33 85 6.9839 0
41 95 62 6.8048 0
48 30 88 6.7433 0
40 81 28 6.4918 0
80 50 117 6.4392 0
82 70 83 6.2617 0
41 60 103 6.2381 0
86 45 38 5.8686 0
85 38 70 5.8403 0
86 89 39 5.8546 0
53 30 50 5.6934 0
64 29 19 5.5025 0
41 47 105 5.6347 0
85 76 71 5.5559 0
61 75 108 5.3389 0
75 73 104 5.4183 0
51 99 34 5.3925 0
41 49 43 5.417 0
40 79 75 5.3173 0
47 69 71 4.6141 0
77 49 12 4.707 0
84 65 94 4.7963 0
66 77 12 4.707 0
66 57 12 4.707 0
85 88 67 4.6681 0
77 84 12 4.707 0
80 34 40 4.7313 0
68 29 112 4.5724 0
84 41 95 4.548 0
53 67 115 4.4235 0
85 48 64 4.5238 0
84 64 71 4.5829 0
42 55 66 4.4941 0
51 72 98 4.4647 0
50 98 71 4.3846 0
43 91 34 4.4016 0
42 52 32 4.357 0
79 98 39 4.3846 0
78 98 72 4.3846 0
80 68 33 4.2365 0
47 70 35 4.2107 0
44 38 97 3.9551 0
77 32 96 4.0256 0
59 57 117 3.9411 0
43 52 15 3.9253 0
57 93 81 3.8807 0
78 81 81 3.8807 0
49 84 81 3.8807 0
58 31 82 3.8615 0
51 87 13 3.6992 0
43 81 16 3.6649 0
43 88 71 3.6717 0
74 32 47 3.6777 0
55 32 39 3.4489 0
48 35 58 3.4291 0
44 60 37 3.285 0
76 97 29 3.3768 0
84 86 28 3.3999 0
49 42 114 3.4156 0
79 68 64 3.3573 0
70 97 37 3.3768 0
83 43 104 3.3441 0
58 30 111 3.3014 0
58 99 75 3.2595 0
71 32 87 3.2325 0
50 33 100 3.116 0
75 89 80 2.8729 0
76 40 114 3.0611 0
83 78 36 3.0668 0
45 38 48 3.0665 0
56 71 81 2.9509 0
57 32 31 3.0161 0
44 45 70 2.9112 0
83 69 110 2.9964 0
83 45 28 2.9112 0
72 71 80 2.8729 0
74 33 104 2.6698 0
45 65 95 2.9297 0
67 54 116 2.9332 0
77 70 92 2.8775 0
65 66 14 2.6913 0
61 96 37 2.3689 0
49 69 106 2.7955 0
83 80 62 2.6323 0
83 57 66 2.7079 0
58 54 14 2.6913 0
73 33 27 2.6698 0
81 66 102 2.8034 0
54 33 62 2.6698 0
73 69 23 0.9558 0
50 44 14 2.6913 0
80 96 64 2.5436 0
0
