128
0 0 127 94.9265 0
124 124 3 59.0503 0
0 127 0 63.8281 0
127 127 127 63.8281 0
127 0 0 63.8281 0
20 28 0 35.6315 0
41 113 86 30.8809 0
101 53 73 28.9361 0
40 76 52 18.0713 0
77 64 0 15.6511 0
63 108 45 14.8649 0
90 96 64 14.4639 0
90 63 31 14.1243 0
60 20 37 13.7616 0
58 92 122 12.4626 0
64 52 52 12.4949 0
87 63 112 11.8935 0
49 68 4 11.8105 0
40 48 39 11.3449 0
63 87 6 9.532 0
64 41 6 9.532 0
79 33 47 9.4164 0
55 75 77 9.317 0
42 66 25 9.0849 0
84 81 45 8.077 0
73 76 121 8.1371 0
84 85 85 8.077 0
63 60 71 6.9862 0
64 100 22 6.7015 0
61 27 16 6.7015 0
58 81 99 6.2934 0
78 99 82 6.1904 0
82 78 101 6.0613 0
82 43 34 6.0613 0
69 99 65 5.6936 0
59 93 60 5.2874 0
81 82 30 5.0534 0
46 82 29 5.0534 0
81 77 18 5.0534 0
81 50 17 5.0534 0
80 96 42 5.0417 0
77 62 97 4.9778 0
69 62 85 4.7621 0
67 98 107 4.6858 0
60 55 11 4.4926 0
80 65 48 4.5668 0
52 37 44 4.5695 0
59 88 44 4.4319 0
48 95 39 4.287 0
80 78 60 4.0455 0
60 80 64 4.2777 0
60 72 91 4.2777 0
60 67 61 4.2829 0
47 33 31 4.1898 0
47 55 15 4.146 0
78 51 41 4.1101 0
80 81 72 4.0455 0
47 48 24 4.0455 0
80 73 91 4.0455 0
47 80 19 4.0455 0
72 97 95 3.6779 0
56 97 30 3.6779 0
70 30 25 3.6779 0
74 97 32 3.6779 0
62 77 114 3.5608 0
60 69 43 3.424 0
63 74 12 3.4847 0
76 83 12 3.5177 0
53 48 12 3.4847 0
61 82 88 3.2698 0
64 37 43 3.424 0
61 87 70 3.2698 0
61 90 105 3.2698 0
61 78 43 3.2698 0
61 84 52 3.2698 0
51 59 42 3.1414 0
79 43 23 3.0377 0
48 40 26 3.0377 0
79 80 111 3.0377 0
79 93 93 3.0407 0
79 90 34 3.0377 0
79 71 56 3.0377 0
48 62 36 3.0377 0
79 88 99 3.0377 0
76 31 33 2.7114 0
72 96 74 2.67 0
75 64 55 2.7464 0
72 64 44 2.7464 0
76 96 52 2.7114 0
72 64 105 2.7464 0
68 64 95 2.7464 0
69 64 63 2.7464 0
52 31 25 2.67 0
76 43 13 2.5209 0
72 86 114 2.4768 0
73 49 13 2.4768 0
51 83 13 2.5209 0
70 78 13 2.4768 0
62 66 83 2.5237 0
68 53 13 2.4768 0
63 66 13 2.4768 0
74 44 42 2.4208 0
76 59 41 2.3979 0
62 77 52 2.2619 0
62 86 77 2.2619 0
62 68 53 2.2619 0
62 73 104 2.2619 0
78 50 27 2.0298 0
78 85 22 2.0298 0
62 82 109 2.2619 0
78 71 42 2.0298 0
62 91 52 2.2619 0
62 72 49 2.2619 0
62 73 56 2.2619 0
62 73 66 2.2619 0
78 88 53 2.0298 0
78 88 75 2.0298 0
49 74 32 2.0298 0
78 69 19 2.0298 0
78 75 79 2.0298 0
78 86 105 2.0298 0
78 77 36 2.0298 0
78 76 67 2.0298 0
78 83 55 2.0298 0
78 83 65 2.0298 0
49 55 24 2.0298 0
58 95 15 1.8661 0
78 89 26 2.0298 0
0
