128
127 127 127 77.6263 0
0 0 127 77.6263 0
0 127 0 73.2525 0
127 0 0 73.2525 0
97 97 24 29.9328 0
30 30 27 29.9328 0
94 32 91 26.9382 0
33 95 91 26.9382 0
94 64 59 16.7712 0
65 93 60 15.7633 0
34 61 63 15.7633 0
65 34 58 15.7633 0
80 48 127 13.2955 0
47 79 127 13.2955 0
46 56 0 9.4772 0
69 80 0 9.0999 0
65 58 0 8.5645 0
45 81 52 7.8703 0
42 68 39 7.7003 0
62 85 36 7.7003 0
61 42 81 7.7003 0
62 60 127 7.0104 0
81 68 3 6.8397 0
84 67 83 6.6925 0
84 62 32 6.6925 0
67 84 82 6.6925 0
65 43 36 6.6925 0
43 61 85 6.6925 0
58 44 6 6.3814 0
81 47 47 6.4512 0
81 80 73 6.4512 0
49 45 71 6.3257 0
44 64 24 5.6846 0
46 69 109 5.5055 0
81 58 109 5.5055 0
63 44 19 5.6846 0
69 46 110 5.5055 0
58 81 110 5.5055 0
56 70 3 5.5409 0
82 63 97 4.6767 0
45 65 98 4.6767 0
65 82 17 4.6767 0
64 82 96 4.6767 0
82 65 19 4.6767 0
62 45 94 4.6767 0
49 47 52 4.4847 0
78 80 49 4.4847 0
49 80 67 4.4847 0
79 48 67 4.2766 0
64 72 124 4.0278 0
50 80 38 4.092 0
46 64 13 3.6688 0
81 57 76 3.6688 0
71 46 74 3.6688 0
46 55 45 3.7129 0
81 72 42 3.7129 0
56 46 44 3.6688 0
81 58 43 3.6688 0
58 81 75 3.6688 0
58 81 25 3.6688 0
73 65 123 3.3359 0
79 50 36 3.1417 0
50 48 83 3.1417 0
47 54 77 3.05 0
52 63 120 3.1601 0
77 79 83 3.1417 0
63 52 119 3.1002 0
50 48 61 3.1417 0
73 80 42 3.05 0
47 73 72 3.05 0
73 47 30 3.05 0
48 74 30 2.8775 0
55 80 45 2.7189 0
78 78 59 2.8512 0
78 49 57 2.8512 0
79 53 29 2.8775 0
47 69 50 2.661 0
47 59 33 2.661 0
66 80 26 2.661 0
47 67 77 2.661 0
68 47 100 2.661 0
71 47 44 2.661 0
71 80 91 2.661 0
80 57 22 2.661 0
62 47 103 2.661 0
80 60 11 2.661 0
67 47 11 2.661 0
47 56 14 2.661 0
59 47 28 2.661 0
65 69 6 2.5173 0
47 63 48 2.661 0
76 75 90 2.4069 0
76 59 6 2.5173 0
76 63 117 2.5128 0
71 67 6 2.5173 0
61 76 117 2.5128 0
51 52 91 2.4069 0
54 79 31 2.192 0
79 69 73 1.6531 0
54 48 88 2.192 0
53 74 112 2.1238 0
66 78 106 2.0362 0
78 66 106 2.0362 0
49 61 106 2.0362 0
50 63 114 2.1412 0
76 53 104 2.1354 0
51 74 104 2.1354 0
74 53 111 2.1238 0
62 79 46 1.6531 0
49 74 62 1.8697 0
58 68 122 1.9711 0
66 48 27 1.6531 0
78 51 74 1.8959 0
58 79 82 1.6531 0
51 49 10 1.8959 0
68 79 73 1.6531 0
51 78 74 1.8959 0
48 68 8 1.8746 0
48 57 95 1.6531 0
78 76 65 1.8959 0
72 48 23 1.7373 0
67 79 47 1.6531 0
53 78 61 1.8697 0
48 72 24 1.7373 0
60 79 8 1.8746 0
74 78 67 1.8697 0
79 69 26 1.6531 0
49 75 43 1.8697 0
0
