128
127 0 127 94.5557 0
0 127 0 74.5286 0
36 127 127 55.9383 0
127 100 11 54.7278 0
27 0 11 54.7278 0
19 52 82 31.9387 0
69 97 61 20.8521 0
90 37 24 18.3377 0
39 60 41 11.7812 0
69 38 46 10.7582 0
89 59 47 10.7582 0
82 53 0 10.0174 0
78 86 90 9.9072 0
42 78 57 9.6796 0
67 74 0 9.139 0
61 55 0 9.139 0
51 40 58 8.7443 0
66 85 33 8.7576 0
87 72 63 8.7425 0
44 63 114 8.447 0
48 82 81 8.3665 0
44 60 19 6.7419 0
53 82 43 6.0624 0
66 82 17 5.734 0
61 82 91 5.734 0
84 76 48 5.7217 0
70 44 7 5.3164 0
48 62 5 5.1092 0
69 80 103 5.0395 0
83 60 29 4.711 0
83 77 78 4.8462 0
55 44 72 4.711 0
53 44 44 4.711 0
65 44 61 4.711 0
46 62 57 4.7261 0
46 74 97 4.73 0
67 44 25 4.711 0
83 59 17 4.711 0
56 69 116 4.0563 0
47 68 28 3.7182 0
78 80 39 3.7217 0
47 74 37 3.7231 0
61 80 80 3.7182 0
82 70 36 3.7031 0
47 74 70 3.7231 0
47 53 54 3.7182 0
62 45 33 3.7031 0
82 59 61 3.7031 0
63 74 110 3.6552 0
49 56 103 3.384 0
79 47 53 3.3847 0
79 66 6 3.2804 0
71 62 6 3.0917 0
55 71 6 3.0917 0
54 79 33 2.8753 0
79 48 40 2.9202 0
48 65 102 2.7104 0
69 79 80 2.7103 0
54 79 69 2.8753 0
48 72 106 2.7104 0
48 55 29 2.7104 0
48 66 66 2.7104 0
63 79 45 2.7103 0
73 79 23 2.7103 0
72 46 34 2.6952 0
71 46 16 2.6952 0
70 79 44 2.7103 0
58 79 22 2.7103 0
63 46 16 2.6952 0
81 69 74 2.6952 0
48 73 46 2.7104 0
60 79 100 2.7103 0
48 72 88 2.7104 0
54 46 35 2.6952 0
74 46 58 2.6952 0
81 54 36 2.6952 0
81 66 23 2.6952 0
52 77 92 2.5255 0
50 54 7 2.3466 0
65 72 103 2.2614 0
60 68 105 2.2419 0
54 62 107 2.2714 0
57 65 7 2.0838 0
73 76 97 2.1138 0
78 50 46 1.8559 0
54 78 62 1.9366 0
54 78 52 1.9366 0
74 78 76 1.7025 0
80 52 59 1.9996 0
80 63 68 1.6874 0
54 78 27 1.9366 0
61 47 54 1.6873 0
49 48 37 1.9984 0
49 68 14 1.7025 0
54 78 97 1.9366 0
54 47 81 1.6873 0
52 76 102 1.8128 0
78 50 12 1.8559 0
58 47 25 1.6873 0
68 78 87 1.7025 0
49 55 64 1.7025 0
49 67 95 1.7025 0
63 47 68 1.6873 0
60 78 9 1.7746 0
55 78 57 1.7027 0
49 71 78 1.7025 0
49 62 97 1.7025 0
57 71 109 1.6593 0
61 47 9 1.7599 0
65 78 75 1.7025 0
49 68 74 1.7025 0
78 78 32 1.7092 0
49 49 32 1.7092 0
80 61 36 1.6874 0
58 47 39 1.6873 0
49 74 30 1.7117 0
49 70 22 1.7025 0
80 61 10 1.6874 0
80 72 30 1.6874 0
78 78 72 1.7092 0
80 68 52 1.6874 0
60 78 72 1.7025 0
80 67 29 1.6874 0
68 78 94 1.7025 0
58 78 15 1.7025 0
49 49 48 1.7092 0
55 47 29 1.6873 0
59 78 51 1.7025 0
0
