128
0 127 127 68.1242 0
127 0 127 67.9131 0
127 127 0 67.8661 0
0 0 0 67.8018 0
14 12 113 45.2651 0
112 14 15 44.9405 0
15 111 16 43.9737 0
111 112 111 43.9255 0
64 62 97 24.1409 0
64 64 29 24.1105 0
111 63 63 21.8555 0
16 63 64 21.8549 0
54 88 70 13.4899 0
54 39 68 12.1213 0
61 127 48 12.2358 0
61 0 79 12.2494 0
66 0 48 12.2358 0
66 127 79 12.2769 0
63 29 42 10.9762 0
65 98 42 10.9762 0
77 45 68 10.1815 0
77 79 67 10.2669 0
64 28 89 9.7115 0
63 105 85 9.3313 0
41 2 66 8.8225 0
42 125 61 8.6482 0
84 125 66 8.5317 0
85 2 61 8.6444 0
79 99 64 8.028 0
29 33 64 7.9317 0
98 92 63 7.9317 0
98 34 64 7.9317 0
38 49 81 8.0149 0
38 51 45 7.9872 0
29 93 64 7.9317 0
73 27 64 7.2165 0
90 77 46 7.1207 0
91 48 80 7.1322 0
37 78 80 7.016 0
38 74 46 6.9839 0
90 76 80 7.016 0
89 52 46 6.9839 0
46 107 67 6.1642 0
54 20 73 5.9944 0
78 32 80 6.0955 0
49 85 47 5.9369 0
82 89 47 5.9369 0
77 42 47 5.9369 0
49 39 47 5.9369 0
72 16 79 5.6593 0
63 55 63 5.6082 0
46 55 62 5.6082 0
75 97 78 5.127 0
63 104 62 5.1871 0
45 72 62 5.1564 0
32 16 65 5.0842 0
61 72 61 5.0662 0
53 21 61 5.0662 0
95 20 63 4.9081 0
54 110 48 4.929 0
54 16 48 4.929 0
95 107 64 4.9081 0
32 108 63 4.9081 0
41 65 78 4.7777 0
77 6 73 4.5616 0
50 121 73 4.6127 0
78 109 74 4.5556 0
77 121 54 4.4747 0
50 6 54 4.4747 0
33 40 52 4.5441 0
87 64 49 4.4851 0
56 121 64 4.4213 0
70 121 62 4.4213 0
57 6 62 4.4213 0
71 6 65 4.4213 0
87 63 77 4.1279 0
94 42 53 4.1779 0
33 83 53 4.1779 0
72 113 49 3.9211 0
50 98 49 3.9211 0
50 27 81 4.1047 0
44 26 61 4.0792 0
79 31 49 3.9211 0
83 33 60 4.0583 0
48 28 49 3.9211 0
72 84 49 3.9211 0
79 102 49 3.9211 0
46 57 74 3.845 0
88 36 77 3.9834 0
84 90 75 3.9572 0
75 21 49 3.9211 0
59 43 49 3.9211 0
50 104 79 3.8927 0
63 109 71 3.6808 0
48 70 73 3.6173 0
54 57 69 3.5924 0
34 38 75 3.6949 0
93 87 52 3.6543 0
34 89 75 3.6949 0
40 63 50 3.5937 0
81 57 60 3.5924 0
83 31 70 3.3721 0
83 21 60 3.3721 0
56 70 70 3.5924 0
41 32 76 3.3078 0
69 92 59 3.0504 0
69 32 74 3.2545 0
93 86 74 3.1931 0
53 113 79 3.196 0
63 22 61 3.2742 0
63 84 50 2.9132 0
48 10 76 3.0876 0
34 44 69 2.8923 0
43 99 61 3.1406 0
52 102 59 3.0504 0
70 17 59 3.0504 0
60 17 81 2.9706 0
69 37 59 3.0504 0
70 17 69 2.9965 0
41 33 50 2.9132 0
77 110 59 3.0504 0
84 89 59 3.0504 0
72 55 59 3.0504 0
66 46 59 3.0504 0
51 50 50 2.9132 0
93 44 69 2.8923 0
34 82 62 2.8923 0
81 58 74 2.9125 0
0
