128
0 127 127 72.0913 0
125 2 0 53.9285 0
127 0 127 72.0913 0
127 127 100 56.1855 0
0 0 100 56.1855 0
2 125 0 53.9285 0
103 126 0 45.5764 0
24 1 0 45.5764 0
64 64 45 27.8069 0
127 71 30 19.9515 0
0 56 30 19.9515 0
64 64 123 16.4539 0
64 0 63 16.1152 0
63 127 63 16.1152 0
94 65 2 15.1147 0
33 62 2 15.1147 0
123 63 66 14.5404 0
4 64 66 14.5404 0
64 64 92 13.029 0
64 64 0 12.0289 0
69 39 0 11.8326 0
57 88 1 11.3073 0
69 8 36 11.1042 0
58 119 36 11.1041 0
52 38 123 11.014 0
89 16 54 10.5009 0
38 111 54 10.5009 0
121 40 54 10.3496 0
6 87 54 10.3495 0
88 73 110 10.0914 0
39 54 110 10.0914 0
73 88 109 10.0248 0
25 60 84 9.7018 0
102 67 84 9.7018 0
60 24 83 9.619 0
67 103 83 9.619 0
57 34 100 8.8929 0
14 34 45 8.8869 0
113 93 45 8.8869 0
87 108 50 8.755 0
40 19 50 8.755 0
102 41 61 8.4999 0
25 86 61 8.4999 0
26 43 57 7.8767 0
101 84 57 7.8767 0
64 104 52 7.5232 0
64 23 52 7.5232 0
32 81 46 7.1866 0
70 22 21 7.238 0
57 105 21 7.2379 0
45 96 68 7.1067 0
82 31 68 7.1067 0
45 32 67 7.0973 0
82 95 67 7.0973 0
95 45 46 6.8985 0
27 64 66 6.9089 0
100 63 66 6.9089 0
51 47 3 6.6648 0
76 80 3 6.6648 0
92 80 25 6.4359 0
35 47 25 6.4359 0
110 59 48 6.5479 0
17 68 48 6.5479 0
24 71 21 6.4042 0
103 56 21 6.4042 0
37 79 24 5.8762 0
90 48 24 5.8762 0
90 79 75 5.4321 0
37 48 75 5.4321 0
113 48 39 6.2313 0
14 79 39 6.2313 0
108 26 54 6.14 0
19 101 54 6.14 0
118 82 56 6.1815 0
9 45 56 6.1815 0
23 42 34 6.2287 0
104 85 34 6.2287 0
63 90 95 6.1998 0
34 44 44 6.1134 0
52 9 45 6.1197 0
75 118 45 6.1197 0
43 99 42 6.1214 0
84 28 42 6.1214 0
43 32 39 5.812 0
84 95 39 5.812 0
87 50 78 5.3915 0
40 77 78 5.3914 0
43 81 11 6.0419 0
84 46 11 6.0419 0
50 63 77 6.0767 0
101 65 39 5.7895 0
94 82 44 5.982 0
89 63 96 5.8751 0
38 64 96 5.8751 0
71 52 77 5.8069 0
54 107 70 5.8523 0
73 20 70 5.8523 0
56 75 77 5.8069 0
52 44 84 3.8898 0
83 82 96 5.7529 0
44 45 96 5.7528 0
26 64 39 5.7895 0
63 34 17 5.6876 0
64 93 17 5.6876 0
56 51 76 5.6418 0
70 76 77 5.5373 0
77 65 77 5.5643 0
106 76 70 5.5235 0
21 51 70 5.5235 0
80 35 55 5.435 0
64 44 110 5.3939 0
47 92 55 5.435 0
47 35 53 5.2731 0
38 78 66 5.1413 0
89 49 66 5.1413 0
77 35 16 5.2735 0
63 94 70 5.0883 0
64 33 70 5.0883 0
75 93 93 5.2268 0
79 36 32 4.9656 0
80 93 54 5.1079 0
101 72 21 5.0835 0
26 55 21 5.0834 0
53 21 69 4.9872 0
74 106 69 4.9872 0
50 93 17 4.9842 0
48 91 32 4.9656 0
67 105 32 4.9985 0
0
