128
0 0 88 61.5552 0
127 127 108 60.8218 0
127 0 0 59.2874 0
0 126 0 59.2495 0
0 127 127 66.5575 0
127 0 127 64.3313 0
109 121 0 47.8109 0
33 22 0 33.7499 0
62 109 55 23.8409 0
68 67 127 22.8891 0
126 65 51 22.1948 0
76 23 60 20.8771 0
63 69 8 20.9682 0
64 65 75 18.4675 0
6 75 60 17.1751 0
2 54 28 16.6988 0
68 38 29 12.877 0
106 39 63 11.5193 0
55 48 99 10.9567 0
30 92 61 10.9557 0
35 56 121 10.6993 0
95 63 10 10.6002 0
112 60 83 10.5112 0
64 66 45 10.2509 0
98 93 51 10.2644 0
49 30 43 10.0504 0
78 44 90 9.7519 0
54 79 99 9.3984 0
48 89 80 9.0615 0
112 64 22 8.9621 0
74 80 97 8.9458 0
30 64 12 8.5844 0
53 90 29 8.441 0
71 89 30 8.3005 0
93 43 78 7.6515 0
97 41 45 7.5651 0
18 68 84 7.5169 0
78 88 75 7.252 0
54 40 69 7.1748 0
22 41 36 7.0147 0
17 55 48 6.938 0
82 48 14 6.7027 0
98 65 116 6.3818 0
24 79 76 6.0523 0
74 59 98 5.8622 0
56 42 55 5.9313 0
52 62 33 5.8813 0
104 81 62 5.7233 0
34 41 45 5.8128 0
86 91 63 5.6977 0
105 63 102 5.4307 0
76 69 33 5.3253 0
107 73 73 5.3238 0
38 94 44 5.3133 0
84 94 40 5.2613 0
43 70 112 5.2448 0
13 73 37 5.0779 0
24 86 46 5.2275 0
22 64 97 4.8762 0
86 35 37 5.0954 0
79 49 107 5.0522 0
24 60 108 5.0688 0
42 41 54 4.9113 0
50 68 53 4.9728 0
49 47 83 4.8309 0
20 68 22 4.9257 0
52 47 25 4.9022 0
109 85 40 4.6893 0
77 68 54 4.6445 0
63 45 46 4.5458 0
34 85 77 4.6229 0
38 75 16 4.553 0
52 64 102 4.5514 0
87 74 107 4.5295 0
64 56 31 4.4556 0
110 77 30 4.4206 0
106 49 40 4.3779 0
95 86 67 4.3411 0
41 80 91 4.2587 0
22 55 19 4.2105 0
18 66 43 4.1537 0
94 49 90 4.008 0
84 82 86 4.0391 0
41 49 108 4.008 0
50 71 39 4.0284 0
77 45 75 3.8993 0
50 60 46 3.9792 0
102 51 74 3.9557 0
77 60 38 3.8656 0
77 60 28 3.8656 0
45 88 66 3.6725 0
45 84 19 3.81 0
21 62 73 3.5666 0
53 84 66 3.7704 0
53 43 37 3.8075 0
102 68 92 3.6407 0
107 56 68 3.7519 0
85 42 24 3.7367 0
65 47 59 3.5615 0
76 59 51 3.6564 0
73 44 45 3.5836 0
88 75 17 3.5451 0
54 59 54 3.5598 0
26 47 49 3.5923 0
34 80 85 3.578 0
42 57 17 3.5451 0
36 38 35 3.4966 0
48 39 31 3.5325 0
103 72 82 3.5191 0
40 90 35 3.4016 0
92 43 56 3.4257 0
63 85 40 3.4483 0
20 57 60 3.1677 0
49 59 109 3.4333 0
103 79 50 3.3514 0
17 80 42 3.3601 0
79 83 22 3.2934 0
112 54 31 3.2899 0
78 70 44 3.332 0
63 75 33 3.1292 0
49 71 29 3.3095 0
101 54 91 3.2843 0
104 50 50 3.2221 0
64 81 58 3.2299 0
50 67 93 3.1588 0
74 84 65 3.229 0
91 43 66 3.1305 0
48 76 87 3.0308 0
0
