128
127 127 0 70.384 0
0 0 0 70.3839 0
127 0 127 70.3839 0
0 127 127 70.3839 0
26 26 101 36.0584 0
101 26 26 36.0584 0
26 101 26 36.0584 0
101 101 101 36.0584 0
57 70 83 19.5678 0
59 59 43 18.9245 0
69 90 49 12.8773 0
90 69 49 12.8773 0
87 55 77 12.737 0
69 36 77 12.315 0
68 127 75 11.7831 0
59 0 75 11.7831 0
127 68 75 11.7645 0
0 59 75 11.7644 0
59 127 52 11.7831 0
68 0 52 11.7831 0
0 68 52 11.7644 0
127 59 52 11.7644 0
60 29 51 10.8615 0
25 60 51 10.8615 0
26 69 75 10.6776 0
58 102 75 10.3538 0
109 56 73 8.3716 0
43 39 54 7.8379 0
71 16 72 7.2478 0
69 110 55 6.83 0
111 70 55 6.83 0
52 46 70 6.4654 0
72 89 70 6.4654 0
83 74 70 6.4654 0
39 54 70 6.4654 0
43 93 71 6.4454 0
88 36 70 6.4654 0
124 84 65 6.3307 0
124 43 62 6.3306 0
3 84 62 6.3306 0
3 43 65 6.3306 0
84 3 62 6.3196 0
43 124 62 6.3196 0
43 3 65 6.3196 0
84 124 65 6.3196 0
57 21 71 6.2712 0
100 69 71 6.2456 0
38 72 56 5.8222 0
90 88 56 5.8222 0
52 82 56 5.8222 0
52 13 56 5.8222 0
76 44 56 5.8222 0
109 56 56 5.8222 0
73 109 69 5.4575 0
31 85 70 5.4371 0
82 24 69 5.4575 0
101 44 69 5.4575 0
18 55 69 5.2798 0
103 81 57 4.8143 0
6 52 57 5.0311 0
6 75 70 5.0311 0
52 120 70 4.8436 0
83 101 57 4.8143 0
54 107 57 4.8143 0
39 52 57 4.8143 0
17 74 57 4.8143 0
27 43 57 4.8143 0
86 50 57 4.8143 0
44 25 57 4.8143 0
74 18 57 4.8143 0
52 32 68 4.4497 0
70 54 68 4.4497 0
110 75 69 4.5808 0
44 105 68 4.4497 0
123 74 59 4.1968 0
123 53 68 4.1967 0
20 82 68 4.1938 0
74 4 68 4.1718 0
74 123 59 4.1718 0
74 72 58 3.8064 0
52 95 58 3.8064 0
17 46 58 3.8064 0
75 31 58 3.8064 0
96 52 58 3.8064 0
38 77 68 3.8114 0
49 13 69 3.8064 0
80 116 58 3.8064 0
64 15 58 3.8064 0
77 55 58 3.8064 0
28 75 58 3.8064 0
28 49 67 3.4418 0
75 65 67 3.4418 0
61 89 67 3.4418 0
61 52 67 3.4418 0
39 67 67 3.4418 0
53 88 67 3.4418 0
79 97 67 3.4418 0
44 39 67 3.4418 0
33 95 67 3.4418 0
100 79 67 3.4418 0
82 85 68 3.2163 0
115 81 59 2.7985 0
35 10 65 3.054 0
35 117 62 3.054 0
92 10 62 3.054 0
92 117 65 3.054 0
117 92 65 3.0194 0
10 35 65 3.0193 0
117 35 62 3.0193 0
10 92 62 3.0193 0
40 82 59 2.7985 0
14 64 68 2.9763 0
39 61 59 2.7985 0
64 113 68 2.9723 0
98 35 67 2.9439 0
100 90 59 2.7985 0
71 99 67 2.9294 0
13 45 68 2.7985 0
13 82 59 2.7985 0
112 43 68 2.7985 0
81 11 68 2.7985 0
46 90 59 2.7985 0
45 83 67 2.6871 0
75 63 59 2.7985 0
55 43 59 2.7985 0
93 97 59 2.7985 0
37 30 59 2.7985 0
49 114 59 2.7985 0
0
