128
127 127 0 87.1925 0
0 0 0 87.1925 0
127 0 127 87.1879 0
0 127 127 87.1879 0
77 77 77 15.6806 0
50 50 77 15.6806 0
78 50 50 15.686 0
49 77 50 15.686 0
28 70 57 5.7098 0
99 70 70 5.7034 0
100 57 57 5.7098 0
26 57 70 5.7034 0
58 69 70 5.0278 0
69 58 70 5.0278 0
69 70 58 5.0211 0
59 57 58 5.0211 0
44 58 58 4.2847 0
83 69 58 4.2847 0
44 69 69 4.2781 0
84 58 69 4.2781 0
36 65 70 3.1701 0
91 70 62 3.1659 0
36 57 62 3.1659 0
36 70 64 3.0125 0
18 68 59 2.8596 0
91 64 70 3.0173 0
93 57 64 3.0125 0
93 64 57 3.0083 0
35 63 57 3.0083 0
110 59 59 2.8596 0
113 68 68 2.8529 0
14 59 68 2.8529 0
62 65 58 2.1879 0
62 69 63 2.0059 0
107 66 68 1.6329 0
11 67 60 1.4346 0
116 60 60 1.4346 0
66 59 61 1.6349 0
62 61 68 1.6329 0
65 66 68 1.6329 0
97 61 68 1.6329 0
30 66 68 1.6329 0
97 68 61 1.6349 0
30 59 61 1.6349 0
52 59 61 1.6349 0
76 68 61 1.6349 0
51 66 68 1.6329 0
76 61 68 1.6329 0
6 67 60 1.4827 0
121 60 60 1.4827 0
121 67 67 1.4762 0
6 60 67 1.4762 0
90 60 60 1.4346 0
37 60 67 1.4279 0
33 60 67 1.4279 0
19 62 68 1.2195 0
19 59 65 1.2208 0
27 62 59 1.227 0
27 68 65 1.2208 0
100 65 59 1.227 0
99 59 65 1.2208 0
105 68 65 1.2208 0
68 62 59 1.227 0
67 68 65 1.2208 0
60 59 65 1.2208 0
101 68 62 1.2262 0
26 59 62 1.2262 0
26 65 68 1.2195 0
101 62 68 1.2195 0
88 59 64 1.0101 0
103 59 64 1.0101 0
31 68 64 1.0101 0
23 68 64 1.0101 0
23 63 59 1.006 0
104 64 59 1.006 0
86 64 68 1.0075 0
107 63 59 1.006 0
107 59 63 1.0012 0
42 59 64 1.0101 0
85 68 64 1.0101 0
42 63 68 1.0075 0
41 64 59 1.006 0
86 63 59 1.006 0
57 64 59 1.006 0
58 68 63 1.0012 0
41 68 63 1.0012 0
70 59 63 1.0012 0
122 62 63 0.9421 0
122 65 64 0.9421 0
5 63 63 0.9421 0
89 67 66 0.7773 0
38 66 60 0.7817 0
92 67 66 0.7773 0
88 66 60 0.7817 0
39 61 60 0.7817 0
49 61 60 0.7817 0
79 60 66 0.7773 0
14 65 60 0.7788 0
14 67 62 0.7777 0
53 67 65 0.7841 0
64 60 65 0.7841 0
109 67 65 0.7841 0
49 67 65 0.7841 0
74 60 65 0.7841 0
54 62 60 0.7788 0
74 65 60 0.7788 0
78 65 60 0.7788 0
22 60 63 0.5057 0
22 64 67 0.5025 0
104 62 67 0.7837 0
64 62 60 0.7788 0
104 67 62 0.7777 0
58 62 67 0.7837 0
69 65 67 0.7837 0
86 60 62 0.7777 0
10 62 67 0.7837 0
117 65 67 0.7837 0
10 60 65 0.7841 0
117 67 65 0.7841 0
40 65 67 0.7837 0
104 65 67 0.7837 0
48 65 67 0.7837 0
94 62 67 0.7837 0
88 62 67 0.7837 0
80 62 67 0.7837 0
31 62 60 0.7788 0
79 67 62 0.7777 0
33 67 62 0.7777 0
0
