128
127 127 127 62.7255 0
0 0 0 62.7646 0
0 127 127 62.7646 0
0 127 0 62.7646 0
0 0 127 62.7646 0
127 0 0 62.7255 0
127 0 127 62.7255 0
127 127 0 62.7255 0
64 64 98 29.3976 0
64 64 29 29.3976 0
21 63 40 12.5427 0
63 108 87 12.5427 0
18 64 87 12.5427 0
64 17 40 12.5427 0
65 20 87 12.5427 0
107 65 87 12.5427 0
111 63 40 12.5427 0
63 111 40 12.5427 0
127 86 64 10.8822 0
127 41 64 10.8822 0
41 0 64 10.8828 0
41 127 64 10.8828 0
86 127 63 10.822 0
86 0 64 10.822 0
0 41 63 10.8238 0
0 86 64 10.8238 0
0 57 47 9.3068 0
127 56 79 8.8689 0
56 0 79 8.8465 0
72 127 78 8.4806 0
0 55 78 8.4293 0
69 97 63 5.3023 0
47 95 45 7.5033 0
56 0 51 7.6478 0
32 81 45 7.5033 0
97 58 64 5.3023 0
46 94 82 7.5033 0
33 82 82 7.5033 0
33 46 45 7.5033 0
95 48 82 7.5033 0
80 30 45 7.5033 0
81 33 82 7.5033 0
55 126 78 7.5441 0
50 32 45 7.5292 0
94 81 82 7.5033 0
77 96 45 7.5117 0
96 77 45 7.5117 0
33 49 82 7.5033 0
44 36 82 7.5033 0
98 47 45 7.5033 0
82 95 82 7.5033 0
127 70 52 7.374 0
58 30 65 5.3023 0
57 127 53 7.32 0
73 1 50 7.2923 0
1 72 77 7.1065 0
0 67 62 7.0877 0
67 0 65 7.0675 0
3 75 48 6.9611 0
30 69 67 5.3023 0
75 3 79 6.9272 0
124 75 79 6.9075 0
126 59 63 6.0775 0
72 125 51 5.8687 0
123 50 49 5.8682 0
30 58 58 5.3023 0
69 30 56 5.3023 0
100 114 63 5.7911 0
100 13 64 5.7911 0
114 100 63 5.7571 0
114 27 63 5.7571 0
13 100 63 5.7699 0
13 27 64 5.7699 0
60 52 64 5.7556 0
27 114 63 5.6955 0
27 13 63 5.6955 0
52 67 63 5.7499 0
58 97 71 5.3023 0
97 69 70 5.3023 0
47 21 80 5.4876 0
74 57 64 5.4283 0
97 69 57 5.3023 0
90 91 47 5.4876 0
58 97 54 5.3023 0
70 74 63 5.4349 0
69 30 70 5.3023 0
30 58 71 5.3023 0
30 70 55 5.2492 0
69 125 63 5.1234 0
94 60 48 5.0998 0
34 69 79 4.8147 0
17 80 48 4.4797 0
71 96 74 4.7318 0
46 109 79 4.4797 0
57 35 79 4.5953 0
80 113 79 4.4797 0
108 47 79 4.4797 0
46 108 48 4.4797 0
82 20 79 4.4797 0
14 47 79 4.4797 0
14 47 48 4.4797 0
17 81 79 4.4797 0
37 33 48 4.4797 0
86 42 48 4.4797 0
118 79 48 4.5103 0
48 13 48 4.4797 0
48 118 48 4.5078 0
108 82 79 4.4797 0
108 82 48 4.4797 0
59 76 64 4.478 0
111 46 48 4.4797 0
80 115 48 4.4797 0
80 12 48 4.4797 0
92 34 48 4.4797 0
124 70 66 4.3143 0
59 124 66 4.1294 0
62 34 49 3.6962 0
77 67 66 3.8112 0
95 35 78 3.4718 0
93 60 78 3.7668 0
51 57 67 3.6861 0
23 42 78 3.4718 0
32 37 78 3.4718 0
59 28 55 3.5763 0
94 93 78 3.4718 0
34 94 78 3.4718 0
68 99 53 3.5763 0
35 58 49 3.5662 0
0
