128
127 0 127 93.7582 0
0 127 0 85.7809 0
127 127 56 50.5766 0
45 127 127 47.8279 0
0 0 67 45.091 0
73 0 0 43.0593 0
100 66 12 28.0936 0
34 60 82 24.2192 0
70 76 66 16.557 0
29 32 24 14.4622 0
62 52 25 13.0451 0
93 98 102 11.7234 0
63 80 94 11.2177 0
101 70 52 10.9197 0
67 117 72 10.779 0
55 98 76 10.1889 0
54 3 51 9.9739 0
88 36 37 9.4459 0
88 54 47 9.258 0
22 49 51 8.9193 0
69 52 57 8.0624 0
83 93 31 7.9595 0
92 85 79 7.5602 0
49 20 57 7.2666 0
36 39 56 7.0545 0
44 30 72 7.1298 0
54 59 56 7.0545 0
69 71 31 6.9978 0
51 35 31 6.9978 0
42 49 31 6.9978 0
87 85 51 6.5331 0
38 15 34 6.0511 0
81 85 96 5.8117 0
64 99 61 5.7763 0
61 51 70 5.6353 0
83 73 47 5.5993 0
62 26 55 5.4683 0
68 37 55 5.2516 0
44 50 54 5.0388 0
55 40 70 5.1061 0
86 113 93 5.0463 0
70 109 57 5.0366 0
73 37 33 4.9821 0
79 51 35 4.958 0
79 119 86 4.9 0
37 61 52 4.8596 0
92 86 39 4.7976 0
52 72 53 4.6775 0
86 91 69 4.4656 0
27 47 37 4.3973 0
82 80 86 4.3892 0
67 11 48 4.2869 0
75 94 98 4.1661 0
79 22 43 4.0108 0
78 79 34 3.9915 0
63 35 34 3.9742 0
46 23 34 3.9742 0
44 10 42 3.9047 0
68 93 53 3.5648 0
77 61 35 3.5122 0
80 43 52 3.5717 0
84 91 60 3.4745 0
45 66 51 3.4866 0
80 106 36 3.404 0
77 62 52 3.3657 0
25 36 42 3.3591 0
75 109 48 3.0391 0
40 29 61 3.1091 0
44 31 54 3.1878 0
57 66 35 2.9663 0
73 86 35 2.9663 0
50 60 35 2.9663 0
58 49 52 3.023 0
80 71 37 3.0437 0
85 92 43 3.0358 0
55 31 68 3.0903 0
35 50 52 3.023 0
64 62 52 3.023 0
39 26 52 3.023 0
61 17 52 3.023 0
89 88 90 2.9031 0
32 56 46 2.86 0
53 23 67 2.9001 0
81 106 96 2.8735 0
57 79 50 2.7122 0
77 89 52 2.7837 0
61 94 89 2.7079 0
72 16 44 2.6872 0
94 94 86 2.5438 0
67 102 70 2.4979 0
61 85 50 2.5717 0
64 89 82 2.4082 0
27 37 50 2.4197 0
44 13 50 2.3854 0
81 31 47 2.271 0
85 82 36 2.1443 0
85 76 38 2.2723 0
69 18 51 2.1909 0
72 27 51 2.0152 0
68 96 69 2.0808 0
60 28 36 1.9585 0
67 94 94 2.2334 0
39 37 66 2.2055 0
63 108 83 2.2003 0
68 102 53 2.2486 0
48 15 36 2.2353 0
75 108 64 2.0528 0
31 53 40 2.1541 0
54 26 36 1.9585 0
76 30 36 2.185 0
81 44 44 2.1265 0
73 43 51 2.0152 0
73 45 36 1.9585 0
70 105 65 2.0026 0
42 29 36 1.9585 0
45 39 67 2.0824 0
63 44 52 2.1168 0
45 58 51 2.0152 0
95 79 43 2.0797 0
63 43 67 2.0824 0
52 45 36 1.9585 0
68 80 36 1.9585 0
69 29 36 1.9585 0
43 58 36 2.0564 0
78 35 51 2.0167 0
59 69 51 2.0152 0
33 22 38 2.0086 0
69 62 36 1.9585 0
0
