128
127 0 127 69.8389 0
0 0 0 69.8389 0
127 127 0 69.8389 0
0 127 127 69.8389 0
103 103 103 37.4605 0
103 24 24 37.4605 0
24 103 24 37.4605 0
24 24 103 37.4605 0
58 86 69 20.3266 0
58 41 58 20.3266 0
123 64 64 18.7602 0
64 64 123 18.7602 0
64 63 4 18.7602 0
0 67 61 17.9052 0
92 78 59 12.2636 0
89 49 69 12.2636 0
69 78 38 12.2636 0
67 49 93 12.2644 0
26 50 60 11.2557 0
28 76 70 10.2479 0
54 52 29 9.2401 0
54 75 98 9.24 0
40 54 40 7.2242 0
40 73 87 7.2242 0
14 64 83 7.1988 0
51 55 82 6.2164 0
82 55 51 6.2171 0
89 72 40 6.2164 0
89 55 88 6.2164 0
51 72 43 6.2164 0
38 72 56 6.2164 0
71 55 28 6.2168 0
71 72 99 6.2164 0
38 55 74 6.2166 0
77 72 84 6.2164 0
42 62 17 5.6578 0
42 65 110 5.6578 0
110 64 42 5.6578 0
18 59 46 5.3078 0
73 56 41 5.2085 0
105 56 80 5.317 0
80 56 105 5.317 0
80 71 22 5.317 0
54 71 29 5.2085 0
88 71 76 5.2085 0
101 56 54 5.2085 0
23 71 54 5.2096 0
72 56 75 5.2091 0
75 71 55 5.2085 0
9 65 39 4.9208 0
109 63 88 4.6499 0
88 64 18 4.6499 0
88 63 109 4.6499 0
27 70 85 4.2006 0
18 57 73 4.2054 0
65 70 88 4.2006 0
51 57 98 4.2036 0
78 70 67 4.2006 0
104 70 49 4.2019 0
100 70 76 4.2006 0
62 57 78 4.2006 0
29 57 45 4.2006 0
89 69 29 3.1927 0
100 69 41 3.1927 0
62 69 51 3.1927 0
41 69 46 3.1927 0
38 69 100 3.1927 0
41 58 51 3.1938 0
40 69 75 3.1927 0
80 58 33 3.1933 0
51 69 86 3.1927 0
33 69 47 3.1927 0
80 69 94 3.1927 0
81 58 95 3.1927 0
40 58 29 3.193 0
82 69 32 3.1927 0
28 58 79 3.1927 0
100 58 88 3.1927 0
76 58 64 3.1928 0
90 58 98 3.1957 0
83 58 41 3.1939 0
39 58 64 3.1929 0
50 69 53 3.1927 0
30 58 36 3.1927 0
45 58 91 3.1927 0
93 58 46 3.1937 0
46 69 34 3.1927 0
81 69 48 3.1927 0
78 58 82 3.1928 0
53 58 41 3.1929 0
63 58 37 3.1927 0
40 69 66 3.1927 0
40 58 85 3.1928 0
31 69 93 3.1927 0
49 68 21 2.9249 0
80 67 107 3.0546 0
107 67 80 3.0546 0
80 60 20 3.0546 0
49 59 106 2.9249 0
33 63 20 2.6342 0
33 64 107 2.6342 0
107 64 33 2.6342 0
20 63 68 2.6342 0
20 65 93 2.6342 0
86 68 89 2.1849 0
93 59 57 2.1849 0
74 59 56 2.1849 0
63 68 26 2.1849 0
101 59 65 2.1849 0
22 59 38 2.1897 0
38 59 57 2.1856 0
96 59 95 2.1849 0
34 59 82 2.185 0
96 59 79 2.1849 0
33 68 80 2.1849 0
101 59 71 2.1849 0
39 68 39 2.1849 0
45 68 26 2.1849 0
80 68 75 2.1849 0
70 68 26 2.1849 0
101 68 67 2.1849 0
59 59 102 2.1849 0
94 68 84 2.1849 0
58 68 86 2.1849 0
82 59 26 2.1849 0
82 68 101 2.1849 0
21 67 45 2.208 0
101 59 46 2.1849 0
0
