128
0 0 127 71.707 0
0 127 0 70.4314 0
127 0 0 69.9287 0
127 127 127 69.9271 0
104 25 102 36.5123 0
103 102 24 36.5147 0
26 26 24 35.5202 0
29 100 99 34.4965 0
67 41 60 20.0185 0
73 84 69 18.6034 0
124 62 65 18.4982 0
65 65 6 18.0539 0
1 60 59 17.7842 0
66 61 120 17.0597 0
59 79 39 13.8352 0
38 78 57 12.3233 0
35 50 68 11.3154 0
62 49 93 11.301 0
97 51 57 10.2624 0
71 51 31 9.7175 0
73 75 97 9.2997 0
98 74 60 8.2918 0
19 63 78 7.5261 0
99 73 77 7.2839 0
86 54 41 7.2839 0
44 54 85 7.2839 0
20 65 43 6.5306 0
44 55 51 6.2761 0
88 72 88 6.2761 0
56 71 84 6.3496 0
55 54 39 6.389 0
88 55 74 6.2761 0
77 54 82 6.3114 0
48 72 73 6.2761 0
78 71 44 6.1995 0
43 65 18 5.951 0
25 56 54 5.6007 0
111 63 43 5.3878 0
39 71 39 5.2682 0
23 71 67 5.2682 0
49 56 103 5.2832 0
58 71 99 5.2682 0
55 70 57 5.0104 0
85 61 19 5.007 0
86 63 108 4.9431 0
75 70 28 4.2603 0
31 57 84 4.2603 0
54 57 27 4.2603 0
23 68 55 4.3533 0
50 56 73 4.4237 0
110 66 86 4.4492 0
101 57 42 4.2603 0
102 57 75 4.2603 0
77 57 100 4.2603 0
33 70 73 4.2603 0
87 70 53 4.2603 0
44 70 28 4.2603 0
48 66 107 4.0082 0
66 57 79 3.6247 0
106 69 51 3.3477 0
58 57 80 3.3641 0
42 58 96 3.2524 0
64 69 54 3.32 0
96 68 94 3.3137 0
52 69 24 3.2744 0
35 58 92 3.2524 0
86 58 28 3.2524 0
44 58 40 3.2524 0
29 69 38 3.2524 0
33 58 47 3.2524 0
95 69 47 3.2524 0
48 58 64 3.2524 0
85 58 52 3.2524 0
85 69 100 3.2524 0
77 68 85 3.2561 0
86 58 64 3.2524 0
86 58 86 3.2524 0
102 69 88 3.2524 0
95 58 34 3.1016 0
55 68 66 3.1619 0
40 61 106 3.0206 0
72 68 52 2.9941 0
66 68 84 2.9953 0
73 58 43 2.4869 0
58 68 74 2.6838 0
88 68 77 2.2446 0
66 58 43 2.5699 0
81 68 23 2.5928 0
40 68 79 2.2446 0
24 61 88 2.5706 0
50 58 94 2.5616 0
108 63 34 2.3608 0
88 68 44 2.2446 0
79 67 54 2.1885 0
83 58 93 2.511 0
45 68 46 2.2446 0
48 59 33 2.2446 0
52 68 93 2.4027 0
46 68 86 2.2446 0
34 68 30 2.2446 0
79 67 105 2.4801 0
77 58 73 2.4556 0
81 68 35 2.3462 0
106 59 50 2.3733 0
24 59 63 2.3151 0
89 68 71 2.2446 0
63 67 90 2.3089 0
50 68 50 2.2446 0
108 64 94 2.3824 0
21 59 68 2.3737 0
77 58 91 2.3131 0
87 68 38 2.2446 0
54 58 48 2.2792 0
79 58 48 2.329 0
37 68 25 2.2446 0
36 59 55 2.2446 0
92 59 82 2.2446 0
86 68 61 2.2446 0
47 59 24 2.2744 0
102 59 67 2.2446 0
102 68 45 2.2446 0
31 68 47 2.2446 0
48 68 64 2.2446 0
92 68 101 2.2446 0
40 68 69 2.2446 0
51 58 58 2.2337 0
96 59 68 2.2446 0
93 59 28 2.2446 0
0
