128
0 127 78 78.3806 0
127 0 127 80.7911 0
0 0 0 60.8833 0
127 127 0 60.8805 0
122 17 0 46.4041 0
46 33 66 24.8345 0
94 83 67 24.6541 0
79 90 127 19.7699 0
39 50 127 19.0837 0
85 45 48 17.599 0
26 76 0 17.3322 0
52 101 0 17.1838 0
65 60 0 13.3256 0
68 19 33 15.173 0
105 64 33 12.2223 0
66 33 3 10.8083 0
74 95 38 10.5948 0
32 53 38 10.5903 0
46 52 97 10.4719 0
89 65 3 10.302 0
81 76 100 9.6084 0
53 76 127 8.3463 0
73 82 5 8.2863 0
43 56 5 8.2863 0
82 70 38 8.2183 0
60 44 37 8.1607 0
79 54 74 7.5274 0
24 62 22 7.4578 0
65 103 23 7.4491 0
51 76 6 7.2784 0
66 65 127 7.1132 0
46 67 36 6.673 0
60 81 36 6.2555 0
68 81 48 6.2876 0
49 34 33 5.9999 0
49 55 43 5.9078 0
66 48 86 5.662 0
80 62 87 5.5605 0
53 44 8 5.2626 0
70 80 88 5.4412 0
89 82 33 5.3574 0
79 47 8 5.2626 0
66 81 104 5.0416 0
100 63 15 5.0298 0
58 50 110 4.7574 0
62 49 97 4.6659 0
48 61 53 4.6305 0
72 79 33 4.1292 0
59 80 115 4.3022 0
49 59 83 4.2796 0
48 67 112 4.2548 0
46 47 33 4.1292 0
58 28 16 4.175 0
82 34 28 3.9556 0
39 88 14 3.889 0
31 57 12 3.8971 0
70 96 12 3.9035 0
78 69 113 3.9049 0
75 30 16 3.6718 0
66 79 59 3.7322 0
70 51 66 3.6324 0
35 67 32 3.3955 0
60 92 32 3.3959 0
95 50 28 3.4828 0
63 75 10 3.2469 0
52 55 33 3.3769 0
53 74 41 3.3514 0
76 70 10 3.2469 0
76 72 87 3.3134 0
77 59 63 3.2877 0
85 78 10 3.2469 0
51 65 10 3.2469 0
69 46 10 3.2469 0
60 82 10 3.2469 0
50 69 46 3.2256 0
70 51 33 3.1261 0
53 30 24 3.0576 0
51 77 32 3.1213 0
89 60 32 3.1213 0
80 59 32 3.1213 0
55 53 85 3.1385 0
72 38 32 3.1247 0
95 76 28 3.1033 0
61 50 48 3.0923 0
62 55 123 2.9399 0
53 97 21 3.0145 0
30 74 21 3.0087 0
68 51 76 3.0264 0
58 77 46 2.8282 0
68 78 78 2.9585 0
39 43 30 2.9334 0
77 61 96 2.8588 0
77 68 49 2.778 0
50 61 75 2.6784 0
97 73 19 2.7469 0
66 29 17 2.7435 0
52 57 109 2.6916 0
54 34 12 2.5304 0
66 78 67 2.6272 0
50 61 62 2.6533 0
72 54 92 2.5347 0
77 38 11 2.5465 0
47 94 19 2.5402 0
35 83 18 2.5326 0
97 55 21 2.4862 0
67 51 59 2.4539 0
45 84 11 2.3468 0
53 74 111 2.4833 0
77 64 104 2.4014 0
50 62 106 2.4641 0
62 47 11 2.239 0
89 53 11 2.3416 0
83 55 11 2.239 0
83 89 29 2.3853 0
53 53 11 2.239 0
74 56 84 2.3963 0
94 73 13 2.366 0
75 96 24 2.3506 0
31 52 24 2.3458 0
42 68 11 2.239 0
50 63 68 2.3412 0
78 58 11 2.239 0
77 63 57 2.2812 0
50 67 102 2.323 0
75 67 122 2.282 0
69 72 11 2.239 0
66 78 96 2.2051 0
56 96 27 2.2004 0
0
