128
127 0 127 86.816 0
0 64 0 68.8286 0
127 127 0 64.4576 0
0 77 127 57.3311 0
84 116 95 39.3716 0
101 26 7 37.6806 0
5 0 80 31.739 0
19 127 66 22.3935 0
50 0 48 22.0329 0
79 69 44 20.7277 0
55 124 44 18.6603 0
51 62 71 17.5212 0
111 79 63 14.4653 0
127 55 42 12.9671 0
30 38 73 12.9664 0
61 39 51 12.7021 0
53 89 57 11.7632 0
63 69 97 10.7066 0
36 25 98 10.6696 0
32 92 68 10.1965 0
45 18 77 9.8722 0
65 98 32 9.5092 0
61 25 32 8.4717 0
48 44 93 8.2701 0
108 64 34 8.0989 0
87 71 76 8.0465 0
76 17 47 8.0317 0
45 109 67 7.5057 0
38 108 83 6.9771 0
82 41 50 7.0064 0
76 108 49 6.9672 0
45 86 79 6.8043 0
42 31 55 6.5202 0
50 37 68 6.1671 0
73 50 64 6.1628 0
95 94 55 6.1756 0
75 66 84 5.8766 0
59 22 66 5.8985 0
67 80 67 5.7879 0
53 82 91 5.5957 0
101 53 42 5.406 0
110 54 53 5.325 0
71 92 56 5.2341 0
26 16 52 5.1522 0
35 18 64 5.0553 0
118 72 44 4.9731 0
111 44 46 4.8362 0
67 21 57 4.9164 0
48 30 88 4.7312 0
39 109 55 4.6496 0
91 82 66 4.6367 0
60 54 91 4.7025 0
94 46 47 4.6398 0
104 60 60 4.3187 0
48 40 79 4.3411 0
68 94 46 4.3093 0
85 99 52 4.1816 0
53 96 41 4.1436 0
58 84 73 4.0313 0
117 61 57 4.1797 0
74 33 40 4.1265 0
54 31 80 4.1026 0
62 42 69 3.9683 0
87 26 48 3.9073 0
36 99 55 4.0164 0
74 64 69 3.8814 0
104 75 40 3.9151 0
30 28 57 3.945 0
78 95 39 3.593 0
63 106 57 3.8929 0
96 65 69 3.7682 0
69 75 84 3.7614 0
44 98 88 3.6421 0
84 49 59 3.767 0
22 27 61 3.6138 0
68 57 86 3.6567 0
32 110 48 3.5384 0
80 60 76 3.5653 0
47 101 76 3.6211 0
113 65 50 3.5383 0
55 106 60 3.4473 0
44 21 63 3.4122 0
76 40 60 3.2303 0
39 36 88 3.2554 0
75 76 78 3.1102 0
104 64 46 3.2102 0
59 30 73 3.1619 0
88 60 70 3.1462 0
80 27 53 3.2549 0
46 29 45 3.1588 0
22 101 60 3.1277 0
72 72 71 3.1164 0
103 46 52 3.1023 0
51 29 39 3.1181 0
42 100 49 2.9329 0
94 31 48 3.0701 0
48 91 90 2.8421 0
88 89 61 2.972 0
22 101 73 2.9802 0
78 93 50 3.0192 0
110 52 39 2.9462 0
55 82 81 2.9122 0
100 36 48 2.9267 0
46 94 71 2.8461 0
74 57 80 2.948 0
38 94 82 2.9665 0
95 58 65 2.8967 0
38 109 43 2.8293 0
35 106 72 2.7678 0
51 29 60 2.8176 0
79 58 66 2.8618 0
67 90 64 2.8112 0
72 25 39 2.7254 0
54 102 67 2.7303 0
75 84 63 2.7636 0
94 72 65 2.6044 0
81 80 71 2.6471 0
97 54 51 2.7135 0
60 97 45 2.5576 0
76 34 56 2.5845 0
72 57 72 2.5269 0
56 41 75 2.5796 0
33 22 84 2.5139 0
66 104 49 2.5915 0
65 21 47 2.6215 0
60 36 78 2.6233 0
35 20 55 2.4833 0
67 48 72 2.5589 0
0
