128
0 127 0 79.5264 0
127 0 0 79.223 0
0 0 127 74.1043 0
127 127 127 73.7831 0
93 34 97 27.7319 0
35 93 97 27.732 0
37 36 41 24.3645 0
92 91 41 24.3645 0
59 69 48 14.8623 0
0 48 52 13.743 0
127 77 53 13.1653 0
70 69 93 13.0444 0
66 93 69 12.833 0
59 35 72 12.5936 0
0 78 82 12.0874 0
127 51 84 11.1605 0
69 45 53 9.9597 0
50 57 89 9.3234 0
84 60 54 8.8151 0
35 67 55 7.8072 0
126 59 66 7.4462 0
109 65 56 6.9784 0
18 62 56 6.7993 0
48 87 61 6.5946 0
0 61 72 6.6012 0
80 81 79 6.4361 0
83 40 64 6.2453 0
66 51 83 6.1042 0
89 68 86 5.9219 0
43 45 76 5.196 0
15 68 85 5.079 0
35 59 85 4.9385 0
2 66 60 5.0123 0
98 57 58 4.7837 0
111 60 85 4.7591 0
90 84 71 4.6367 0
114 44 73 4.5244 0
61 78 79 4.3703 0
25 63 85 4.4819 0
101 64 85 4.4878 0
123 71 71 4.4226 0
15 83 72 4.1 0
55 52 59 3.7757 0
16 43 61 3.8368 0
55 71 83 3.8449 0
76 74 59 3.7804 0
45 60 59 3.7757 0
44 76 59 3.7757 0
75 44 71 3.7095 0
91 48 59 3.7757 0
98 68 59 3.7757 0
34 44 71 3.6917 0
61 63 72 1.0243 0
27 67 71 1.0213 0
84 61 73 1.1641 0
81 84 67 3.5472 0
71 59 70 0.8462 0
111 84 62 3.4074 0
30 84 66 3.39 0
98 43 66 3.3898 0
122 48 69 3.4147 0
23 57 71 1.1622 0
37 84 62 3.4074 0
122 64 77 3.4147 0
95 65 72 0.8053 0
38 59 71 0.8846 0
4 75 66 3.1992 0
54 81 74 3.2492 0
71 69 70 0.8462 0
46 68 69 0.814 0
106 44 69 3.0392 0
23 83 69 3.0971 0
75 56 82 3.0865 0
104 68 73 0.9353 0
99 83 69 3.0588 0
15 65 71 0.7449 0
50 58 70 0.8816 0
93 75 80 3.0328 0
111 64 69 1.8517 0
7 63 81 2.8354 0
74 66 60 2.7678 0
35 51 79 2.8191 0
23 53 60 2.7741 0
104 55 69 0.9353 0
16 51 60 2.7678 0
81 60 83 2.7986 0
30 56 60 2.7678 0
70 79 60 2.7678 0
31 77 60 2.7678 0
24 74 60 2.774 0
90 70 60 2.7678 0
111 75 60 2.7678 0
107 55 60 2.7678 0
12 70 60 2.7678 0
70 57 60 2.7679 0
27 44 68 2.7734 0
55 50 78 2.7031 0
114 56 60 2.7678 0
70 77 78 2.7209 0
104 74 60 2.774 0
62 55 60 2.7678 0
81 49 60 2.7678 0
38 57 60 2.7679 0
46 44 67 2.5547 0
83 70 69 0.7202 0
41 65 83 2.6176 0
5 52 69 2.5131 0
19 71 68 0.9535 0
14 57 69 0.6394 0
41 53 80 2.5767 0
80 68 75 0.9554 0
113 53 80 2.4732 0
118 64 83 2.4672 0
79 55 69 0.9288 0
95 79 75 2.4855 0
15 75 79 2.4753 0
37 69 71 0.8684 0
105 83 66 2.3945 0
61 60 82 2.2365 0
46 82 70 2.3985 0
99 73 69 0.6576 0
57 82 61 2.3194 0
100 71 81 2.2629 0
61 56 72 1.0243 0
48 69 82 2.2498 0
75 51 78 2.2801 0
28 56 81 2.1221 0
27 61 67 1.0213 0
0
