128
127 127 0 69.9128 0
0 0 0 69.9128 0
0 127 127 64.2401 0
127 0 127 64.218 0
117 117 123 51.938 0
10 10 123 51.9326 0
112 14 20 43.5543 0
15 113 20 43.5543 0
65 63 36 24.5579 0
62 66 112 22.472 0
127 62 64 20.1689 0
0 65 64 20.1689 0
63 127 65 20.1451 0
64 0 65 20.1451 0
94 62 95 11.9562 0
65 33 95 11.9331 0
31 64 94 11.8463 0
63 101 91 11.5906 0
64 98 49 11.515 0
29 63 49 11.515 0
99 68 50 10.6669 0
66 28 50 10.6669 0
48 37 52 8.4319 0
82 88 53 7.424 0
91 50 53 7.424 0
44 83 53 7.424 0
111 86 65 7.5312 0
16 41 65 7.5312 0
80 47 93 7.1531 0
46 48 93 7.1975 0
37 9 69 6.7728 0
90 118 69 6.7728 0
110 71 85 6.8529 0
88 15 66 6.8273 0
39 112 66 6.8273 0
49 86 93 6.732 0
75 85 92 6.7239 0
47 22 59 6.66 0
80 104 58 6.6601 0
56 18 85 6.3923 0
33 45 54 6.4162 0
81 39 54 6.4162 0
16 55 84 6.163 0
109 57 84 6.1615 0
48 103 58 5.9474 0
72 18 85 5.9302 0
104 48 59 5.9474 0
25 80 57 5.9475 0
118 36 66 5.8443 0
9 91 66 5.8443 0
17 72 84 5.6501 0
79 23 60 5.2346 0
75 112 83 5.0364 0
86 78 91 4.8471 0
99 84 56 4.8724 0
11 45 77 4.6529 0
116 82 77 4.6476 0
44 53 56 4.4004 0
23 52 61 4.522 0
85 74 56 4.4004 0
43 70 56 4.4004 0
57 84 56 4.4004 0
39 79 91 4.2702 0
51 112 82 4.1388 0
27 17 68 4.1448 0
100 110 68 4.1446 0
17 27 68 4.1431 0
110 100 68 4.143 0
46 12 78 3.9946 0
22 64 79 3.907 0
105 75 63 3.8092 0
79 71 91 3.5803 0
60 84 90 3.6382 0
45 72 90 3.5033 0
58 48 91 3.3878 0
64 24 80 3.4679 0
70 85 57 3.3925 0
49 37 90 3.5368 0
38 30 57 3.397 0
41 95 57 3.3925 0
89 97 57 3.397 0
51 92 57 3.3925 0
35 76 57 3.3925 0
100 76 88 3.4274 0
31 104 65 3.4495 0
96 23 65 3.4495 0
94 39 57 3.3925 0
103 95 66 3.3802 0
24 32 66 3.3802 0
85 61 57 3.3925 0
15 84 59 3.3685 0
34 89 57 3.3925 0
60 40 57 3.3925 0
71 42 57 3.3925 0
13 84 73 3.2618 0
114 43 73 3.2609 0
84 26 75 1.5369 0
27 37 59 3.0966 0
83 114 77 3.1378 0
51 28 88 3.1708 0
102 38 61 3.0973 0
102 58 61 3.0967 0
24 71 62 3.0966 0
38 102 61 3.0955 0
42 101 75 1.5369 0
69 49 91 3.1632 0
78 58 91 3.1561 0
17 99 66 2.9697 0
110 28 66 2.9697 0
58 24 62 3.0966 0
80 14 79 3.0409 0
35 48 90 3.0658 0
89 26 60 3.0961 0
101 66 81 2.99 0
25 90 61 2.7962 0
102 50 87 2.8804 0
86 113 60 2.9183 0
46 59 90 2.8516 0
90 25 71 2.6769 0
37 102 71 2.675 0
25 77 87 2.8823 0
113 42 60 2.9204 0
112 48 80 2.8449 0
78 27 88 2.8593 0
25 50 87 2.8805 0
45 114 77 2.8801 0
101 86 75 1.532 0
26 41 75 1.532 0
0
