128
127 127 0 69.5586 0
0 0 0 69.5482 0
127 0 127 66.7301 0
0 127 127 66.7158 0
115 115 118 48.0492 0
12 12 118 48.0276 0
16 109 21 40.8891 0
111 18 21 40.8873 0
64 64 35 24.7946 0
62 10 66 20.1803 0
67 117 68 20.1882 0
57 62 127 18.0132 0
0 66 57 15.7967 0
127 61 57 15.7931 0
102 64 86 12.2444 0
25 63 86 12.2326 0
28 63 48 11.6922 0
100 64 48 11.6922 0
82 63 110 11.2157 0
41 64 103 9.0915 0
3 42 68 9.2078 0
124 85 68 9.1959 0
52 35 51 8.6686 0
73 34 51 8.6686 0
77 92 51 8.6686 0
57 94 51 8.6686 0
40 105 66 8.0937 0
64 87 117 7.6128 0
62 23 93 7.0779 0
64 104 94 7.0858 0
89 23 66 7.0779 0
93 104 67 7.0858 0
36 23 68 7.0779 0
88 48 53 6.6528 0
63 37 116 6.9347 0
42 82 53 6.6528 0
38 47 53 6.6528 0
92 83 53 6.6528 0
12 74 76 6.2364 0
115 53 76 6.2227 0
11 55 75 6.2365 0
116 72 75 6.2227 0
120 38 64 6.0639 0
7 89 64 6.0409 0
103 81 76 5.8304 0
24 46 76 5.8103 0
88 52 91 5.8304 0
39 76 91 5.8103 0
87 72 95 5.7327 0
72 47 112 5.5144 0
24 80 76 5.5309 0
74 79 110 5.5143 0
52 78 109 5.5282 0
103 48 76 5.4949 0
40 52 93 5.4792 0
112 77 55 5.0109 0
73 25 85 5.0622 0
15 50 55 5.0007 0
51 49 107 4.8155 0
17 32 68 4.5616 0
19 77 55 4.6371 0
86 72 55 4.6371 0
108 50 55 4.6371 0
26 45 55 4.6371 0
29 80 55 4.6371 0
109 94 69 4.4659 0
33 47 83 4.385 0
91 78 86 4.4051 0
81 26 76 4.0543 0
41 27 57 4.2244 0
51 26 83 4.0543 0
55 101 84 4.0622 0
62 26 106 4.0948 0
48 101 76 4.0622 0
64 101 107 4.1053 0
74 101 87 4.0622 0
82 50 100 4.089 0
85 101 76 4.0622 0
27 101 65 4.0622 0
45 26 76 4.0543 0
94 47 82 3.6924 0
45 98 56 3.9066 0
33 78 82 3.6723 0
105 39 71 3.6924 0
86 100 58 3.6352 0
66 85 56 3.6292 0
43 57 56 3.6292 0
99 46 56 3.6292 0
49 49 56 3.6292 0
21 89 70 3.6224 0
64 43 56 3.6292 0
40 71 56 3.6292 0
87 37 56 3.6292 0
33 36 56 3.6292 0
103 83 56 3.6292 0
53 82 56 3.6292 0
86 61 56 3.6292 0
80 79 56 3.6292 0
77 48 56 3.6292 0
80 79 101 3.3762 0
45 79 99 3.3902 0
111 32 65 3.1332 0
25 27 69 3.0983 0
81 27 59 3.2148 0
68 93 107 2.9796 0
16 96 65 3.079 0
25 36 73 2.9596 0
100 27 67 3.0464 0
84 63 92 3.1137 0
104 100 65 3.0543 0
58 35 106 2.9596 0
17 40 72 3.0191 0
51 100 61 3.0543 0
59 93 107 2.9596 0
69 35 106 2.9797 0
114 43 72 2.9158 0
13 84 72 2.8802 0
41 63 89 3.0005 0
94 85 81 2.9797 0
101 91 74 2.9797 0
13 81 62 2.8746 0
114 46 62 2.8725 0
39 92 57 2.6214 0
84 43 91 2.8656 0
90 93 57 2.6213 0
55 41 108 2.6774 0
77 44 103 2.6636 0
113 85 59 2.7 0
0
