128
127 127 0 70.1512 0
127 0 127 70.1502 0
0 0 0 62.8686 0
0 127 127 62.8686 0
2 118 8 54.2596 0
2 9 119 54.2596 0
108 115 115 45.412 0
108 12 12 45.4111 0
29 63 63 26.8942 0
60 5 62 22.2089 0
60 122 65 22.2089 0
99 60 60 21.9953 0
57 63 127 21.6022 0
56 63 0 20.2646 0
84 94 65 12.8048 0
54 60 93 11.2609 0
52 68 32 10.9805 0
88 64 93 10.9086 0
81 33 68 10.3589 0
87 62 29 9.9379 0
54 100 42 9.0783 0
54 27 85 9.0783 0
41 97 74 8.6489 0
41 30 52 8.6489 0
42 77 94 8.3642 0
42 50 31 8.3654 0
55 101 88 8.1602 0
55 26 39 8.1602 0
42 30 70 7.9295 0
41 96 54 8.0006 0
58 90 12 7.4501 0
83 67 112 7.2103 0
60 37 13 6.7737 0
74 29 50 7.0252 0
60 90 114 6.7737 0
58 36 114 6.9605 0
84 78 79 6.8771 0
84 48 83 6.8771 0
72 100 48 6.581 0
60 67 49 6.2919 0
59 70 78 6.2626 0
57 95 26 6.0512 0
57 30 101 6.0512 0
83 83 46 6.0194 0
72 99 80 5.9879 0
42 46 91 5.9836 0
80 67 14 5.8127 0
56 55 44 5.8584 0
71 27 81 5.7657 0
57 94 57 5.7256 0
60 57 75 5.8003 0
57 33 69 5.7257 0
57 94 72 5.7257 0
57 33 55 5.7251 0
42 82 38 5.5794 0
57 94 101 5.7254 0
57 33 26 5.7245 0
81 41 48 5.6161 0
46 49 104 5.1087 0
78 54 14 5.0159 0
62 58 63 4.9335 0
62 69 66 4.9335 0
82 50 38 4.8614 0
82 74 38 4.8614 0
55 53 25 4.5295 0
78 88 84 4.3575 0
46 79 108 4.2552 0
43 92 87 4.3227 0
46 79 19 4.2552 0
43 36 82 4.1287 0
43 36 39 4.1286 0
77 38 83 4.1344 0
50 77 83 4.1543 0
54 75 100 4.0962 0
62 104 31 4.05 0
46 47 17 4.0538 0
69 45 15 3.8453 0
62 71 102 4.0037 0
62 56 53 4.0038 0
76 90 41 3.9133 0
77 54 112 3.8572 0
68 44 112 3.8453 0
73 77 15 3.8453 0
81 55 104 3.8535 0
74 78 112 3.8453 0
81 80 91 3.8535 0
63 23 95 3.821 0
81 50 95 3.8535 0
81 66 79 3.8535 0
60 25 19 3.7096 0
60 102 108 3.7096 0
51 77 45 3.692 0
59 54 34 3.5759 0
69 28 39 3.5428 0
60 90 82 3.0276 0
50 49 82 3.2587 0
44 44 43 3.3523 0
68 100 37 3.3208 0
44 83 82 3.3518 0
62 24 28 3.1149 0
62 103 99 3.1149 0
75 37 40 3.0973 0
56 75 89 3.1716 0
67 63 32 2.9262 0
58 74 59 3.1426 0
44 91 42 3.1294 0
60 37 78 3.0276 0
75 90 51 3.098 0
60 36 93 3.0276 0
80 65 42 2.8456 0
72 33 89 3.0235 0
67 101 91 3.0985 0
44 85 47 3.0709 0
60 37 41 3.0276 0
60 90 90 3.0276 0
60 90 36 3.0276 0
60 90 48 3.0276 0
80 77 29 2.8456 0
45 82 27 2.8356 0
80 80 56 2.8456 0
49 43 111 2.8374 0
64 71 89 2.9178 0
69 98 58 2.9499 0
80 77 100 2.8456 0
80 58 81 2.8456 0
50 94 64 2.7776 0
80 74 22 2.8456 0
80 50 28 2.8456 0
0
