128
0 0 127 81.1008 0
0 127 0 73.6092 0
127 127 127 72.1538 0
101 0 0 72.1662 0
97 99 31 30.4023 0
125 30 95 28.9977 0
34 100 93 28.008 0
26 42 37 20.2626 0
81 53 94 19.3982 0
58 68 40 16.255 0
62 98 60 13.9812 0
127 69 47 13.8237 0
6 76 71 12.1214 0
0 57 50 11.2189 0
70 32 73 11.2588 0
52 65 85 10.9559 0
51 37 57 10.5556 0
102 64 73 10.3254 0
127 64 72 10.1658 0
69 82 87 10.1708 0
28 68 72 9.5542 0
91 35 73 8.3389 0
82 65 48 8.192 0
83 92 68 7.9339 0
125 48 61 8.0237 0
79 72 73 7.6943 0
30 68 49 7.3738 0
102 64 49 7.4198 0
46 84 54 6.9827 0
122 87 58 5.9633 0
26 83 63 5.9402 0
72 59 70 5.8748 0
57 48 80 5.8317 0
16 68 52 5.5094 0
15 58 63 5.4264 0
91 74 81 5.3427 0
26 53 62 5.0659 0
64 47 51 5.1684 0
99 48 76 5.2261 0
73 54 51 5.1684 0
40 59 52 4.1605 0
56 81 76 4.5146 0
85 83 78 4.3833 0
76 78 52 4.1605 0
102 80 61 4.3004 0
48 53 52 4.2872 0
113 57 52 4.1605 0
101 47 62 3.9491 0
99 88 65 4.0834 0
35 88 59 4.0229 0
106 39 68 3.9024 0
108 88 63 3.9338 0
121 77 67 3.9922 0
68 39 58 3.9024 0
82 39 64 3.9024 0
54 40 73 3.8436 0
83 56 70 3.8213 0
41 57 77 3.8153 0
71 87 73 3.8032 0
67 68 81 3.7665 0
41 73 76 3.5086 0
6 71 55 3.4401 0
55 80 60 3.4848 0
98 79 74 3.242 0
111 52 74 3.4248 0
46 50 75 3.4031 0
33 55 70 3.3483 0
18 68 62 3.1904 0
28 62 59 3.2339 0
8 44 54 3.1356 0
31 79 53 3.221 0
48 87 65 3.1282 0
92 59 53 3.1526 0
111 76 53 3.1931 0
115 72 74 3.1526 0
38 76 53 3.1526 0
41 69 53 3.1526 0
83 52 53 3.1526 0
48 77 75 3.0785 0
35 40 60 3.0494 0
67 81 53 3.1526 0
90 73 53 3.1526 0
35 59 64 3.0896 0
76 87 56 2.9523 0
69 50 73 3.0413 0
25 71 59 2.989 0
72 51 64 2.9776 0
120 59 60 2.9843 0
17 76 59 2.8492 0
14 51 56 2.8995 0
116 40 63 2.8946 0
108 77 72 2.7682 0
19 59 54 2.6326 0
94 79 59 2.6729 0
102 54 54 2.7516 0
33 47 64 2.5526 0
93 85 73 2.4826 0
94 48 59 2.6729 0
56 50 54 2.6884 0
63 85 73 2.4826 0
93 53 71 2.4965 0
77 50 71 2.3959 0
93 75 71 2.4965 0
100 74 54 2.5368 0
42 48 56 2.5246 0
93 70 64 2.4965 0
23 75 54 2.5058 0
118 53 73 2.5251 0
93 57 65 2.4965 0
81 42 73 2.4826 0
63 56 80 2.4766 0
69 67 74 2.485 0
108 48 59 2.3747 0
37 65 62 2.4419 0
97 41 64 2.3692 0
31 58 54 2.2384 0
49 78 63 2.2847 0
45 49 61 2.2886 0
7 65 60 2.2349 0
107 46 73 2.1447 0
66 70 63 0.3259 0
83 75 54 2.1447 0
72 66 54 2.1447 0
16 83 61 2.2299 0
75 41 61 1.8867 0
72 46 54 2.1447 0
65 55 54 2.1447 0
77 83 73 2.1447 0
0
