128
0 127 0 90.8042 0
0 0 127 71.8837 0
127 0 0 71.768 0
127 127 127 61.6143 0
116 20 116 45.147 0
20 3 21 35.0015 0
35 100 118 33.3513 0
118 100 35 33.2401 0
115 67 74 16.8332 0
73 66 115 16.6922 0
36 66 81 15.1871 0
80 65 36 15.1431 0
74 0 78 13.7794 0
85 122 63 13.6505 0
27 41 55 13.7834 0
64 123 84 13.735 0
55 41 27 13.7033 0
55 0 56 12.4941 0
68 28 84 11.8974 0
85 31 66 11.2063 0
65 45 99 9.6562 0
51 55 49 8.8973 0
100 47 61 8.7197 0
73 89 101 8.048 0
101 89 73 7.9664 0
107 61 50 7.8249 0
46 62 104 7.5015 0
79 87 45 7.4414 0
70 107 69 7.3019 0
96 69 103 7.241 0
46 89 79 6.9989 0
54 104 80 6.9379 0
81 103 53 6.8534 0
58 19 35 6.8234 0
35 20 58 6.5852 0
96 104 69 6.3892 0
69 103 96 6.2482 0
79 14 62 6.2212 0
37 45 73 5.8263 0
42 54 63 5.6788 0
93 45 75 5.6836 0
36 38 37 5.4155 0
101 75 91 5.3661 0
74 44 37 5.3792 0
85 80 100 5.0623 0
46 65 60 5.1556 0
53 39 85 5.1192 0
61 66 46 5.0694 0
40 48 41 5.0176 0
65 51 41 4.8946 0
79 42 88 4.7754 0
88 42 53 4.7212 0
103 64 93 4.7884 0
76 23 54 4.7801 0
52 27 76 4.5716 0
58 15 77 4.488 0
78 33 50 4.4837 0
72 8 54 4.4311 0
80 51 98 4.3971 0
51 51 98 4.3971 0
101 73 57 4.4062 0
61 77 100 4.3948 0
62 9 42 4.2651 0
41 10 61 4.2863 0
96 55 45 4.1359 0
99 52 81 4.2283 0
97 69 47 3.9086 0
99 80 63 3.9978 0
47 80 71 3.958 0
98 84 85 3.9049 0
76 18 72 3.9439 0
69 80 47 3.8765 0
55 70 101 3.8202 0
57 73 55 3.7189 0
84 40 80 3.6443 0
66 97 63 3.5316 0
57 57 103 3.5649 0
53 10 42 3.4767 0
68 9 63 3.4232 0
55 9 71 3.4232 0
37 29 65 3.1229 0
44 52 92 3.3095 0
48 81 87 3.2052 0
47 35 77 2.9653 0
37 35 70 3.1229 0
43 31 37 3.0393 0
58 65 55 3.1001 0
78 98 94 3.1696 0
71 101 58 2.9968 0
64 29 37 3.0393 0
37 27 50 3.1229 0
94 98 78 3.0881 0
49 25 37 3.0695 0
70 34 37 3.0393 0
94 80 95 3.0628 0
48 46 90 3.0109 0
41 47 83 2.8681 0
89 80 48 2.895 0
55 35 77 2.9653 0
78 112 76 2.8806 0
48 72 97 2.9736 0
90 104 60 2.7217 0
84 88 96 2.9105 0
48 71 67 2.9044 0
61 105 90 2.8616 0
66 58 48 2.5413 0
98 53 72 2.8076 0
82 118 80 2.7556 0
59 102 70 2.7408 0
84 47 41 2.7978 0
92 48 48 2.7275 0
98 79 79 2.7923 0
52 96 73 2.7699 0
95 92 63 2.736 0
41 14 52 2.7511 0
66 73 48 2.7418 0
62 43 86 2.7016 0
73 96 52 2.6937 0
62 87 96 2.6879 0
87 57 102 2.6419 0
70 78 98 2.6513 0
102 57 87 2.5678 0
101 65 59 2.6261 0
63 95 94 2.5021 0
48 10 69 2.4154 0
98 78 71 2.5698 0
62 10 67 2.4154 0
95 91 83 2.5135 0
0
