128
64 127 127 81.7596 0
0 0 0 78.0187 0
127 84 0 65.3212 0
127 0 104 60.3588 0
44 25 93 25.8667 0
1 89 50 22.799 0
0 56 84 21.8315 0
56 67 45 18.744 0
80 30 47 17.7734 0
118 67 76 11.6924 0
74 46 80 11.3882 0
27 67 53 9.8807 0
32 55 75 9.9636 0
97 57 75 9.109 0
82 57 54 8.8728 0
53 54 73 8.6581 0
56 30 60 8.2986 0
80 74 56 6.8571 0
102 42 56 6.8571 0
48 44 56 6.8571 0
23 70 71 6.569 0
69 60 67 6.5978 0
68 29 70 6.1887 0
64 46 58 6.2174 0
36 53 57 5.8492 0
29 83 58 5.9016 0
21 43 70 5.546 0
102 73 69 5.1208 0
83 62 71 5.0331 0
10 60 58 5.0043 0
98 54 58 4.8413 0
121 53 64 4.7154 0
43 65 69 4.4548 0
81 34 70 4.3992 0
89 44 72 4.261 0
114 47 59 4.2352 0
31 39 68 4.1432 0
43 45 69 3.9358 0
111 53 69 3.8721 0
92 68 59 3.8334 0
91 47 59 3.8334 0
23 54 59 3.8334 0
40 79 59 3.8378 0
34 68 68 3.7555 0
43 32 63 3.4276 0
22 82 66 3.5045 0
93 68 68 3.2502 0
92 76 60 3.2203 0
72 38 66 2.9997 0
20 60 68 3.0624 0
84 52 69 2.7439 0
107 52 60 2.8256 0
50 39 67 2.8773 0
15 68 60 2.893 0
36 43 60 2.8381 0
98 63 60 2.8256 0
74 47 60 2.8256 0
39 65 60 2.8256 0
66 41 68 2.8269 0
102 81 65 2.8118 0
55 51 61 2.6968 0
12 71 67 2.6865 0
75 66 61 2.4523 0
61 46 68 2.4082 0
95 82 61 2.4623 0
96 43 68 2.2413 0
55 41 71 2.3501 0
23 76 62 2.2388 0
110 75 66 2.2512 0
70 50 66 2.0938 0
78 55 69 2.1537 0
76 68 67 2.1767 0
105 49 68 2.0613 0
64 37 73 2.1239 0
34 76 66 2.1219 0
33 32 67 2.0794 0
50 69 66 2.0567 0
93 40 61 1.8338 0
18 59 61 1.891 0
113 55 61 1.8177 0
18 53 67 2.0806 0
89 37 69 2.0386 0
44 57 61 1.8177 0
9 68 63 2.0239 0
59 44 75 2.0025 0
28 49 61 1.8177 0
41 72 61 1.8177 0
100 47 68 1.9063 0
29 79 66 2.0247 0
108 61 67 2.0237 0
66 35 62 1.9828 0
36 44 66 1.9054 0
14 47 65 1.8028 0
80 46 61 1.8177 0
88 72 67 1.9371 0
51 64 66 1.9641 0
94 76 66 1.9112 0
42 57 67 1.9619 0
106 66 67 1.8601 0
47 53 61 1.8177 0
17 51 61 1.8177 0
109 59 61 1.8745 0
38 38 68 1.9153 0
17 76 66 1.7353 0
85 67 61 1.8177 0
103 60 61 1.8177 0
29 57 61 1.8177 0
98 74 61 1.878 0
12 52 61 1.8186 0
96 36 61 1.8177 0
92 58 61 1.8177 0
16 65 67 1.8397 0
38 73 66 1.8583 0
30 44 61 1.8177 0
90 50 68 1.7722 0
35 61 61 1.8177 0
40 39 61 1.8177 0
101 68 61 1.8177 0
36 74 61 1.8274 0
19 73 61 1.8177 0
82 70 67 1.7223 0
88 32 66 1.7576 0
44 72 66 1.7447 0
78 40 67 1.611 0
44 51 66 1.5789 0
43 37 67 1.6006 0
99 86 62 1.6352 0
109 70 65 1.5577 0
0
