128
63 0 0 74.8275 0
0 127 127 72.9099 0
127 66 127 66.5352 0
125 127 9 65.2611 0
0 9 104 46.025 0
35 99 33 30.2194 0
3 60 55 23.73 0
49 54 92 18.7318 0
74 108 74 18.0951 0
73 77 48 15.1315 0
100 63 51 12.9287 0
64 79 80 11.5483 0
72 39 78 10.9133 0
116 22 64 9.9664 0
40 64 54 9.8307 0
31 69 74 9.4532 0
112 41 56 8.9316 0
43 32 75 8.057 0
51 93 72 7.9814 0
26 48 75 7.9109 0
62 65 66 7.2461 0
99 24 71 6.9919 0
71 59 78 6.7348 0
78 57 57 6.1539 0
93 82 57 5.9408 0
52 76 57 5.9408 0
46 78 84 5.712 0
87 32 72 5.5195 0
16 33 60 5.3751 0
56 39 71 5.3821 0
39 83 74 5.2282 0
95 97 69 5.0913 0
85 93 58 4.9329 0
82 62 70 5.0275 0
54 57 58 4.9331 0
29 45 58 4.9329 0
97 45 58 4.9329 0
89 70 65 4.8321 0
45 63 69 4.792 0
11 89 59 4.7234 0
31 31 68 4.6307 0
94 37 65 4.4857 0
82 86 73 4.1695 0
107 78 59 4.0821 0
67 54 59 4.129 0
28 74 59 3.9251 0
72 86 67 3.9494 0
43 50 59 3.9251 0
56 84 64 3.8877 0
87 48 59 3.9251 0
20 79 69 3.8466 0
61 48 72 3.4972 0
41 77 60 3.4777 0
73 67 70 3.3613 0
90 89 71 3.3458 0
33 39 64 3.2895 0
89 79 68 3.1129 0
36 55 73 3.1866 0
83 53 73 3.153 0
64 46 65 3.0985 0
30 83 71 3.1078 0
76 69 78 3.0828 0
31 54 60 2.9172 0
105 30 60 3.0452 0
23 81 60 2.9172 0
40 97 67 2.9317 0
25 36 60 2.9172 0
102 86 60 2.9172 0
108 34 67 2.9138 0
37 43 75 2.8557 0
83 66 60 2.9172 0
94 92 60 2.9172 0
103 94 66 2.8802 0
37 91 70 2.8311 0
18 41 70 2.8179 0
44 71 76 2.7521 0
55 68 74 2.6846 0
86 42 75 2.6658 0
64 55 71 2.5345 0
39 77 67 2.5341 0
104 51 62 2.5002 0
78 90 62 2.5062 0
72 78 67 2.4396 0
90 99 62 2.4346 0
55 73 68 2.5097 0
60 50 61 2.3788 0
72 62 63 2.4838 0
52 66 61 2.2777 0
42 55 70 2.4938 0
87 61 61 2.4367 0
30 57 69 2.3713 0
29 61 63 2.3802 0
28 37 73 2.4022 0
91 40 72 2.3512 0
54 60 71 2.3189 0
97 35 72 2.3311 0
20 25 61 2.1767 0
41 70 66 2.2586 0
49 88 62 2.2103 0
39 49 73 2.2121 0
79 81 78 2.094 0
46 43 73 2.0676 0
101 37 61 1.9921 0
15 84 66 2.1626 0
112 83 61 2.1397 0
51 72 76 2.0629 0
93 62 66 2.0035 0
74 48 61 1.9093 0
99 76 61 1.9093 0
86 77 62 1.9506 0
85 75 72 1.9944 0
20 36 67 1.9999 0
42 75 72 1.9944 0
88 56 70 1.9854 0
50 50 61 1.9093 0
80 48 61 1.9093 0
94 46 69 2.0037 0
48 83 76 1.9647 0
35 80 61 1.9093 0
85 84 61 1.9093 0
99 90 68 1.9858 0
52 67 67 1.9965 0
29 81 61 1.9093 0
68 51 72 1.9459 0
34 41 70 1.9308 0
101 33 67 1.9558 0
22 42 61 1.9093 0
25 23 64 1.9253 0
0
