128
127 127 0 62.3961 0
0 0 127 60.9195 0
0 0 0 62.3961 0
0 127 0 62.3961 0
127 0 0 62.3961 0
127 127 127 60.9194 0
127 0 127 60.9171 0
0 127 127 60.9171 0
64 64 108 28.8482 0
63 63 18 26.9081 0
64 0 82 14.8696 0
64 127 82 14.8696 0
0 82 64 14.5979 0
127 82 64 14.5978 0
127 45 65 14.5978 0
0 45 65 14.5979 0
65 127 47 14.3396 0
62 0 47 14.3396 0
66 51 66 14.0875 0
62 78 65 12.2132 0
86 2 64 11.8336 0
127 63 88 11.9388 0
0 63 88 11.938 0
86 125 65 11.8336 0
43 125 63 11.8336 0
40 2 65 11.8336 0
26 64 33 11.66 0
65 100 33 11.66 0
64 24 33 11.66 0
103 64 33 11.66 0
0 65 42 11.3798 0
127 62 42 11.3795 0
21 64 98 10.1866 0
64 21 98 10.0603 0
64 106 98 10.0496 0
106 63 98 9.9169 0
46 64 72 9.1163 0
81 69 72 8.5674 0
110 28 64 8.3264 0
17 28 64 8.3264 0
110 99 64 8.3264 0
17 99 64 8.3264 0
88 80 37 7.6285 0
48 38 38 6.6206 0
81 38 38 6.6206 0
46 89 38 6.6206 0
27 113 65 6.6743 0
91 49 38 6.6206 0
36 48 38 6.6206 0
45 55 58 6.2645 0
84 62 58 6.3464 0
100 112 64 6.1492 0
100 15 63 6.1492 0
35 80 39 5.6127 0
81 75 57 5.7959 0
50 100 89 5.5599 0
50 27 90 5.8326 0
45 73 58 5.8265 0
27 16 67 5.6452 0
100 77 90 5.5858 0
81 93 39 5.6127 0
83 55 78 5.6051 0
100 49 89 5.5599 0
78 27 89 5.5599 0
27 78 89 5.5599 0
78 100 89 5.5599 0
27 49 89 5.5599 0
49 79 79 5.412 0
74 82 79 5.5389 0
48 49 77 5.401 0
116 76 45 5.3489 0
11 51 45 5.3489 0
53 111 41 5.1956 0
10 77 82 5.1424 0
117 77 82 5.1424 0
112 52 87 5.0578 0
15 52 87 5.0578 0
53 64 56 4.788 0
69 9 64 4.7785 0
115 49 46 4.7317 0
12 78 46 4.7317 0
53 32 101 4.6836 0
73 85 40 4.6048 0
87 64 40 4.6048 0
49 101 40 4.6048 0
58 42 82 4.5009 0
79 11 47 4.482 0
58 85 81 4.5003 0
76 111 42 4.482 0
51 16 42 4.482 0
76 45 82 4.4881 0
45 117 79 4.3103 0
82 10 79 4.3103 0
46 10 79 4.3103 0
16 38 54 4.1599 0
111 89 54 4.1599 0
111 89 74 4.1599 0
16 89 54 4.1599 0
31 52 100 4.2325 0
16 89 75 4.1599 0
111 38 75 4.1599 0
16 38 75 4.1599 0
52 96 100 4.1722 0
52 16 86 4.0576 0
52 111 86 4.0576 0
76 16 86 4.0531 0
76 111 86 4.0531 0
57 10 65 3.7706 0
96 75 100 4.0907 0
70 117 64 3.7706 0
111 38 55 4.1599 0
82 117 50 3.8376 0
45 10 50 3.8376 0
93 41 88 4.0726 0
34 41 88 4.0625 0
86 34 88 4.0545 0
41 34 88 4.054 0
34 86 88 4.0119 0
41 93 88 3.9858 0
32 76 100 3.9659 0
60 39 41 3.597 0
86 93 88 3.8902 0
93 86 88 3.8849 0
47 116 48 3.7833 0
76 95 100 3.8863 0
76 32 100 3.8794 0
82 51 55 3.7801 0
95 51 100 3.8405 0
0
