128
127 0 127 64.602 0
0 127 8 61.3287 0
0 0 0 64.602 0
127 127 0 64.602 0
0 4 127 61.2478 0
127 127 127 57.8482 0
0 125 127 56.6798 0
121 6 5 55.596 0
64 27 63 27.0723 0
64 68 125 26.9278 0
64 118 70 26.5467 0
64 63 5 23.9042 0
127 77 67 17.9548 0
0 75 70 17.5814 0
63 93 35 14.1526 0
23 41 65 12.9621 0
104 41 64 12.9621 0
99 101 67 11.3196 0
7 63 44 10.3696 0
120 63 41 10.3696 0
29 101 70 10.339 0
54 44 96 9.9385 0
55 95 100 9.8724 0
30 67 108 9.7939 0
98 67 108 9.7939 0
119 67 94 9.3617 0
75 92 98 9.1867 0
53 45 32 8.9306 0
84 93 51 8.9225 0
74 45 32 8.9306 0
75 45 98 8.9331 0
33 65 20 8.786 0
45 93 52 8.5956 0
9 67 96 8.3539 0
37 46 82 7.9227 0
39 46 44 7.9227 0
89 46 83 7.9227 0
88 46 44 7.9227 0
95 64 21 7.7782 0
117 53 77 7.4643 0
88 80 100 7.2432 0
42 82 101 6.7468 0
11 52 78 6.7389 0
46 79 27 6.2843 0
80 79 27 6.2843 0
116 56 57 6.3381 0
42 53 104 5.91 0
111 79 86 5.9062 0
87 55 104 5.7624 0
19 90 62 5.5236 0
89 100 82 5.4872 0
42 100 87 5.4393 0
12 57 59 5.3302 0
17 91 76 5.3905 0
42 52 24 5.2666 0
16 78 88 5.1909 0
16 78 52 5.1909 0
43 85 39 5.2179 0
16 49 49 5.1909 0
31 91 57 5.0545 0
106 89 56 4.9972 0
39 49 58 4.8991 0
13 64 28 4.9957 0
110 80 50 4.9635 0
104 49 46 4.8991 0
103 49 82 4.8991 0
86 53 24 4.9296 0
85 84 37 4.9183 0
70 90 55 4.7548 0
112 63 26 4.5474 0
109 91 77 4.331 0
43 94 68 4.319 0
59 89 54 4.1283 0
84 93 66 4.0193 0
39 50 69 3.8912 0
26 50 45 3.8912 0
86 50 57 3.8912 0
36 50 95 3.8912 0
72 50 85 3.8912 0
23 50 85 3.8912 0
86 50 68 3.8912 0
61 81 96 3.9651 0
50 50 83 3.8912 0
26 77 98 3.8965 0
102 77 98 3.8965 0
98 87 49 3.8559 0
89 90 93 3.7981 0
74 78 96 3.6033 0
35 86 47 3.5563 0
42 92 94 3.3893 0
113 66 81 3.3145 0
43 96 77 3.2839 0
113 56 88 3.3145 0
113 59 67 3.3145 0
14 61 84 3.3145 0
14 58 69 3.3145 0
86 95 74 3.3111 0
93 84 42 3.2839 0
53 80 98 3.3059 0
65 51 41 2.8834 0
95 89 57 3.1477 0
90 78 31 3.1551 0
30 51 36 2.8834 0
36 76 28 3.0976 0
93 51 95 2.8834 0
75 51 44 2.8834 0
109 73 101 3.0111 0
77 84 43 2.957 0
95 51 53 2.8834 0
94 51 34 2.8834 0
56 76 29 2.8902 0
47 51 74 2.8834 0
109 61 101 2.9926 0
43 63 101 2.7388 0
55 51 45 2.8834 0
19 82 80 2.8826 0
107 88 65 2.9603 0
98 51 90 2.8834 0
87 51 33 2.8834 0
82 97 88 2.97 0
64 51 83 2.8834 0
19 73 101 2.7978 0
108 76 42 2.8826 0
97 83 94 2.9541 0
79 51 76 2.8834 0
70 76 29 2.8902 0
108 82 77 2.8826 0
100 51 38 2.8834 0
0
