128
127 0 127 88.925 0
0 127 0 78.379 0
4 0 47 55.9537 0
122 127 56 54.7105 0
19 93 127 52.5797 0
87 40 6 43.4736 0
42 63 65 18.5885 0
83 68 60 15.1155 0
81 90 99 14.2667 0
62 127 89 12.5998 0
73 86 35 10.6362 0
48 93 69 10.5275 0
72 1 42 10.5688 0
63 67 88 10.5519 0
49 114 74 9.5196 0
53 67 38 9.0659 0
54 37 71 9.0467 0
67 51 68 7.9187 0
51 46 44 7.8716 0
76 86 77 7.5038 0
57 127 65 7.0376 0
71 110 96 6.796 0
75 43 57 6.7832 0
66 102 73 6.1833 0
74 17 49 5.8533 0
74 88 60 5.5001 0
53 84 51 5.4881 0
53 80 80 5.4881 0
54 39 56 5.0409 0
73 28 53 4.7675 0
73 103 83 4.4802 0
69 71 40 4.6539 0
58 81 40 4.5118 0
54 107 61 4.4802 0
70 101 41 4.2961 0
57 23 67 4.1734 0
72 54 50 3.9985 0
65 67 69 3.9881 0
65 3 56 3.834 0
63 16 41 3.6982 0
55 34 45 3.7605 0
64 82 93 3.6561 0
55 102 80 3.4967 0
72 72 76 3.668 0
55 94 53 3.4723 0
63 121 56 3.5863 0
55 82 61 3.4723 0
57 30 58 3.4649 0
72 95 53 3.4827 0
72 79 86 3.49 0
72 95 67 3.4723 0
72 84 51 3.4941 0
55 90 82 3.4723 0
72 112 84 3.4723 0
55 116 61 3.4723 0
55 110 86 3.4723 0
70 33 60 3.1569 0
58 27 42 2.9206 0
60 15 64 2.9766 0
57 48 57 3.0354 0
71 64 45 2.756 0
64 123 73 2.8356 0
67 109 45 2.7164 0
56 57 46 2.7494 0
69 39 66 2.8019 0
62 58 42 2.6903 0
60 110 92 2.634 0
56 80 71 2.4645 0
65 32 66 2.5574 0
56 72 50 2.4708 0
71 95 82 2.4645 0
71 99 61 2.5036 0
65 114 49 2.3161 0
71 78 71 2.4645 0
58 23 57 2.4994 0
71 76 48 2.4645 0
56 101 54 2.4645 0
56 89 58 2.4645 0
57 104 69 2.4276 0
71 95 46 2.4645 0
56 97 85 2.4645 0
71 82 66 2.4645 0
63 93 42 2.4054 0
66 101 95 2.2611 0
70 35 50 2.1697 0
62 7 62 2.0638 0
70 47 49 1.9535 0
70 22 58 1.9073 0
57 80 88 1.7839 0
64 89 94 1.7998 0
63 23 43 1.6825 0
57 88 44 1.6494 0
70 54 58 1.9073 0
57 31 51 1.7415 0
57 26 51 1.7415 0
59 45 62 1.7631 0
70 13 56 1.7438 0
57 53 50 1.7415 0
57 99 60 1.4566 0
65 96 95 1.806 0
70 7 54 1.7788 0
57 65 49 1.7415 0
70 24 46 1.7438 0
59 53 43 1.6941 0
59 39 43 1.6941 0
59 21 43 1.6941 0
67 60 43 1.6825 0
68 27 61 1.4515 0
59 71 76 1.7136 0
70 98 88 1.4566 0
64 71 75 1.4982 0
66 65 43 1.6825 0
63 99 43 1.5919 0
70 113 77 1.4566 0
57 75 55 1.4566 0
70 102 53 1.4566 0
57 96 79 1.4566 0
63 105 93 1.3543 0
67 66 50 0.9465 0
59 18 57 1.5746 0
57 92 46 1.4566 0
70 89 86 1.4566 0
70 110 74 1.4566 0
65 122 67 1.5418 0
70 94 73 1.4566 0
68 58 60 1.4515 0
57 94 59 1.4566 0
70 101 48 1.4566 0
0
