128
127 127 0 89.6088 0
0 0 127 85.3047 0
127 10 78 49.791 0
0 118 58 49.291 0
40 53 34 27.7433 0
79 71 90 25.7197 0
80 47 51 14.7683 0
42 73 74 13.141 0
60 48 68 9.7373 0
7 59 52 9.3193 0
67 70 56 8.8949 0
107 64 72 6.3152 0
23 68 68 5.585 0
100 55 57 4.9419 0
45 54 69 4.7923 0
92 53 67 4.6179 0
82 66 58 4.5283 0
58 67 67 4.2645 0
21 65 58 3.893 0
91 62 58 3.1358 0
65 57 58 3.2261 0
121 63 69 3.2224 0
98 66 66 3.0266 0
19 57 58 3.2261 0
3 65 65 3.1936 0
53 60 69 3.1339 0
52 66 61 3.027 0
15 66 63 2.9734 0
32 66 62 2.9734 0
100 56 68 2.7017 0
36 55 66 2.4044 0
30 60 68 2.126 0
71 55 66 2.4044 0
30 55 64 2.3396 0
57 62 59 2.1279 0
11 66 68 2.2515 0
111 57 59 2.2534 0
63 61 68 2.126 0
95 61 68 2.126 0
92 65 64 1.9656 0
115 64 67 1.6779 0
85 56 66 1.4307 0
50 56 63 1.3317 0
106 56 62 1.3317 0
76 56 66 1.4307 0
24 56 61 1.4307 0
97 63 60 1.1813 0
105 56 66 1.4307 0
80 56 66 1.4307 0
54 56 61 1.4307 0
27 63 60 1.1813 0
58 57 60 1.3158 0
10 67 60 1.3155 0
92 57 60 1.3158 0
39 59 67 1.1181 0
122 60 63 1.1779 0
101 62 60 1.12 0
75 63 60 1.1813 0
87 64 63 0.9577 0
68 59 67 1.1181 0
116 60 67 1.1181 0
73 60 60 1.12 0
25 60 60 1.119 0
17 63 67 1.1795 0
100 61 67 1.1181 0
66 64 66 1.0803 0
22 60 67 1.1181 0
112 59 67 1.1181 0
106 59 60 1.12 0
118 58 60 1.12 0
70 58 60 1.1183 0
58 60 67 1.1181 0
48 60 67 1.1181 0
86 61 60 1.12 0
47 64 61 1.081 0
53 60 60 1.1194 0
34 62 67 1.1181 0
62 61 60 1.12 0
95 59 60 1.12 0
16 62 60 1.1198 0
104 64 64 0.9577 0
10 68 64 1.0341 0
78 64 63 0.9577 0
39 64 62 0.9577 0
72 64 64 0.9577 0
69 64 65 0.9577 0
44 64 62 0.9577 0
75 64 63 0.9577 0
27 64 63 0.9577 0
14 57 61 0.5253 0
25 57 65 0.8239 0
40 57 64 0.8239 0
109 57 64 0.8239 0
97 57 64 0.8239 0
67 57 64 0.8239 0
6 67 61 0.9067 0
87 57 63 0.8239 0
22 57 64 0.8239 0
90 60 66 0.6103 0
89 57 61 0.5253 0
28 57 61 0.5253 0
7 60 64 0.9222 0
78 61 61 0.6122 0
61 57 61 0.5253 0
109 57 66 0.5253 0
17 57 63 0.8239 0
115 57 61 0.5262 0
46 57 63 0.8239 0
103 57 63 0.8239 0
13 62 66 0.6103 0
74 57 63 0.8239 0
51 57 66 0.5253 0
26 60 66 0.6103 0
53 57 64 0.8239 0
72 57 62 0.8239 0
20 57 63 0.8239 0
8 63 66 0.6103 0
50 63 66 0.7581 0
29 60 61 0.6109 0
95 57 63 0.8239 0
112 57 63 0.8239 0
68 57 62 0.8239 0
105 62 61 0.6122 0
87 59 66 0.6103 0
9 58 63 0.9222 0
43 60 66 0.6103 0
34 57 63 0.8239 0
50 61 61 0.6122 0
0
