128
127 127 127 53.9235 0
0 0 0 54.1202 0
127 127 0 54.1695 0
127 0 0 54.1695 0
0 127 0 54.1202 0
0 0 127 53.973 0
0 127 127 53.973 0
127 0 127 53.9235 0
0 46 64 22.2643 0
46 127 63 22.2837 0
46 0 63 22.2837 0
127 81 63 22.2644 0
64 64 1 14.0561 0
121 39 63 18.8874 0
6 88 64 18.887 0
88 121 64 18.882 0
88 6 64 18.882 0
64 95 127 15.3494 0
64 32 127 15.3494 0
95 64 127 15.3323 0
32 64 127 15.334 0
63 95 0 15.0768 0
63 32 0 15.0768 0
32 64 0 15.0767 0
95 64 0 15.0757 0
64 5 97 14.8824 0
64 122 97 14.8824 0
122 63 97 14.8278 0
6 66 95 13.9309 0
6 64 28 13.8881 0
121 61 32 13.9358 0
66 121 32 13.88 0
66 6 32 13.88 0
25 27 74 9.3741 0
27 25 53 9.3697 0
58 70 127 8.4443 0
28 102 52 8.6905 0
102 99 52 8.6735 0
71 57 127 8.4443 0
30 103 76 8.0987 0
103 97 77 8.1105 0
45 45 121 7.3075 0
99 27 78 7.206 0
80 47 8 7.001 0
100 28 49 7.2304 0
45 46 8 7.001 0
81 82 8 7.001 0
45 82 8 7.001 0
16 81 39 6.9431 0
43 83 119 6.8909 0
83 43 119 6.8887 0
83 84 119 6.8887 0
110 44 87 6.6987 0
16 47 90 6.5689 0
16 47 37 6.5943 0
21 55 108 6.5203 0
47 111 37 6.5476 0
47 16 37 6.5476 0
111 80 37 6.5694 0
45 110 88 6.3092 0
45 17 88 6.3092 0
56 20 19 6.4225 0
56 107 19 6.4225 0
107 71 19 6.4297 0
74 73 125 6.4285 0
82 17 89 6.3622 0
82 110 89 6.3622 0
110 82 89 6.3499 0
18 84 87 6.2182 0
109 43 40 6.2186 0
84 109 40 6.209 0
84 18 40 6.209 0
105 73 108 6.0787 0
14 69 47 6.1102 0
54 105 108 6.0767 0
54 22 108 6.0767 0
105 54 108 6.0787 0
22 73 108 6.0531 0
73 22 108 6.0591 0
73 105 108 6.0591 0
72 22 18 5.8722 0
72 105 18 5.8722 0
105 55 18 5.8638 0
22 55 18 5.854 0
56 54 124 5.4206 0
23 73 18 5.3282 0
112 57 79 5.2272 0
69 112 50 5.0928 0
69 15 50 5.0928 0
69 112 79 5.0782 0
69 15 79 5.0782 0
98 29 63 5.0671 0
92 103 84 5.0106 0
15 68 77 4.9761 0
112 59 50 4.9765 0
22 38 44 4.9675 0
48 34 113 4.8381 0
34 48 113 4.8291 0
95 49 112 4.7924 0
23 90 45 4.6933 0
48 94 112 4.5355 0
23 37 86 4.6521 0
37 23 41 4.6569 0
94 79 112 4.5418 0
37 104 41 4.6569 0
104 90 41 4.6521 0
79 94 112 4.5307 0
79 33 112 4.5307 0
33 79 112 4.5118 0
39 22 79 4.4638 0
16 57 44 4.231 0
25 92 82 4.1896 0
78 96 14 3.8813 0
48 70 11 3.9773 0
57 48 11 3.9773 0
57 79 11 3.9773 0
31 49 14 3.8514 0
93 47 12 4.0477 0
80 34 12 4.0228 0
93 101 41 4.0043 0
59 16 81 4.0033 0
59 111 81 4.0033 0
111 68 81 3.9901 0
49 57 11 3.9773 0
34 26 86 4.0039 0
49 30 15 3.8232 0
49 97 15 3.8232 0
97 78 15 3.8296 0
0
