128
0 0 127 71.5126 0
0 127 0 67.3327 0
127 127 127 66.3824 0
127 0 0 64.0251 0
10 7 1 52.0025 0
117 114 9 49.5005 0
14 118 114 46.3278 0
109 22 103 41.0243 0
21 61 58 21.9021 0
62 12 56 21.3246 0
104 71 64 19.9506 0
67 127 56 18.1461 0
63 73 127 16.0501 0
56 63 0 13.1258 0
37 93 64 12.6547 0
36 68 90 12.1528 0
88 101 63 11.825 0
95 61 34 11.5318 0
82 63 2 11.1727 0
63 32 27 10.9639 0
94 42 55 10.9446 0
64 67 75 6.9046 0
34 61 27 10.2437 0
64 78 43 3.9261 0
88 68 91 9.8538 0
64 115 84 9.7988 0
45 81 45 9.5648 0
39 34 50 9.5951 0
64 103 38 9.5126 0
82 81 45 9.5648 0
63 40 6 9.4616 0
68 47 125 9.4251 0
62 31 83 9.2574 0
83 66 111 9.2308 0
66 84 4 8.7957 0
63 97 92 8.404 0
64 71 91 8.3852 0
41 39 69 8.2539 0
45 67 110 8.169 0
47 113 69 7.874 0
64 90 108 7.9728 0
51 106 52 7.2247 0
80 61 76 7.0769 0
47 61 74 6.9754 0
86 88 78 7.0485 0
64 94 22 6.9458 0
38 46 37 6.9115 0
64 99 55 6.7401 0
80 33 65 6.6166 0
81 32 46 6.4844 0
86 49 70 6.2382 0
63 86 35 6.1891 0
44 51 85 6.2143 0
43 83 80 6.1154 0
84 69 19 5.7287 0
42 55 13 5.7311 0
80 84 61 5.7627 0
87 56 18 5.5323 0
77 105 48 5.4309 0
44 75 30 5.5377 0
64 104 72 5.4027 0
88 45 39 5.3445 0
63 87 48 5.3359 0
54 56 115 4.9465 0
78 109 76 5.0292 0
44 70 16 5.0192 0
49 40 82 5.0605 0
47 57 100 5.0516 0
60 73 105 5.011 0
83 74 31 4.9579 0
50 33 39 4.9425 0
76 48 8 4.7642 0
43 66 41 4.4462 0
63 34 98 4.618 0
82 83 89 4.5747 0
85 66 47 4.4837 0
66 84 96 4.517 0
79 58 99 4.3403 0
40 76 71 4.3779 0
75 53 113 4.272 0
52 69 98 4.2426 0
75 69 99 4.3389 0
53 67 83 4.2848 0
45 78 102 4.1149 0
54 34 71 4.0322 0
49 80 112 4.0466 0
74 35 75 4.1102 0
79 56 89 4.013 0
45 83 92 3.9231 0
78 35 35 3.9232 0
86 48 29 4.0193 0
70 72 107 3.9474 0
44 77 59 3.9665 0
71 72 10 3.8326 0
81 100 79 3.9164 0
82 78 101 3.8507 0
63 84 87 3.8537 0
54 79 9 3.7564 0
52 62 92 3.7627 0
49 48 9 3.7564 0
46 101 78 3.7449 0
47 96 46 3.5616 0
70 33 41 3.6482 0
73 63 86 3.636 0
42 47 26 3.5002 0
88 54 47 3.558 0
80 95 46 3.535 0
67 36 116 3.4219 0
45 52 67 3.5175 0
85 55 61 3.4745 0
71 93 31 3.4679 0
56 93 31 3.4679 0
49 48 94 3.4418 0
54 41 92 3.2874 0
50 83 58 3.4159 0
70 55 10 3.114 0
63 97 79 3.1282 0
67 33 70 3.1959 0
78 79 110 3.2378 0
58 87 14 3.1716 0
45 38 33 3.1689 0
40 57 40 3.0126 0
50 34 62 3.155 0
80 41 74 3.1406 0
85 77 80 3.1324 0
80 49 81 3.023 0
44 93 82 3.0982 0
72 39 17 2.986 0
0
