128
127 0 127 68.4632 0
0 127 0 60.6297 0
0 127 127 64.4499 0
127 127 0 60.7311 0
0 0 0 60.729 0
127 5 0 57.3165 0
118 122 118 52.8928 0
6 9 114 52.2958 0
62 123 61 24.9099 0
5 64 58 24.0897 0
64 5 58 24.0912 0
122 66 61 23.992 0
58 60 127 20.5668 0
71 71 0 15.6417 0
41 63 2 13.236 0
65 41 2 13.236 0
30 97 61 12.6502 0
100 35 58 12.1751 0
95 98 60 12.1571 0
28 35 58 11.4254 0
62 40 101 10.9344 0
63 93 100 10.5971 0
35 64 99 10.6312 0
66 23 27 10.4829 0
104 65 30 10.3985 0
23 64 27 10.3269 0
62 104 30 10.3909 0
93 66 98 10.1352 0
63 96 7 8.6257 0
96 64 7 8.6249 0
85 69 117 8.4397 0
62 21 89 8.2933 0
63 89 121 8.3067 0
83 29 44 8.1214 0
44 29 46 8.1206 0
100 49 42 7.7773 0
78 100 42 7.7799 0
98 82 45 7.6475 0
45 98 44 7.6487 0
29 82 44 7.6438 0
22 71 85 7.4298 0
28 48 41 7.1246 0
27 83 76 6.7686 0
44 27 70 6.8223 0
44 100 76 6.7696 0
84 28 70 6.414 0
79 56 108 6.5806 0
99 84 74 6.3582 0
56 104 87 6.4251 0
82 52 9 6.1809 0
70 104 86 6.3254 0
82 100 75 6.2948 0
103 74 85 6.2318 0
52 80 9 6.1809 0
104 60 86 6.0368 0
101 48 75 5.8564 0
24 55 81 5.6466 0
75 25 79 5.5566 0
47 50 103 5.4894 0
28 45 73 5.4038 0
51 29 33 5.1224 0
48 46 10 5.173 0
75 80 121 5.0532 0
51 26 81 4.883 0
57 56 11 4.8293 0
88 90 41 4.5298 0
37 39 39 4.501 0
39 79 94 4.4218 0
82 30 58 4.2292 0
49 90 92 4.0695 0
36 91 79 4.1104 0
42 73 111 4.0349 0
71 97 19 4.0581 0
77 90 92 4.0695 0
78 98 55 3.9571 0
91 41 37 4.0037 0
80 32 31 4.0291 0
76 48 100 3.9841 0
31 78 31 3.9674 0
68 55 103 3.8092 0
49 96 32 3.9679 0
96 78 32 3.9672 0
58 30 15 3.8051 0
85 79 96 3.7313 0
39 89 37 3.7229 0
97 57 19 3.8663 0
97 81 58 3.7594 0
70 29 41 3.665 0
88 52 93 3.7965 0
57 29 41 3.7262 0
44 31 59 3.7216 0
36 37 74 3.6526 0
93 39 75 3.7089 0
29 69 42 3.543 0
90 91 78 3.6568 0
74 38 91 3.6449 0
29 80 65 3.5676 0
77 96 29 3.5329 0
31 50 29 3.5309 0
30 71 15 3.5773 0
40 50 94 3.5529 0
88 75 12 3.1572 0
29 60 42 3.3554 0
96 50 29 3.5302 0
47 97 57 3.3843 0
98 70 43 3.4501 0
57 98 46 3.4398 0
98 52 54 3.3329 0
55 69 12 3.4214 0
69 55 12 3.422 0
30 80 57 3.386 0
58 59 98 1.5857 0
89 40 46 3.327 0
97 71 18 3.3174 0
50 38 91 3.113 0
30 50 53 3.2569 0
31 56 15 3.2094 0
99 50 65 3.2507 0
54 31 91 3.0617 0
74 91 12 3.1572 0
98 60 47 3.1439 0
31 77 91 3.1656 0
71 30 91 3.0623 0
83 92 33 3.108 0
56 97 18 3.1129 0
48 43 96 3.2175 0
71 31 15 3.2079 0
39 88 48 2.9807 0
0
