128
127 0 102 73.581 0
0 127 127 74.4555 0
127 127 52 61.6588 0
0 0 52 61.6588 0
11 127 0 51.9708 0
118 44 0 35.5465 0
91 89 122 23.1495 0
39 37 123 22.7114 0
62 26 0 21.4045 0
31 56 0 19.1766 0
51 98 53 18.4765 0
75 94 0 17.91 0
27 74 43 15.8143 0
70 86 86 15.1663 0
72 27 36 14.6673 0
65 62 3 13.7395 0
52 44 89 13.2569 0
97 58 43 12.8861 0
63 65 122 12.7197 0
31 66 71 12.3791 0
62 38 61 10.4954 0
66 94 28 9.7147 0
91 66 65 8.7107 0
48 78 8 8.6777 0
39 62 91 7.9832 0
90 73 82 7.9769 0
63 72 28 5.6806 0
72 84 62 7.2774 0
93 80 13 7.1713 0
65 54 104 6.9355 0
58 73 103 6.9655 0
48 81 78 7.0385 0
94 70 26 6.9672 0
63 72 50 5.6806 0
85 71 97 6.7039 0
91 40 34 6.6434 0
47 55 31 3.3875 0
34 56 29 6.225 0
63 74 68 5.8703 0
34 74 21 5.9593 0
73 72 104 5.8963 0
81 41 50 5.9043 0
67 47 75 5.8649 0
38 57 55 5.8242 0
63 78 16 5.7803 0
83 69 11 5.6541 0
55 40 44 5.7307 0
72 87 44 5.7263 0
63 78 39 5.6806 0
51 75 90 5.7016 0
48 47 70 5.3067 0
54 34 28 5.2316 0
49 93 28 5.0167 0
39 60 105 5.0354 0
83 34 20 4.9486 0
55 92 14 4.9332 0
40 89 33 4.8298 0
38 55 42 4.8651 0
83 79 71 4.7825 0
75 47 12 4.6464 0
69 53 89 4.6721 0
52 49 12 4.6462 0
88 72 52 4.5563 0
40 78 61 4.5258 0
47 72 31 3.3875 0
50 55 104 4.4289 0
80 71 32 2.9759 0
76 46 62 4.2696 0
40 51 76 4.3264 0
81 62 121 4.2722 0
40 37 13 4.3142 0
87 53 59 4.1686 0
70 43 48 4.1911 0
78 52 29 0.9601 0
47 35 20 3.9407 0
81 56 13 3.6383 0
87 71 36 3.8961 0
50 44 53 3.8553 0
53 79 67 3.6638 0
41 53 65 3.6924 0
61 70 78 3.7027 0
74 75 13 3.6383 0
49 65 13 3.6383 0
43 72 84 3.6499 0
83 55 31 3.3875 0
90 50 29 3.4124 0
74 57 111 3.2955 0
83 64 87 3.3886 0
47 70 99 3.3443 0
90 58 26 2.9357 0
57 50 73 3.1447 0
37 48 22 2.9357 0
79 70 45 1.8352 0
79 91 23 2.9329 0
49 57 43 2.0054 0
41 68 58 3.1084 0
74 57 98 3.0176 0
66 69 59 3.025 0
51 40 35 3.0948 0
76 87 35 3.0894 0
60 77 58 3.0203 0
54 87 33 3.0012 0
86 62 79 3.0236 0
61 69 87 3.025 0
46 63 119 2.7518 0
37 83 24 2.9357 0
90 80 24 2.9357 0
45 47 61 2.899 0
59 40 33 2.9273 0
37 66 26 2.9357 0
79 82 53 2.832 0
87 75 44 2.8499 0
76 50 71 2.7141 0
85 55 67 2.8634 0
50 69 51 0.9945 0
51 69 111 2.821 0
88 78 32 2.7993 0
66 65 104 2.8363 0
63 38 24 2.8462 0
64 47 14 2.8557 0
48 70 44 2.0024 0
74 52 80 2.8345 0
60 69 19 2.6569 0
47 42 14 2.6305 0
45 78 68 2.7979 0
81 56 38 2.7212 0
42 58 80 2.7029 0
68 80 51 2.7487 0
0
