128
127 0 0 71.0489 0
0 0 127 71.0482 0
127 127 127 67.8048 0
0 127 0 67.8036 0
113 115 15 44.6261 0
14 115 112 44.6255 0
109 20 109 40.1128 0
18 20 18 40.1128 0
66 68 26 21.5977 0
66 65 101 21.5977 0
63 125 64 20.9796 0
0 61 46 11.3905 0
127 61 81 11.3905 0
127 69 47 11.3925 0
0 69 80 11.392 0
57 0 47 11.0577 0
70 0 80 11.0577 0
34 66 90 10.5111 0
63 98 90 10.557 0
64 100 38 9.8844 0
65 24 83 9.9805 0
62 24 44 9.9805 0
96 67 38 9.5032 0
30 65 38 9.5032 0
97 65 89 9.5032 0
82 13 67 9.2438 0
45 13 60 9.2438 0
3 84 65 8.9273 0
124 84 62 8.9275 0
123 45 68 8.434 0
4 45 59 8.434 0
89 108 63 7.6781 0
38 108 64 7.6772 0
55 43 40 7.4875 0
56 40 87 7.4875 0
72 42 40 7.4875 0
54 0 68 7.2951 0
73 0 59 7.2951 0
37 28 63 6.8632 0
90 28 64 6.8632 0
46 82 86 6.4796 0
44 55 41 6.4796 0
78 27 56 6.589 0
41 78 41 6.4796 0
50 27 72 6.3515 0
45 51 86 6.4796 0
78 87 86 6.4796 0
51 88 41 6.4796 0
86 53 41 6.4796 0
73 41 86 6.4796 0
49 28 55 6.0461 0
78 28 72 6.0116 0
16 94 65 5.6639 0
111 94 62 5.6639 0
78 105 52 5.7019 0
17 64 85 5.4717 0
77 90 42 5.4717 0
51 104 78 5.4757 0
88 78 85 5.4717 0
86 53 85 5.4717 0
4 54 71 5.5212 0
123 54 56 5.5149 0
51 104 49 5.4757 0
76 104 78 5.4727 0
86 81 42 5.4717 0
25 34 62 5.1244 0
102 34 65 5.1244 0
1 65 63 4.9449 0
126 65 64 4.9448 0
26 100 64 4.9365 0
101 100 63 4.9363 0
120 76 74 4.8616 0
7 76 53 4.8242 0
55 13 75 4.6883 0
72 13 52 4.6883 0
16 69 43 4.4638 0
111 64 43 4.4638 0
17 59 43 4.4638 0
111 67 84 4.4638 0
111 39 64 4.0676 0
16 39 63 4.0676 0
115 81 51 3.6365 0
12 81 76 3.6319 0
109 57 83 3.456 0
35 80 83 3.456 0
112 75 44 3.5754 0
15 75 83 3.5723 0
34 52 83 3.456 0
43 67 44 3.456 0
97 54 44 3.456 0
47 70 83 3.456 0
24 57 83 3.456 0
78 34 47 3.395 0
67 87 44 3.456 0
51 92 83 3.456 0
30 78 44 3.456 0
47 62 83 3.456 0
60 85 83 3.456 0
23 76 83 3.456 0
40 34 54 3.3234 0
42 101 53 3.1671 0
85 101 74 3.1671 0
87 34 73 3.3085 0
42 101 74 3.1671 0
42 34 74 3.1426 0
86 34 54 3.0411 0
111 87 55 3.0053 0
16 87 72 3.0047 0
78 105 67 3.0138 0
47 35 80 3.0538 0
61 103 76 2.9819 0
68 103 51 3.0349 0
33 99 70 2.9115 0
94 99 57 2.9114 0
51 34 47 2.9089 0
111 43 71 2.955 0
16 43 56 2.955 0
48 104 69 2.9433 0
48 104 58 2.9433 0
13 84 56 2.8979 0
114 84 71 2.8976 0
84 68 82 2.4481 0
70 14 74 2.7202 0
57 14 53 2.7202 0
79 35 80 2.8139 0
88 100 54 2.8188 0
11 51 50 2.7327 0
116 51 77 2.7327 0
0
