128
64 64 114 32.931 0
127 0 0 65.841 0
0 127 0 65.8275 0
0 0 11 60.4389 0
127 127 11 60.4279 0
127 0 127 55.7066 0
0 127 127 55.7066 0
127 125 127 54.3936 0
0 2 127 54.3936 0
1 64 72 26.8214 0
126 63 72 26.8208 0
65 127 78 23.11 0
62 0 79 22.622 0
91 22 70 13.6765 0
34 104 70 13.1326 0
61 65 0 9.7411 0
35 24 73 12.498 0
92 103 72 12.2601 0
64 10 45 10.8433 0
64 112 110 10.6948 0
63 15 110 10.6948 0
63 116 45 10.5977 0
67 88 0 10.5929 0
39 60 0 10.5929 0
88 67 0 10.5929 0
60 39 0 10.5929 0
106 64 39 10.5421 0
21 63 39 10.5255 0
112 63 109 10.3809 0
15 64 109 10.3809 0
47 101 89 9.0481 0
80 99 91 8.7733 0
46 30 92 8.7022 0
79 26 91 8.5733 0
31 62 22 7.887 0
96 65 22 7.8951 0
101 78 93 7.8587 0
26 49 93 7.8533 0
102 50 95 7.6345 0
25 77 95 7.6334 0
49 19 56 7.5448 0
78 108 56 7.5264 0
101 39 83 7.5108 0
26 88 83 7.4952 0
48 107 53 7.3721 0
106 36 62 7.1483 0
65 105 30 7.0404 0
74 52 3 6.7175 0
66 96 17 6.8259 0
83 30 51 6.866 0
62 29 19 6.7174 0
47 92 46 6.1588 0
102 87 80 6.3844 0
25 40 80 6.3903 0
21 90 62 6.4399 0
81 94 51 6.35 0
46 33 51 6.3329 0
22 37 65 6.1046 0
105 90 65 6.0925 0
61 22 31 6.0779 0
30 63 90 5.964 0
97 64 90 5.9544 0
92 89 89 5.8322 0
30 64 54 5.7725 0
97 64 54 5.7866 0
75 20 56 5.7148 0
22 77 49 5.706 0
105 48 50 5.5543 0
47 94 59 5.5539 0
22 50 50 5.5243 0
79 37 40 5.1339 0
48 91 77 5.2013 0
79 36 78 5.2726 0
90 37 92 5.0418 0
64 103 95 5.2222 0
60 25 96 4.9801 0
104 78 50 5.1543 0
48 37 39 5.1235 0
79 90 39 5.104 0
48 34 64 5.12 0
37 90 92 5.0319 0
71 25 38 4.8933 0
35 39 88 4.9382 0
79 92 65 4.8273 0
49 36 79 4.7648 0
78 91 79 4.7594 0
54 24 41 4.7307 0
73 103 41 4.711 0
74 74 5 4.7017 0
52 78 5 4.7017 0
31 92 55 4.612 0
55 102 39 4.5105 0
79 35 62 4.6681 0
47 47 6 4.5645 0
94 64 78 4.5262 0
33 63 78 4.5124 0
54 38 15 4.5372 0
74 27 111 4.4514 0
76 87 23 4.4525 0
27 53 111 4.4514 0
52 27 111 4.4524 0
95 34 54 4.3418 0
53 103 102 4.3488 0
32 34 58 4.1488 0
49 88 34 4.2322 0
50 40 26 4.2474 0
52 105 65 4.1645 0
95 93 58 4.1424 0
52 26 79 4.0194 0
58 27 86 3.9846 0
89 74 16 3.8774 0
38 53 16 3.8786 0
52 102 76 3.8931 0
71 26 80 3.8272 0
79 82 8 3.746 0
55 53 6 3.6938 0
95 65 66 3.7606 0
77 103 104 3.7291 0
32 62 66 3.7436 0
101 74 110 3.5309 0
52 23 68 3.74 0
75 101 78 3.7001 0
74 86 14 3.6447 0
72 23 68 3.6522 0
101 52 110 3.6002 0
26 75 110 3.6002 0
55 31 28 3.5593 0
77 40 30 3.5513 0
0
