128
66 127 0 66.245 0
0 0 127 72.884 0
127 127 127 72.884 0
87 0 0 61.3688 0
0 117 93 47.1958 0
127 22 89 37.4619 0
0 48 9 36.0536 0
127 68 28 20.8005 0
86 41 127 19.8468 0
72 32 74 19.3975 0
45 84 127 17.0976 0
39 67 78 16.5935 0
31 28 47 15.5753 0
91 63 76 15.4131 0
64 91 75 15.3424 0
1 61 62 15.1003 0
4 91 37 13.3066 0
124 67 63 13.2699 0
45 55 29 11.9584 0
120 94 48 11.2542 0
50 85 98 10.9904 0
43 41 67 9.6299 0
86 48 97 9.6253 0
41 89 62 9.367 0
55 42 49 9.2952 0
88 89 64 9.3351 0
96 64 32 8.9348 0
120 43 47 8.9485 0
61 57 127 8.4509 0
8 37 53 8.4448 0
66 43 101 8.2873 0
34 73 105 8.4662 0
67 59 33 7.9269 0
95 37 59 7.2886 0
31 70 34 6.9191 0
24 50 67 6.3422 0
24 92 50 6.6512 0
52 46 86 6.5107 0
68 72 124 6.4288 0
104 92 58 6.3325 0
106 78 67 6.3422 0
78 73 92 6.2717 0
68 82 96 6.2716 0
73 45 50 6.2716 0
10 80 54 5.9249 0
21 80 35 5.9112 0
10 71 44 5.9249 0
64 81 111 5.6832 0
20 73 66 5.3344 0
57 81 56 5.2637 0
72 81 56 5.2637 0
62 48 115 5.0775 0
81 60 36 4.9033 0
89 64 98 4.8869 0
91 58 108 4.9458 0
85 43 52 4.7389 0
107 53 65 4.3265 0
76 60 91 4.499 0
76 76 66 4.5512 0
107 36 53 4.4202 0
47 54 95 4.3915 0
28 82 65 4.3265 0
115 84 62 4.2635 0
22 62 65 4.3265 0
51 54 65 4.3265 0
79 65 123 4.026 0
48 62 123 4.026 0
96 87 51 4.1014 0
107 52 37 3.8954 0
115 77 50 3.9091 0
14 45 64 4.0067 0
115 50 59 3.9091 0
12 50 49 3.9091 0
30 56 37 3.8954 0
44 70 37 3.8954 0
103 75 37 3.8954 0
31 46 37 3.8954 0
24 39 63 3.855 0
115 58 50 3.9091 0
55 66 37 3.8954 0
109 84 37 3.8954 0
52 50 74 3.8508 0
82 82 53 3.7827 0
36 85 49 3.7827 0
52 77 64 3.6931 0
54 48 97 3.7367 0
39 61 99 3.6777 0
104 89 47 3.464 0
65 48 40 3.4911 0
98 48 64 3.3186 0
75 58 65 3.4911 0
75 74 81 3.4911 0
89 46 64 3.4727 0
75 53 85 3.4911 0
44 82 50 3.464 0
75 67 64 3.3186 0
107 62 64 3.3186 0
62 48 90 3.248 0
41 65 118 3.2684 0
63 48 59 3.248 0
43 45 43 3.1453 0
42 45 53 2.8266 0
58 51 38 2.9641 0
13 58 46 2.9013 0
74 68 38 2.8876 0
73 49 92 2.8779 0
85 68 38 2.8876 0
90 54 38 2.8876 0
99 52 38 2.8876 0
24 62 38 2.8876 0
19 68 38 2.8876 0
76 52 38 2.8876 0
52 70 94 2.7519 0
114 67 49 2.9013 0
51 79 49 2.8266 0
87 62 116 2.839 0
72 60 122 2.7404 0
70 49 111 2.6871 0
56 67 122 2.7404 0
14 89 52 2.5889 0
80 47 58 2.5079 0
76 49 106 2.5364 0
52 60 93 2.6202 0
45 71 97 2.5473 0
72 78 105 2.4059 0
26 87 59 2.5079 0
74 55 72 2.4833 0
53 56 88 2.4833 0
0
