128
127 65 127 74.8595 0
0 127 0 68.8115 0
0 0 123 66.4204 0
127 0 0 64.991 0
19 126 117 48.4359 0
115 114 15 46.7197 0
17 14 13 44.6126 0
27 68 69 23.1029 0
66 63 19 22.4202 0
84 0 73 18.4228 0
83 127 72 17.7743 0
51 0 60 13.1995 0
53 127 63 12.3689 0
39 35 64 11.0077 0
47 56 95 9.9048 0
40 103 66 10.0012 0
47 78 95 9.9049 0
67 126 44 9.6237 0
63 23 52 7.7959 0
97 62 32 9.3178 0
66 31 32 9.3181 0
41 57 40 9.1533 0
64 93 32 9.3178 0
63 104 57 7.7709 0
63 23 75 7.7959 0
84 97 61 9.0679 0
125 64 40 8.907 0
65 82 71 8.4516 0
66 2 43 8.4491 0
70 12 94 8.3338 0
63 104 87 7.9551 0
43 75 39 7.4711 0
94 26 61 7.5303 0
43 87 50 6.9773 0
43 44 81 6.9764 0
69 118 92 6.9292 0
104 71 47 6.7004 0
57 39 92 6.4725 0
63 26 92 6.2942 0
87 49 35 6.2942 0
63 66 75 6.1234 0
61 104 72 5.9843 0
65 109 36 5.954 0
44 42 47 5.9685 0
44 92 81 5.9695 0
93 84 55 5.8911 0
45 18 67 5.7391 0
58 90 91 5.6702 0
81 15 53 5.6693 0
59 5 80 5.6606 0
60 122 80 5.5329 0
63 16 36 5.4215 0
62 54 79 5.3113 0
51 45 36 5.2863 0
79 39 36 5.2863 0
87 74 36 5.2863 0
45 21 55 5.1348 0
101 37 55 5.0076 0
79 112 54 4.9755 0
116 53 46 4.8585 0
77 83 37 4.2785 0
108 45 51 4.5677 0
79 83 65 4.5854 0
60 102 44 4.5073 0
50 86 37 4.2971 0
110 67 37 4.3344 0
69 7 56 4.2498 0
48 112 55 4.0663 0
60 74 84 4.0894 0
80 104 73 3.9822 0
60 44 82 4.09 0
46 53 54 3.953 0
46 89 65 3.9537 0
46 30 50 3.9525 0
76 93 72 3.92 0
46 31 78 3.9525 0
46 102 52 3.954 0
49 113 73 3.7742 0
87 24 71 3.8045 0
87 76 59 3.6016 0
57 65 89 3.5828 0
52 11 75 3.4444 0
72 90 63 3.4161 0
75 12 45 3.3684 0
61 44 38 3.2706 0
55 118 48 3.3479 0
70 44 38 3.2706 0
55 9 44 3.3264 0
72 71 70 3.3489 0
94 73 55 3.2111 0
113 57 38 3.2943 0
69 119 56 3.365 0
72 20 38 3.2706 0
94 78 46 3.0275 0
58 50 88 3.2761 0
54 36 38 3.2706 0
85 59 38 3.2706 0
58 80 38 3.2706 0
87 25 51 3.1102 0
63 28 64 3.172 0
59 84 83 3.0813 0
83 21 62 2.9649 0
58 23 41 3.0776 0
47 102 79 2.9461 0
66 88 82 3.095 0
47 76 52 2.9456 0
115 69 48 2.8371 0
47 66 48 2.9454 0
96 73 40 3.024 0
50 14 49 2.9153 0
77 111 86 2.8578 0
47 86 73 2.9458 0
47 82 81 2.9457 0
59 20 64 2.8498 0
68 104 46 2.973 0
47 45 56 2.9449 0
47 50 66 2.945 0
68 23 63 2.942 0
95 65 55 2.8837 0
67 40 82 2.8072 0
94 33 51 2.6704 0
74 115 47 2.7532 0
58 58 87 2.6153 0
87 91 50 2.6336 0
81 74 64 2.612 0
78 108 63 2.5814 0
48 67 87 2.5035 0
106 53 39 2.2627 0
0
