128
0 0 0 83.4241 0
127 0 127 80.4126 0
127 127 0 67.2768 0
0 127 127 67.2768 0
103 115 103 37.8895 0
26 115 26 36.1266 0
39 49 91 25.5427 0
89 52 42 25.0502 0
66 113 62 15.6634 0
115 75 66 15.7454 0
59 87 83 15.3675 0
16 75 63 14.8222 0
51 73 43 14.3191 0
87 71 78 13.0267 0
75 87 46 11.5572 0
50 15 80 9.9041 0
77 19 52 9.6143 0
41 80 65 9.7025 0
72 55 81 7.7025 0
43 105 67 7.6004 0
93 82 57 7.7054 0
48 56 58 7.4514 0
57 94 50 7.1076 0
58 1 71 6.9295 0
70 2 59 6.9085 0
88 104 61 6.5925 0
75 83 66 6.3435 0
58 48 51 6.1338 0
60 28 79 5.4528 0
51 27 69 5.1622 0
84 90 72 5.233 0
77 45 72 5.097 0
64 36 52 5.0919 0
95 87 70 5.0183 0
39 94 74 4.963 0
78 32 63 4.9151 0
64 66 79 4.8076 0
68 42 79 4.8076 0
29 89 71 4.8641 0
50 42 61 4.4433 0
45 89 53 4.2216 0
89 94 53 4.084 0
114 97 65 4.0911 0
76 98 74 4.2017 0
61 59 53 4.084 0
13 97 61 4.0911 0
47 66 66 4.0508 0
69 73 53 4.084 0
77 58 69 4.0231 0
31 86 56 3.9386 0
28 101 65 3.5689 0
80 74 61 3.5702 0
64 26 55 3.679 0
50 101 57 3.6062 0
100 101 63 3.5689 0
49 72 74 3.1846 0
55 78 66 3.2572 0
73 25 66 3.1821 0
72 32 56 3.0156 0
61 84 54 3.0761 0
52 86 57 2.8272 0
80 99 55 2.7881 0
103 88 55 2.8427 0
75 36 71 2.8499 0
55 85 64 2.7801 0
51 36 67 2.7479 0
70 72 77 2.7918 0
56 69 77 2.7919 0
76 65 65 2.6548 0
20 100 64 2.561 0
83 87 59 2.6474 0
54 100 70 2.6105 0
52 34 61 2.5767 0
80 100 66 2.561 0
107 100 64 2.561 0
56 37 56 2.3886 0
72 92 70 2.4795 0
53 66 72 2.3875 0
67 77 69 2.2493 0
53 10 68 2.356 0
67 11 55 2.3215 0
56 25 62 2.1796 0
67 26 74 2.2969 0
104 91 69 2.1106 0
73 63 73 2.1883 0
72 77 74 2.2624 0
74 11 62 2.227 0
47 91 69 2.1106 0
33 99 71 2.0788 0
65 67 55 2.0682 0
37 90 55 2.0712 0
75 76 56 2.1009 0
15 93 67 2.0752 0
52 19 67 2.1316 0
71 27 60 2.1062 0
64 78 55 2.0682 0
66 95 55 2.0682 0
96 94 55 2.0682 0
83 99 71 2.0788 0
46 96 55 2.0682 0
62 19 77 2.0681 0
75 40 64 1.785 0
48 97 72 2.0685 0
64 19 55 2.0682 0
67 5 69 2.0048 0
63 36 76 1.784 0
53 65 60 2.0244 0
49 70 60 1.992 0
68 31 76 1.8876 0
52 60 68 1.8781 0
61 5 62 1.8656 0
73 30 71 1.8732 0
53 78 60 1.7999 0
96 99 57 1.6262 0
58 29 57 1.8131 0
52 49 65 1.6553 0
102 88 61 1.6395 0
35 99 61 1.5532 0
63 52 76 1.784 0
61 59 76 1.784 0
75 51 67 1.7484 0
62 11 76 1.7621 0
75 16 64 1.7904 0
16 92 56 1.7116 0
63 47 76 1.784 0
22 92 69 1.6066 0
28 88 63 1.6395 0
54 34 72 1.5822 0
0
