128
127 127 127 80.8277 0
0 0 127 80.8277 0
0 127 41 71.4286 0
127 0 41 71.4286 0
95 95 0 35.8499 0
32 32 0 35.8499 0
81 85 51 16.3835 0
46 42 51 16.3835 0
45 82 102 14.8143 0
82 45 102 14.8143 0
85 66 71 10.2606 0
42 61 72 10.2606 0
66 42 78 10.2607 0
61 85 78 10.2607 0
73 54 9 10.1907 0
54 73 9 10.1907 0
53 74 124 8.8422 0
74 53 124 8.8419 0
63 63 33 2.8734 0
64 63 22 6.7569 0
37 57 35 6.3136 0
90 70 35 6.3136 0
81 62 88 6.1478 0
64 63 62 2.8639 0
64 64 94 2.8635 0
57 47 31 5.4015 0
70 80 31 5.4015 0
67 47 62 5.4448 0
60 80 62 5.4448 0
47 67 87 5.4454 0
47 67 57 5.4445 0
80 61 56 5.2639 0
64 64 77 2.8635 0
63 63 47 2.8666 0
51 74 68 4.8987 0
76 53 67 4.8987 0
49 56 33 4.8888 0
78 71 33 4.8886 0
64 64 110 2.8635 0
75 75 81 4.8369 0
52 52 81 4.8369 0
62 62 125 4.6221 0
48 69 24 4.6063 0
79 58 24 4.6063 0
58 79 24 4.6047 0
69 48 24 4.6047 0
81 62 45 4.4696 0
47 65 46 4.4699 0
59 36 33 4.3428 0
68 91 33 4.3428 0
67 48 50 4.4584 0
60 79 50 4.4584 0
76 54 79 4.2694 0
54 51 71 4.2692 0
73 76 71 4.2692 0
51 73 79 4.2694 0
63 79 93 4.0754 0
64 48 92 4.0754 0
77 57 36 3.5387 0
57 77 36 3.5387 0
70 50 36 3.5385 0
50 70 36 3.5385 0
74 53 57 3.4106 0
53 74 53 3.4099 0
76 60 113 3.3241 0
67 51 113 3.3241 0
51 67 113 3.3241 0
60 76 113 3.3241 0
85 60 17 3.2254 0
42 67 17 3.2254 0
67 42 17 3.2254 0
60 85 17 3.2254 0
50 58 89 3.1376 0
76 56 49 3.1349 0
49 62 95 3.1375 0
65 45 42 3.047 0
62 82 42 3.047 0
78 64 98 3.0683 0
72 52 87 2.8582 0
77 68 24 2.7702 0
50 59 24 2.77 0
72 52 44 2.854 0
63 63 84 2.8635 0
63 64 103 2.8635 0
64 63 54 2.8649 0
63 63 69 2.8635 0
63 63 40 2.8694 0
52 72 46 2.8549 0
55 75 86 2.8582 0
57 51 89 2.6454 0
74 54 30 2.7045 0
54 74 30 2.7044 0
70 76 88 2.6454 0
76 70 91 2.6452 0
67 77 23 2.483 0
60 50 23 2.4828 0
43 65 39 2.3364 0
85 62 38 2.3359 0
67 77 39 2.2631 0
60 50 39 2.2631 0
44 60 25 2.3711 0
83 67 25 2.3711 0
63 86 37 2.3206 0
64 41 37 2.3206 0
52 56 64 2.2827 0
66 77 68 2.2828 0
61 50 68 2.2828 0
65 70 123 2.2443 0
70 65 123 2.2443 0
58 76 43 2.2049 0
76 65 17 2.1518 0
62 51 17 2.1518 0
65 76 17 2.1518 0
51 62 17 2.1518 0
46 60 40 2.1964 0
45 67 31 2.2412 0
82 60 31 2.2412 0
60 82 31 2.2379 0
67 45 31 2.2379 0
54 73 60 1.9856 0
65 77 100 2.1354 0
77 67 40 2.127 0
67 87 26 2.1296 0
60 40 26 2.1296 0
62 77 105 2.1354 0
65 50 99 2.1354 0
65 50 105 2.1354 0
50 65 105 2.1354 0
0
