128
63 127 127 65.4388 0
127 0 0 58.6146 0
0 0 127 68.0333 0
0 127 0 58.6146 0
127 127 0 58.6146 0
0 1 0 57.8936 0
127 0 127 56.5845 0
64 64 7 29.3867 0
65 16 59 25.9101 0
127 74 98 21.3542 0
0 81 88 20.7022 0
63 64 59 18.5103 0
64 104 43 18.8549 0
71 44 100 18.3131 0
127 47 68 17.6695 0
0 63 53 17.4032 0
117 99 70 16.1039 0
124 63 39 14.3796 0
35 98 58 12.8077 0
44 59 92 12.3546 0
101 30 67 11.7998 0
33 71 52 11.899 0
26 64 25 11.245 0
97 60 106 11.2145 0
90 96 61 10.7919 0
29 31 56 10.7919 0
101 63 26 10.2371 0
11 93 60 10.2159 0
32 55 68 9.4394 0
119 74 61 9.3402 0
88 74 49 8.9382 0
77 35 31 8.7292 0
53 35 31 8.7292 0
88 74 69 8.4913 0
88 55 69 8.4913 0
88 54 51 8.4315 0
10 38 58 8.3979 0
94 40 86 7.8043 0
94 34 48 7.7787 0
51 37 83 7.6767 0
23 62 88 7.6293 0
85 65 91 7.3873 0
10 56 76 7.3245 0
38 47 29 7.2135 0
90 48 29 7.2135 0
38 80 29 7.2135 0
42 76 70 7.0304 0
42 53 47 6.9706 0
82 88 30 6.9426 0
40 35 72 6.7605 0
23 92 75 6.7605 0
28 72 71 6.4756 0
28 52 51 6.4158 0
113 50 89 6.2437 0
96 75 88 6.2681 0
28 76 86 6.3074 0
91 77 30 6.2056 0
96 55 88 5.9262 0
54 91 64 5.7526 0
38 36 40 5.7526 0
39 91 39 5.7526 0
106 91 51 5.7526 0
93 91 44 5.7526 0
73 91 64 5.7526 0
115 82 46 5.3087 0
80 64 78 5.3497 0
115 45 47 5.3087 0
82 37 79 5.2218 0
71 66 89 5 0
13 57 34 4.9954 0
13 71 34 4.9954 0
48 78 45 4.9548 0
110 37 53 4.8008 0
98 90 77 4.7517 0
113 64 77 4.7699 0
50 87 32 4.6892 0
13 83 46 4.3008 0
113 78 75 4.5242 0
46 51 73 4.4598 0
13 48 41 4.3008 0
13 78 65 4.3008 0
43 50 59 4.4 0
55 71 84 4.2916 0
13 45 70 4.3008 0
41 75 84 4.2916 0
109 38 81 4.0877 0
26 49 32 4.1899 0
76 50 44 3.947 0
75 79 45 4.0067 0
108 89 87 3.9933 0
22 89 47 3.7368 0
76 79 73 4.0067 0
93 64 59 3.8988 0
28 38 71 3.7368 0
87 38 59 3.7368 0
49 38 44 3.7368 0
85 38 68 3.7368 0
82 89 48 3.7368 0
43 38 61 3.7368 0
65 38 37 3.7368 0
91 38 36 3.7877 0
46 89 47 3.7368 0
41 89 72 3.7368 0
29 89 42 3.7368 0
20 38 68 3.7368 0
42 38 51 3.7368 0
82 38 46 3.7368 0
39 43 83 3.6616 0
99 47 97 3.6016 0
41 60 33 3.182 0
31 50 84 3.5277 0
44 65 74 3.4519 0
108 51 99 3.4918 0
59 67 91 3.4751 0
76 52 74 3.4519 0
99 65 85 3.4795 0
63 39 79 3.4571 0
55 49 83 3.2838 0
54 79 74 3.4519 0
14 66 70 3.293 0
87 67 33 3.182 0
54 49 44 3.3922 0
113 54 52 3.293 0
21 77 33 3.182 0
86 49 83 3.2838 0
102 48 33 3.182 0
60 59 87 3.3654 0
88 59 33 3.182 0
0
