128
127 56 127 64.3003 0
0 0 0 64.9467 0
127 127 0 64.9467 0
0 127 127 61.5038 0
1 0 127 60.9822 0
127 0 5 60.7421 0
2 125 6 58.3564 0
65 62 27 27.6577 0
82 127 91 25.5597 0
7 65 66 24.6048 0
74 0 85 21.9298 0
47 65 99 19.6937 0
63 122 52 16.3126 0
109 63 48 15.5606 0
64 8 49 14.2908 0
59 33 90 13.6333 0
42 9 66 11.4558 0
59 94 91 11.6307 0
109 107 73 10.827 0
53 96 44 10.5238 0
39 118 65 9.9685 0
105 87 62 9.9827 0
103 10 72 9.6261 0
22 32 65 9.4844 0
76 30 45 9.5159 0
53 30 45 9.5159 0
34 78 45 9.5159 0
32 52 45 9.5159 0
74 95 45 9.5159 0
70 75 82 9.3176 0
22 97 66 8.9354 0
69 55 80 8.1326 0
51 114 80 8.0508 0
103 41 57 7.9114 0
80 93 85 7.763 0
89 43 47 7.5002 0
91 79 47 7.5002 0
88 12 61 7.2613 0
78 32 79 7.1247 0
87 114 60 7.0457 0
28 49 85 6.7492 0
41 89 86 6.5914 0
104 27 65 6.4344 0
29 80 85 6.2542 0
93 97 78 6.1168 0
50 16 82 5.7617 0
38 38 85 5.5835 0
39 37 49 5.4844 0
53 49 79 5.1563 0
54 77 77 5.1089 0
25 15 66 5.0728 0
58 16 68 4.9631 0
45 109 51 4.7569 0
27 90 54 4.5385 0
38 92 50 4.4766 0
90 92 50 4.4766 0
46 47 50 4.4766 0
89 56 50 4.4766 0
27 41 54 4.5351 0
48 81 50 4.4766 0
40 65 50 4.4766 0
25 111 64 4.4764 0
27 38 79 4.4503 0
27 86 74 4.4502 0
80 108 51 4.1585 0
85 79 76 4.1011 0
80 47 76 4.1011 0
45 19 51 4.1585 0
71 42 76 4.1011 0
79 65 76 4.1011 0
76 17 62 3.9552 0
55 60 76 4.1011 0
81 18 52 4.0443 0
65 110 70 3.9553 0
99 73 65 3.8799 0
74 110 66 3.9553 0
52 110 66 3.9553 0
99 53 63 3.8799 0
44 103 83 3.5677 0
77 81 51 3.4687 0
58 83 51 3.4687 0
28 45 72 3.4423 0
41 28 83 3.5677 0
40 48 83 3.5677 0
93 32 51 3.4687 0
39 27 51 3.4687 0
77 44 51 3.4687 0
88 65 51 3.4687 0
39 101 51 3.4687 0
55 43 51 3.4687 0
46 72 51 3.4687 0
88 25 51 3.4687 0
86 100 51 3.4687 0
44 57 51 3.4687 0
28 45 63 3.438 0
69 41 51 3.4687 0
69 83 51 3.4687 0
99 112 62 3.3216 0
28 85 64 3.4408 0
89 28 76 3.1803 0
101 101 61 3.2943 0
90 86 76 3.2404 0
93 18 80 3.102 0
68 18 66 2.9474 0
62 65 75 3.0932 0
61 43 75 3.0932 0
82 56 75 3.0932 0
51 39 75 3.0932 0
68 28 75 3.0932 0
85 40 75 3.0932 0
98 64 65 2.872 0
53 68 75 3.0932 0
97 88 74 3.0033 0
40 109 76 2.9474 0
62 109 78 2.9474 0
98 36 67 2.872 0
53 18 60 2.9474 0
85 18 70 2.9474 0
98 97 69 2.872 0
98 97 55 2.872 0
49 83 82 2.8148 0
98 30 57 2.872 0
31 59 82 2.6948 0
31 91 82 2.6948 0
31 68 82 2.6948 0
86 25 82 2.6296 0
31 33 52 2.5986 0
49 27 73 1.0774 0
0
