128
0 53 127 64.7752 0
127 67 0 64.4106 0
0 127 0 75.0256 0
127 0 127 71.112 0
119 127 109 56.3305 0
25 0 7 53.5656 0
45 116 85 20.5729 0
48 0 79 20.0878 0
91 2 42 19.5493 0
72 56 83 17.4702 0
54 57 40 17.2779 0
83 123 43 17.1196 0
77 69 114 13.85 0
103 65 77 13.272 0
15 54 49 13.1198 0
73 30 45 12.2385 0
65 87 45 12.2385 0
66 27 76 11.1725 0
57 102 116 9.863 0
65 11 56 9.5419 0
86 81 74 9.1051 0
32 92 71 8.6687 0
50 68 73 8.1488 0
48 36 73 8.1488 0
67 127 69 7.7373 0
24 13 68 7.6889 0
93 102 55 7.5564 0
25 76 62 7.4234 0
33 68 50 7.1991 0
64 107 50 7.1991 0
34 44 50 7.1991 0
77 50 50 7.1991 0
70 107 72 7.141 0
93 46 72 7.141 0
108 21 53 6.9929 0
14 31 59 6.7086 0
82 77 93 6.7141 0
68 88 119 6.6793 0
97 88 63 6.4673 0
54 34 51 6.1913 0
46 78 51 6.1913 0
92 30 51 6.1913 0
74 67 51 6.1913 0
46 53 71 6.1331 0
83 33 71 6.1331 0
35 24 71 6.1331 0
79 8 65 5.9919 0
109 48 67 5.7587 0
62 126 55 5.8419 0
44 82 71 5.9462 0
44 88 83 5.5938 0
84 91 52 5.1834 0
80 96 71 5.2319 0
77 100 52 5.1834 0
81 80 52 5.1834 0
111 32 59 4.5271 0
50 96 102 4.3933 0
47 94 71 4.2851 0
53 123 61 4.3525 0
42 33 53 4.1755 0
23 37 53 4.1755 0
56 47 69 4.1174 0
48 90 53 4.1755 0
36 74 69 4.1174 0
87 43 53 4.1755 0
54 98 53 4.1755 0
35 56 53 4.1755 0
81 19 69 4.1174 0
57 23 53 4.1755 0
38 63 69 4.1174 0
61 103 101 3.9584 0
86 67 69 4.1174 0
51 23 69 4.1174 0
38 44 69 4.1174 0
63 69 101 4.023 0
54 71 85 3.8406 0
48 78 83 3.485 0
78 120 64 3.5816 0
98 76 62 3.5988 0
75 84 103 3.4808 0
25 64 61 3.5988 0
47 92 93 3.5048 0
75 73 69 3.442 0
68 103 86 3.457 0
89 57 68 3.1095 0
56 74 54 3.1676 0
47 26 54 3.1676 0
45 43 54 3.1676 0
102 32 54 3.1676 0
32 36 68 3.1095 0
56 56 68 3.1095 0
83 59 54 3.1676 0
34 80 54 3.2153 0
66 42 54 3.1676 0
84 68 54 3.1676 0
32 33 54 3.1676 0
102 40 68 3.1095 0
58 70 93 3.0171 0
57 116 54 3.1676 0
20 24 65 3.1472 0
66 73 54 3.1676 0
86 22 54 3.1676 0
60 103 68 3.1095 0
63 69 68 3.1095 0
81 43 68 3.1095 0
59 39 68 3.1095 0
86 110 61 3.0407 0
63 115 68 3.1095 0
36 52 68 3.1095 0
26 28 68 3.1095 0
68 41 68 3.1095 0
94 33 68 3.1095 0
66 97 106 2.8998 0
65 103 93 3.0054 0
72 15 67 3.0063 0
18 41 60 2.9617 0
51 12 57 2.9563 0
33 86 59 2.9614 0
73 100 80 2.8747 0
90 96 66 2.7426 0
80 89 83 2.738 0
109 40 61 2.709 0
58 88 115 2.6478 0
39 102 66 2.7426 0
62 80 115 2.6478 0
58 18 67 2.7081 0
100 16 59 2.6496 0
104 55 63 2.6427 0
0
