128
127 127 127 73.9907 0
0 0 0 71.1211 0
127 85 0 58.5813 0
0 85 127 58.5813 0
0 127 17 55.9521 0
121 0 117 52.5144 0
28 0 103 32.9494 0
103 0 28 32.9494 0
53 71 26 19.9314 0
67 8 67 19.3606 0
70 51 123 18.059 0
28 68 56 17.9156 0
122 54 70 17.0511 0
73 127 34 16.6613 0
73 40 30 15.8999 0
65 72 91 14.7763 0
31 38 72 14.892 0
45 127 85 14.8821 0
91 72 64 14.7763 0
90 54 90 14.2055 0
59 127 60 11.3967 0
35 97 67 10.8605 0
60 101 35 10.8605 0
56 99 86 10.174 0
86 99 57 10.174 0
115 28 60 9.996 0
62 25 114 9.3722 0
65 19 94 8.274 0
46 37 113 7.9847 0
83 119 57 8.0572 0
93 20 66 7.2661 0
39 59 78 7.1446 0
83 33 83 7.1503 0
77 63 39 7.0023 0
112 38 45 7.0815 0
39 40 94 6.829 0
64 21 43 7.0198 0
73 88 39 6.829 0
95 39 39 6.829 0
51 46 39 6.829 0
78 104 40 6.3392 0
43 22 62 6.1287 0
48 84 82 6.1425 0
40 117 65 6.0774 0
40 87 45 5.9498 0
40 43 52 5.8211 0
64 121 77 5.5652 0
45 22 75 5.3915 0
41 73 78 5.4201 0
81 76 45 5.2785 0
77 22 48 5.2503 0
81 90 70 5.1346 0
81 41 103 5.1346 0
69 90 81 5.1346 0
42 107 79 5.1243 0
87 54 41 4.8133 0
41 52 89 4.8133 0
79 82 79 4.6178 0
47 62 89 4.6975 0
55 120 45 4.5084 0
42 53 44 4.3764 0
56 23 84 4.2425 0
56 61 107 4.3449 0
74 120 67 4.3416 0
86 23 54 4.2425 0
80 86 50 4.1267 0
105 42 80 4.1455 0
76 23 87 4.2797 0
86 23 76 4.2797 0
52 23 51 4.2425 0
55 34 42 3.8054 0
95 38 80 4.1267 0
65 110 80 4.1267 0
51 63 80 4.1267 0
77 61 103 3.9859 0
106 61 56 3.9254 0
42 83 72 3.8054 0
109 52 52 3.9488 0
42 99 52 3.8054 0
42 32 56 3.8054 0
74 33 109 3.9488 0
50 50 109 3.9488 0
109 42 56 3.9488 0
109 35 73 3.9488 0
42 50 60 3.8054 0
42 87 57 3.8054 0
42 107 57 3.8054 0
46 96 42 3.8141 0
63 55 42 3.8054 0
102 61 76 3.7317 0
80 61 52 3.6896 0
89 61 48 3.6896 0
77 62 79 3.458 0
79 33 95 3.1188 0
101 24 57 3.2346 0
46 119 56 3.3435 0
69 101 79 3.1188 0
59 86 79 3.1188 0
56 112 79 3.1188 0
79 108 66 3.1188 0
79 43 79 3.1188 0
79 111 48 3.1188 0
79 87 61 3.1188 0
62 87 43 2.7975 0
52 89 43 2.7975 0
43 31 86 2.7975 0
79 99 71 3.1188 0
43 53 68 2.7975 0
71 72 43 2.7975 0
43 45 104 2.7975 0
57 36 108 2.9409 0
108 39 65 2.9409 0
56 43 108 2.9409 0
98 60 50 2.6818 0
68 79 43 2.7975 0
52 112 43 2.7975 0
43 50 98 2.7975 0
103 45 43 2.7975 0
97 51 43 2.7975 0
43 84 64 2.7975 0
86 29 43 2.7975 0
87 45 43 2.7975 0
43 109 70 2.7975 0
67 62 43 2.7975 0
43 34 102 2.7975 0
79 60 72 2.6818 0
52 60 100 2.6818 0
77 93 78 2.5638 0
0
