128
127 127 0 78.421 0
0 127 127 78.3294 0
127 0 127 53.6545 0
0 0 0 53.6101 0
23 0 106 51.3744 0
120 0 3 47.7908 0
127 117 127 47.4327 0
13 93 13 40.1047 0
123 44 61 23.6454 0
65 46 5 22.6367 0
80 61 122 22.4911 0
63 6 44 21.5617 0
8 50 56 19.8725 0
57 80 48 16.4215 0
97 12 63 16.4302 0
47 58 79 15.7747 0
114 62 97 15.2154 0
83 114 82 14.4324 0
61 107 61 12.5801 0
111 84 79 11.5167 0
31 74 59 11.2424 0
80 17 85 10.4742 0
81 59 68 5.6898 0
76 51 46 5.68 0
81 78 85 5.6225 0
79 90 107 8.9909 0
82 73 54 8.9154 0
55 53 103 8.7317 0
36 49 20 8.4288 0
42 49 46 5.6226 0
36 20 50 8.3202 0
76 32 108 8.2685 0
55 84 74 8.2588 0
56 71 24 8.0638 0
55 36 69 7.945 0
81 41 86 5.7362 0
94 49 20 7.4659 0
107 49 33 7.44 0
104 42 87 7.3961 0
58 51 55 5.6678 0
90 59 86 5.7007 0
87 24 43 6.8032 0
90 42 69 5.6186 0
72 59 86 5.604 0
72 42 67 5.5677 0
57 69 98 6.6254 0
60 51 37 5.5507 0
66 21 69 6.6759 0
106 71 62 6.6621 0
79 88 61 6.5184 0
53 24 22 6.6248 0
21 26 53 6.5667 0
44 27 36 6.4017 0
61 79 88 6.4266 0
76 32 55 5.5231 0
21 50 32 6.3207 0
72 94 85 5.6778 0
81 64 36 6.2137 0
35 45 64 6.2489 0
61 39 84 6.2009 0
72 77 68 5.6818 0
105 102 79 6.0972 0
93 30 82 5.6491 0
45 64 35 5.9497 0
98 70 81 5.784 0
36 40 34 5.519 0
28 36 44 5.9509 0
70 45 99 5.9796 0
88 37 98 5.8278 0
90 41 32 5.7656 0
70 70 30 5.8994 0
79 29 72 5.8708 0
90 77 68 5.607 0
77 32 37 5.7628 0
90 59 50 5.5391 0
73 24 23 5.8075 0
32 55 41 5.6623 0
90 94 87 5.5178 0
86 72 95 5.654 0
42 33 55 5.7018 0
54 41 32 5.6083 0
79 105 101 5.5788 0
96 34 46 5.5517 0
97 84 91 5.5661 0
66 72 78 5.5757 0
46 60 23 5.5391 0
63 41 50 5.555 0
68 63 59 5.5272 0
98 61 67 5.2285 0
43 36 22 5.4501 0
70 81 97 5.3891 0
84 58 24 5.349 0
92 81 105 5.2449 0
82 41 50 5.1812 0
82 97 70 5.0825 0
37 59 51 5.0861 0
74 31 92 4.9614 0
96 89 71 4.9754 0
63 29 28 5.0242 0
97 52 74 4.9013 0
72 42 33 4.8128 0
94 51 37 4.809 0
87 36 59 4.709 0
38 69 44 4.8839 0
68 63 96 4.8569 0
94 50 56 4.7858 0
63 60 30 4.7388 0
86 65 77 4.8053 0
85 53 95 4.6201 0
68 54 76 4.7471 0
76 68 74 4.7177 0
104 26 47 4.7468 0
104 30 79 4.7356 0
104 58 43 4.5002 0
69 35 76 4.6031 0
76 69 90 4.5487 0
104 37 38 4.5846 0
104 58 79 4.5028 0
67 91 74 4.4783 0
55 23 64 4.4735 0
83 34 23 4.4921 0
100 48 104 4.3275 0
78 23 62 4.4269 0
66 30 60 4.2718 0
46 23 59 4.4269 0
77 51 80 4.3837 0
104 64 51 4.4016 0
87 83 77 4.3579 0
0
