128
0 0 0 84.127 0
127 127 127 59.7181 0
0 127 127 59.9153 0
127 127 0 59.6899 0
127 0 127 59.5974 0
9 21 127 43.6759 0
9 127 21 43.6747 0
111 38 38 37.1846 0
64 127 70 24.1415 0
66 59 127 23.6844 0
24 67 79 19.4552 0
57 5 88 18.6393 0
57 87 6 18.6415 0
101 66 85 17.1586 0
99 88 59 15.2507 0
31 97 65 12.8265 0
75 11 62 12.4776 0
63 114 35 12.1442 0
63 93 113 11.8796 0
33 77 49 11.786 0
75 61 12 11.6254 0
63 51 53 11.6767 0
36 67 109 10.9923 0
58 49 83 6.3813 0
34 37 81 9.9857 0
69 82 76 5.2326 0
62 22 113 9.4253 0
69 83 38 6.4149 0
92 38 81 8.4996 0
64 112 102 8.3488 0
59 69 93 6.424 0
66 57 33 7.9787 0
58 69 73 6.3552 0
68 93 59 6.3899 0
69 73 59 6.3015 0
69 31 56 7.6799 0
90 71 108 7.772 0
88 110 55 7.7359 0
91 54 106 7.4739 0
74 59 88 6.3269 0
91 106 73 7.4922 0
72 35 105 7.2566 0
42 84 94 7.1985 0
45 62 61 7.1985 0
91 92 81 7.3277 0
85 84 94 7.1892 0
36 82 23 7.2935 0
84 45 94 7.0113 0
82 51 74 6.4909 0
91 79 39 7.012 0
43 44 95 6.9922 0
74 100 87 6.3523 0
90 20 74 6.9679 0
90 74 20 6.9679 0
59 28 73 6.4151 0
84 62 65 6.8011 0
73 76 25 6.5585 0
54 105 91 6.7614 0
76 23 84 6.7499 0
44 92 36 6.5692 0
59 88 83 6.4026 0
73 39 69 6.3285 0
49 83 59 6.3717 0
75 64 44 6.5436 0
81 90 34 6.2751 0
75 103 46 6.4742 0
53 40 66 6.1758 0
49 74 38 6.2546 0
47 93 77 6.3727 0
58 89 44 6.3874 0
79 82 110 6.2527 0
48 81 109 6.3741 0
64 38 89 6.3032 0
79 89 73 6.3325 0
49 110 48 6.3037 0
70 74 100 6.1037 0
54 37 109 6.1455 0
47 54 76 6.0869 0
58 69 53 5.5695 0
49 62 98 5.5354 0
49 102 59 5.4989 0
72 92 97 5.3868 0
82 78 49 5.3572 0
70 52 98 5.3718 0
55 47 101 5.1965 0
38 48 68 5.2547 0
69 63 77 5.2367 0
65 97 28 5.2425 0
79 85 18 5.2448 0
41 108 78 5.0331 0
38 95 47 5.2454 0
39 21 81 4.9635 0
49 74 80 5.0887 0
67 106 19 4.9629 0
50 35 78 5.0214 0
78 70 84 4.9757 0
63 79 50 4.9586 0
59 87 65 4.8775 0
56 100 50 4.7684 0
81 102 65 4.8154 0
62 97 69 4.785 0
52 59 87 4.7796 0
49 26 98 4.7696 0
78 87 55 4.7414 0
55 107 20 4.7737 0
56 78 29 4.7612 0
66 79 88 4.6368 0
69 46 78 4.7197 0
76 77 68 4.6815 0
60 29 96 4.5454 0
52 79 70 4.5618 0
79 29 66 4.4142 0
65 57 69 4.4959 0
47 47 108 4.4298 0
60 69 32 4.3961 0
58 66 19 4.237 0
59 19 65 4.2386 0
39 94 86 4.2376 0
80 66 101 4.3002 0
83 108 83 4.3296 0
53 87 100 4.2009 0
83 44 108 4.237 0
88 95 42 4.2033 0
39 57 96 4.2376 0
80 34 87 4.1819 0
49 59 48 4.0579 0
47 48 59 3.9895 0
88 73 68 3.9544 0
0
