128
65 64 16 30.25 0
0 0 127 60.4708 0
127 127 127 60.4708 0
0 127 127 60.4708 0
127 0 127 60.4707 0
0 0 0 58.3099 0
0 127 0 58.3099 0
127 0 0 58.3099 0
127 127 0 58.3099 0
64 0 73 21.1825 0
127 63 73 21.1825 0
0 63 73 21.1825 0
63 127 73 21.1825 0
60 72 127 15.3683 0
63 21 32 14.124 0
63 107 32 14.124 0
20 63 32 14.124 0
107 64 33 13.1161 0
65 42 125 13.3525 0
88 63 124 12.3447 0
78 44 55 10.6744 0
113 33 63 11.6761 0
94 14 63 11.6761 0
113 94 63 11.6761 0
94 113 63 11.6761 0
14 94 63 11.676 0
14 33 63 11.676 0
33 14 63 11.676 0
33 113 63 11.676 0
49 44 53 10.6781 0
78 83 53 10.6689 0
49 83 51 10.6726 0
35 64 122 10.3289 0
22 64 102 9.6993 0
64 22 102 9.6992 0
105 63 102 9.6992 0
63 105 102 9.6992 0
126 73 43 9.0739 0
73 1 43 9.0739 0
74 126 44 8.8441 0
1 74 44 8.8441 0
53 1 44 8.8441 0
63 97 120 8.5794 0
125 53 43 8.24 0
35 46 38 8.2906 0
52 125 44 7.9775 0
2 52 44 7.9774 0
88 40 38 8.211 0
34 81 38 8.1367 0
91 84 38 8.147 0
104 81 80 7.5298 0
81 104 80 7.5298 0
46 23 80 7.5298 0
23 81 80 7.5298 0
104 45 79 7.4595 0
23 45 79 7.4595 0
82 23 79 7.4595 0
45 104 79 7.4594 0
44 31 39 7.0689 0
63 92 61 6.4983 0
63 35 61 6.5054 0
47 51 118 6.2974 0
30 95 74 6.2989 0
32 30 74 6.2989 0
97 95 74 6.2989 0
97 32 74 6.2989 0
81 96 40 6.061 0
44 99 40 6.0611 0
82 26 40 6.061 0
63 93 48 5.4952 0
64 34 48 5.5018 0
75 85 117 5.2895 0
90 54 41 5.1603 0
24 55 89 5.1006 0
105 82 41 5.0532 0
38 66 41 5.0532 0
102 43 41 5.0532 0
39 77 63 5.0555 0
75 25 91 5.0139 0
52 102 91 5.0139 0
102 52 91 5.0139 0
102 75 92 5.0139 0
52 25 92 5.0139 0
75 102 92 5.0139 0
24 69 86 4.6797 0
85 8 49 4.5878 0
119 85 49 4.5878 0
94 38 84 4.5839 0
33 38 84 4.5839 0
33 89 84 4.5839 0
119 42 49 4.5878 0
37 49 63 4.5522 0
68 103 84 4.5809 0
59 24 84 4.5809 0
103 68 84 4.5809 0
90 78 63 4.5438 0
89 94 83 4.5839 0
59 81 64 4.4117 0
90 50 64 4.4117 0
82 48 116 4.2817 0
42 77 116 4.2876 0
71 58 116 4.2817 0
26 76 93 4.342 0
46 16 42 4.0453 0
52 88 116 4.2817 0
83 78 116 4.2817 0
56 32 112 4.2525 0
14 46 42 4.0453 0
95 71 110 4.1929 0
112 46 42 4.0453 0
89 68 42 4.0453 0
80 118 55 4.1265 0
47 9 55 4.1264 0
9 80 55 4.1264 0
79 14 42 4.0453 0
13 81 42 4.0453 0
79 111 42 4.0453 0
65 46 64 4.0337 0
45 112 42 4.0453 0
9 41 49 3.931 0
41 118 49 3.9309 0
46 89 99 3.8122 0
89 46 99 3.8121 0
30 51 98 3.8192 0
51 92 64 3.8637 0
64 46 48 3.9349 0
86 118 48 3.931 0
41 9 48 3.9309 0
0
