128
63 63 53 32.9268 0
127 0 127 63.1258 0
0 127 127 63.1258 0
127 127 0 65.3703 0
0 0 0 65.3704 0
3 3 127 59.8034 0
124 124 127 59.8033 0
123 5 7 55.8847 0
5 123 7 55.8847 0
63 65 112 25.0151 0
66 0 50 14.6296 0
0 66 50 14.6296 0
127 62 50 14.5867 0
62 127 50 14.5867 0
0 62 80 14.3169 0
62 0 80 14.3169 0
65 127 80 14.317 0
127 65 80 14.3169 0
127 87 66 10.5872 0
87 127 66 10.5871 0
0 40 66 10.5871 0
40 0 66 10.5871 0
97 63 99 10.2632 0
64 31 99 10.2632 0
29 64 99 10.2632 0
63 99 99 10.2632 0
127 41 65 10.1127 0
41 127 65 10.1127 0
63 103 34 9.8196 0
103 63 34 9.8073 0
1 88 64 9.6376 0
88 1 64 9.6376 0
65 20 35 9.0975 0
20 65 35 9.0056 0
48 12 54 6.3563 0
85 48 95 6.2317 0
40 49 95 6.2317 0
80 115 54 6.0611 0
83 67 87 5.7104 0
57 18 90 5.602 0
11 47 54 5.4306 0
70 18 90 5.602 0
116 80 54 5.4307 0
100 114 66 5.4223 0
114 100 66 5.4223 0
27 13 66 5.4222 0
13 27 66 5.4222 0
17 71 88 5.3622 0
110 56 88 5.3622 0
56 110 88 5.3622 0
78 89 94 5.2238 0
89 78 94 5.2238 0
81 11 76 5.3737 0
11 81 76 5.3737 0
43 83 94 5.2239 0
48 115 78 5.2451 0
115 48 78 5.2451 0
85 85 77 5.2683 0
74 92 77 5.2118 0
92 74 77 5.2118 0
109 72 89 5.1915 0
72 109 89 5.1914 0
18 55 89 5.1914 0
49 37 94 5.2239 0
45 115 54 5.1145 0
13 82 53 5.1678 0
89 16 58 5.0433 0
62 93 78 5.1121 0
93 62 78 5.1121 0
50 90 78 5.0656 0
90 50 78 5.0656 0
28 115 64 5.0222 0
115 28 64 5.0222 0
39 81 78 5.0039 0
81 39 78 5.0038 0
111 49 51 5.0294 0
114 81 78 4.9331 0
81 114 78 4.9331 0
46 13 78 4.933 0
13 46 78 4.933 0
70 34 78 4.9806 0
34 70 78 4.9806 0
111 74 45 4.9641 0
16 53 45 4.9641 0
13 100 64 4.8831 0
100 13 64 4.8831 0
42 42 78 4.8498 0
18 76 45 4.8169 0
35 53 78 4.7933 0
53 35 78 4.7933 0
28 53 39 4.7679 0
53 28 39 4.7679 0
76 17 45 4.648 0
73 110 44 4.4764 0
18 39 57 4.5549 0
109 88 57 4.5549 0
52 110 45 4.4042 0
75 41 93 4.216 0
50 92 93 4.216 0
23 96 59 4.0354 0
91 113 72 4.1586 0
14 36 72 4.1586 0
36 14 72 4.1586 0
113 91 72 4.1586 0
113 37 58 4.1409 0
105 51 43 4.1146 0
52 18 45 4.104 0
104 31 59 4.0354 0
96 104 59 4.0354 0
31 23 59 4.0354 0
37 111 59 4.0354 0
63 30 72 4.0478 0
30 63 72 4.0478 0
91 113 59 3.9796 0
36 14 59 3.9796 0
107 20 64 3.9315 0
20 107 64 3.9314 0
55 96 70 3.8661 0
96 55 70 3.8661 0
75 29 40 3.76 0
27 76 40 3.9053 0
15 91 58 3.7961 0
96 49 40 3.76 0
97 67 70 3.7514 0
96 78 40 3.76 0
76 99 40 3.7629 0
44 91 70 3.8051 0
91 44 70 3.8051 0
0
