128
64 0 0 73.8818 0
0 127 127 53.1567 0
0 127 0 65.1236 0
127 122 2 60.9135 0
0 0 127 53.1567 0
127 0 127 53.1563 0
127 127 127 53.1563 0
64 88 64 32.1295 0
51 64 127 26.3714 0
127 63 79 24.4019 0
0 63 80 24.4027 0
64 15 93 18.8911 0
45 44 79 17.0114 0
83 44 79 16.9395 0
96 63 117 16.5299 0
3 27 61 15.3711 0
63 105 109 14.7345 0
7 56 41 14.3265 0
121 27 63 14.1401 0
119 57 41 13.7539 0
113 99 70 10.8404 0
13 97 70 10.6833 0
30 69 43 10.6796 0
77 40 111 10.2305 0
80 85 111 10.2305 0
97 68 44 9.7859 0
27 24 72 9.3807 0
22 72 105 8.9435 0
101 25 76 8.3016 0
37 68 88 7.9406 0
92 55 57 7.8687 0
35 59 60 7.8679 0
91 67 88 7.8084 0
24 54 105 7.691 0
49 33 108 7.4596 0
29 100 80 7.0587 0
106 77 100 6.2984 0
9 76 51 6.2066 0
18 35 81 6.2627 0
109 37 82 6.2602 0
82 100 97 6.2589 0
45 100 97 6.2589 0
98 99 81 6.1576 0
46 91 107 6.199 0
67 59 90 5.9248 0
34 84 89 5.8031 0
118 77 52 5.8772 0
33 66 73 5.8522 0
94 64 71 5.8529 0
106 49 99 5.7404 0
94 83 88 5.5215 0
19 87 84 5.2531 0
108 87 83 5.2523 0
61 40 106 5.1912 0
76 63 106 5.2609 0
34 83 106 5.2097 0
34 44 106 5.2097 0
114 84 61 5.1564 0
29 53 49 5.0109 0
92 94 91 4.9709 0
50 63 91 4.9169 0
32 43 60 4.8443 0
18 40 70 4.8132 0
20 82 94 4.6871 0
20 45 94 4.6871 0
96 82 105 4.6407 0
99 83 49 4.4213 0
42 29 96 4.4767 0
13 84 60 4.542 0
83 29 101 4.5607 0
35 95 92 4.4951 0
100 98 58 4.4555 0
28 84 49 4.4209 0
95 44 105 4.4279 0
27 98 62 4.4553 0
114 39 49 4.2494 0
116 45 57 4.2907 0
61 85 105 4.1833 0
102 52 48 4.2546 0
72 73 105 4.1833 0
71 53 105 4.1833 0
109 42 68 4.1423 0
79 62 92 3.9091 0
65 48 92 3.9091 0
15 45 62 4.0812 0
96 34 64 3.9519 0
96 68 59 3.8372 0
65 39 92 3.9091 0
96 73 77 3.8372 0
28 30 85 3.904 0
31 76 77 3.8364 0
108 84 70 3.8504 0
96 43 59 3.8372 0
31 72 59 3.8364 0
14 40 49 3.7372 0
20 83 73 3.6267 0
81 54 104 3.1754 0
106 41 92 3.3331 0
34 32 93 3.4109 0
22 46 49 3.1374 0
31 57 89 3.271 0
23 30 60 3.1886 0
19 81 49 3.1374 0
82 72 104 3.1754 0
87 49 104 3.1754 0
107 44 49 3.1374 0
44 45 104 3.1754 0
104 59 97 2.9718 0
103 30 61 3.1886 0
30 34 62 2.9668 0
108 75 49 3.1381 0
89 31 95 3.0813 0
97 32 90 3.0447 0
104 67 97 2.9718 0
57 55 93 2.9012 0
86 77 93 2.9012 0
42 89 93 2.9012 0
80 73 93 2.9012 0
49 72 93 2.9012 0
98 92 52 2.9394 0
97 60 80 2.8293 0
29 95 70 2.9679 0
58 67 93 2.9012 0
30 75 69 2.8285 0
30 59 80 2.8285 0
18 79 65 2.9398 0
97 73 66 2.8293 0
29 92 52 2.9387 0
0
