128
127 0 0 69.2665 0
0 0 127 69.2131 0
0 127 0 68.6102 0
127 127 127 68.5121 0
16 112 111 43.3554 0
109 110 18 42.0295 0
18 18 18 41.3283 0
107 21 107 39.9698 0
62 65 32 23.2097 0
63 66 95 23.0568 0
111 64 62 20.2334 0
10 65 65 20.1488 0
66 127 56 16.2648 0
63 0 57 14.7473 0
63 102 83 11.1785 0
63 31 44 11.174 0
60 32 82 10.9874 0
61 98 45 10.9496 0
35 56 81 8.744 0
32 72 46 8.744 0
67 12 78 8.7301 0
42 123 66 8.4183 0
91 77 80 7.9724 0
35 74 80 7.7361 0
86 50 47 7.7361 0
98 37 62 7.1311 0
85 5 65 7.2157 0
98 90 63 7.1311 0
23 40 62 7.0465 0
23 90 64 7.0465 0
88 75 48 6.7283 0
45 87 48 6.7283 0
55 119 76 6.9217 0
31 55 48 6.7834 0
90 56 79 6.7943 0
49 89 79 6.7282 0
44 42 79 6.7283 0
78 88 79 6.7282 0
63 22 63 6.2952 0
41 6 60 6.2078 0
77 44 78 5.7204 0
77 88 49 5.7204 0
60 85 64 3.2716 0
80 35 49 5.7204 0
46 46 49 5.7204 0
60 50 63 3.2716 0
73 116 75 5.4789 0
90 120 62 5.467 0
52 8 73 4.8605 0
73 17 50 4.7321 0
53 18 50 4.7125 0
63 108 67 4.773 0
26 46 73 4.713 0
30 25 63 4.72 0
60 45 53 4.7139 0
72 44 50 4.7125 0
60 86 74 4.7139 0
33 112 65 4.6514 0
60 47 73 4.0765 0
60 36 64 3.2716 0
60 84 54 4.0765 0
95 46 71 4.1434 0
95 25 63 4.1074 0
27 83 54 3.8674 0
60 75 62 3.2716 0
95 106 64 4.1074 0
60 65 62 3.2716 0
27 82 73 3.8674 0
47 35 51 3.7046 0
78 104 76 3.7046 0
75 108 51 3.7047 0
93 89 74 3.8782 0
92 40 52 3.8805 0
76 99 51 3.7047 0
76 32 76 3.7046 0
48 102 76 3.7046 0
37 86 76 3.7046 0
40 62 51 3.7047 0
87 62 51 3.7047 0
54 17 76 3.74 0
73 24 76 3.7289 0
51 113 51 3.7116 0
48 105 51 3.7047 0
85 66 76 3.7046 0
46 28 76 3.7046 0
44 76 51 3.7047 0
82 118 69 3.3704 0
94 82 55 3.4328 0
27 104 65 3.4285 0
60 93 64 3.2716 0
94 13 65 3.2535 0
63 106 58 3.3477 0
60 70 68 3.2716 0
60 78 69 3.2716 0
60 58 59 3.2716 0
60 58 69 3.2716 0
33 13 61 3.1636 0
48 11 53 3.2253 0
94 47 56 3.1454 0
28 46 54 3.1057 0
94 81 69 3.0996 0
37 42 52 2.6968 0
88 86 52 2.6968 0
47 27 52 2.6968 0
80 58 75 2.6968 0
35 83 52 2.6968 0
80 77 75 2.6968 0
50 53 75 2.6968 0
80 22 52 2.6968 0
68 90 75 2.6968 0
49 79 75 2.6968 0
78 75 52 2.6968 0
45 97 52 2.6968 0
69 82 52 2.6968 0
85 95 75 2.6968 0
53 40 52 2.6968 0
46 117 55 2.7717 0
45 68 75 2.6968 0
40 33 75 2.6968 0
40 93 75 2.6968 0
69 83 75 2.6968 0
76 53 52 2.6968 0
86 43 75 2.6968 0
67 44 75 2.6968 0
53 81 52 2.6968 0
34 44 75 2.6968 0
46 55 52 2.6968 0
48 111 75 2.6967 0
0
