128
0 127 127 94.8326 0
127 0 0 82.3924 0
2 51 0 51.4073 0
122 45 127 51.0095 0
96 127 19 48.323 0
28 0 78 42.6079 0
96 75 66 20.7144 0
54 26 127 17.6393 0
44 93 32 14.0946 0
51 42 44 13.9443 0
64 74 5 13.5421 0
79 26 80 13.3492 0
63 71 32 11.6226 0
64 55 77 10.6418 0
64 65 55 11.0836 0
63 42 95 10.2203 0
39 63 51 10.2056 0
71 17 106 9.7043 0
68 37 62 9.3515 0
69 89 57 9.2736 0
42 50 67 9.2017 0
84 47 70 8.8918 0
78 67 91 8.8592 0
50 92 9 8.4787 0
86 73 38 7.8193 0
57 51 25 6.6219 0
46 79 49 6.1684 0
81 54 55 5.9933 0
64 47 118 5.9593 0
83 53 85 5.7796 0
43 72 37 5.6728 0
45 38 107 5.6817 0
62 90 42 5.5918 0
70 47 50 5.3575 0
45 46 82 5.2283 0
71 59 102 5.2874 0
78 82 46 5.0204 0
69 79 71 5.1633 0
68 33 109 5.0512 0
59 29 104 4.9202 0
45 42 96 4.8022 0
82 62 45 4.7822 0
54 41 69 4.5754 0
47 60 34 4.6278 0
56 85 51 4.5466 0
83 75 25 4.506 0
62 34 76 4.3373 0
58 54 10 4.279 0
83 75 15 4.1873 0
70 73 80 4.2373 0
67 51 39 3.851 0
66 53 109 3.8613 0
47 82 17 3.6118 0
53 44 113 3.6114 0
45 75 27 3.577 0
80 43 86 3.4464 0
46 65 64 3.3863 0
75 54 44 3.4458 0
77 27 98 3.3262 0
56 81 59 3.3446 0
48 73 59 3.2992 0
60 38 109 3.1699 0
78 54 94 3.0558 0
58 90 20 3.002 0
80 60 78 3.133 0
71 86 41 3.0863 0
58 66 69 3.1394 0
66 53 31 3.1356 0
62 80 65 2.9476 0
57 45 62 2.9708 0
66 23 92 2.9421 0
65 68 70 2.839 0
73 72 20 2.8796 0
68 29 100 2.8042 0
68 64 19 2.8388 0
62 89 32 2.6599 0
55 60 66 2.7909 0
55 68 19 2.8068 0
52 40 78 2.7409 0
66 77 46 2.8021 0
75 49 61 2.7894 0
50 60 26 2.7576 0
55 77 20 2.7152 0
64 82 21 2.7201 0
79 36 94 2.7745 0
49 55 57 2.5868 0
79 62 36 2.6077 0
46 68 29 2.6686 0
61 63 19 2.6224 0
76 67 78 2.5194 0
73 41 74 2.521 0
58 54 90 2.6019 0
55 72 45 2.6002 0
58 49 110 2.4345 0
58 54 64 2.4721 0
67 55 91 2.4855 0
47 55 79 2.4988 0
70 55 64 2.4571 0
70 80 20 2.4094 0
77 81 37 2.1964 0
47 61 71 2.463 0
72 63 67 2.4458 0
56 63 43 2.4333 0
55 49 86 2.4241 0
70 62 42 2.3661 0
72 49 87 2.3805 0
80 72 48 2.3511 0
54 56 34 2.3552 0
48 80 10 2.2017 0
79 79 31 2.1838 0
63 29 86 2.2776 0
73 69 43 2.3499 0
55 57 17 2.2341 0
49 60 42 2.2008 0
64 52 63 2.1475 0
80 66 28 2.293 0
63 47 56 2.264 0
55 84 43 2.1121 0
49 40 87 2.1697 0
63 55 16 2.1305 0
60 89 26 2.1718 0
67 62 95 2.1997 0
75 57 38 2.2161 0
69 39 116 2.1175 0
50 29 106 2.1744 0
60 77 47 2.1862 0
50 46 103 2.1261 0
67 68 86 2.1491 0
0
