128
0 127 45 65.0949 0
127 0 45 65.0876 0
127 127 71 63.2614 0
0 0 71 63.2605 0
112 50 127 30.6023 0
50 112 127 30.5902 0
22 50 0 24.6785 0
78 105 0 24.6773 0
63 24 127 23.1242 0
24 63 127 23.1239 0
62 31 0 18.3922 0
95 64 0 17.8377 0
66 66 122 17.1867 0
61 66 0 15.0478 0
69 29 91 12.622 0
29 69 91 12.6214 0
57 33 32 12.0067 0
94 70 32 12.0023 0
95 59 86 11.843 0
59 94 84 11.8455 0
87 88 123 11.4378 0
70 92 35 10.6067 0
35 56 35 10.6073 0
37 65 68 8.5915 0
90 65 57 8.5841 0
63 37 63 8.5881 0
64 90 57 8.591 0
50 87 7 8.1537 0
34 88 100 7.6561 0
88 34 100 7.6564 0
56 54 102 6.6622 0
39 39 26 6.6121 0
88 88 26 6.6089 0
39 57 53 6.5896 0
73 54 101 6.4624 0
54 73 101 6.4624 0
77 92 107 6.5051 0
39 76 9 6.506 0
92 77 107 6.4096 0
75 51 9 5.977 0
37 69 23 5.8981 0
58 90 22 5.6522 0
59 40 78 5.5645 0
67 40 47 5.5645 0
50 49 117 5.6611 0
74 74 101 5.6582 0
55 40 50 5.5645 0
72 40 75 5.5645 0
87 56 69 5.5605 0
87 68 72 5.5605 0
40 40 117 5.4521 0
51 36 103 5.1945 0
36 51 103 5.194 0
40 83 85 5.1543 0
83 40 85 5.1509 0
77 76 10 4.9691 0
40 55 86 4.8186 0
55 86 68 4.5625 0
71 38 22 4.6739 0
89 56 22 4.6713 0
41 70 55 4.5793 0
86 58 45 4.5526 0
41 69 43 4.56 0
76 86 49 4.5595 0
70 86 73 4.5595 0
66 65 99 4.4466 0
41 76 76 4.56 0
86 76 49 4.5526 0
90 80 17 4.4283 0
77 47 116 4.4092 0
72 90 95 4.2617 0
47 77 116 4.2725 0
47 90 98 4.1841 0
90 47 98 4.1837 0
54 39 89 4.1964 0
90 66 103 4.1838 0
66 90 103 4.1871 0
90 74 94 4.1846 0
74 86 85 4.1833 0
86 74 85 4.1786 0
44 42 39 4.032 0
85 83 39 4.0282 0
81 41 11 4.0088 0
50 53 11 3.9612 0
45 64 13 3.9087 0
77 38 106 3.7069 0
38 78 108 3.7506 0
47 38 18 3.6964 0
56 85 41 3.5516 0
42 72 34 3.5521 0
85 47 78 3.5448 0
85 55 35 3.5448 0
48 85 74 3.5516 0
72 42 36 3.5488 0
42 48 47 3.5521 0
42 55 75 3.5565 0
74 85 64 3.5516 0
42 53 63 3.5521 0
42 63 80 3.5521 0
75 42 65 3.5488 0
55 85 33 3.4525 0
87 47 12 3.3316 0
56 89 101 3.1762 0
45 63 26 3.1682 0
89 57 101 3.1758 0
61 38 103 3.1801 0
38 61 103 3.1797 0
43 38 108 3.1762 0
86 70 115 3.0984 0
70 86 115 3.0616 0
48 45 12 2.9533 0
67 81 12 2.9533 0
59 51 12 2.9533 0
50 60 109 2.9367 0
77 87 23 2.9633 0
76 66 12 2.9533 0
60 82 12 2.9533 0
49 75 12 2.9533 0
68 39 105 2.9484 0
50 63 99 2.6277 0
84 67 45 2.5369 0
39 68 105 2.8624 0
68 49 109 2.7046 0
64 77 101 2.6345 0
77 65 98 2.6396 0
82 39 113 2.5311 0
69 87 21 2.4744 0
40 49 22 2.7203 0
0
