128
0 21 127 62.7457 0
127 20 0 62.7457 0
0 127 0 61.6808 0
127 127 127 61.6808 0
0 0 0 64.2105 0
127 0 127 64.2105 0
108 127 10 45.3819 0
20 127 116 44.1787 0
63 74 28 24.1163 0
64 75 98 23.9846 0
127 82 57 20.3083 0
1 65 55 19.9067 0
61 0 83 13.7898 0
66 0 44 13.7898 0
115 52 69 13.0205 0
100 65 92 12.791 0
11 95 68 12.536 0
59 37 35 12.666 0
68 38 92 12.666 0
43 127 62 11.9771 0
84 127 64 11.9771 0
28 65 36 11.6581 0
40 2 66 11.1798 0
87 2 61 11.1798 0
66 110 88 10.8455 0
61 109 37 10.6503 0
63 80 63 10.2966 0
30 78 89 9.6424 0
97 34 67 9.6457 0
30 34 61 9.6457 0
100 77 38 9.6424 0
107 105 61 9.1051 0
58 127 46 8.6141 0
12 77 82 8.5323 0
64 27 63 4.4314 0
58 127 78 8.3737 0
27 112 65 8.215 0
84 51 85 8.0316 0
40 48 40 7.6266 0
44 63 67 4.7638 0
44 62 53 7.3869 0
85 66 51 7.441 0
61 98 53 7.2286 0
64 126 62 7.1373 0
93 92 71 4.5746 0
34 92 59 4.5746 0
22 47 52 6.7065 0
51 48 86 6.6674 0
35 83 41 6.6188 0
76 48 41 6.6188 0
58 21 86 6.6188 0
93 92 54 4.5746 0
113 77 81 6.2984 0
21 49 66 6.3665 0
35 63 83 6.2181 0
84 64 72 4.6311 0
67 7 64 6.1353 0
80 99 85 5.9895 0
51 101 84 5.8105 0
63 49 63 0.5519 0
89 90 42 5.6702 0
47 97 42 5.6109 0
71 23 42 5.6109 0
63 98 71 4.412 0
73 19 85 5.6109 0
90 85 85 5.6109 0
39 91 85 5.6192 0
58 19 42 5.6109 0
79 98 42 5.6109 0
75 123 80 5.4576 0
34 92 72 4.5746 0
64 41 67 4.274 0
74 123 49 5.1748 0
49 8 52 5.1274 0
78 8 76 5.1274 0
92 19 63 4.8868 0
35 19 64 4.8868 0
16 86 52 5.0608 0
64 41 54 4.274 0
94 113 58 4.8428 0
110 62 52 4.8096 0
99 48 84 4.8743 0
94 113 69 4.8428 0
64 65 69 4.6762 0
63 65 57 4.6762 0
83 27 63 4.3179 0
20 79 43 4.6224 0
52 33 84 4.603 0
86 37 84 4.603 0
101 82 84 4.603 0
108 94 71 4.5753 0
44 27 64 4.3179 0
95 63 43 4.603 0
76 35 43 4.603 0
87 55 43 4.603 0
17 63 75 4.509 0
20 89 83 4.3076 0
54 27 64 4.3179 0
55 9 62 4.1196 0
34 93 48 4.1995 0
73 70 56 4.2535 0
41 53 82 4.1898 0
34 38 47 4.1339 0
54 70 71 4.0658 0
54 69 57 4.0529 0
73 70 69 4.0642 0
101 46 57 3.9955 0
106 89 44 3.883 0
41 75 80 3.8554 0
88 75 82 3.8495 0
47 27 44 3.5951 0
106 96 50 3.6857 0
80 27 83 3.5951 0
95 40 80 3.7904 0
49 117 44 3.7215 0
42 35 44 3.5951 0
110 67 77 3.6593 0
51 52 44 3.5951 0
44 65 77 3.5717 0
87 76 44 3.5951 0
24 101 58 3.469 0
70 97 80 3.4633 0
74 113 44 3.5951 0
29 92 83 3.6042 0
46 107 44 3.5951 0
24 66 83 3.5951 0
73 28 63 3.4999 0
62 41 76 3.3538 0
0
