128
0 0 127 81.8335 0
127 127 127 77.3732 0
127 0 0 71.3802 0
0 127 0 60.4584 0
111 123 0 49.2089 0
27 36 16 34.7361 0
25 105 88 31.7533 0
63 86 47 26.1464 0
91 39 83 25.4563 0
109 74 48 17.3379 0
23 68 56 15.5423 0
52 47 58 14.2247 0
59 17 51 13.9657 0
80 70 14 12.4124 0
50 80 119 11.7895 0
79 51 122 11.307 0
67 43 38 9.9173 0
61 82 85 9.823 0
42 63 74 8.9987 0
47 77 16 8.8725 0
64 62 74 8.6007 0
88 67 63 7.9632 0
72 35 54 7.3656 0
97 73 25 6.9921 0
29 75 34 6.6847 0
65 63 127 6.4843 0
59 78 102 6.2894 0
78 60 105 6.0266 0
64 25 70 5.8254 0
76 80 78 5.7356 0
53 54 81 5.6259 0
43 74 103 5.5105 0
71 49 106 5.4734 0
49 63 89 5.3939 0
93 86 62 5.1528 0
78 66 73 4.9717 0
89 70 78 4.8955 0
40 70 92 4.8325 0
62 26 34 4.4504 0
81 66 95 4.4367 0
93 85 35 4.382 0
70 75 97 4.2542 0
57 43 77 4.2797 0
96 77 69 4.2098 0
85 83 70 3.829 0
49 79 76 3.9243 0
40 75 29 4.0275 0
50 78 95 3.9842 0
32 83 43 3.88 0
89 74 34 3.9421 0
86 82 26 3.6393 0
54 71 74 3.7073 0
83 68 86 3.5995 0
33 75 23 3.4714 0
58 34 72 3.4543 0
51 64 99 3.5324 0
74 76 89 3.2638 0
70 72 80 3.2704 0
58 52 90 3.2743 0
35 74 71 3.1451 0
76 65 83 3.0548 0
68 40 64 3.188 0
35 84 35 3.1633 0
35 84 59 3.0109 0
67 75 108 3.105 0
39 83 27 3.0236 0
39 72 83 3.0594 0
66 73 123 2.9465 0
69 53 97 2.8803 0
59 32 41 2.8511 0
75 65 115 2.6351 0
41 72 63 2.7563 0
66 36 26 2.8202 0
65 75 115 2.709 0
67 29 40 2.8348 0
63 32 78 2.8232 0
66 47 70 2.7899 0
48 78 85 2.7317 0
43 81 69 2.7014 0
53 66 80 2.576 0
75 62 91 2.6586 0
49 68 109 2.5058 0
61 50 75 2.4644 0
55 66 123 2.5572 0
59 46 86 2.4098 0
60 34 47 2.3767 0
59 31 65 2.4093 0
68 31 64 2.3504 0
56 73 94 2.2899 0
49 72 69 2.3673 0
39 83 64 2.3745 0
73 67 122 2.2856 0
34 76 43 2.2549 0
73 58 97 2.0695 0
80 78 70 2.1609 0
54 58 94 2.0695 0
78 73 69 2.0846 0
63 28 26 2.0463 0
67 51 114 2.0409 0
67 44 99 2.0189 0
58 54 96 2.0077 0
65 36 20 1.971 0
72 73 104 1.9579 0
94 77 62 1.8987 0
61 74 111 1.8813 0
67 31 31 1.9196 0
93 82 28 1.7257 0
67 32 45 1.8043 0
53 65 106 1.6184 0
52 66 114 1.6858 0
72 57 111 1.7919 0
74 65 98 1.623 0
57 70 81 1.6588 0
38 74 77 1.687 0
46 69 84 1.7418 0
34 82 51 1.7468 0
66 53 81 1.669 0
81 69 80 1.7301 0
89 76 55 1.705 0
57 72 109 1.716 0
70 72 115 1.7269 0
70 72 86 1.7119 0
85 80 77 1.5138 0
90 76 42 1.68 0
37 76 39 1.6437 0
65 55 122 1.5294 0
60 39 82 1.6496 0
34 76 17 1.6402 0
0
