128
127 0 127 76.3721 0
127 127 0 75.1057 0
0 127 127 66.6622 0
0 0 0 59.5927 0
0 113 5 51.6384 0
8 18 103 44.0185 0
95 17 18 37.457 0
96 103 102 33.0551 0
52 61 25 22.8297 0
55 2 60 20.6572 0
56 63 105 19.5764 0
50 125 56 18.923 0
0 73 62 16.2244 0
108 55 54 15.3075 0
124 75 74 14.2176 0
47 85 74 14.0288 0
48 46 70 13.4768 0
77 37 62 12.358 0
54 95 36 11.3123 0
18 60 36 11.2557 0
25 92 60 11.0365 0
73 100 63 11.0281 0
8 46 54 10.4769 0
85 61 37 10.4116 0
95 79 65 10.0528 0
51 30 38 9.498 0
38 28 58 9.2896 0
57 37 90 8.8681 0
45 81 50 8.7883 0
61 117 81 8.5014 0
84 64 91 7.7046 0
45 66 60 7.2157 0
40 64 82 7.4467 0
44 98 56 7.2739 0
75 85 50 7.1124 0
25 41 48 7.1228 0
10 66 83 6.8829 0
93 54 72 6.8204 0
45 43 49 6.5283 0
66 25 74 6.4056 0
71 48 87 6.4678 0
75 48 45 6.2426 0
28 75 41 6.2485 0
20 80 73 6.2705 0
25 45 62 6.1732 0
49 107 75 6.1208 0
63 83 88 6.0756 0
90 72 50 6.0961 0
50 26 74 5.9727 0
73 85 73 5.9696 0
58 99 90 5.9496 0
53 33 55 5.7611 0
57 48 52 5.6732 0
69 37 80 5.5088 0
87 48 50 5.4647 0
65 40 42 5.2646 0
57 14 85 5.4168 0
31 108 54 5.2618 0
74 73 42 5.2084 0
36 36 42 5.2084 0
65 81 42 5.2084 0
102 72 78 5.1904 0
54 64 79 5.0685 0
37 74 91 5.1309 0
97 65 86 5.0521 0
65 103 78 4.8569 0
58 81 57 4.7898 0
30 63 110 4.754 0
71 65 75 1.5332 0
91 72 79 4.7975 0
12 54 68 4.6536 0
80 84 62 4.6322 0
73 73 89 4.6433 0
63 27 55 4.5874 0
56 91 53 4.3773 0
17 81 50 4.3785 0
104 59 75 4.4826 0
44 55 52 4.3189 0
32 51 43 4.2006 0
72 48 75 4.3897 0
88 52 61 4.3542 0
33 86 43 4.2499 0
42 105 43 4.2006 0
60 103 53 4.2503 0
110 70 88 4.1304 0
39 94 43 4.2006 0
18 65 92 4.1011 0
27 77 83 4.0294 0
82 46 77 4.0706 0
53 101 64 3.9864 0
13 73 45 3.8785 0
62 25 85 3.7446 0
60 51 84 3.7122 0
37 56 91 3.674 0
25 29 52 3.6391 0
24 65 100 3.5055 0
87 58 52 3.6778 0
52 57 56 3.6033 0
26 78 52 3.3375 0
67 60 81 2.3806 0
72 59 87 3.5662 0
67 93 80 3.4951 0
20 77 58 3.5067 0
62 107 44 3.1927 0
19 74 83 3.4951 0
53 27 64 3.4821 0
38 65 70 3.3376 0
90 57 83 3.4504 0
32 64 44 3.1927 0
61 21 44 3.1927 0
69 111 52 3.4166 0
106 70 68 3.3516 0
43 18 44 3.331 0
71 84 61 3.3723 0
49 66 71 3.1842 0
71 21 52 3.2523 0
64 28 44 3.1927 0
69 95 44 3.1927 0
83 77 44 3.2038 0
72 62 44 3.1927 0
78 71 74 1.515 0
72 81 83 3.175 0
83 83 72 3.2175 0
57 24 95 3.2246 0
39 27 44 3.1927 0
54 73 56 3.204 0
85 81 55 3.1905 0
78 59 76 1.4077 0
0
