128
63 127 0 73.0756 0
64 0 127 71.5982 0
127 123 124 65.4269 0
0 7 9 61.6299 0
127 8 9 61.2571 0
0 117 121 60.5508 0
125 78 51 18.8929 0
124 50 79 18.69 0
2 77 51 18.632 0
4 49 79 18.311 0
64 43 45 18.2035 0
63 83 86 17.6606 0
36 60 50 13.1396 0
91 61 50 13.1396 0
95 64 80 12.3823 0
32 64 80 12.3823 0
74 61 74 8.3754 0
52 61 73 7.9093 0
67 67 56 7.2374 0
87 83 77 6.9405 0
88 40 57 6.3715 0
28 80 57 6.4231 0
46 98 74 6.5139 0
39 39 57 6.3715 0
99 80 57 6.4235 0
39 84 76 6.4006 0
80 97 74 6.1395 0
53 71 57 6.0512 0
99 46 73 6.0275 0
18 53 57 6.0512 0
112 56 57 6.0514 0
16 99 58 5.5722 0
111 99 58 5.5722 0
29 45 73 5.3862 0
113 73 73 5.5088 0
14 72 73 5.3804 0
78 75 58 5.1934 0
42 77 58 5.0997 0
99 81 72 5.126 0
17 29 72 5.0188 0
102 47 58 5.0437 0
110 30 72 4.8822 0
27 80 72 4.6444 0
28 45 59 4.4977 0
78 74 70 4.4796 0
46 73 73 4.4669 0
21 65 60 4.282 0
106 66 60 4.2814 0
62 53 70 4.2007 0
87 81 59 4.0355 0
24 91 59 4.0449 0
101 92 59 4.0783 0
54 60 59 4.1229 0
75 58 59 4.0649 0
63 67 69 4.0112 0
27 89 68 3.8351 0
29 99 65 3.9001 0
90 99 69 3.8653 0
87 29 60 3.9174 0
98 99 64 3.8072 0
25 35 71 3.7909 0
99 38 61 3.756 0
50 88 68 3.5969 0
84 52 74 3.6074 0
99 91 68 3.6387 0
29 29 65 3.4857 0
37 28 61 3.5577 0
43 52 74 3.6074 0
48 33 60 3.5166 0
101 36 70 3.599 0
98 29 65 3.4857 0
78 87 70 3.5036 0
79 33 60 3.5166 0
79 66 63 3.4005 0
29 36 61 3.404 0
19 63 69 3.2652 0
80 51 60 3.2016 0
48 52 60 3.2463 0
63 78 60 3.2403 0
107 63 68 3.2055 0
78 49 70 3.1314 0
111 46 60 3.0888 0
37 85 60 3.0281 0
36 95 72 3.1063 0
92 88 60 3.0276 0
48 46 69 2.8884 0
72 91 68 2.9608 0
55 72 69 2.8143 0
48 81 70 2.8876 0
29 53 68 2.8286 0
111 82 70 2.7573 0
15 81 69 2.8773 0
78 40 62 2.7953 0
49 42 61 2.7276 0
62 61 64 2.6612 0
49 70 66 2.6323 0
108 38 69 2.6052 0
90 74 61 2.5094 0
15 90 64 2.4665 0
112 90 65 2.5701 0
48 83 61 2.5317 0
89 92 72 2.5106 0
104 74 71 2.5124 0
98 54 67 2.1785 0
23 55 70 2.3391 0
103 54 70 2.3802 0
30 70 62 2.2513 0
31 93 61 2.2927 0
13 63 65 2.3236 0
97 68 64 2.2115 0
15 43 61 2.3206 0
88 52 64 2.0988 0
57 90 67 2.2267 0
47 60 63 2.2958 0
70 78 61 2.0197 0
77 83 61 2.1842 0
48 52 67 2.1687 0
79 54 66 2.1419 0
16 38 64 2.063 0
38 45 73 2.1371 0
39 90 65 1.6476 0
54 50 72 2.1404 0
32 37 70 2.0359 0
103 59 61 2.1594 0
42 49 61 2.0228 0
64 46 68 2.1697 0
39 97 66 2.1296 0
97 74 68 2.1548 0
0
