128
127 127 127 99.7876 0
0 0 0 80.1872 0
0 39 127 51.5926 0
43 125 0 50.8534 0
127 2 13 46.4355 0
118 82 0 33.971 0
10 102 76 29.0274 0
81 28 63 24.9783 0
39 76 49 16.9758 0
73 62 10 14.8297 0
43 39 76 14.0323 0
22 60 69 12.5406 0
117 54 41 12.3428 0
69 74 47 10.8522 0
82 38 14 9.6725 0
86 90 31 9.3252 0
42 77 77 9.1572 0
51 54 96 8.8515 0
53 47 55 8.4871 0
96 56 49 8.339 0
52 69 27 8.2296 0
62 52 80 8.0828 0
97 49 17 7.4894 0
26 91 108 7.3605 0
56 72 67 7.0665 0
81 30 30 6.9365 0
78 64 32 6.769 0
64 45 41 6.4793 0
105 71 38 6.404 0
82 60 56 6.0536 0
86 67 44 6.2281 0
40 55 61 6.0402 0
66 62 68 6.0882 0
80 82 18 5.8094 0
88 57 26 5.7688 0
26 71 85 5.6284 0
53 64 83 5.6275 0
60 88 41 5.6303 0
106 38 46 5.6603 0
71 88 36 5.2569 0
75 41 35 4.9543 0
67 70 29 5.0707 0
108 50 25 4.9767 0
46 68 93 4.7753 0
96 79 34 4.6878 0
33 55 83 4.3937 0
84 80 43 4.2829 0
34 81 108 4.2558 0
66 52 52 4.2476 0
44 67 103 4.2245 0
49 60 37 4.1934 0
57 65 39 4.062 0
55 59 71 3.8697 0
40 77 96 3.7751 0
62 75 20 3.9143 0
59 56 25 3.7855 0
38 86 87 3.777 0
88 69 21 3.7112 0
70 79 20 3.6642 0
70 44 20 3.6139 0
45 55 48 3.6311 0
60 49 67 3.4154 0
86 40 36 3.3982 0
95 74 43 3.5259 0
101 49 39 3.4616 0
24 81 98 3.4388 0
91 32 35 3.3527 0
58 76 36 3.1568 0
88 59 37 3.1432 0
72 36 27 3.2626 0
38 66 68 3.0434 0
71 65 59 3.1501 0
74 57 62 3.0715 0
73 86 25 3.0679 0
72 50 46 3.1335 0
32 79 87 2.8797 0
40 74 105 3.0552 0
39 53 89 2.9074 0
59 68 57 2.9116 0
83 50 21 2.769 0
107 62 31 2.8577 0
54 57 31 2.7508 0
68 63 37 2.7358 0
53 50 43 2.7802 0
58 57 64 2.7005 0
50 81 32 2.7577 0
26 76 93 2.6863 0
80 46 40 2.6674 0
106 44 31 2.639 0
64 50 21 2.6071 0
94 39 21 2.606 0
78 62 47 2.6085 0
99 44 45 2.6087 0
32 94 99 2.4316 0
77 72 25 2.501 0
67 40 32 2.4578 0
88 80 23 2.3471 0
69 59 28 2.2384 0
30 62 85 2.4199 0
38 84 96 2.3902 0
88 66 28 2.4134 0
74 48 40 2.3631 0
45 68 67 2.3003 0
101 44 26 2.3062 0
89 75 39 2.2017 0
33 68 78 2.2165 0
63 51 60 2.2779 0
97 67 45 2.26 0
59 52 46 2.2488 0
78 83 38 2.2233 0
57 66 47 2.1268 0
44 77 90 2.1803 0
89 34 25 2.2039 0
81 75 38 2.1472 0
93 64 22 2.1312 0
97 50 31 1.0636 0
106 58 26 2.1566 0
74 62 41 2.1658 0
37 55 70 2.0778 0
82 74 22 2.049 0
94 67 35 0.8464 0
101 48 32 1.9195 0
67 53 66 2.0537 0
51 54 84 2.0645 0
79 56 26 1.9767 0
83 70 26 2.0646 0
93 70 38 2.0106 0
92 79 27 1.9096 0
0
