128
127 0 0 85.1804 0
0 127 0 83.5751 0
127 127 127 82.4836 0
0 0 127 80.8362 0
43 84 85 19.7591 0
42 44 46 19.1982 0
81 44 85 18.9106 0
81 83 47 18.4187 0
10 76 78 9.0963 0
68 47 59 9.0031 0
55 72 52 8.9648 0
70 72 79 8.594 0
55 55 79 8.5987 0
13 52 54 7.973 0
110 52 77 8.1606 0
108 75 54 8.021 0
62 78 66 6.696 0
0 58 60 6.5482 0
80 57 55 5.8666 0
40 59 76 5.4975 0
124 57 72 5.5492 0
26 66 76 5.5299 0
122 72 57 5.3377 0
69 63 56 4.9536 0
94 63 75 5.1447 0
24 61 56 4.8692 0
36 67 56 4.9104 0
94 64 56 4.8623 0
43 76 60 4.8476 0
2 68 68 4.7898 0
83 67 75 4.6846 0
23 75 70 4.5297 0
14 64 71 4.2543 0
59 58 57 3.8589 0
10 64 62 3.876 0
56 52 64 3.8706 0
93 52 66 3.8455 0
80 75 70 3.6734 0
24 52 61 3.698 0
90 75 67 3.6882 0
31 52 66 3.6724 0
43 52 69 3.6784 0
34 75 64 3.6724 0
98 75 62 3.6724 0
85 52 63 3.6724 0
104 63 72 3.5028 0
58 68 74 3.4818 0
124 65 66 3.1488 0
67 61 73 3.2227 0
106 64 59 3.1955 0
51 65 72 3.1189 0
46 64 58 2.843 0
54 64 64 2.2344 0
65 53 71 2.8064 0
99 53 71 2.8064 0
73 74 66 2.7722 0
18 64 63 2.6909 0
76 63 72 2.7911 0
36 64 65 2.4221 0
34 64 71 2.6689 0
71 63 65 2.3924 0
50 74 65 2.6645 0
88 63 68 2.4426 0
90 71 73 2.4972 0
29 58 73 2.4739 0
52 61 59 2.2653 0
116 64 66 1.6819 0
111 63 71 2.3079 0
57 63 69 2.1394 0
22 64 68 2.1394 0
88 63 62 2.0599 0
90 55 59 2.1277 0
66 72 59 2.1024 0
107 63 66 2.1414 0
115 71 63 2.0298 0
116 56 68 2.0352 0
6 60 68 1.9276 0
22 55 67 1.9686 0
113 66 59 1.8351 0
100 69 59 1.8351 0
76 66 59 1.917 0
110 56 66 1.8785 0
35 54 71 1.8599 0
84 64 59 1.8351 0
76 54 66 1.7821 0
110 71 64 1.8785 0
118 65 59 1.8351 0
100 60 59 1.8351 0
62 65 59 1.8351 0
30 71 59 1.8394 0
32 61 59 1.8351 0
25 69 59 1.8351 0
105 54 67 1.6566 0
18 54 64 1.6566 0
15 73 66 1.6566 0
104 73 64 1.6566 0
40 72 66 1.6555 0
24 73 63 1.6826 0
85 60 71 1.7218 0
117 62 72 1.5447 0
30 73 69 1.6566 0
100 54 64 1.6566 0
37 54 65 1.6566 0
28 73 65 1.6566 0
49 54 68 1.6566 0
45 65 72 1.5767 0
96 73 68 1.6566 0
92 71 61 1.4811 0
72 54 68 1.6566 0
10 54 64 1.6566 0
70 66 69 1.6061 0
40 62 60 1.6032 0
21 61 72 1.5626 0
40 66 72 1.5626 0
24 58 72 1.5321 0
15 60 61 1.5299 0
47 61 72 1.5216 0
98 69 72 1.4948 0
63 65 72 1.5008 0
18 70 72 1.466 0
52 61 68 1.4318 0
33 69 72 1.466 0
75 56 62 1.2469 0
57 71 69 1.3996 0
41 63 69 1.2881 0
15 60 65 1.3521 0
58 64 60 1.3388 0
116 60 65 1.3128 0
0
