128
127 127 127 71.08 0
127 0 0 71.1311 0
0 127 0 71.1303 0
0 0 127 71.0801 0
26 27 27 34.6189 0
101 100 27 34.6188 0
26 100 100 34.5609 0
101 27 100 34.5607 0
65 62 44 19.3441 0
61 61 85 18.8519 0
16 62 66 16.3056 0
111 65 66 16.3047 0
68 127 56 15.9065 0
59 0 56 15.9064 0
60 94 51 12.1276 0
68 91 78 11.7371 0
66 27 52 11.1197 0
61 31 77 10.7293 0
38 75 51 9.8715 0
87 73 76 9.7207 0
93 52 52 8.7719 0
81 7 66 8.0026 0
46 120 66 8.0026 0
59 112 74 7.7174 0
37 47 74 7.7057 0
83 36 56 7.0882 0
40 57 55 6.6096 0
68 14 73 6.8409 0
90 69 54 6.77 0
38 69 73 6.6978 0
84 55 73 6.6971 0
26 83 61 6.2293 0
50 44 57 6.0803 0
79 81 57 6.0803 0
42 91 57 6.0803 0
44 34 72 5.69 0
51 82 72 5.69 0
74 42 72 5.6893 0
74 112 72 5.7055 0
53 15 72 5.7047 0
87 89 72 5.6892 0
100 86 67 5.332 0
100 41 60 5.3439 0
27 40 66 5.2201 0
52 79 58 5.0725 0
45 103 58 5.0725 0
80 102 71 4.8935 0
52 112 56 4.7574 0
54 99 71 4.6913 0
51 43 71 4.6821 0
73 105 57 4.5213 0
81 23 58 4.4162 0
51 29 59 4.0646 0
80 49 59 4.0646 0
70 43 59 4.0646 0
78 94 59 4.0646 0
61 41 59 4.0646 0
43 11 65 3.9699 0
84 116 64 3.9699 0
45 23 70 3.9166 0
52 20 57 3.788 0
75 23 70 3.9032 0
76 15 57 3.754 0
42 58 70 3.6742 0
74 75 70 3.6734 0
98 48 67 3.3762 0
66 81 60 3.0567 0
40 47 60 3.0567 0
85 59 60 3.0567 0
48 67 60 3.0567 0
29 93 61 3.2081 0
31 50 58 3.1393 0
31 77 69 3.087 0
45 35 60 3.0567 0
49 54 60 3.0567 0
81 70 60 3.0567 0
81 104 60 3.0567 0
89 79 58 3.0379 0
97 78 59 2.9888 0
60 78 69 2.6664 0
40 81 69 2.6664 0
76 33 69 2.8358 0
79 64 69 2.6859 0
66 104 69 2.762 0
46 15 58 2.7525 0
94 54 69 2.6656 0
79 84 69 2.6656 0
48 51 69 2.6664 0
48 93 69 2.6664 0
81 112 58 2.7529 0
60 109 58 2.7239 0
67 78 69 2.6659 0
35 36 69 2.6656 0
90 47 69 2.6656 0
91 62 69 2.6656 0
88 99 69 2.6819 0
94 34 58 2.7247 0
50 73 69 2.6664 0
75 51 69 2.6656 0
49 109 69 2.6664 0
55 90 69 2.6664 0
85 43 69 2.6656 0
62 43 69 2.6664 0
83 110 69 2.6664 0
45 22 60 2.461 0
88 27 60 2.2439 0
56 35 61 2.0489 0
72 89 61 2.0489 0
54 105 61 2.0489 0
88 86 60 2.2439 0
97 29 62 2.1939 0
44 82 61 2.0489 0
60 77 61 2.0489 0
96 78 68 2.2383 0
30 48 65 2.1948 0
96 94 68 2.2383 0
30 32 66 2.1985 0
97 99 65 2.1939 0
65 105 61 2.0489 0
71 76 61 2.0489 0
72 103 68 2.0733 0
72 98 61 2.0489 0
84 98 61 2.0489 0
86 92 61 2.0489 0
36 114 66 1.9583 0
53 71 61 2.0489 0
36 13 63 1.9538 0
85 75 61 2.0489 0
0
