128
0 127 127 95.9677 0
127 0 0 88.3267 0
75 127 1 47.6875 0
0 49 1 46.5362 0
67 0 127 46.1681 0
127 68 126 42.7439 0
108 97 63 27.6286 0
46 34 68 21.6554 0
94 38 89 12.7235 0
35 90 29 12.4582 0
70 90 50 12.0421 0
36 61 47 11.8671 0
56 70 3 10.3982 0
88 78 90 9.5905 0
77 42 74 8.8926 0
49 52 30 8.8412 0
85 81 36 8.6672 0
113 62 75 8.3786 0
60 45 94 8.1503 0
76 81 71 7.8619 0
50 87 44 7.7594 0
76 55 121 7.3745 0
58 51 44 6.7127 0
42 83 7 6.4204 0
112 47 82 6.3125 0
75 77 24 6.2942 0
70 48 60 6.1058 0
94 58 90 5.9903 0
75 41 93 5.6528 0
38 71 31 5.5731 0
47 62 63 5.5451 0
83 71 104 5.3657 0
52 59 15 5.2936 0
58 55 83 5.1672 0
55 87 31 4.8701 0
90 73 48 4.8904 0
67 75 15 4.8556 0
101 64 64 4.7818 0
45 76 51 4.3893 0
90 42 107 4.499 0
64 79 64 4.34 0
55 81 55 4.3058 0
91 47 73 4.1995 0
42 77 40 4.1399 0
65 50 115 4.2355 0
72 85 33 3.9161 0
75 74 84 3.8698 0
99 69 87 3.8501 0
95 67 57 3.8468 0
80 65 115 3.807 0
63 49 106 3.8329 0
104 53 87 3.7515 0
68 53 49 3.6353 0
101 47 76 3.5528 0
58 59 23 3.5155 0
66 46 81 3.4045 0
86 46 117 3.466 0
80 50 63 3.4729 0
52 59 73 3.4135 0
61 52 55 3.2848 0
48 71 58 3.2143 0
77 71 95 3.3654 0
61 57 33 3.2591 0
82 80 55 3.3228 0
88 75 76 3.0748 0
62 84 37 3.2544 0
106 73 84 3.2371 0
50 54 51 3.242 0
91 53 99 2.9667 0
82 42 101 2.8917 0
103 56 70 2.983 0
41 62 28 3.0354 0
64 57 94 2.825 0
77 71 33 2.7686 0
67 49 70 2.9002 0
50 87 22 2.8698 0
38 76 21 2.8524 0
64 60 88 2.825 0
89 67 98 2.7552 0
61 63 15 2.6888 0
102 62 86 2.7991 0
81 74 79 2.7585 0
83 70 42 2.5524 0
45 88 16 2.6729 0
65 85 30 2.6817 0
69 74 78 2.5363 0
72 46 85 2.5155 0
73 78 60 2.4679 0
44 72 11 2.3352 0
87 50 67 2.5839 0
67 67 19 2.5533 0
67 56 42 2.2419 0
84 77 64 2.3739 0
82 80 48 2.2759 0
106 52 76 2.3486 0
66 75 72 2.1858 0
51 83 11 2.3373 0
78 46 86 2.2933 0
45 61 20 2.2162 0
98 73 81 2.22 0
63 64 83 2.1574 0
70 68 24 2.1574 0
67 44 103 2.2118 0
46 66 12 1.9936 0
77 53 56 2.0795 0
90 50 105 1.9588 0
38 79 15 1.9842 0
56 77 62 1.9294 0
50 56 57 2.021 0
65 56 102 1.8171 0
59 80 12 1.9745 0
57 62 78 1.7995 0
51 70 64 1.9354 0
74 54 52 1.9855 0
72 43 101 1.9086 0
90 61 100 1.9588 0
90 65 86 1.9588 0
65 51 85 1.9073 0
98 50 71 1.9266 0
103 68 72 1.8319 0
86 48 79 1.8829 0
59 81 44 1.861 0
53 65 71 1.8989 0
43 62 34 1.9128 0
73 69 29 1.7615 0
65 54 89 1.8171 0
89 65 52 1.7607 0
76 67 106 1.878 0
0
