128
127 0 127 79.0549 0
127 127 0 77.8858 0
0 127 127 74.7446 0
0 0 0 62.3622 0
110 3 1 46.0257 0
5 108 8 44.7329 0
20 24 93 34.2233 0
93 96 96 26.2116 0
65 16 50 19.6286 0
7 62 55 19.3858 0
51 100 53 17.5512 0
100 47 47 16.5735 0
68 52 0 16.2307 0
52 55 117 13.4326 0
76 77 127 12.0247 0
99 67 69 12.0775 0
52 75 5 11.1913 0
31 42 52 9.997 0
77 89 63 9.7888 0
26 61 31 9.7644 0
29 83 59 9.57 0
64 29 23 9.3376 0
62 90 77 8.9954 0
53 88 28 8.9596 0
79 39 63 8.8719 0
36 62 8 8.1677 0
37 79 41 8.1661 0
27 65 77 7.708 0
60 28 77 7.807 0
52 42 24 7.1178 0
81 35 37 6.9802 0
45 32 60 6.7767 0
93 49 23 6.6092 0
44 33 44 6.3519 0
86 52 71 6.3327 0
65 83 39 6.3514 0
37 63 91 6.3173 0
46 86 73 6.0405 0
36 77 73 6.0125 0
86 59 32 6.0048 0
66 74 27 5.7904 0
87 77 57 5.8949 0
82 75 73 5.7383 0
30 53 65 5.6104 0
56 43 101 5.6224 0
70 64 115 5.6187 0
89 52 11 5.2472 0
59 36 89 4.976 0
49 47 11 5.1536 0
34 48 37 5.025 0
80 68 106 5.1257 0
89 63 84 4.9509 0
91 69 49 4.9593 0
78 42 48 4.9391 0
75 82 48 4.9064 0
76 73 39 4.8347 0
53 35 35 4.7939 0
62 88 93 4.754 0
44 64 102 4.5649 0
59 73 119 4.5787 0
68 86 114 4.5225 0
50 59 12 4.1362 0
43 40 34 4.4725 0
81 55 82 4.3941 0
67 70 12 4.279 0
40 44 65 4.1397 0
71 34 74 4.0456 0
85 41 27 3.8831 0
61 80 19 3.8679 0
38 71 83 4.0093 0
73 81 77 3.9329 0
54 81 41 4.0027 0
86 67 40 3.9108 0
29 68 44 3.7533 0
80 51 56 3.7841 0
55 32 66 3.8648 0
50 83 83 3.7453 0
29 56 45 3.5304 0
65 85 105 3.716 0
39 47 28 3.7064 0
35 74 29 3.5789 0
77 68 29 3.6681 0
68 56 107 3.6351 0
59 39 14 3.5152 0
85 66 97 3.5042 0
66 35 65 3.4486 0
41 56 99 3.4807 0
66 84 50 3.461 0
27 64 17 3.4206 0
82 75 46 3.412 0
63 50 103 3.4651 0
48 50 100 3.2733 0
85 48 32 3.2473 0
72 34 13 3.2924 0
40 80 28 3.2748 0
83 44 13 3.1283 0
35 56 77 3.1518 0
62 36 35 3.1661 0
42 83 64 3.1521 0
84 62 74 3.1066 0
39 73 13 3.1283 0
83 59 13 3.1283 0
68 37 81 3.1174 0
48 85 16 3.078 0
77 32 26 2.9945 0
79 44 75 3.0686 0
70 36 38 3.0549 0
51 70 108 2.9496 0
83 71 82 2.9063 0
28 72 67 2.9243 0
74 61 106 2.8772 0
58 77 33 2.8266 0
47 78 34 2.8331 0
82 53 39 2.8557 0
42 79 81 2.8202 0
54 38 82 2.8374 0
76 76 111 2.7616 0
81 46 39 2.7076 0
64 42 93 2.7939 0
29 57 18 2.7078 0
28 71 51 2.7416 0
89 56 62 2.6302 0
84 71 64 2.7077 0
38 61 81 2.6201 0
84 61 91 2.6248 0
37 50 71 2.6039 0
40 43 41 2.642 0
80 50 45 2.5614 0
0
