128
63 0 127 64.8424 0
127 127 0 56.5379 0
0 127 127 56.0472 0
0 127 0 56.5379 0
127 127 127 56.0887 0
64 0 0 57.6409 0
127 55 61 36.7363 0
0 55 61 36.7363 0
64 123 64 32.0069 0
64 80 20 23.0056 0
62 74 86 18.4686 0
64 85 124 18.3735 0
90 71 103 13.23 0
34 70 104 12.7345 0
29 95 55 11.8885 0
98 95 55 11.8885 0
50 55 42 11.6742 0
77 55 42 11.6742 0
41 29 59 10.6363 0
86 29 59 10.6363 0
30 90 78 10.3682 0
97 90 78 10.3682 0
64 110 108 10.3058 0
95 78 34 9.4773 0
33 78 33 9.6423 0
32 55 26 9.4497 0
95 55 26 9.4497 0
79 53 76 8.9619 0
47 51 75 8.4828 0
61 32 60 8.1476 0
50 75 48 7.4643 0
78 75 48 7.3781 0
64 68 49 6.4564 0
47 86 104 6.1945 0
44 100 39 6.4001 0
50 103 95 6.3581 0
85 99 88 6.2414 0
40 59 88 6.1457 0
100 54 96 6.0063 0
86 100 41 6.0802 0
63 51 72 5.832 0
88 56 89 5.9946 0
75 103 96 5.894 0
79 88 99 5.8964 0
64 82 50 5.4485 0
107 76 94 5.5834 0
20 79 91 5.4442 0
21 40 26 5.3714 0
106 41 26 5.3376 0
27 53 95 5.1605 0
77 39 69 5.115 0
92 81 65 4.8925 0
80 67 71 4.8241 0
43 97 85 4.7581 0
92 79 50 4.7821 0
35 79 50 4.7799 0
35 81 65 4.5972 0
79 83 71 4.6991 0
72 36 52 4.5412 0
54 40 69 4.4847 0
41 84 93 4.347 0
64 48 51 4.4407 0
35 35 44 4.3883 0
92 35 45 4.3033 0
84 83 90 4.4221 0
37 45 37 4.404 0
90 45 37 4.404 0
45 66 71 4.3317 0
85 66 84 4.3005 0
80 101 31 4.3495 0
93 74 77 4.3696 0
91 35 73 4.2214 0
33 74 79 4.1642 0
59 92 102 4.2041 0
69 92 102 4.1065 0
91 64 37 3.854 0
36 64 37 3.854 0
47 83 70 3.8162 0
41 94 68 3.9036 0
47 86 42 3.6942 0
66 41 69 3.8886 0
62 101 94 3.7196 0
100 76 85 3.622 0
80 86 42 3.6942 0
49 37 48 3.694 0
28 36 37 3.6829 0
99 36 37 3.6829 0
35 36 73 3.5663 0
55 86 47 3.6484 0
76 96 40 3.5428 0
43 39 71 3.5073 0
92 91 40 3.5088 0
35 91 40 3.5088 0
45 95 50 3.4936 0
81 37 47 3.5132 0
85 75 85 3.4744 0
64 57 52 3.4328 0
73 86 47 3.3523 0
39 74 88 3.4552 0
87 93 67 3.3518 0
45 94 76 3.2246 0
51 102 106 3.25 0
81 92 109 3.271 0
75 100 110 3.0386 0
82 94 77 3.1169 0
38 48 84 3.1748 0
103 65 93 3.1767 0
27 75 85 3.0957 0
36 93 92 2.9631 0
40 90 28 3.1416 0
62 38 49 3.0101 0
45 75 69 2.8961 0
102 85 91 2.9249 0
34 71 45 3.073 0
36 75 58 3.0073 0
91 75 58 3.0076 0
57 96 41 3.0278 0
82 83 80 2.9317 0
36 72 70 3.024 0
86 46 52 2.807 0
42 69 40 2.7966 0
85 69 40 2.7966 0
47 86 50 2.9965 0
83 72 78 2.983 0
70 61 69 2.8084 0
54 61 69 2.8084 0
48 90 94 2.8679 0
85 87 36 2.9128 0
0
