128
127 127 127 96.937 0
0 0 0 83.2373 0
127 0 40 48.834 0
23 127 26 46.9984 0
0 66 110 43.8711 0
70 32 76 23.6927 0
84 59 36 23.1749 0
49 73 45 14.1973 0
48 66 77 13.2392 0
36 93 75 12.0931 0
0 79 54 10.6023 0
25 75 50 9.0646 0
56 52 53 8.1227 0
33 49 71 7.9422 0
101 41 71 7.7314 0
112 55 52 7.0834 0
67 75 58 6.9499 0
9 92 66 6.6751 0
67 63 70 5.9117 0
42 54 60 5.9548 0
94 41 58 5.5051 0
38 85 58 5.3754 0
31 74 72 4.7364 0
7 65 60 4.3149 0
45 79 64 4.1566 0
122 51 58 4.1332 0
103 47 55 4.0252 0
35 61 55 4.1084 0
15 84 55 4.0252 0
88 53 68 4.0913 0
20 96 69 3.9646 0
63 64 55 4.0252 0
80 58 67 3.7725 0
31 64 71 3.7347 0
56 75 63 3.5552 0
14 76 59 3.5394 0
117 45 68 3.4609 0
24 82 71 3.0307 0
17 55 66 3.1661 0
110 48 66 3.1691 0
18 88 71 3.097 0
26 63 56 3.0174 0
55 54 65 3.0273 0
16 65 56 3.0196 0
76 69 62 2.9651 0
97 51 66 2.7872 0
32 56 61 2.6832 0
13 60 62 2.65 0
67 53 57 2.6142 0
16 77 66 2.5012 0
102 59 57 2.502 0
104 51 65 2.4858 0
38 78 67 2.5194 0
29 87 57 2.3272 0
10 77 65 2.5012 0
59 62 65 2.4858 0
24 56 70 2.4723 0
36 59 66 2.4028 0
61 71 66 2.4235 0
61 56 67 2.4036 0
91 46 66 2.3199 0
76 64 67 2.3014 0
34 70 57 2.3039 0
25 69 70 2.0228 0
99 53 57 2.0095 0
23 85 57 2.0095 0
7 82 66 1.9534 0
87 46 60 1.981 0
35 77 57 2.0095 0
68 59 57 2.0095 0
23 76 70 2.0228 0
110 46 57 2.0435 0
48 60 57 2.0359 0
12 70 57 2.0095 0
23 51 66 1.8745 0
73 58 65 1.8334 0
16 90 59 1.9302 0
103 42 60 1.6787 0
94 56 65 1.6279 0
111 42 66 1.6328 0
82 66 62 1.6225 0
7 72 64 1.5112 0
31 88 62 1.6574 0
62 53 62 1.6213 0
35 67 67 1.6062 0
72 52 58 1.579 0
120 46 62 1.5714 0
30 81 69 1.481 0
28 58 58 1.3852 0
17 61 67 1.3835 0
49 57 64 1.3846 0
86 60 66 1.4106 0
18 82 69 1.0149 0
97 61 59 1.3427 0
59 70 58 1.3349 0
40 66 58 1.0016 0
23 89 69 1.3325 0
18 73 68 1.3421 0
13 73 66 1.2709 0
38 71 66 1.2927 0
95 50 58 1.0016 0
21 89 58 1.2234 0
12 64 65 1.2741 0
44 63 58 1.0016 0
73 66 58 1.2445 0
111 50 60 1.2403 0
29 67 58 1.2547 0
17 73 63 1.2709 0
38 73 58 1.0016 0
88 64 61 1.253 0
33 80 67 1.2575 0
25 61 69 1.0149 0
25 89 58 1.2234 0
114 48 58 1.1694 0
83 48 60 1.1224 0
28 59 69 1.0902 0
56 65 58 1.0016 0
31 58 66 1.0191 0
70 63 58 1.0016 0
119 50 65 1.1622 0
12 84 69 1.0909 0
52 62 58 1.0016 0
50 74 63 1.0111 0
9 84 62 1.1224 0
41 77 59 1.0427 0
20 59 69 1.0943 0
21 66 58 1.0016 0
50 57 60 1.0405 0
0
