128
127 127 127 59.9588 0
0 0 0 60.0334 0
0 127 127 60.0334 0
0 127 0 60.0334 0
0 0 127 60.0334 0
127 0 0 59.9588 0
127 0 127 59.9588 0
127 127 0 59.9588 0
14 64 64 28.2547 0
78 127 63 18.1983 0
78 0 63 18.1983 0
64 84 127 15.2453 0
64 84 0 15.2453 0
64 43 127 15.2453 0
64 43 0 15.2453 0
43 123 64 15.0956 0
43 4 64 15.0956 0
127 84 62 14.324 0
127 43 65 14.324 0
125 63 41 14.1804 0
125 64 86 14.1804 0
87 64 2 13.3534 0
87 64 125 13.3534 0
40 64 0 13.3561 0
40 63 127 13.3561 0
28 63 25 11.7551 0
28 64 103 11.7551 0
64 125 91 11.4547 0
64 2 91 11.4546 0
63 2 36 11.4529 0
63 125 36 11.4529 0
29 27 61 10.7473 0
30 100 64 9.7394 0
101 107 64 9.4675 0
101 20 64 9.4675 0
64 104 108 8.7476 0
64 104 19 8.7476 0
64 23 19 8.7476 0
64 23 108 8.7476 0
106 64 19 7.9311 0
106 64 108 7.9311 0
112 81 79 6.9755 0
112 46 48 6.9755 0
79 47 33 3.3595 0
79 47 94 3.3595 0
33 34 78 6.7158 0
33 45 39 6.7158 0
33 79 91 6.7158 0
33 91 79 6.7158 0
81 48 15 6.6303 0
81 48 112 6.6299 0
33 45 88 6.7158 0
33 88 45 6.7158 0
80 81 111 6.4108 0
80 81 16 6.4097 0
46 48 13 6.4273 0
46 79 114 6.4273 0
46 80 14 6.0898 0
46 47 113 6.0898 0
111 47 79 5.9676 0
111 79 44 5.9676 0
73 36 108 5.8247 0
73 36 19 5.819 0
80 98 63 3.6824 0
34 78 36 5.7079 0
93 73 108 5.6184 0
93 73 19 5.6184 0
93 54 108 5.6184 0
93 54 19 5.6184 0
49 115 44 5.4416 0
49 12 44 5.4416 0
90 108 52 5.5509 0
90 19 52 5.5509 0
53 37 109 5.5071 0
53 90 18 5.5071 0
53 37 18 5.5069 0
53 90 109 5.5069 0
72 91 19 5.4068 0
72 91 108 5.4018 0
77 114 84 5.2801 0
77 13 84 5.2801 0
110 31 57 5.338 0
110 96 57 5.338 0
77 13 42 5.2384 0
77 114 42 5.2384 0
50 12 83 5.1287 0
50 115 83 5.1287 0
110 95 69 5.08 0
89 19 74 5.1537 0
89 108 74 5.1537 0
110 32 69 5.08 0
125 63 61 4.7852 0
35 100 49 4.7 0
35 33 45 4.7 0
109 56 30 4.4954 0
109 56 97 4.4954 0
47 57 58 4.467 0
59 10 52 4.4943 0
59 117 76 4.4889 0
59 117 52 4.4829 0
59 10 76 4.4823 0
71 110 97 4.5589 0
71 17 97 4.5589 0
71 17 30 4.5589 0
71 110 30 4.5589 0
47 59 69 4.467 0
47 69 59 4.467 0
47 69 69 4.467 0
109 72 96 4.3541 0
109 72 31 4.3541 0
85 43 99 4.4149 0
85 43 28 4.4147 0
68 63 3 4.2654 0
68 63 124 4.2654 0
56 110 30 4.0342 0
56 17 30 4.0342 0
57 16 97 4.2411 0
57 111 97 4.2275 0
36 20 75 4.042 0
86 105 64 4.1921 0
36 107 76 4.0416 0
109 87 52 3.9519 0
109 53 88 3.9519 0
36 48 27 3.6922 0
39 17 49 3.8305 0
39 110 49 3.8305 0
75 99 27 3.7692 0
75 28 100 3.7692 0
0
