128
0 127 127 84.9407 0
127 0 127 80.1602 0
127 127 0 63.4918 0
0 63 0 55.9189 0
87 0 0 50.2177 0
12 4 80 43.113 0
104 99 86 28.0772 0
42 127 23 22.458 0
73 68 20 17.8992 0
127 49 28 17.2205 0
70 104 55 16.9286 0
127 71 60 15.3146 0
64 17 58 13.3246 0
48 44 101 12.7684 0
42 76 54 12.303 0
60 96 25 12.1344 0
29 56 63 12.1309 0
34 13 30 10.3549 0
99 56 27 10.1187 0
83 79 114 9.9553 0
56 36 80 9.8222 0
86 81 56 9.3933 0
37 96 44 9.2971 0
58 45 28 9.1108 0
59 82 67 8.5063 0
37 52 83 8.2108 0
114 31 44 8.1868 0
47 31 32 8.1077 0
48 36 60 8.0261 0
48 11 43 7.3374 0
90 29 51 7.4925 0
61 57 113 7.0726 0
71 86 78 6.9512 0
78 88 36 6.8559 0
108 83 54 6.8706 0
124 49 53 6.7056 0
47 110 48 6.3653 0
73 69 126 6.3811 0
65 49 89 6.0671 0
71 47 45 3.5848 0
54 31 46 5.957 0
53 79 31 6.0872 0
75 46 32 5.8825 0
42 44 71 5.6289 0
120 69 39 5.5513 0
71 37 40 5.5577 0
110 57 64 5.3855 0
76 83 99 5.2046 0
71 80 44 5.2148 0
71 56 41 5.2432 0
94 71 32 5.103 0
110 67 32 5.0793 0
53 59 32 5.0793 0
71 68 44 5.0157 0
74 81 66 4.9185 0
46 23 50 4.8872 0
87 72 100 4.7844 0
111 67 75 4.7599 0
45 89 33 4.6335 0
69 79 57 4.5306 0
91 68 87 4.5037 0
50 94 52 4.4181 0
26 42 52 4.2722 0
80 27 60 4.3707 0
68 30 72 4.1157 0
104 42 33 4.0715 0
62 111 35 4.0627 0
98 88 49 4.2018 0
83 78 70 4.1904 0
39 68 71 4.109 0
90 45 33 4.0715 0
85 53 33 4.0715 0
46 65 41 4.1185 0
88 81 33 4.0715 0
57 86 54 4.0319 0
99 77 61 4.0685 0
88 89 44 4.018 0
76 27 47 4.0396 0
64 52 101 3.9521 0
60 32 36 3.9864 0
101 29 45 3.9455 0
93 38 59 3.8093 0
37 59 48 3.8138 0
61 80 80 3.7934 0
27 24 39 3.6841 0
75 83 89 3.5954 0
47 75 71 3.6045 0
116 40 53 3.6291 0
60 76 55 3.4553 0
71 45 81 3.5109 0
65 30 45 3.3558 0
45 102 34 3.3939 0
50 69 34 3.3323 0
86 73 38 3.2311 0
91 71 47 3.1791 0
59 33 65 3.4192 0
56 115 43 3.2755 0
108 76 63 3.2357 0
36 40 60 3.2179 0
115 78 46 3.2257 0
101 33 53 3.1699 0
93 70 61 3.0221 0
49 49 84 3.1445 0
103 73 34 3.0636 0
82 61 46 1.2754 0
35 27 34 3.0636 0
65 65 120 3.0246 0
49 19 34 3.0636 0
86 34 61 2.9624 0
56 50 81 3.0405 0
65 83 34 3.0666 0
46 43 34 3.0636 0
67 82 89 2.974 0
69 58 105 2.958 0
44 32 49 2.9263 0
70 38 78 3.0489 0
55 60 104 2.9856 0
75 28 67 3.0238 0
121 58 47 3.0068 0
117 43 46 2.9649 0
60 24 42 2.9424 0
55 75 79 2.913 0
46 82 39 2.7664 0
91 64 37 2.9081 0
44 58 92 2.8123 0
93 75 66 2.8317 0
103 67 82 2.8032 0
52 44 69 2.6272 0
0
