128
127 0 0 87.1143 0
0 127 127 76.0136 0
127 79 125 58.5778 0
0 73 3 58.2216 0
21 0 97 54.9996 0
89 127 26 46.8567 0
60 63 86 18.4732 0
51 49 53 15.9046 0
70 72 46 13.4338 0
74 101 80 13.2283 0
127 87 52 12.91 0
40 104 52 10.5177 0
85 49 75 10.5647 0
0 59 72 10.194 0
31 63 77 9.4023 0
50 85 50 9.4023 0
93 76 51 8.3944 0
56 88 75 7.3866 0
83 72 75 7.3866 0
57 106 68 6.9811 0
27 51 60 6.9144 0
109 77 53 6.6818 0
41 77 74 6.3787 0
73 49 60 5.9142 0
95 98 71 5.7711 0
113 95 63 5.5313 0
88 87 73 5.3708 0
40 72 54 5.3708 0
70 83 73 5.3708 0
16 66 73 5.3708 0
4 47 62 4.8732 0
8 72 67 4.5669 0
27 94 57 4.5476 0
101 56 71 4.583 0
86 63 55 4.3629 0
104 76 65 4.4526 0
63 91 55 4.3629 0
94 64 72 4.3629 0
55 99 55 4.3754 0
17 55 72 4.3629 0
51 71 55 4.3629 0
82 84 55 4.3629 0
36 82 55 4.3629 0
122 71 59 4.2093 0
43 60 69 3.7596 0
16 46 59 3.8303 0
34 61 56 3.5034 0
101 86 56 3.3551 0
73 87 56 3.3551 0
30 77 71 3.3551 0
94 77 71 3.3551 0
109 88 56 3.3551 0
23 73 71 3.3551 0
118 65 64 3.4038 0
78 59 56 3.3551 0
45 90 71 3.3551 0
78 62 71 3.3551 0
102 68 56 3.3551 0
36 59 64 3.0316 0
66 56 65 3.2361 0
67 101 64 3.0217 0
104 95 68 2.9784 0
45 101 66 2.9794 0
83 53 61 2.9638 0
15 81 63 2.8043 0
19 86 61 2.8695 0
94 55 65 2.7057 0
72 54 69 2.5435 0
109 58 69 2.6704 0
61 79 70 2.5503 0
95 64 57 2.3472 0
80 82 70 2.3472 0
68 58 57 2.5207 0
35 90 57 2.3472 0
49 96 70 2.3472 0
53 77 70 2.3472 0
92 87 57 2.3472 0
38 86 70 2.3472 0
61 83 57 2.3472 0
28 85 57 2.3472 0
30 67 57 2.3472 0
78 88 70 2.3472 0
58 67 57 2.3472 0
58 77 57 2.3472 0
30 74 57 2.3472 0
102 64 70 2.3472 0
99 86 70 2.3472 0
99 72 70 2.3472 0
84 71 57 2.3472 0
86 95 70 2.3983 0
72 72 70 2.3482 0
41 91 57 2.3472 0
41 67 70 2.3472 0
85 62 70 2.3472 0
18 50 65 2.3026 0
62 101 60 2.2924 0
100 95 63 2.2475 0
50 101 62 2.169 0
120 77 63 2.1196 0
105 94 60 2.0397 0
24 56 69 1.8977 0
116 87 64 1.9679 0
89 55 62 1.918 0
36 97 63 1.9183 0
65 92 69 1.3393 0
7 55 61 1.6701 0
8 49 69 1.6666 0
112 68 58 1.3393 0
113 61 67 1.6973 0
24 89 62 1.5318 0
10 43 59 1.5936 0
60 60 65 1.6496 0
89 96 65 1.51 0
87 56 58 1.647 0
82 77 58 1.3393 0
9 66 63 1.6016 0
14 77 67 1.4564 0
83 97 65 1.5603 0
64 62 58 1.3393 0
73 66 69 1.3393 0
33 84 69 1.3393 0
99 57 64 1.5024 0
59 96 69 1.3393 0
67 71 65 0.9565 0
47 94 58 1.3393 0
101 79 58 1.5131 0
68 83 58 1.3393 0
105 58 65 1.4521 0
0
