128
0 0 0 84.5766 0
0 127 127 83.2181 0
127 0 127 74.6275 0
127 127 0 72.9673 0
105 97 96 28.4357 0
103 33 32 27.1685 0
48 89 40 21.9354 0
47 41 87 21.2916 0
76 65 85 14.9488 0
72 35 61 14.0122 0
71 60 43 13.8708 0
75 94 65 13.6992 0
127 58 50 10.3364 0
98 65 53 10.169 0
127 69 76 9.6832 0
100 64 75 9.6481 0
18 76 52 8.0883 0
18 53 75 7.9051 0
82 79 49 7.8236 0
61 81 76 6.8993 0
50 69 77 6.8157 0
50 60 50 6.8157 0
121 83 67 6.3612 0
52 47 60 5.767 0
120 45 59 5.5898 0
92 40 65 5.4068 0
125 55 67 5.4785 0
50 81 68 5.3751 0
125 73 60 5.4785 0
83 45 75 5.4002 0
95 89 63 5.0937 0
5 70 58 5.2228 0
4 57 71 5.0829 0
35 67 52 4.7999 0
31 60 75 4.7999 0
114 68 52 4.7999 0
31 77 60 4.8771 0
30 52 68 4.8252 0
40 78 65 4.2261 0
39 51 63 4.1742 0
59 61 74 4.1169 0
69 49 74 3.952 0
115 60 74 3.7921 0
87 54 53 3.7921 0
89 76 74 3.7921 0
38 67 74 3.7921 0
112 57 53 3.7921 0
92 50 74 3.7921 0
94 80 53 3.7921 0
70 79 53 3.7989 0
112 72 74 3.7921 0
59 81 63 3.7328 0
102 40 63 3.5821 0
60 50 54 3.2614 0
105 89 64 3.2691 0
61 69 73 3.035 0
111 42 62 2.9327 0
14 59 65 2.9049 0
64 73 54 2.7842 0
85 46 54 3.0093 0
84 68 54 2.7842 0
81 79 73 2.7842 0
109 75 54 2.7842 0
4 64 65 2.7725 0
38 59 54 2.7842 0
112 87 64 2.7979 0
57 67 54 2.7842 0
26 65 54 2.7842 0
109 54 73 2.7842 0
88 57 73 2.7842 0
103 78 54 2.7842 0
91 64 65 2.6183 0
122 64 62 2.4549 0
89 85 56 2.5046 0
67 67 66 1.2703 0
44 52 56 2.5472 0
59 49 66 2.5072 0
89 85 71 2.5046 0
95 71 65 2.5091 0
97 57 64 2.4219 0
23 73 62 2.3719 0
23 56 64 2.1376 0
13 71 61 2.2142 0
42 75 72 2.1658 0
75 61 67 1.9778 0
76 69 65 0.9699 0
24 64 72 1.7763 0
57 66 64 0.5039 0
62 60 65 0.8933 0
76 51 72 1.7763 0
62 54 72 1.7763 0
98 77 72 1.7763 0
104 59 64 2.0206 0
62 49 60 1.9598 0
28 71 55 1.7763 0
106 66 64 1.9904 0
46 68 55 1.7763 0
89 44 58 1.9893 0
75 78 72 1.7763 0
11 61 71 1.9664 0
104 53 55 1.7763 0
85 62 55 1.7763 0
101 72 65 1.814 0
51 69 55 1.7763 0
46 52 64 1.9057 0
78 50 55 1.7763 0
64 80 57 1.8438 0
73 73 55 1.7763 0
63 49 70 1.7922 0
70 79 72 1.7893 0
67 74 72 1.7763 0
96 52 55 1.7763 0
59 61 55 1.7763 0
82 54 72 1.7763 0
103 52 72 1.7763 0
42 65 55 1.7763 0
29 67 72 1.7763 0
61 68 65 1.0118 0
44 63 72 1.7763 0
31 61 55 1.7763 0
48 60 72 1.7763 0
12 67 55 1.7763 0
96 45 72 1.787 0
91 49 55 1.7763 0
116 52 55 1.7763 0
94 80 72 1.7763 0
41 59 72 1.7763 0
20 65 55 1.7763 0
0
