128
127 0 0 89.9819 0
0 127 0 75.0855 0
127 127 127 71.6307 0
21 0 127 74.4385 0
34 100 96 29.048 0
94 107 36 25.9953 0
35 47 44 20.9369 0
86 56 86 19.0156 0
0 74 77 16.0039 0
64 75 44 15.7419 0
65 118 65 15.1197 0
0 48 50 13.5384 0
60 52 67 12.1804 0
69 82 79 11.7376 0
124 88 52 11.1523 0
44 65 77 9.6946 0
113 64 76 9.1219 0
25 68 75 7.6789 0
91 76 52 7.6789 0
62 98 52 7.6789 0
124 73 66 7.2459 0
106 80 54 6.8868 0
42 77 53 6.671 0
88 80 74 6.671 0
14 65 53 6.671 0
75 99 73 5.6631 0
28 72 54 5.6631 0
50 90 54 5.6631 0
102 75 73 5.7122 0
73 58 55 5.2774 0
32 56 70 5.0462 0
50 79 72 4.6553 0
83 104 66 4.7036 0
82 66 55 4.6553 0
58 70 72 4.6553 0
15 59 72 4.6553 0
84 92 72 4.6553 0
59 97 72 4.6553 0
80 84 55 4.6553 0
5 54 69 4.3797 0
16 86 69 4.4675 0
46 106 64 4.2705 0
78 53 63 4.2722 0
51 64 56 3.863 0
55 88 71 3.6474 0
72 90 56 3.6474 0
67 67 71 3.6474 0
23 80 71 3.6474 0
6 62 61 3.5899 0
113 77 71 3.6474 0
51 102 56 3.6474 0
37 76 71 3.6474 0
15 42 60 3.5073 0
46 61 63 3.457 0
111 95 59 3.1939 0
22 50 66 3.4406 0
10 74 59 3.2721 0
102 60 69 2.9073 0
107 80 66 2.9131 0
77 71 70 2.6395 0
73 102 57 2.8137 0
40 87 57 2.6395 0
117 74 57 2.7497 0
79 75 57 2.6395 0
94 88 70 2.6395 0
92 100 65 2.7248 0
93 71 70 2.6395 0
15 54 57 2.6395 0
97 86 57 2.6395 0
37 68 57 2.6395 0
23 56 70 2.6395 0
88 86 57 2.6395 0
44 67 57 2.6395 0
101 85 70 2.6395 0
67 95 70 2.6395 0
100 71 57 2.6395 0
19 76 57 2.6395 0
98 67 70 2.6395 0
86 56 63 2.6143 0
30 78 70 2.6395 0
38 60 65 2.625 0
29 81 57 2.6395 0
91 65 57 2.6395 0
79 92 57 2.6395 0
13 79 63 2.5781 0
104 97 62 2.3828 0
52 104 69 2.2115 0
7 47 66 2.2004 0
24 92 66 2.1526 0
98 98 64 2.0617 0
93 58 65 2.1687 0
38 101 64 2.0896 0
18 48 61 2.0764 0
119 85 65 2.0322 0
9 68 61 2.02 0
51 79 58 1.6316 0
115 68 64 1.8921 0
75 103 63 1.9792 0
102 79 63 1.8684 0
58 64 58 1.8836 0
109 71 58 1.6316 0
52 94 69 1.6316 0
74 66 58 1.6316 0
88 98 69 1.6664 0
77 90 69 1.6316 0
83 58 58 1.688 0
13 51 69 1.6316 0
63 89 58 1.6316 0
82 74 69 1.6316 0
74 58 67 1.6915 0
108 89 58 1.6316 0
34 66 69 1.6316 0
43 85 69 1.6316 0
55 84 58 1.6316 0
44 75 69 1.6316 0
33 85 58 1.6316 0
48 71 58 1.6316 0
58 90 58 1.6316 0
97 81 69 1.6316 0
23 80 58 1.6316 0
59 77 69 1.6316 0
87 61 58 1.6316 0
51 72 69 1.6316 0
115 89 63 1.5935 0
19 58 58 1.6316 0
35 82 69 1.6316 0
49 90 69 1.6316 0
61 90 69 1.6316 0
0
