128
127 127 0 68.4086 0
0 0 111 60.0655 0
127 0 127 66.7451 0
0 127 127 60.3565 0
100 0 1 60.3853 0
0 127 0 57.4238 0
115 121 123 53.4873 0
0 26 10 42.0943 0
65 64 66 23.6441 0
59 64 116 25.5359 0
3 71 61 24.2042 0
56 70 18 22.9314 0
60 127 74 18.6898 0
127 61 53 14.9506 0
39 1 46 14.2377 0
82 102 66 13.9996 0
123 67 82 12.9575 0
70 1 69 12.7759 0
57 127 42 11.3555 0
40 98 55 9.7066 0
87 31 66 11.4439 0
32 118 62 11.1752 0
24 68 91 11.156 0
46 99 79 10.556 0
102 53 75 10.5813 0
57 105 32 10.3876 0
27 65 35 9.9437 0
48 39 31 9.829 0
87 65 31 9.829 0
64 25 89 9.8531 0
44 24 55 9.8054 0
103 70 57 9.5169 0
124 36 58 9.5291 0
125 84 66 9.3879 0
58 101 96 9.2773 0
29 48 68 9.1447 0
101 68 90 9.1377 0
14 105 62 8.5061 0
33 83 38 8.1065 0
69 110 48 7.7112 0
60 32 62 7.5052 0
107 38 64 7.5665 0
25 51 47 7.3963 0
34 84 85 7.2459 0
45 42 53 7.3149 0
15 41 57 7.2593 0
104 95 68 7.2591 0
92 65 109 7.2035 0
38 81 62 7.0478 0
93 56 52 6.8799 0
65 99 80 6.8646 0
56 91 52 6.9505 0
61 31 107 6.711 0
44 21 34 6.8893 0
109 61 34 6.8054 0
50 5 65 6.5831 0
27 21 52 6.6616 0
82 60 92 6.5805 0
71 46 91 6.3271 0
50 31 78 6.3849 0
78 76 92 6.236 0
72 21 74 6.0646 0
73 19 60 6.1213 0
60 102 67 6.0138 0
35 49 36 6.0223 0
55 46 89 5.9472 0
64 83 90 5.8678 0
72 97 42 5.8885 0
74 52 35 5.7975 0
47 113 53 5.7597 0
45 93 35 5.7975 0
76 84 35 5.7975 0
63 45 35 5.7975 0
27 96 65 5.7087 0
31 53 84 5.4965 0
77 32 81 5.5594 0
55 18 66 5.4104 0
40 37 71 5.434 0
107 53 53 5.4736 0
45 71 88 5.4212 0
45 56 87 5.4214 0
94 80 83 5.4112 0
58 2 54 5.3642 0
86 89 50 5.0927 0
76 95 86 5.1713 0
60 11 82 5.0705 0
92 79 64 5.041 0
30 66 75 4.8737 0
90 43 81 4.7971 0
116 48 66 4.8401 0
23 90 46 4.8525 0
46 92 94 4.7584 0
22 86 79 4.6706 0
85 89 83 4.6437 0
47 82 51 4.6661 0
31 71 49 4.6407 0
31 58 103 4.5811 0
33 35 53 4.5874 0
107 78 81 4.5303 0
43 67 47 4.4945 0
96 89 77 4.4826 0
111 78 67 4.4818 0
44 57 47 4.4945 0
52 81 86 4.3971 0
66 93 106 4.3705 0
96 69 76 4.1583 0
54 104 52 4.181 0
95 54 91 4.21 0
58 43 47 4.2431 0
35 80 97 4.2581 0
75 30 54 4.147 0
37 44 80 4.2387 0
95 91 56 4.1305 0
51 92 105 4.2014 0
106 69 76 4.1582 0
116 78 56 4.0702 0
90 68 50 4.0262 0
26 103 54 4.066 0
80 50 98 4.0349 0
54 27 39 4.084 0
30 60 58 4.061 0
27 77 77 3.908 0
97 55 37 3.7818 0
64 11 55 3.7432 0
70 43 47 3.8905 0
55 35 51 3.9312 0
117 52 38 3.8026 0
119 44 46 3.8413 0
0
