128
0 0 127 76.7722 0
127 127 0 76.3458 0
127 0 48 58.0451 0
0 126 39 55.3871 0
89 127 127 54.1673 0
0 22 0 50.7955 0
95 45 115 27.4043 0
16 99 112 22.8262 0
68 48 0 20.4952 0
127 69 86 19.5851 0
64 53 46 15.1997 0
63 96 64 17.6818 0
51 15 48 17.3461 0
44 79 2 17.1415 0
89 72 77 14.2628 0
38 69 74 14.3042 0
12 58 56 14.6215 0
64 52 86 13.9668 0
64 17 16 13.1102 0
57 69 109 13.1441 0
66 29 71 12.2862 0
31 65 37 11.1212 0
55 87 33 11.244 0
7 78 86 10.4522 0
41 89 90 10.2626 0
30 38 52 10.0605 0
83 53 63 8.7363 0
46 107 83 8.6131 0
112 65 60 8.5586 0
97 60 44 8.1291 0
61 64 24 8.0017 0
113 93 79 8.0387 0
94 48 15 7.8986 0
83 39 80 7.8716 0
45 51 61 7.726 0
64 75 87 7.4845 0
64 71 71 7.2013 0
53 50 25 7.1411 0
45 83 51 6.8564 0
87 102 70 6.7205 0
75 56 26 6.5399 0
36 76 111 6.3835 0
106 52 82 6.3631 0
93 56 29 6.1838 0
73 82 45 6.075 0
48 66 55 5.9427 0
110 81 68 5.7783 0
68 42 27 5.9636 0
46 32 65 5.7649 0
81 67 56 5.5403 0
83 84 56 5.6123 0
36 63 20 5.6597 0
42 73 25 5.6423 0
73 67 97 5.621 0
41 35 39 5.5888 0
14 65 76 5.5927 0
61 89 88 5.3646 0
100 99 73 5.3702 0
51 27 27 5.0379 0
36 46 37 5.0355 0
45 56 11 4.9657 0
65 72 11 4.9779 0
51 40 75 4.8031 0
70 25 33 4.9343 0
34 76 50 4.7937 0
79 30 16 4.8333 0
47 60 95 4.8459 0
45 75 40 4.7847 0
30 77 91 4.673 0
106 74 103 4.6793 0
54 86 100 4.4633 0
95 46 81 4.4832 0
44 82 104 4.6469 0
30 100 86 4.4508 0
100 70 53 4.4727 0
16 76 70 4.4995 0
72 66 32 4.445 0
60 81 18 4.3525 0
86 91 64 4.4012 0
70 28 53 4.2141 0
64 74 57 4.2261 0
31 54 50 3.9796 0
58 39 22 4.1804 0
28 84 83 4.125 0
70 78 99 4.061 0
79 72 105 3.9774 0
88 70 44 4.0637 0
108 56 71 3.9934 0
51 61 32 4.1059 0
54 97 88 4.091 0
19 74 97 3.9678 0
60 80 48 4.0034 0
73 66 18 3.8252 0
89 76 96 3.9251 0
70 27 43 3.8492 0
100 83 89 3.9593 0
70 80 34 3.958 0
80 80 92 3.9497 0
43 74 92 3.9059 0
26 73 55 3.8453 0
27 47 64 3.7459 0
101 90 68 3.8692 0
86 38 17 3.8198 0
34 81 101 3.8806 0
54 60 63 3.6893 0
101 57 56 3.786 0
78 47 33 3.7763 0
83 77 47 3.6646 0
94 90 81 3.7218 0
75 28 25 3.6821 0
41 89 63 3.6872 0
88 65 36 3.6344 0
49 60 20 3.6946 0
37 38 65 3.6994 0
60 38 33 3.6037 0
104 76 59 3.4906 0
82 89 82 3.3917 0
26 74 105 3.4146 0
40 68 104 3.452 0
16 90 85 3.409 0
74 78 57 3.4026 0
89 45 26 3.379 0
53 32 13 3.2857 0
76 64 65 3.3614 0
53 42 34 3.3563 0
87 58 13 3.3414 0
83 56 50 3.3332 0
44 56 50 3.3395 0
0
