128
127 127 76 64.4464 0
0 0 62 64.4464 0
0 127 127 66.0627 0
127 0 127 66.062 0
127 0 0 59.5227 0
0 127 0 59.5227 0
64 64 0 21.3043 0
109 84 0 23.6637 0
64 63 127 21.0536 0
51 25 0 17.9916 0
47 104 59 18.0142 0
104 47 59 18.0142 0
77 111 9 18.066 0
63 63 85 16.9919 0
23 52 1 17.8846 0
28 47 125 17.2647 0
25 78 65 15.4257 0
78 25 53 15.4257 0
63 63 49 13.5332 0
52 27 115 13.4784 0
106 65 32 12.5122 0
26 69 37 12.1671 0
96 74 123 11.7384 0
72 96 120 11.4381 0
70 27 80 11.318 0
67 100 36 10.8931 0
65 21 28 10.4023 0
28 60 99 9.8897 0
98 57 85 9.3248 0
57 98 85 9.3248 0
97 66 104 7.7973 0
39 86 39 7.4928 0
86 39 78 7.4928 0
88 41 38 7.4928 0
58 92 9 7.1174 0
93 58 9 7.1174 0
32 73 87 7.0973 0
93 81 31 6.9748 0
43 89 80 6.9186 0
66 96 100 6.8076 0
70 67 29 6.8123 0
66 31 99 6.8076 0
57 60 28 6.8123 0
50 94 31 6.8087 0
83 93 30 6.3524 0
72 37 10 6.1095 0
95 69 48 6.1853 0
38 71 10 6.1095 0
40 42 104 6.0443 0
78 34 30 5.7655 0
53 34 96 5.5269 0
66 75 65 5.3461 0
75 66 65 5.3461 0
58 33 38 5.1883 0
37 66 114 5.1511 0
54 71 65 5.1866 0
71 54 65 5.1866 0
69 94 52 5.1883 0
57 101 21 5.0335 0
34 54 30 5.1874 0
81 87 11 5.1016 0
46 46 11 5.1016 0
33 59 83 5.0404 0
95 50 29 5.0193 0
52 59 65 5.0799 0
26 69 18 4.8856 0
85 85 114 4.9259 0
88 61 114 4.7529 0
94 65 72 4.7448 0
62 33 66 4.7448 0
52 35 29 4.7499 0
65 94 71 4.7448 0
33 62 52 4.7448 0
36 38 15 4.7238 0
51 67 104 4.6664 0
60 76 104 4.6664 0
58 86 114 4.4507 0
60 51 66 4.6257 0
88 92 19 4.5521 0
59 72 32 4.5614 0
68 55 25 4.5614 0
75 57 103 4.3942 0
70 75 103 4.3942 0
46 82 12 4.0937 0
59 51 104 4.3571 0
68 39 116 4.267 0
80 46 12 4.0937 0
92 54 38 4.2384 0
79 38 89 4.0431 0
93 68 60 4.0435 0
70 87 12 4.0937 0
40 82 51 4.0987 0
82 87 41 4.0987 0
87 69 12 4.0937 0
89 79 43 4.0431 0
68 34 36 4.0435 0
27 58 23 3.8886 0
34 60 72 3.8956 0
90 77 107 3.984 0
92 55 98 3.9133 0
55 92 98 3.9133 0
60 34 50 3.8956 0
77 66 102 3.875 0
38 49 95 3.525 0
88 47 88 3.7086 0
56 35 84 3.6678 0
36 81 28 3.7421 0
51 57 105 3.5684 0
47 88 91 3.7086 0
82 75 113 3.6923 0
40 46 28 3.4983 0
71 56 34 3.5678 0
99 55 19 3.4749 0
79 88 107 3.5661 0
78 38 69 3.525 0
68 50 105 3.4341 0
40 81 90 3.4983 0
45 53 112 3.2622 0
47 31 22 3.4072 0
31 47 22 3.4072 0
92 70 93 3.4229 0
36 73 99 3.2895 0
70 28 15 3.3722 0
72 82 112 3.3405 0
69 92 62 3.1944 0
54 91 42 3.2895 0
58 92 107 3.2131 0
49 77 112 3.2828 0
0
