128
0 127 127 87.3528 0
127 0 0 77.8421 0
127 127 44 55.1714 0
89 15 127 54.5255 0
0 0 65 52.4874 0
38 100 0 46.5577 0
107 92 114 24.4779 0
43 39 25 16.9275 0
127 53 79 15.7931 0
62 31 62 15.6413 0
0 59 29 15.0174 0
67 91 55 14.4099 0
74 69 85 14.0824 0
47 48 84 12.9475 0
86 77 25 11.0962 0
86 44 67 10.4336 0
90 89 83 9.5098 0
64 57 27 9.4278 0
122 77 87 8.7541 0
9 77 44 8.3751 0
4 62 53 8.4785 0
116 65 58 8.262 0
104 48 72 7.5789 0
63 43 41 7.4209 0
117 64 99 7.4585 0
68 49 77 7.1783 0
29 53 73 7.0131 0
44 42 51 7.1289 0
45 85 52 6.7424 0
21 50 27 6.6555 0
101 70 41 6.2622 0
41 44 65 6.1367 0
52 63 37 6.0301 0
59 79 71 5.9674 0
32 81 50 5.9517 0
81 83 70 5.7432 0
72 81 37 5.7402 0
55 75 44 5.6602 0
54 66 80 5.4496 0
89 71 99 5.5309 0
116 73 72 5.4277 0
84 83 42 5.3201 0
51 52 43 5.0718 0
88 54 80 4.9979 0
76 45 53 4.9667 0
12 58 65 4.86 0
78 58 68 4.6674 0
62 70 36 4.4183 0
76 74 65 4.5647 0
105 87 84 4.4499 0
71 72 30 4.442 0
50 82 63 4.3394 0
80 62 29 4.1839 0
105 53 60 4.1719 0
21 77 52 3.7646 0
85 84 55 3.8898 0
24 44 37 3.8409 0
92 77 40 3.7941 0
106 64 49 3.7409 0
92 51 55 3.5668 0
22 77 43 3.5233 0
91 79 93 3.4987 0
111 61 69 3.3859 0
22 61 30 3.176 0
74 47 43 3.2709 0
15 48 36 3.3034 0
88 86 63 3.2027 0
15 70 35 3.101 0
31 43 42 3.2133 0
112 81 79 3.0705 0
51 47 67 3.1279 0
36 59 30 3.176 0
31 48 63 3.1294 0
44 59 32 3.1736 0
55 46 50 2.9594 0
65 76 42 3.1001 0
13 72 55 3.1025 0
10 52 44 2.9679 0
85 48 53 3.0201 0
21 61 67 2.9499 0
50 47 59 2.9757 0
73 48 62 2.9537 0
68 75 69 2.9447 0
105 65 101 2.9209 0
106 72 50 2.9293 0
98 67 101 2.7531 0
112 56 92 2.8453 0
93 86 70 2.8127 0
54 78 54 2.8433 0
93 67 34 2.7651 0
102 84 76 2.79 0
35 45 57 2.8142 0
72 51 36 2.7373 0
20 53 65 2.6553 0
37 60 77 2.6226 0
108 51 85 2.6277 0
33 43 50 2.7069 0
90 81 49 2.5231 0
60 57 78 2.5615 0
104 58 53 2.6247 0
59 54 39 2.4713 0
81 80 60 2.5774 0
97 51 61 2.4405 0
109 79 73 2.5339 0
89 63 94 2.4891 0
26 75 57 2.5531 0
47 71 40 2.4128 0
96 51 81 2.4081 0
99 54 54 2.451 0
52 73 74 2.2667 0
46 77 45 2.3147 0
110 82 88 2.3472 0
27 64 67 2.2445 0
96 77 46 2.3737 0
13 67 60 2.3018 0
99 62 46 2.3454 0
78 66 67 2.2958 0
37 80 58 2.2075 0
42 81 61 2.2743 0
40 78 46 2.232 0
29 55 31 2.1681 0
76 55 32 2.0937 0
43 63 79 2.2499 0
58 48 72 2.2452 0
94 53 74 2.1169 0
68 46 50 2.167 0
88 59 87 2.1922 0
87 64 31 2.1681 0
0
