128
62 120 63 34.3642 0
127 0 127 54.8738 0
0 0 0 53.3828 0
127 0 0 54.849 0
0 0 127 53.3646 0
127 127 127 55.3518 0
127 127 0 55.29 0
0 127 127 53.0004 0
0 127 0 53.0349 0
0 59 64 30.9758 0
62 0 58 30.2898 0
127 74 63 26.0248 0
78 54 37 25.7995 0
78 54 90 25.7891 0
62 89 126 18.5478 0
62 89 1 18.5168 0
30 64 107 18.508 0
30 64 20 18.5161 0
56 45 127 16.405 0
56 45 0 16.3601 0
112 32 63 16.2856 0
45 46 63 14.7202 0
63 20 108 13.6899 0
61 22 20 12.4493 0
15 16 64 12.1148 0
22 96 54 11.6842 0
108 112 63 11.1964 0
74 94 99 10.3401 0
46 24 88 9.8946 0
31 42 41 9.9119 0
73 93 28 9.8598 0
30 41 87 9.6591 0
21 94 76 9.3085 0
58 69 64 8.9697 0
35 73 47 8.8971 0
55 85 98 8.7133 0
92 20 76 8.9271 0
35 73 80 8.9248 0
100 82 87 8.7676 0
100 82 40 8.7259 0
55 85 29 8.6854 0
112 47 84 8.3853 0
54 104 103 8.3515 0
49 38 103 8.2591 0
45 28 34 7.8858 0
86 79 113 8.0765 0
86 79 14 8.0376 0
89 86 62 7.9363 0
54 103 24 7.8553 0
27 31 56 7.3635 0
111 48 44 7.423 0
36 86 65 7.3295 0
27 31 72 7.2454 0
24 84 38 7.1114 0
93 21 49 7.1486 0
26 84 90 6.9401 0
31 14 76 6.8436 0
49 41 23 6.776 0
76 13 91 6.7885 0
89 97 86 6.6054 0
87 96 39 6.6046 0
39 88 101 6.2715 0
39 88 26 6.1888 0
98 102 75 6.1548 0
88 28 62 5.9618 0
35 98 86 6.0846 0
96 100 50 6.0964 0
37 99 38 5.6909 0
66 65 119 5.4955 0
66 65 8 5.4728 0
29 15 51 5.3999 0
91 83 27 5.3936 0
65 38 65 5.3083 0
91 83 100 5.4078 0
73 73 63 5.3143 0
52 67 119 5.2139 0
50 62 76 5.2692 0
52 67 8 5.1793 0
42 67 63 5.2213 0
102 53 64 5.0947 0
36 21 43 5.2039 0
51 65 51 5.1202 0
62 22 88 5.1268 0
45 91 86 5.0921 0
38 91 48 5.0868 0
53 73 107 5.0518 0
53 73 20 5.029 0
88 89 76 4.9544 0
78 23 28 5.0025 0
98 98 63 4.9732 0
32 58 44 4.6256 0
36 59 84 4.6539 0
108 94 79 4.4763 0
107 93 47 4.3834 0
97 74 75 4.4954 0
97 74 52 4.4982 0
56 74 47 4.5129 0
56 74 80 4.5048 0
87 89 49 4.4953 0
64 85 40 4.3756 0
64 85 87 4.3787 0
41 51 90 4.3696 0
37 82 36 4.387 0
46 90 41 4.3145 0
43 104 94 4.3413 0
79 23 98 4.2996 0
79 21 82 4.2694 0
42 56 39 4.2541 0
84 70 63 4.248 0
33 41 26 4.2496 0
36 90 78 4.2124 0
80 89 85 3.9208 0
48 83 63 4.0169 0
39 43 13 4.0303 0
46 86 75 3.9119 0
38 42 113 3.961 0
40 23 74 3.7307 0
39 81 92 3.7763 0
104 37 41 3.7891 0
111 99 54 3.8095 0
52 52 107 3.6424 0
52 52 20 3.6838 0
26 28 44 3.7207 0
44 104 32 3.7529 0
75 37 63 3.6746 0
53 72 37 3.5958 0
53 72 90 3.5834 0
46 86 51 3.6802 0
0
