128
127 0 0 71.619 0
0 0 127 71.4834 0
0 127 0 71.0853 0
127 127 127 70.589 0
105 105 23 36.9479 0
23 106 104 36.37 0
25 26 25 34.8909 0
101 27 101 34.5892 0
58 62 87 21.1185 0
64 65 37 20.202 0
112 65 63 18.4119 0
15 64 64 18.4888 0
68 127 54 14.3708 0
58 0 50 12.2487 0
69 0 77 12.1855 0
65 95 81 11.3315 0
66 34 46 10.8138 0
63 96 47 10.5052 0
61 29 79 9.9235 0
88 72 79 9.8024 0
47 127 69 9.5838 0
37 73 48 8.782 0
61 115 74 8.4474 0
91 53 49 7.9426 0
79 102 68 7.9073 0
86 55 71 7.5456 0
50 103 68 7.3082 0
33 44 69 7.4372 0
29 87 63 7.1518 0
97 42 61 6.9113 0
88 72 50 6.7663 0
47 85 73 6.7627 0
46 88 51 6.7937 0
98 87 66 6.7737 0
77 84 53 6.7053 0
87 5 68 6.1661 0
40 5 59 6.0491 0
69 16 51 6.1333 0
63 84 60 6.0803 0
36 57 51 5.8563 0
66 42 69 5.7857 0
52 45 51 5.7584 0
78 46 51 5.7634 0
88 121 60 5.7922 0
37 76 75 5.7537 0
46 40 75 5.6656 0
56 19 52 5.5397 0
81 87 79 5.5945 0
75 3 59 5.3866 0
50 19 70 5.5431 0
74 19 71 5.5182 0
52 3 69 5.4037 0
40 32 68 5.2181 0
80 29 55 5.1812 0
64 47 57 4.9657 0
75 118 71 4.8892 0
90 83 57 4.8992 0
78 66 68 4.6677 0
56 110 52 4.7505 0
73 52 67 4.3806 0
39 62 67 4.3806 0
43 53 67 4.3806 0
80 29 67 4.2947 0
47 28 59 4.042 0
49 101 53 4.039 0
64 82 71 4.0494 0
88 40 53 3.9287 0
50 119 57 3.8219 0
74 36 73 3.8622 0
76 46 77 3.8844 0
59 15 74 3.8124 0
91 32 63 3.8112 0
80 21 62 3.6779 0
76 103 53 3.7987 0
47 19 58 3.6761 0
47 56 53 3.7619 0
64 108 57 3.6923 0
49 77 53 3.7427 0
34 48 57 3.5226 0
73 81 77 3.5787 0
52 33 54 3.5436 0
91 86 75 3.51 0
43 71 68 3.4844 0
63 10 65 3.5264 0
39 82 58 3.3848 0
75 74 72 3.4411 0
36 117 66 3.2421 0
57 47 66 3.1981 0
49 30 71 3.3053 0
56 41 72 3.011 0
83 62 54 2.7483 0
35 24 64 3.0188 0
66 102 67 2.993 0
87 94 72 3.0729 0
92 24 63 2.9805 0
35 17 62 2.9458 0
78 15 56 2.9432 0
47 12 54 2.9532 0
60 39 59 2.8947 0
64 53 64 2.86 0
46 64 54 2.7433 0
91 15 65 2.7617 0
43 112 69 2.7695 0
43 48 54 2.7348 0
30 99 63 2.7355 0
80 56 54 2.761 0
79 111 54 2.7348 0
88 65 66 2.8025 0
80 11 73 2.7586 0
97 103 63 2.7414 0
67 24 67 2.7035 0
71 109 54 2.7348 0
89 44 68 2.6924 0
54 88 58 2.7252 0
57 38 66 2.7392 0
81 94 54 2.7348 0
71 61 65 2.3649 0
36 85 72 2.6618 0
93 113 61 2.5979 0
48 42 66 2.5452 0
67 39 60 2.4966 0
52 82 58 2.5569 0
88 38 66 2.5284 0
70 70 67 2.4913 0
59 23 67 2.4402 0
86 23 66 2.4104 0
36 37 61 2.4328 0
51 33 65 2.3649 0
0
