128
127 0 127 67.9122 0
0 0 0 67.9122 0
127 127 0 67.9122 0
0 127 127 67.9122 0
16 17 110 43.2936 0
111 110 110 43.2936 0
111 17 17 43.2936 0
16 110 17 43.2936 0
67 61 90 24.3075 0
65 65 35 24.079 0
62 28 46 12.9923 0
28 62 46 12.9923 0
29 65 81 12.8143 0
62 98 81 12.8143 0
61 126 48 12.2859 0
61 1 79 12.2859 0
66 126 79 12.2859 0
66 1 48 12.2859 0
103 65 47 12.0077 0
0 66 49 11.9252 0
66 101 47 11.9845 0
127 66 78 11.525 0
103 62 80 11.6194 0
1 62 79 11.5882 0
127 59 50 11.1412 0
67 25 79 11.1284 0
43 84 77 9.4 0
0 44 66 9.0024 0
43 42 50 8.9608 0
85 126 66 8.6514 0
85 1 61 8.6514 0
42 126 61 8.6514 0
42 1 66 8.6514 0
127 82 64 8.601 0
1 84 61 8.356 0
91 82 51 7.9648 0
125 42 61 7.7095 0
41 47 75 7.5733 0
90 79 74 7.4628 0
90 43 75 7.4363 0
44 83 52 6.9853 0
83 44 52 6.9853 0
51 34 74 6.8728 0
81 91 74 6.262 0
83 95 53 5.9372 0
12 52 53 5.9372 0
44 100 73 5.451 0
27 83 73 5.451 0
77 108 73 5.3659 0
51 20 73 5.4553 0
51 112 73 5.3657 0
13 76 74 5.3058 0
112 76 73 5.3657 0
83 30 73 5.1622 0
52 13 54 4.9951 0
48 100 54 4.9962 0
20 50 73 5.1002 0
78 20 54 4.9771 0
49 113 54 4.9765 0
78 113 54 4.9765 0
113 49 73 5.0267 0
14 77 54 4.9443 0
100 48 54 4.994 0
114 78 54 4.9299 0
77 8 73 4.9325 0
29 80 54 4.9294 0
57 87 54 4.9294 0
23 45 54 4.9294 0
45 23 54 4.9294 0
79 31 54 4.9294 0
113 50 54 4.9443 0
88 58 54 4.9294 0
75 86 54 4.9294 0
75 39 71 4.5679 0
59 82 70 4.5239 0
44 59 70 4.5239 0
47 71 70 4.5239 0
103 45 73 4.4026 0
70 83 70 4.4052 0
82 19 72 4.3578 0
70 43 55 3.9896 0
43 70 55 3.987 0
90 56 71 4.2073 0
105 83 55 3.9795 0
123 51 70 4.0928 0
29 45 71 3.9946 0
57 43 55 3.9896 0
43 57 55 3.987 0
89 66 71 3.9484 0
88 68 55 3.9215 0
31 37 55 3.9215 0
38 30 55 3.9215 0
39 34 71 3.8332 0
117 93 65 3.5938 0
10 34 65 3.5938 0
95 116 65 3.7286 0
32 116 62 3.7286 0
95 11 62 3.7286 0
32 11 65 3.7286 0
102 76 71 3.6768 0
62 38 71 3.6098 0
53 46 69 3.516 0
3 72 66 3.6414 0
72 3 66 3.5931 0
72 124 61 3.5931 0
55 3 61 3.5931 0
55 124 66 3.5931 0
43 26 71 3.5047 0
32 92 72 3.4813 0
79 77 69 3.4604 0
84 101 71 3.5047 0
3 57 63 3.2808 0
124 69 62 3.1924 0
15 64 71 3.35 0
61 112 71 3.35 0
11 94 62 3.1843 0
116 33 62 3.1843 0
81 76 56 3.0012 0
83 105 56 2.983 0
121 72 56 3.1258 0
93 96 56 2.9136 0
39 95 56 2.9674 0
83 50 69 3.0797 0
66 85 56 2.9714 0
88 32 56 2.9674 0
104 84 71 3.0441 0
100 37 71 2.899 0
15 68 56 2.9136 0
0
