128
127 0 127 67.7009 0
0 0 0 67.7009 0
127 127 0 67.7009 0
0 127 127 67.7009 0
15 111 16 44.368 0
112 16 16 44.368 0
15 16 111 44.368 0
112 111 111 44.368 0
62 65 91 24.7913 0
64 64 34 24.8391 0
64 27 81 12.8643 0
27 62 46 12.7446 0
64 101 46 12.7771 0
63 26 46 12.7771 0
61 0 79 12.5529 0
66 127 79 12.5529 0
99 61 81 12.5145 0
101 65 47 11.7742 0
25 64 80 11.8714 0
1 65 48 12.0709 0
126 62 48 12.0709 0
0 62 79 11.9187 0
127 65 79 11.9187 0
68 0 49 11.7786 0
59 127 49 11.7786 0
64 101 80 11.6444 0
43 0 65 9.2114 0
84 127 65 9.2114 0
127 83 66 9.0024 0
0 44 66 9.0024 0
127 44 61 9.0024 0
0 83 61 9.0024 0
85 43 77 8.9337 0
45 39 50 8.7589 0
85 1 62 8.6062 0
42 126 62 8.6062 0
42 89 75 8.0631 0
82 88 51 7.7566 0
46 40 75 7.7448 0
87 81 75 7.7448 0
82 39 52 6.7559 0
45 88 52 6.7559 0
111 75 74 6.1776 0
33 47 73 5.934 0
91 50 53 5.7459 0
52 10 53 5.6895 0
75 117 53 5.6895 0
51 113 74 5.7737 0
96 82 53 5.7428 0
76 13 74 5.6897 0
30 43 53 5.6895 0
114 51 74 5.6896 0
12 76 74 5.6895 0
36 78 53 5.7202 0
29 82 74 5.7092 0
74 87 72 5.6263 0
49 16 73 5.1697 0
78 111 73 5.1697 0
16 50 73 5.1697 0
71 43 71 5.1065 0
39 74 71 4.6184 0
82 25 74 4.9925 0
102 44 73 4.8135 0
80 97 73 4.8572 0
45 23 54 4.7403 0
82 104 54 4.7403 0
42 53 54 4.7642 0
14 51 54 4.7615 0
113 51 54 4.7615 0
14 76 54 4.7615 0
113 76 54 4.7615 0
79 15 54 4.7352 0
48 112 54 4.7352 0
85 68 71 4.791 0
80 26 54 4.6816 0
47 101 54 4.6816 0
85 74 54 4.7642 0
56 88 71 4.6184 0
40 58 71 4.6769 0
102 47 54 4.6816 0
100 79 72 4.65 0
45 102 72 4.5614 0
46 27 72 4.3212 0
85 56 70 4.0986 0
59 43 70 4.0986 0
96 36 71 3.6421 0
58 41 55 3.6771 0
87 60 55 3.7454 0
69 40 55 3.7487 0
58 87 55 3.7487 0
32 11 65 3.7286 0
95 11 62 3.7286 0
32 116 62 3.7286 0
95 116 65 3.7286 0
23 82 55 3.7472 0
70 87 55 3.7068 0
90 97 55 3.6737 0
107 84 55 3.6737 0
94 40 55 3.6737 0
80 50 55 3.6737 0
41 69 55 3.6774 0
34 33 55 3.6737 0
47 76 55 3.6737 0
11 95 63 3.627 0
11 32 64 3.627 0
116 32 63 3.627 0
116 95 64 3.627 0
55 124 66 3.5931 0
72 3 66 3.5931 0
71 124 60 3.5207 0
56 3 60 3.5207 0
77 33 71 3.5331 0
91 29 71 3.3544 0
3 57 63 3.2807 0
124 70 63 3.2807 0
19 85 71 3.154 0
124 57 65 3.3259 0
3 70 65 3.3259 0
47 51 69 3.0908 0
35 36 71 3.1595 0
76 52 69 3.2661 0
30 93 71 3.22 0
36 99 71 3.1771 0
23 44 71 3.1748 0
50 80 69 3.0908 0
77 77 69 3.0908 0
85 105 71 3.154 0
65 84 69 3.0908 0
0
