128
127 0 127 67.0826 0
0 0 0 67.0826 0
127 127 0 67.0826 0
0 127 127 67.0826 0
114 113 113 46.3938 0
114 14 14 46.3938 0
13 113 14 46.3938 0
13 14 113 46.3938 0
63 63 93 25.3953 0
65 65 33 25.1202 0
63 25 45 13.0257 0
27 62 45 13.0257 0
63 101 83 12.8187 0
64 23 82 12.3778 0
104 64 46 12.0652 0
63 104 46 12.0636 0
24 65 82 12.1914 0
103 62 82 12.1914 0
67 127 79 11.9822 0
0 66 48 11.9769 0
69 0 49 11.2526 0
127 67 78 10.8965 0
0 60 78 10.8965 0
57 0 77 10.5118 0
57 127 50 10.5118 0
127 58 50 10.4202 0
0 84 62 9.2684 0
127 84 65 9.2684 0
0 43 65 9.2684 0
45 39 49 9.0108 0
83 127 64 8.8934 0
44 88 77 8.53 0
83 39 77 8.53 0
126 43 63 8.2656 0
84 1 63 8.2097 0
41 2 65 8.0173 0
41 125 62 8.0173 0
86 82 75 7.8906 0
81 90 50 8.0377 0
80 39 50 7.9863 0
49 37 75 7.6396 0
37 50 75 7.7905 0
45 89 51 7.0676 0
95 82 51 6.9784 0
74 6 75 6.1652 0
74 121 52 6.1652 0
92 50 52 6.0719 0
29 82 74 6.0705 0
98 45 74 6.0705 0
120 74 52 5.9947 0
53 9 52 5.9706 0
52 116 75 5.9706 0
35 79 52 5.974 0
87 54 73 5.8748 0
39 73 73 5.8748 0
101 79 74 5.6835 0
80 98 73 5.2348 0
78 110 74 5.2533 0
46 105 74 5.2593 0
6 76 74 5.3142 0
88 68 73 5.2603 0
16 50 74 5.0794 0
43 54 53 5.0861 0
120 51 74 5.055 0
16 76 53 5.0806 0
30 41 53 5.0971 0
7 50 53 5.1 0
79 17 53 5.0591 0
46 21 53 4.9627 0
48 16 74 4.9913 0
58 88 53 4.9627 0
112 49 53 4.9627 0
80 109 53 4.9805 0
109 80 53 4.9786 0
18 47 53 4.9786 0
48 113 53 4.9627 0
67 86 72 4.957 0
114 77 74 4.9627 0
66 40 72 4.8681 0
54 125 67 4.8088 0
84 25 73 4.5948 0
55 2 61 4.5842 0
17 80 74 4.411 0
56 84 71 4.2671 0
78 17 73 4.3068 0
94 117 65 4.0765 0
42 70 54 4.1237 0
110 48 73 4.1914 0
125 69 61 4.2402 0
63 41 54 4.1275 0
68 125 62 4.1625 0
87 61 54 3.9564 0
94 10 62 4.0765 0
25 45 73 4.0671 0
117 33 62 4.0709 0
48 101 54 4.0692 0
93 39 54 3.9548 0
102 44 54 3.9548 0
83 27 54 3.9602 0
86 70 54 3.9676 0
25 83 54 3.9548 0
87 101 54 3.9548 0
69 87 54 3.9548 0
33 38 72 3.784 0
40 62 72 3.7082 0
90 94 72 3.7506 0
11 32 65 3.6723 0
11 95 62 3.6723 0
116 95 65 3.6723 0
124 56 66 3.5063 0
32 11 64 3.6834 0
32 116 63 3.6834 0
39 30 72 3.5874 0
76 48 70 3.4912 0
93 31 72 3.5869 0
32 94 72 3.5869 0
3 56 61 3.5063 0
49 78 70 3.4912 0
3 71 66 3.5063 0
71 3 65 3.4305 0
51 48 70 3.4912 0
75 78 70 3.4912 0
81 78 55 3.097 0
72 33 71 3.3508 0
34 91 55 3.1653 0
46 78 55 3.097 0
51 97 71 3.2191 0
51 26 71 3.2149 0
0
