128
127 0 127 67.7009 0
0 0 0 67.7009 0
127 127 0 67.7009 0
0 127 127 67.7009 0
15 111 16 44.368 0
15 16 111 44.368 0
112 111 111 44.368 0
112 16 16 44.368 0
65 65 34 24.8391 0
65 61 91 24.7825 0
63 99 81 13.1555 0
28 62 46 12.7446 0
63 26 46 12.7771 0
64 102 46 12.7446 0
61 0 79 12.5529 0
66 127 79 12.5529 0
26 65 81 12.6209 0
102 62 81 12.0991 0
126 62 48 12.0709 0
1 65 48 12.0709 0
0 62 79 11.9187 0
127 65 79 11.9187 0
101 65 47 11.7742 0
59 127 49 11.7786 0
68 0 49 11.7786 0
63 25 80 11.3696 0
41 83 77 9.1116 0
84 127 65 9.2114 0
43 0 65 9.2114 0
127 83 66 9.0024 0
0 44 66 9.0024 0
127 44 61 9.0024 0
0 83 61 9.0024 0
45 39 50 8.7589 0
85 1 62 8.6062 0
42 126 62 8.6062 0
85 38 75 8.0631 0
87 81 75 7.7448 0
85 86 51 7.7283 0
80 40 51 7.7052 0
39 48 74 7.6282 0
48 90 52 6.7564 0
37 80 52 6.7146 0
47 35 75 6.334 0
91 50 53 5.7459 0
75 117 53 5.6895 0
52 11 53 5.6895 0
76 13 74 5.6897 0
13 51 53 5.6896 0
30 43 53 5.6895 0
52 114 74 5.6977 0
81 95 74 5.4013 0
42 98 73 5.398 0
81 24 73 5.3731 0
101 79 73 5.2338 0
49 16 73 5.1697 0
78 109 73 5.1697 0
104 45 73 5.2241 0
26 83 73 5.1465 0
71 84 71 5.1065 0
56 83 71 5.1065 0
15 52 73 5.1423 0
112 75 73 5.1423 0
42 69 71 5.1065 0
88 53 71 4.6184 0
104 82 54 4.741 0
82 104 54 4.7403 0
45 23 54 4.7403 0
14 77 73 4.7433 0
14 76 54 4.7615 0
113 51 54 4.7615 0
119 50 73 4.6861 0
113 76 54 4.7615 0
79 15 54 4.7352 0
48 112 54 4.7352 0
80 26 54 4.6816 0
43 53 54 4.6818 0
87 68 71 4.7152 0
70 38 71 4.6184 0
87 73 54 4.6816 0
102 47 54 4.6816 0
58 39 71 4.6184 0
26 46 73 4.1902 0
43 69 55 3.6737 0
68 87 55 3.7797 0
58 41 55 3.6771 0
87 60 55 3.7454 0
59 87 55 3.7797 0
97 89 55 3.6737 0
92 39 55 3.7796 0
68 42 55 3.6737 0
32 116 62 3.7286 0
95 11 62 3.7286 0
32 11 65 3.7286 0
95 116 65 3.7286 0
23 82 55 3.7472 0
90 97 55 3.6737 0
44 103 55 3.7292 0
33 93 71 3.6421 0
48 78 55 3.6737 0
95 79 55 3.6737 0
98 37 71 3.5781 0
34 33 55 3.6737 0
116 32 63 3.627 0
11 95 63 3.627 0
11 32 64 3.627 0
116 95 64 3.627 0
50 92 71 3.6284 0
34 37 71 3.6421 0
72 3 66 3.5931 0
55 124 66 3.5931 0
56 3 60 3.5207 0
71 124 60 3.5207 0
42 26 71 3.3135 0
3 57 63 3.2807 0
124 70 63 3.2807 0
38 60 70 3.367 0
3 70 65 3.3259 0
124 57 65 3.3259 0
51 75 69 3.2661 0
44 108 71 3.154 0
50 47 69 3.0908 0
91 28 71 3.1771 0
90 93 71 3.156 0
77 46 69 3.0908 0
74 30 70 3.1224 0
78 75 69 3.0908 0
95 45 70 3.1224 0
0
