128
39 127 127 63.7894 0
127 0 0 66.3983 0
0 0 127 65.095 0
0 127 0 64.6026 0
127 18 127 60.7393 0
125 127 0 59.3905 0
6 7 7 53.8164 0
127 117 91 30.4498 0
64 66 20 24.8474 0
0 62 63 22.9504 0
118 68 59 22.622 0
66 111 50 18.2672 0
60 52 101 17.3193 0
99 81 96 13.8509 0
64 4 64 7.5053 0
68 0 85 12.1348 0
92 108 67 11.8236 0
43 0 62 11.6968 0
86 1 68 11.5485 0
61 0 44 11.4073 0
39 94 58 10.9547 0
63 31 33 10.6318 0
28 63 33 10.6261 0
64 24 93 10.0917 0
23 35 63 9.9334 0
21 64 91 9.913 0
76 73 92 9.4018 0
103 37 63 9.0592 0
95 73 36 9.0019 0
13 94 66 8.9921 0
46 86 41 8.0785 0
80 90 38 8.0257 0
33 18 63 7.7959 0
95 20 65 7.7351 0
92 55 38 7.3219 0
64 38 64 1.0407 0
36 53 91 7.1349 0
83 57 90 7.0713 0
72 96 71 6.9911 0
93 100 85 6.8696 0
41 49 36 6.8198 0
24 47 76 6.7411 0
114 99 60 6.5297 0
24 48 49 6.4452 0
99 62 83 6.2269 0
78 40 38 6.2499 0
43 66 90 6.0161 0
60 72 87 5.9815 0
61 87 44 5.9514 0
7 86 79 5.6714 0
89 101 50 5.4779 0
82 88 87 5.5054 0
75 6 54 5.3399 0
99 52 75 5.4332 0
75 36 88 5.3475 0
99 48 48 5.2607 0
13 77 85 5.3705 0
53 6 76 5.3399 0
108 88 79 5.1021 0
34 78 39 4.9287 0
51 33 89 4.9211 0
69 16 41 4.8118 0
48 36 38 4.8509 0
27 90 69 4.6013 0
82 98 79 4.5655 0
17 73 42 4.5261 0
55 16 40 4.3331 0
23 90 56 4.3264 0
76 16 85 4.2282 0
93 88 41 4.12 0
41 70 39 4.2259 0
64 23 63 1.0407 0
82 45 87 4.1653 0
26 50 61 3.917 0
41 42 88 3.9063 0
56 44 39 3.854 0
110 93 69 3.9953 0
99 101 53 3.935 0
52 100 65 3.8567 0
44 86 72 3.8115 0
86 16 75 3.6809 0
69 90 60 3.5876 0
86 16 57 3.6809 0
76 28 41 3.7632 0
82 97 59 3.5925 0
70 47 42 3.5777 0
23 59 47 3.5955 0
90 68 86 3.5107 0
101 84 42 3.4944 0
88 43 41 3.5727 0
55 77 46 3.4383 0
100 74 79 3.5326 0
60 81 81 3.4865 0
51 24 40 3.4933 0
41 16 53 3.4025 0
82 78 41 3.4652 0
67 88 78 3.333 0
97 52 65 3.4181 0
54 16 86 3.3837 0
34 87 45 3.3546 0
97 51 57 3.3929 0
41 16 72 3.4025 0
32 28 72 3.3348 0
48 8 49 3.3241 0
109 93 52 3.1739 0
35 72 87 3.2748 0
71 85 84 3.2758 0
73 61 86 3.1691 0
61 98 69 3.1232 0
35 87 72 3.0801 0
82 50 41 3.0638 0
78 25 85 3.0881 0
93 53 84 3.0116 0
24 58 75 3.0415 0
84 68 41 3.0738 0
97 39 51 2.8269 0
71 83 43 2.809 0
32 29 54 2.935 0
81 9 81 2.9136 0
94 28 56 2.8152 0
66 38 86 2.9356 0
73 45 85 2.7898 0
102 81 77 2.9545 0
95 30 72 2.9511 0
32 45 42 2.9164 0
52 78 82 2.8953 0
75 92 81 2.7977 0
43 62 40 2.814 0
0
