128
127 0 0 96.124 0
0 127 0 73.4265 0
0 0 127 72.3917 0
127 127 127 70.4524 0
30 100 99 32.4669 0
93 113 36 26.0516 0
14 34 35 25.6122 0
70 60 89 23.7538 0
60 127 69 16.6896 0
45 63 45 15.5438 0
0 71 75 13.8887 0
68 82 47 13.2937 0
40 51 70 11.6342 0
69 98 77 10.2701 0
120 93 53 9.7489 0
100 70 76 9.2622 0
24 64 75 8.2544 0
62 106 52 8.2544 0
1 51 63 8.2811 0
21 64 52 8.2544 0
85 86 74 7.2465 0
47 86 53 7.2465 0
90 82 53 7.2465 0
66 63 56 6.8122 0
44 70 73 6.2386 0
55 83 73 6.2386 0
104 86 55 6.1367 0
120 81 65 6.0362 0
6 65 56 5.8985 0
80 114 67 5.4651 0
24 44 65 5.5058 0
31 77 55 5.2307 0
13 55 72 5.2307 0
12 85 67 4.7528 0
28 52 57 4.5912 0
53 63 65 4.344 0
73 98 56 4.2229 0
33 74 71 4.2229 0
69 83 71 4.2494 0
18 77 71 4.2229 0
48 99 56 4.2229 0
81 92 56 4.2229 0
98 85 71 4.2229 0
80 71 56 4.2229 0
57 94 56 4.2229 0
55 104 71 4.2229 0
83 101 71 4.2229 0
43 111 64 4.0799 0
113 73 69 3.944 0
9 76 59 3.9881 0
55 94 70 3.215 0
107 82 70 3.3562 0
109 100 59 3.4681 0
51 110 57 3.425 0
13 55 57 3.215 0
21 76 57 3.215 0
73 113 59 3.3419 0
76 63 61 3.2837 0
36 88 57 3.215 0
42 80 70 3.215 0
53 77 57 3.215 0
54 73 70 3.215 0
90 96 70 3.215 0
89 75 70 3.215 0
90 63 69 3.083 0
89 108 66 2.6519 0
77 79 69 2.2071 0
35 66 69 2.2071 0
49 109 69 2.3134 0
103 85 65 2.4199 0
65 95 58 2.2071 0
89 92 58 2.2071 0
16 47 69 2.2071 0
48 89 69 2.2071 0
113 80 58 2.2641 0
72 110 69 2.226 0
9 40 63 2.3425 0
25 53 69 2.3033 0
82 76 69 2.2071 0
82 62 64 2.239 0
103 96 58 2.2071 0
44 77 58 2.2071 0
81 79 58 2.2071 0
20 52 58 2.2071 0
31 65 58 2.2071 0
39 95 58 2.2071 0
95 90 58 2.2071 0
39 81 58 2.2071 0
62 107 69 2.2071 0
72 106 58 2.2071 0
25 81 69 2.2071 0
86 69 69 2.2071 0
61 76 69 2.2071 0
32 59 58 2.2427 0
19 91 66 2.1447 0
87 73 58 2.2071 0
25 75 69 2.2071 0
35 81 69 2.2071 0
97 75 58 2.2071 0
14 63 69 2.2071 0
26 84 58 2.2071 0
77 106 69 2.2071 0
15 72 58 2.2071 0
63 87 69 2.2306 0
50 98 69 2.2071 0
58 73 58 2.2071 0
95 92 69 2.2071 0
94 79 69 2.2071 0
79 93 69 2.2071 0
76 88 69 2.2071 0
60 66 64 2.1589 0
16 70 69 2.2071 0
103 77 58 2.2071 0
37 106 64 2.0224 0
95 105 64 1.8955 0
57 67 59 1.7204 0
103 102 61 1.8331 0
113 76 62 1.7532 0
106 88 68 1.6681 0
56 83 59 1.1992 0
14 82 60 1.5856 0
46 64 65 1.6327 0
26 52 64 1.6503 0
38 74 59 1.1992 0
15 37 63 1.5099 0
9 44 67 1.4931 0
47 104 68 1.1992 0
33 70 59 1.1992 0
0
