128
63 127 0 81.4429 0
127 0 127 66.9711 0
0 12 127 59.3994 0
0 0 0 53.4709 0
127 127 127 53.4709 0
127 0 0 53.4676 0
0 127 127 53.4676 0
58 0 70 21.0995 0
65 61 127 18.9472 0
64 1 32 15.9899 0
63 96 125 14.9271 0
127 62 34 14.8892 0
127 93 65 14.8892 0
0 93 66 14.5743 0
0 61 34 14.5743 0
63 124 99 14.0125 0
63 28 3 14.0125 0
61 32 91 12.9113 0
0 36 57 12.8068 0
89 9 56 12.7333 0
28 15 60 12.0945 0
127 37 56 11.9405 0
127 72 89 11.7685 0
92 72 115 11.471 0
0 73 88 11.2036 0
37 73 116 11.0781 0
127 54 72 8.8802 0
107 23 56 8.8805 0
0 56 73 8.501 0
53 50 103 8.5836 0
73 49 102 8.5836 0
109 71 102 8.4348 0
44 11 45 8.4408 0
63 56 71 3.9769 0
76 24 76 7.8709 0
17 73 101 7.7477 0
105 99 75 7.592 0
21 52 28 7.592 0
21 99 75 7.592 0
8 76 52 7.592 0
79 39 15 7.592 0
117 75 51 7.592 0
46 39 15 7.592 0
104 51 27 7.592 0
80 111 87 7.592 0
46 111 87 7.592 0
42 24 75 7.1582 0
0 61 57 6.9495 0
127 70 66 6.9495 0
63 31 37 3.4022 0
126 57 56 6.3937 0
18 31 65 6.2659 0
34 45 23 6.1667 0
1 71 68 6.1799 0
92 103 81 6.1667 0
35 103 81 6.1667 0
91 44 22 6.1667 0
82 88 114 6.0331 0
54 19 20 6.0606 0
73 107 108 6.0606 0
73 19 20 6.058 0
54 107 108 6.058 0
17 28 51 5.5356 0
65 107 86 5.454 0
64 41 20 5.454 0
9 43 41 5.5127 0
18 82 61 5.454 0
118 43 41 5.5268 0
107 63 42 5.454 0
107 84 63 5.454 0
19 64 43 5.454 0
86 57 105 5.2001 0
83 14 38 5.2953 0
44 89 113 5.2953 0
42 59 107 5.0205 0
44 35 83 5.0202 0
117 88 83 4.9875 0
80 41 89 5.0202 0
10 87 84 4.9861 0
45 43 91 5.0202 0
53 79 114 4.92 0
114 60 87 4.9292 0
64 65 62 4.6705 0
110 35 64 4.7799 0
12 42 70 4.7007 0
72 81 114 4.6276 0
116 44 70 4.5596 0
72 13 50 4.6084 0
14 63 89 4.4853 0
88 22 69 4.4475 0
30 65 103 4.3336 0
63 26 73 4.3075 0
64 49 78 3.9769 0
98 62 102 4.0432 0
21 73 54 4.0287 0
105 70 51 4.0287 0
33 52 33 4.0287 0
90 51 32 4.0287 0
24 88 69 4.0287 0
32 92 73 4.0287 0
81 47 28 4.0287 0
95 91 72 4.0287 0
53 45 26 4.0287 0
27 57 38 4.0287 0
98 56 37 4.0287 0
74 101 82 4.0287 0
49 100 81 4.0287 0
43 48 29 4.0287 0
72 45 26 4.0287 0
94 22 44 3.6823 0
47 15 32 3.794 0
57 14 48 3.955 0
10 58 82 3.9502 0
33 20 44 3.9081 0
115 53 79 3.8992 0
13 82 92 3.8084 0
100 29 67 3.7648 0
112 32 47 3.7737 0
28 28 71 3.7005 0
27 80 104 3.7486 0
85 49 95 3.5949 0
78 98 112 3.6552 0
114 82 92 3.6419 0
76 18 64 3.5949 0
83 34 80 3.5949 0
48 98 111 3.6776 0
79 16 29 3.6776 0
64 37 31 3.4021 0
0
