128
63 127 0 81.4429 0
127 0 127 66.9711 0
0 0 115 59.3994 0
0 127 127 53.4844 0
127 0 0 53.4844 0
127 127 127 53.4641 0
0 0 0 53.4641 0
58 57 127 21.0995 0
65 0 66 18.9466 0
64 95 126 15.9892 0
63 2 31 14.9271 0
127 93 65 14.8892 0
127 62 34 14.8892 0
0 61 34 14.5743 0
0 93 66 14.5743 0
63 124 99 14.0125 0
64 28 3 14.0125 0
61 36 95 12.9113 0
0 70 91 12.8072 0
89 71 118 12.7333 0
28 67 112 12.0945 0
127 71 90 11.9405 0
127 38 55 11.7685 0
92 12 55 11.471 0
0 39 54 11.2036 0
37 11 54 11.0781 0
127 55 73 8.8801 0
107 71 104 8.8805 0
0 54 71 8.5012 0
53 24 77 8.5836 0
109 25 56 8.4348 0
72 25 78 8.5836 0
44 82 116 8.4408 0
76 51 103 7.8709 0
9 75 51 7.592 0
17 26 54 7.7477 0
106 99 75 7.592 0
21 52 28 7.592 0
21 99 75 7.592 0
64 58 69 3.9769 0
81 40 16 7.592 0
79 112 88 7.592 0
117 75 51 7.592 0
46 112 88 7.592 0
104 51 27 7.592 0
46 40 16 7.592 0
42 52 103 7.1582 0
63 32 36 3.4022 0
0 70 66 6.9435 0
127 61 57 6.9435 0
126 71 70 6.4001 0
18 62 96 6.2659 0
35 103 81 6.1667 0
1 59 56 6.1799 0
34 46 24 6.1667 0
92 102 80 6.1667 0
82 13 39 6.0332 0
73 107 108 6.0545 0
54 19 20 6.0545 0
73 19 20 6.0612 0
54 107 108 6.0612 0
85 21 70 5.7385 0
17 76 99 5.5356 0
60 107 86 5.454 0
60 41 20 5.454 0
108 83 62 5.454 0
9 86 84 5.5254 0
118 86 84 5.517 0
107 63 42 5.454 0
19 84 63 5.454 0
89 47 26 5.454 0
18 66 45 5.454 0
83 89 113 5.2953 0
44 14 38 5.2953 0
79 37 85 5.0202 0
42 20 68 5.0205 0
44 44 92 5.0202 0
117 44 39 4.9866 0
10 43 40 4.9864 0
45 36 84 5.0202 0
53 13 48 4.92 0
114 40 67 4.9292 0
110 63 92 4.7799 0
12 57 85 4.7007 0
64 65 62 4.6705 0
72 13 46 4.6276 0
116 57 83 4.5596 0
72 77 114 4.6084 0
14 38 64 4.4853 0
88 58 105 4.4475 0
30 24 62 4.3336 0
82 45 92 4.3075 0
62 54 101 4.3075 0
64 51 76 3.9769 0
98 89 70 4.0287 0
105 70 51 4.0287 0
33 53 34 4.0287 0
93 53 34 4.0287 0
76 101 82 4.0287 0
48 100 81 4.0287 0
22 72 53 4.0287 0
95 24 67 4.0864 0
45 47 28 4.0287 0
73 45 26 4.0287 0
30 90 71 4.0287 0
24 59 40 4.0287 0
94 83 105 3.6823 0
47 95 112 3.794 0
10 45 69 3.9502 0
57 79 113 3.9476 0
33 83 107 3.9081 0
115 48 74 3.8992 0
13 35 45 3.8084 0
100 60 98 3.7675 0
112 80 95 3.7737 0
28 56 99 3.6999 0
27 23 47 3.7487 0
78 15 29 3.6552 0
114 35 45 3.6419 0
76 63 109 3.5949 0
53 52 98 3.5949 0
79 98 111 3.6777 0
48 16 29 3.6777 0
86 31 77 3.5949 0
49 28 16 3.5648 0
78 28 16 3.5645 0
102 30 67 3.6177 0
41 30 76 3.5949 0
0
