128
0 0 0 63.1179 0
127 127 127 61.1865 0
127 0 127 61.995 0
127 127 0 61.4048 0
0 127 0 62.3397 0
0 127 127 60.3723 0
127 0 0 60.4916 0
0 0 127 59.4261 0
64 64 101 30.2746 0
63 64 29 29.979 0
124 62 63 8.4941 0
63 127 85 13.5791 0
1 67 65 7.883 0
63 0 85 13.4898 0
65 127 44 13.4322 0
64 0 44 13.3716 0
0 63 88 13.015 0
127 63 40 12.979 0
0 64 43 12.7534 0
127 64 85 12.7353 0
0 45 62 12.4215 0
127 88 64 11.7617 0
127 39 63 11.7125 0
0 88 65 11.3991 0
38 0 66 11.2654 0
89 127 64 11.1852 0
89 0 63 11.045 0
38 127 65 11.0557 0
22 63 99 10.298 0
60 23 94 10.3694 0
67 23 35 10.2642 0
22 63 33 10.071 0
105 63 30 9.9979 0
66 104 36 9.5606 0
60 104 93 9.5594 0
106 62 95 9.5657 0
98 53 62 4.265 0
26 67 66 4.9026 0
36 39 67 2.9265 0
90 91 64 2.5447 0
85 32 63 2.3859 0
41 95 66 2.5311 0
101 79 62 4.7251 0
11 28 66 7.2108 0
51 60 65 7.1258 0
55 26 64 1.2699 0
15 75 69 6.3985 0
70 53 65 6.8355 0
70 101 66 1.0251 0
77 66 65 6.6663 0
59 75 65 6.6954 0
113 103 64 6.6579 0
113 24 63 6.5798 0
13 102 65 6.5576 0
24 14 66 6.5832 0
57 0 64 6.3873 0
111 52 65 6.2524 0
70 127 65 6.3623 0
103 113 64 6.4013 0
112 74 60 6.2661 0
17 88 74 6.2077 0
102 13 62 6.3185 0
15 61 66 6.3061 0
76 30 90 6.2622 0
25 114 65 6.305 0
76 98 90 6.2065 0
51 30 39 6.0554 0
110 88 55 5.9666 0
50 98 39 5.8987 0
110 37 71 5.9965 0
71 1 66 5.5757 0
18 37 58 5.7144 0
34 81 63 3.2721 0
46 8 52 5.5682 0
52 16 44 5.614 0
56 126 62 5.5554 0
47 120 50 5.5737 0
20 49 64 5.4571 0
75 17 85 5.37 0
31 48 94 5.5217 0
97 77 91 5.4439 0
30 77 94 5.4047 0
80 8 77 5.203 0
52 111 42 5.3467 0
96 50 35 5.3533 0
7 46 80 5.1214 0
96 78 35 5.3136 0
49 112 84 5.2126 0
105 63 63 5.2037 0
82 117 50 5.1205 0
56 100 59 1.0676 0
47 33 91 5.241 0
31 79 38 5.2381 0
82 8 49 5.1151 0
80 96 38 5.0968 0
80 33 38 5.1501 0
47 95 91 5.1433 0
74 110 87 5.168 0
7 79 80 5.1864 0
95 36 66 3.7805 0
86 101 54 2.5642 0
43 27 59 2.2237 0
80 119 79 5.0283 0
70 26 63 1.2138 0
46 9 81 5.0009 0
121 78 50 5.0153 0
120 46 48 4.8693 0
7 80 50 4.8794 0
120 47 77 4.8646 0
28 96 75 4.5085 0
71 77 68 4.7342 0
94 47 90 4.6589 0
119 80 79 4.5393 0
26 80 67 4.7254 0
101 44 65 4.6299 0
86 90 89 4.5068 0
79 108 43 4.5343 0
34 46 39 4.5771 0
33 50 68 3.2643 0
86 25 74 2.5788 0
89 41 37 4.5098 0
110 75 88 4.4467 0
58 49 69 4.5075 0
100 94 55 4.4243 0
27 30 56 4.333 0
86 38 89 4.4306 0
100 31 72 4.4747 0
16 75 41 4.4211 0
0
