128
0 0 127 84.2364 0
127 127 127 74.5944 0
0 127 0 70.8878 0
127 0 30 71.501 0
26 25 8 33.6768 0
102 100 4 33.6326 0
31 104 94 28.023 0
74 101 51 20.0089 0
88 47 97 17.7423 0
25 57 47 15.7617 0
104 81 53 14.4669 0
50 35 49 13.7605 0
68 44 72 12.1844 0
51 83 123 11.6326 0
64 70 0 10.0614 0
96 65 73 11.0083 0
65 48 0 10.8534 0
28 72 70 10.68 0
59 48 28 9.8537 0
44 91 59 9.5832 0
65 92 80 9.5158 0
74 60 118 9.5175 0
88 72 36 9.5374 0
66 86 25 9.3304 0
40 61 27 7.9176 0
83 62 2 7.8846 0
47 62 2 7.6672 0
42 75 44 7.4637 0
44 55 67 7.2001 0
45 67 82 7.1456 0
83 70 86 6.9993 0
53 85 43 6.3777 0
32 80 54 6.2597 0
79 60 77 5.9605 0
89 85 68 5.914 0
85 66 20 5.6628 0
83 55 65 5.3325 0
66 73 125 5.4331 0
52 56 78 5.3481 0
46 52 37 5.2627 0
66 51 89 4.7723 0
79 87 75 4.6847 0
57 88 67 4.6631 0
54 80 32 4.6102 0
67 82 10 4.552 0
73 55 33 4.6342 0
59 89 107 4.457 0
62 91 95 4.5631 0
68 44 54 4.2923 0
65 45 42 4.3659 0
54 49 62 4.3774 0
82 77 49 4.3094 0
86 79 78 4.2452 0
60 66 119 4.2445 0
76 81 35 4.1322 0
76 83 84 4.1334 0
43 77 109 4.0675 0
64 61 21 3.7547 0
91 65 49 3.9648 0
41 64 13 4.0074 0
68 47 16 3.8828 0
44 73 31 3.7869 0
53 83 81 3.6962 0
41 77 77 3.5815 0
37 72 89 3.5296 0
78 58 25 3.5316 0
80 67 105 3.4388 0
42 50 56 3.2437 0
42 84 71 3.3454 0
79 68 59 0.7886 0
93 63 57 3.2643 0
65 79 116 3.2485 0
77 50 59 3.2354 0
49 86 74 3.2903 0
81 68 97 3.2325 0
84 61 44 3.1949 0
68 53 106 3.119 0
79 79 26 3.1171 0
72 52 23 3.0467 0
48 69 58 0.8267 0
44 61 39 3.1695 0
58 47 14 3.1066 0
51 60 33 2.8504 0
57 54 86 3.0089 0
79 62 33 3.0322 0
64 68 34 0.2001 0
73 56 84 3.0039 0
55 80 20 2.9112 0
58 81 11 2.9354 0
57 85 57 2.8417 0
66 52 98 2.7367 0
63 84 38 2.8419 0
62 76 33 2.7967 0
44 64 46 2.8769 0
48 79 53 2.7814 0
72 60 7 2.6238 0
71 73 116 2.7247 0
52 73 7 2.6238 0
44 52 46 2.7438 0
48 66 34 2.7297 0
77 72 7 2.6238 0
61 47 57 2.6752 0
55 54 69 2.5986 0
41 74 102 2.7022 0
77 53 7 2.6261 0
42 65 71 2.6623 0
52 52 7 2.6272 0
37 63 63 2.5744 0
48 78 84 2.4858 0
56 57 7 2.6251 0
69 86 69 2.6028 0
86 81 55 2.5918 0
76 62 87 2.5723 0
57 69 26 0.9147 0
53 70 115 2.5198 0
51 60 88 2.5532 0
63 66 13 2.564 0
52 84 107 2.4716 0
51 59 23 2.3331 0
47 53 21 2.4545 0
64 60 32 2.4016 0
72 69 27 0.4178 0
38 81 65 2.363 0
45 72 22 2.2864 0
82 69 47 2.3026 0
70 58 24 2.2805 0
46 58 45 2.1738 0
64 77 16 2.155 0
0
