128
63 64 112 35.8331 0
127 0 0 60.3148 0
0 127 0 60.3143 0
0 0 0 60.3171 0
127 127 0 60.3147 0
127 0 127 53.1086 0
0 0 127 53.0455 0
127 127 127 53.0213 0
0 127 127 52.9581 0
127 66 68 29.6274 0
64 63 20 29.3466 0
0 63 72 29.515 0
63 0 72 28.7398 0
64 127 64 28.4228 0
79 81 66 13.9082 0
48 81 66 13.9082 0
47 49 66 13.8849 0
80 51 66 13.8863 0
25 110 68 12.2329 0
109 25 68 12.1058 0
24 18 68 11.9124 0
69 25 38 11.8585 0
103 109 67 11.8065 0
26 57 38 11.8136 0
99 54 39 10.3721 0
52 97 39 10.1721 0
54 108 98 10.1421 0
99 75 40 9.3663 0
33 78 40 9.1781 0
76 99 40 9.1896 0
75 107 97 8.8295 0
105 53 98 8.5084 0
48 30 41 8.2053 0
86 39 41 8.1987 0
104 77 98 7.6414 0
87 39 84 7.567 0
91 21 58 7.4292 0
22 36 55 7.3418 0
105 39 84 7.4542 0
50 23 99 7.4068 0
77 23 99 7.4068 0
22 87 52 7.3418 0
89 106 82 7.2443 0
22 93 80 7.3418 0
39 106 83 7.2436 0
63 66 59 6.8422 0
87 89 85 6.7711 0
24 79 98 6.7101 0
39 39 85 6.6715 0
39 89 85 6.6715 0
24 50 98 6.6977 0
63 38 76 6.6359 0
104 92 54 6.4463 0
104 92 82 6.4463 0
104 37 53 6.4463 0
36 22 83 6.4396 0
89 22 85 6.4411 0
39 22 56 6.4199 0
23 36 84 6.3339 0
90 105 53 6.2577 0
85 84 43 6.1501 0
39 105 51 6.2591 0
35 39 43 6.183 0
63 90 78 5.7582 0
38 65 76 5.6637 0
89 67 78 5.5513 0
24 91 66 5.326 0
91 23 72 5.4237 0
24 36 71 5.326 0
37 93 44 5.1357 0
38 66 57 4.8264 0
85 25 46 4.847 0
90 92 97 4.8548 0
63 25 96 4.8017 0
36 36 97 4.744 0
64 91 58 4.7357 0
96 42 99 4.7286 0
37 77 82 4.6558 0
89 36 57 4.5719 0
90 66 58 4.5434 0
75 36 78 4.5591 0
90 77 83 4.5434 0
51 36 80 4.5523 0
64 36 64 4.5702 0
90 52 83 4.5434 0
102 92 70 4.4305 0
102 41 66 4.4305 0
96 89 45 4.1307 0
88 33 98 4.1713 0
50 43 45 4.1643 0
41 103 70 4.2295 0
37 93 97 4.0951 0
87 103 70 4.2295 0
88 64 45 4.149 0
40 64 45 4.149 0
47 80 45 4.1373 0
59 37 45 4.1687 0
42 48 45 4.1607 0
63 87 45 4.1322 0
73 40 45 4.1665 0
73 85 45 4.1336 0
63 102 87 3.9331 0
64 54 56 3.8098 0
51 65 56 3.8178 0
36 53 83 3.6479 0
73 36 57 3.8036 0
38 36 56 3.7966 0
51 92 85 3.7475 0
75 92 85 3.7475 0
36 36 74 3.6479 0
90 35 67 3.5562 0
23 99 54 3.6569 0
36 92 57 3.6479 0
100 26 83 3.6174 0
57 25 50 3.3919 0
26 68 95 3.4996 0
54 35 56 3.5722 0
101 80 86 3.4227 0
101 51 85 3.4227 0
91 91 56 3.5355 0
101 88 93 3.4227 0
91 67 67 3.5355 0
26 89 92 3.3103 0
50 25 54 3.3948 0
101 48 55 3.4227 0
26 50 53 3.3103 0
47 25 87 3.4189 0
79 25 57 3.397 0
0
