128
127 127 0 80.0222 0
0 127 127 79.9677 0
127 0 127 77.0579 0
0 0 0 74.5262 0
35 32 90 25.9818 0
87 36 38 24.974 0
39 84 39 24.1736 0
87 86 87 23.0999 0
69 53 78 13.9147 0
2 50 73 12.8829 0
5 71 52 12.2484 0
53 49 51 11.8783 0
74 70 51 11.8828 0
120 74 76 11.8823 0
59 24 61 11.4972 0
115 54 56 11.0615 0
46 66 75 10.9059 0
64 93 62 9.859 0
92 57 72 7.9668 0
26 61 72 7.8587 0
30 56 55 7.8615 0
94 65 55 7.8564 0
61 78 71 6.884 0
73 33 70 6.1199 0
106 63 70 5.8921 0
85 44 69 4.9337 0
37 44 58 4.994 0
16 54 58 4.9535 0
49 82 68 4.9675 0
58 65 58 4.8413 0
69 53 58 4.89 0
22 67 58 4.8434 0
51 51 69 4.8165 0
45 34 58 4.8238 0
13 65 69 4.8165 0
86 80 59 4.5501 0
58 40 68 4.1689 0
77 85 60 4.0842 0
32 74 68 4.0495 0
44 62 59 3.9634 0
59 76 59 4.185 0
66 41 59 4.0156 0
105 74 68 3.9803 0
106 68 59 3.878 0
81 66 68 3.8381 0
19 47 68 3.8314 0
69 69 68 3.8914 0
84 58 59 3.8544 0
36 54 68 3.8371 0
39 80 68 3.8227 0
99 54 59 3.8233 0
60 66 68 3.7207 0
80 26 65 3.3953 0
97 70 67 3.3844 0
18 78 60 3.1744 0
102 51 67 3.0423 0
14 39 67 3.2049 0
20 71 67 3.0352 0
28 44 60 2.9317 0
28 50 67 3.0106 0
117 69 60 2.9958 0
36 65 60 2.9056 0
100 74 60 2.8216 0
78 53 60 2.8007 0
95 44 67 2.8402 0
105 41 60 2.8589 0
50 68 60 2.8329 0
21 46 60 2.8247 0
71 77 67 2.8076 0
41 54 60 2.8012 0
16 57 67 2.8273 0
89 68 67 2.8191 0
94 77 60 2.8007 0
82 36 67 2.8151 0
102 47 60 2.8007 0
56 58 67 2.8007 0
70 35 61 2.4648 0
40 28 61 2.3688 0
30 67 61 2.3105 0
79 78 63 2.2412 0
92 54 61 2.1327 0
13 47 61 2.1461 0
66 80 61 2.0482 0
103 82 66 2.0178 0
73 46 61 1.8497 0
51 43 66 1.8514 0
35 63 66 2.1283 0
65 39 66 2.0821 0
76 71 66 1.9755 0
32 46 64 2.0665 0
51 62 61 1.9217 0
80 59 66 1.8526 0
15 63 61 1.8483 0
10 59 61 1.8161 0
46 45 66 1.7929 0
91 38 66 1.8521 0
54 38 61 1.9939 0
77 59 61 1.8227 0
35 35 61 1.8615 0
67 61 61 1.8052 0
114 64 66 1.8918 0
62 59 61 1.9327 0
51 76 62 1.9296 0
81 54 66 1.8728 0
51 36 66 1.8449 0
58 48 66 1.8366 0
71 81 61 1.8645 0
20 38 66 1.9152 0
74 64 66 1.8291 0
85 71 61 1.867 0
41 68 61 1.8654 0
26 73 61 1.8807 0
56 71 66 1.8669 0
44 53 66 1.8168 0
24 76 66 1.793 0
78 40 66 1.8683 0
101 45 66 1.7929 0
41 47 66 1.8511 0
87 52 61 1.7929 0
87 33 66 1.7975 0
31 81 65 1.6977 0
91 48 66 1.8464 0
22 53 66 1.8212 0
26 71 66 1.799 0
85 65 61 1.7929 0
24 78 61 1.8086 0
104 61 61 1.8058 0
106 75 61 1.8367 0
0
