128
127 0 127 77.0369 0
0 127 0 56.7474 0
127 127 60 65.0651 0
0 127 127 59.0055 0
0 0 0 56.7473 0
0 9 109 50.4661 0
115 0 0 49.0217 0
69 68 0 31.8334 0
13 67 58 26.685 0
79 92 127 23.4164 0
62 15 50 23.0872 0
64 64 85 20.7331 0
43 107 62 19.6299 0
50 60 127 18.3731 0
104 48 47 17.098 0
65 58 48 15.6532 0
113 63 14 13.5519 0
59 101 92 13.1497 0
27 63 18 12.7004 0
27 66 97 12.5748 0
31 32 59 11.5975 0
67 110 14 11.0468 0
55 29 84 10.559 0
57 105 34 10.3229 0
62 26 10 9.4101 0
83 37 62 8.2982 0
96 58 71 8.2877 0
32 88 81 7.595 0
32 48 35 7.5354 0
85 33 37 7.3102 0
53 76 37 7.3326 0
55 45 30 7.2861 0
92 70 91 7.2527 0
33 80 32 6.5276 0
68 80 38 6.7915 0
77 88 96 6.8333 0
58 77 60 6.7493 0
53 33 102 6.5276 0
50 84 117 6.5898 0
33 47 80 6.5276 0
34 91 42 6.4388 0
70 33 74 6.4094 0
37 33 41 6.211 0
72 76 61 6.224 0
70 43 30 6.1996 0
50 37 15 5.852 0
48 64 62 5.7979 0
80 72 37 5.8324 0
58 78 108 5.8124 0
64 94 72 5.7225 0
62 94 49 5.7927 0
48 63 34 5.7008 0
51 37 115 5.3926 0
80 51 33 5.6018 0
61 48 107 5.6138 0
46 34 70 5.5197 0
39 48 14 5.4296 0
101 66 32 5.4511 0
102 50 24 4.993 0
35 74 112 4.915 0
80 64 63 4.8246 0
44 95 32 4.9033 0
45 31 31 4.8594 0
80 39 48 4.8041 0
70 23 23 4.7149 0
68 36 20 4.7145 0
35 74 82 4.5118 0
50 73 51 4.6712 0
35 50 92 4.5118 0
53 24 23 4.5538 0
35 45 48 4.5118 0
53 92 108 4.5118 0
41 92 91 4.5118 0
35 83 95 4.5118 0
66 80 51 4.4953 0
57 48 65 4.4959 0
35 54 108 4.5118 0
46 92 82 4.5118 0
48 70 105 4.4959 0
35 62 35 4.5118 0
35 62 81 4.5118 0
36 79 17 4.3999 0
54 99 15 4.3401 0
84 61 36 4.3334 0
76 52 65 4.3064 0
52 92 44 4.2541 0
59 86 31 4.2889 0
87 47 71 4.087 0
84 80 90 4.1844 0
92 67 48 4.1085 0
50 53 104 4.1423 0
77 28 28 4.1126 0
38 36 78 3.9704 0
59 35 70 4.1035 0
92 66 61 3.9804 0
101 78 17 3.9783 0
66 92 61 3.8723 0
49 54 66 3.9954 0
50 84 28 3.9597 0
77 35 16 3.8658 0
71 101 27 3.9241 0
79 41 23 3.8856 0
67 82 103 3.8546 0
93 41 29 3.7299 0
58 36 22 3.7952 0
71 91 83 3.7417 0
66 46 67 3.635 0
46 61 103 3.6064 0
68 95 40 3.5459 0
88 49 62 3.673 0
80 70 55 3.6014 0
46 65 46 3.6292 0
48 55 27 3.5792 0
54 91 77 3.5039 0
79 100 17 3.5382 0
91 70 79 3.5052 0
36 48 68 3.5039 0
47 91 101 3.5039 0
79 40 74 3.4755 0
76 76 51 3.5412 0
47 36 60 3.5039 0
44 36 49 3.5039 0
57 80 49 3.429 0
36 45 23 3.5039 0
46 36 94 3.5039 0
36 80 104 3.5039 0
49 74 67 3.36 0
97 48 16 3.3346 0
0
