128
127 127 0 80.747 0
0 59 127 66.9144 0
0 0 0 71.3537 0
127 0 127 62.946 0
116 2 18 44.7386 0
6 112 29 43.1775 0
86 127 117 41.6858 0
105 73 86 21.8925 0
52 0 91 18.3723 0
31 127 84 17.6346 0
36 63 51 16.1981 0
50 70 22 15.6073 0
73 47 13 15.2826 0
109 49 57 14.8256 0
77 53 99 12.9887 0
66 0 58 11.9221 0
52 127 59 12.6749 0
54 89 42 10.4138 0
74 77 103 10.302 0
83 95 75 9.8925 0
36 16 73 9.5216 0
88 4 65 8.9501 0
55 49 35 8.5202 0
65 27 101 8.375 0
36 85 65 8.1975 0
72 112 70 7.9993 0
70 28 28 7.7989 0
54 107 50 7.4608 0
93 67 57 7.4135 0
104 26 64 7.4368 0
34 41 62 7.4212 0
72 88 88 7.2933 0
99 50 35 6.9786 0
48 7 63 6.9131 0
75 5 79 6.8356 0
68 10 40 6.6799 0
100 43 77 6.8069 0
29 103 74 6.4723 0
77 61 31 6.4565 0
55 122 79 6.3473 0
45 109 95 6.1051 0
45 74 70 5.6286 0
45 93 56 5.5107 0
92 54 69 5.4371 0
69 71 35 5.2273 0
68 86 51 5.4418 0
91 45 87 5.2725 0
86 83 63 5.2481 0
65 108 58 5.1725 0
89 44 28 5.1272 0
64 97 53 4.9687 0
57 61 43 5.014 0
55 87 88 4.8853 0
44 52 69 4.7577 0
48 114 72 4.7465 0
41 113 64 4.6792 0
39 105 85 4.6675 0
69 101 81 4.6205 0
96 59 44 4.4466 0
63 41 96 4.5665 0
36 28 62 4.484 0
96 16 68 4.487 0
74 100 63 4.3067 0
58 77 87 4.4496 0
70 16 92 4.3647 0
60 36 33 4.3297 0
77 70 89 4.2593 0
65 66 94 4.3623 0
87 53 81 4.3082 0
87 55 28 4.2371 0
81 35 32 4.3469 0
54 24 93 4.247 0
61 90 102 4.2169 0
63 97 88 4.178 0
89 54 58 3.9741 0
48 79 60 3.9777 0
43 43 47 4.1473 0
97 41 43 4.2039 0
66 58 29 4.0469 0
61 51 89 3.7468 0
77 35 96 3.8077 0
46 22 86 3.9372 0
80 8 53 3.9339 0
37 31 72 3.8088 0
65 8 73 3.7747 0
84 73 51 3.8452 0
77 85 56 3.8339 0
50 115 87 3.6263 0
67 81 41 3.7012 0
54 98 100 3.6931 0
69 40 32 3.5035 0
64 20 36 3.5163 0
50 77 79 3.5304 0
79 78 85 3.4774 0
54 53 48 3.3919 0
99 31 54 3.36 0
53 71 42 3.2626 0
45 64 71 3.3656 0
44 83 76 3.2798 0
55 91 57 3.1573 0
72 94 57 3.2734 0
64 79 33 3.2496 0
59 11 47 3.009 0
54 10 53 3.1332 0
78 92 62 3.1784 0
91 41 37 3.2056 0
63 120 72 3.1138 0
59 67 88 3.1103 0
63 72 52 0.9385 0
99 30 74 3.0709 0
41 82 45 2.9314 0
39 106 76 3.0011 0
84 38 92 2.9444 0
93 15 60 2.9954 0
58 9 69 2.7772 0
60 81 55 2.5415 0
74 9 69 2.9195 0
42 18 60 2.8723 0
62 79 49 2.9068 0
50 96 93 2.8969 0
85 11 76 2.8365 0
73 19 36 2.648 0
40 37 52 2.8453 0
45 112 56 2.7494 0
35 111 70 2.7973 0
49 84 82 2.7128 0
61 60 90 2.7586 0
41 27 79 2.7444 0
0
