128
127 127 127 84.6198 0
127 0 0 84.6493 0
0 0 127 84.0937 0
0 127 0 84.0653 0
46 47 46 17.8817 0
80 81 47 17.8582 0
44 84 82 17.3594 0
81 44 82 17.2513 0
56 57 75 10.1612 0
69 73 74 9.1759 0
71 56 54 8.1666 0
54 73 54 8.1351 0
22 54 55 7.2892 0
105 72 55 7.1388 0
103 54 72 7.1369 0
25 70 72 7.1537 0
38 62 71 6.115 0
87 65 71 6.1378 0
64 46 64 5.951 0
40 69 57 5.171 0
6 70 70 5.1811 0
6 57 57 5.1802 0
117 57 70 5.1483 0
86 60 57 5.1338 0
119 69 58 4.4235 0
58 81 64 4.2368 0
30 66 58 4.1816 0
125 62 65 4.1864 0
75 44 60 4.0028 0
96 64 58 4.124 0
70 59 69 4.0966 0
50 84 60 3.6657 0
43 53 68 3.5804 0
3 64 63 3.451 0
66 68 59 3.1351 0
58 61 59 3.1109 0
51 69 68 3.2078 0
14 62 59 3.1211 0
16 64 68 3.1559 0
97 63 68 3.1103 0
84 51 59 3.1016 0
31 52 62 3.0933 0
77 64 68 3.0916 0
109 63 68 3.0887 0
96 75 62 3.1007 0
92 56 68 3.0887 0
44 78 59 3.0887 0
64 76 61 2.8559 0
81 73 67 2.5567 0
91 73 67 2.5193 0
20 66 60 2.1958 0
51 63 60 2.1351 0
16 73 67 2.3551 0
30 79 67 2.2545 0
56 74 67 2.2408 0
36 53 66 2.3178 0
105 61 60 2.1214 0
93 55 60 2.124 0
113 64 60 2.0828 0
59 69 67 2.1019 0
61 54 60 2.1353 0
33 58 60 2.1038 0
38 61 60 2.1356 0
96 48 67 2.1769 0
42 70 67 2.1794 0
96 70 67 2.1361 0
104 67 67 2.1355 0
30 56 67 2.109 0
35 73 67 2.0878 0
81 59 67 2.1057 0
47 64 67 2.0809 0
26 61 67 2.1163 0
64 64 67 2.1271 0
45 63 60 2.0862 0
76 65 60 2.0887 0
33 73 60 2.0808 0
116 65 66 2.0274 0
57 52 63 1.7006 0
10 63 68 1.7003 0
82 44 61 1.4161 0
64 62 61 1.1603 0
80 55 61 1.3218 0
85 56 66 1.148 0
60 66 61 1.3196 0
90 51 61 1.1269 0
35 77 62 1.2014 0
47 68 61 1.131 0
72 68 61 1.1292 0
25 71 61 1.3362 0
74 54 66 1.0821 0
46 58 66 1.2251 0
26 61 61 1.131 0
76 58 66 1.1645 0
89 69 61 1.1465 0
77 70 66 1.2121 0
34 68 66 1.1257 0
86 72 66 1.1563 0
69 53 66 1.073 0
81 64 61 1.2018 0
71 64 61 1.1657 0
9 64 61 1.073 0
113 72 61 1.1638 0
23 57 66 1.1214 0
102 62 66 1.1797 0
22 63 66 1.1209 0
99 59 61 1.1364 0
46 72 61 1.073 0
71 50 66 1.1659 0
44 83 62 1.0011 0
31 66 66 1.2147 0
12 55 61 1.1752 0
15 57 61 1.1485 0
90 51 66 1.1269 0
31 62 66 1.0786 0
91 73 62 1.1796 0
65 54 66 1.1359 0
24 64 61 1.1203 0
102 57 61 1.073 0
93 69 61 1.0889 0
12 68 66 1.1534 0
63 58 61 1.073 0
55 65 61 1.1521 0
47 73 66 1.1424 0
56 66 66 1.1567 0
90 65 61 1.073 0
84 67 61 1.1102 0
111 55 66 1.1062 0
92 46 66 1.1291 0
0
