128
127 79 127 98.4197 0
0 0 0 83.8394 0
60 127 0 51.9695 0
29 86 56 21.7512 0
35 127 68 19.4594 0
79 0 61 14.1032 0
58 70 38 13.372 0
60 10 74 9.9797 0
43 55 63 8.8 0
75 22 51 8.2825 0
60 50 49 6.9258 0
63 26 61 6.3946 0
58 89 46 6.2059 0
65 37 52 5.9517 0
53 40 62 5.8813 0
60 121 58 5.3055 0
47 58 49 4.3821 0
46 107 52 4.339 0
47 104 66 4.2208 0
58 99 52 3.8907 0
47 66 54 3.8697 0
64 14 60 3.7543 0
59 108 55 3.7522 0
57 60 54 3.4679 0
48 68 62 3.2192 0
74 18 63 3.2322 0
73 6 79 3.2353 0
68 20 68 2.6263 0
50 98 48 2.5887 0
49 47 55 2.4357 0
56 54 58 2.2903 0
48 115 53 2.2494 0
56 67 55 2.3842 0
48 110 60 2.3461 0
56 75 54 2.2458 0
56 81 54 2.1142 0
57 33 57 2.0603 0
65 28 51 2.0846 0
56 118 65 1.9864 0
49 51 51 2.048 0
56 88 55 2.0296 0
56 93 55 1.9633 0
56 102 58 1.8524 0
51 120 54 1.8789 0
62 114 54 1.8342 0
70 14 57 1.8673 0
56 48 60 1.8611 0
56 109 61 1.7496 0
59 43 56 1.6288 0
52 109 66 1.7148 0
54 113 66 1.5934 0
54 81 49 1.5206 0
49 100 59 1.4143 0
66 16 54 1.3778 0
49 100 54 1.4143 0
49 98 63 1.444 0
54 103 49 1.4627 0
75 15 68 1.3762 0
49 105 58 1.3071 0
50 74 62 1.1619 0
52 43 54 0.9903 0
50 73 52 0.7558 0
66 18 64 1.1443 0
50 73 56 0.7558 0
50 76 50 1.0457 0
55 84 57 1.0926 0
52 49 59 0.9568 0
61 113 58 0.9323 0
55 107 50 1.0762 0
50 52 55 1.0273 0
73 8 74 1.0264 0
76 8 75 1.0088 0
50 58 55 0.9497 0
50 63 60 0.9391 0
50 55 54 0.9885 0
50 61 56 0.9109 0
67 15 65 0.9203 0
59 39 57 0.9853 0
76 13 71 0.959 0
55 113 62 0.7233 0
57 41 52 0.9714 0
55 96 59 0.9341 0
54 57 50 0.7801 0
56 116 53 0.7633 0
53 59 61 0.8388 0
63 20 55 0.8613 0
50 72 59 0.7687 0
50 112 65 0.8348 0
53 62 61 0.7288 0
59 111 60 0.808 0
55 104 54 0.8078 0
54 39 54 0.8457 0
71 17 59 0.8655 0
55 113 52 0.7233 0
50 70 57 0.7945 0
55 104 61 0.8231 0
50 71 54 0.7816 0
50 102 50 0.8177 0
50 75 54 0.7299 0
55 110 51 0.732 0
50 70 51 0.7945 0
50 75 59 0.7299 0
55 106 59 0.6791 0
69 13 64 0.6323 0
56 116 61 0.7633 0
54 63 58 0.9558 0
69 13 67 0.7128 0
53 52 60 0.6994 0
69 19 61 0.9909 0
52 110 56 0.4304 0
50 112 56 0.8648 0
52 94 50 0.9276 0
53 61 50 0.9276 0
54 71 57 0.8054 0
57 46 57 0.62 0
51 63 50 0.5032 0
51 45 52 0.6846 0
54 52 55 0.623 0
54 66 59 0.9234 0
56 36 55 0.6617 0
51 79 50 0.9442 0
72 10 76 0.5631 0
50 114 58 0.7574 0
50 94 63 0.5897 0
51 118 57 0.6168 0
52 84 50 0.9276 0
57 40 50 0.583 0
52 54 50 0.9276 0
0
