128
64 33 63 33.9135 0
0 127 127 62.743 0
127 127 0 62.743 0
0 127 0 62.743 0
127 127 127 62.743 0
0 0 127 59.6408 0
0 0 0 59.6408 0
127 0 127 59.6408 0
127 0 0 59.6408 0
64 103 63 27.6508 0
64 51 127 19.9186 0
64 51 0 19.9186 0
127 51 64 19.9186 0
0 51 64 19.9186 0
63 89 22 13.03 0
64 89 105 13.03 0
105 89 64 13.03 0
22 89 64 13.03 0
11 62 36 10.9 0
36 62 116 10.9 0
116 62 36 10.9 0
36 62 11 10.9 0
115 63 91 9.8921 0
91 63 12 9.8921 0
93 61 115 9.8921 0
12 62 94 9.8921 0
40 61 87 8.0847 0
87 61 87 8.0847 0
40 61 40 8.0847 0
14 74 79 8.1131 0
79 74 113 8.1131 0
36 84 46 7.8694 0
81 84 91 7.8694 0
42 84 86 7.8694 0
83 84 38 7.8694 0
87 60 39 7.6027 0
52 39 104 7.2723 0
23 39 52 7.2723 0
76 39 104 7.2723 0
23 39 76 7.2723 0
104 39 76 7.2723 0
104 39 51 7.2723 0
52 39 23 7.2723 0
76 39 23 7.2723 0
52 73 114 7.2273 0
114 73 52 7.2273 0
52 73 13 7.2273 0
13 73 52 7.2273 0
76 74 14 7.0357 0
112 74 77 6.9401 0
45 83 33 6.8615 0
90 83 78 6.8615 0
19 62 19 5.9546 0
20 49 86 6.0758 0
109 62 107 6.0416 0
107 62 18 6.0416 0
96 82 46 5.8537 0
55 63 90 5.5869 0
37 63 56 5.5869 0
71 63 90 5.5869 0
90 63 53 5.5869 0
37 63 69 5.5869 0
55 63 37 5.5869 0
90 63 72 5.5869 0
73 63 37 5.5869 0
106 49 86 5.3877 0
41 48 21 5.3877 0
86 49 106 5.3877 0
21 49 42 5.3877 0
42 49 106 5.3877 0
88 49 21 5.3877 0
36 42 91 5.3124 0
46 81 103 5.1718 0
20 60 108 5.2526 0
36 43 36 4.8947 0
91 43 91 4.8947 0
40 81 72 4.8523 0
55 81 90 4.8523 0
26 81 81 4.8633 0
108 51 46 4.8125 0
88 81 55 4.8523 0
91 44 36 4.6433 0
23 80 45 4.5201 0
83 80 23 4.5201 0
103 80 83 4.1983 0
68 80 38 3.8379 0
41 76 19 4.0641 0
108 76 41 4.0641 0
38 80 60 3.8379 0
18 61 80 3.8449 0
89 80 65 3.8379 0
55 80 39 3.846 0
79 60 109 3.8449 0
103 43 63 3.6916 0
95 80 90 3.8379 0
26 41 64 3.8685 0
64 41 101 3.8685 0
68 80 90 3.8379 0
51 62 18 3.8449 0
109 62 51 3.8449 0
109 62 77 3.8449 0
51 62 109 3.8449 0
77 62 18 3.8449 0
18 62 51 3.8449 0
64 42 25 3.6916 0
51 51 22 3.6456 0
76 51 22 3.6456 0
105 51 35 3.6456 0
105 51 75 3.6456 0
75 51 105 3.6456 0
22 51 53 3.6456 0
22 51 75 3.6456 0
53 51 105 3.6456 0
40 75 108 3.6092 0
16 72 66 3.3922 0
35 55 76 3.5712 0
111 72 65 3.3922 0
64 72 16 3.3922 0
83 50 92 3.5712 0
35 50 83 3.5712 0
64 72 111 3.3922 0
43 49 92 3.5712 0
35 55 50 3.5712 0
23 51 32 3.372 0
32 51 104 3.372 0
28 41 41 3.3349 0
85 66 62 3.0453 0
41 41 28 3.3349 0
0
