128
0 0 0 78.8204 0
126 119 127 55.0024 0
127 127 0 71.206 0
0 127 127 56.3207 0
127 0 127 56.2297 0
21 14 127 49.2122 0
2 127 19 48.5078 0
123 11 25 45.4345 0
123 60 74 22.7825 0
56 77 31 19.9425 0
0 77 68 19.9145 0
47 127 69 17.1788 0
60 0 76 15.3851 0
84 58 127 14.8191 0
62 89 127 14.2942 0
80 125 74 13.9298 0
87 58 37 13.9283 0
63 121 96 13.0953 0
102 60 103 11.7472 0
88 0 70 11.5502 0
14 67 96 11.4609 0
56 108 40 10.8517 0
42 72 124 10.925 0
13 48 77 10.4112 0
26 77 41 10.0029 0
73 7 52 9.9547 0
73 33 41 9.9036 0
21 100 68 9.5616 0
71 17 95 8.9213 0
104 32 73 8.7441 0
61 49 42 8.8774 0
68 118 55 8.5476 0
110 91 71 8.4826 0
73 39 116 8.5214 0
44 23 74 8.1966 0
60 58 127 8.0968 0
96 106 71 7.9779 0
106 66 48 7.7313 0
60 103 108 7.6921 0
30 69 109 7.4324 0
30 35 74 7.3197 0
100 45 89 6.8866 0
81 78 44 6.8562 0
23 88 55 6.531 0
97 17 73 6.6168 0
102 52 52 6.324 0
88 43 101 6.267 0
35 107 61 5.9882 0
68 33 102 5.7496 0
37 64 45 5.828 0
43 96 45 5.8114 0
80 9 84 5.8251 0
73 93 45 5.8333 0
47 56 45 5.8399 0
34 108 75 5.5629 0
18 66 52 5.4622 0
102 42 61 5.4802 0
19 84 85 5.3651 0
48 110 90 5.1038 0
79 79 121 5.1152 0
104 75 90 4.9804 0
16 56 62 4.8726 0
108 77 56 4.912 0
95 74 46 4.8524 0
57 19 85 4.8296 0
83 110 61 4.6578 0
106 82 82 4.688 0
59 14 59 4.6319 0
79 112 89 4.446 0
41 36 81 4.5588 0
62 49 116 4.4358 0
93 25 82 4.4577 0
92 71 112 4.2666 0
96 34 85 4.3382 0
67 70 124 4.2268 0
40 34 66 4.2422 0
46 86 116 4.317 0
72 106 102 4.2096 0
50 94 111 4.0525 0
47 119 48 4.1709 0
97 95 80 4.1646 0
72 97 111 4.036 0
23 93 81 4.0655 0
22 53 89 4.0511 0
71 105 47 4.0897 0
52 105 98 4.0619 0
33 91 47 3.7922 0
36 80 111 3.9804 0
26 78 100 3.8279 0
67 20 47 3.8607 0
52 20 63 3.8115 0
75 47 47 3.8486 0
89 35 93 3.8843 0
77 87 114 3.8931 0
73 66 47 3.835 0
88 52 108 3.7482 0
90 42 47 3.8619 0
98 57 87 3.8008 0
71 57 47 3.8395 0
62 95 47 3.8089 0
88 17 83 3.7539 0
38 84 47 3.8 0
41 109 83 3.7367 0
77 29 106 3.6797 0
104 85 60 3.613 0
88 109 82 3.6703 0
29 100 80 3.5613 0
85 13 58 3.5075 0
89 103 61 3.5368 0
27 44 82 3.2916 0
99 66 88 3.4209 0
58 70 123 3.4063 0
23 46 66 3.4626 0
23 86 66 3.3924 0
49 59 119 3.3432 0
20 74 83 3.2711 0
20 76 54 3.3182 0
77 107 53 3.2654 0
21 87 75 3.2277 0
100 44 77 3.1243 0
82 46 110 3.1706 0
91 15 63 3.1439 0
75 8 66 3.1967 0
60 25 92 3.0806 0
31 97 59 3.08 0
83 19 90 3.0701 0
57 112 57 3.092 0
24 83 93 3.0352 0
0
