128
0 127 127 77.068 0
127 0 17 61.3003 0
127 127 0 65.6801 0
0 0 68 61.5722 0
127 111 127 49.9307 0
9 121 0 49.3768 0
108 0 127 49.1082 0
47 30 0 24.3583 0
126 68 68 21.8995 0
47 38 127 21.6244 0
64 106 56 19.7865 0
60 73 4 18.8335 0
78 63 123 17.1753 0
13 55 12 16.7383 0
11 75 50 15.2965 0
76 18 73 14.9991 0
95 103 71 13.5421 0
105 39 78 12.5282 0
66 28 48 11.5215 0
118 55 99 11.5041 0
78 102 90 10.9064 0
87 61 12 10.7154 0
60 97 26 10.4413 0
105 65 40 9.7669 0
35 102 50 8.7314 0
103 57 114 8.1974 0
63 19 95 8.243 0
75 87 112 8.0497 0
53 34 33 8.0441 0
102 84 56 7.8845 0
72 47 15 7.6917 0
34 70 15 7.6917 0
35 51 102 7.6363 0
101 52 56 7.6789 0
24 66 69 7.631 0
87 90 51 7.3056 0
73 86 34 7.1211 0
21 59 36 7.0635 0
67 34 25 6.7064 0
30 61 83 6.5388 0
63 94 81 6.4295 0
82 34 57 6.2863 0
46 97 37 6.256 0
53 63 112 6.1848 0
72 41 112 6.0887 0
69 88 98 6.177 0
106 86 79 6.0843 0
88 34 87 5.9211 0
44 57 17 5.676 0
20 71 29 5.797 0
93 40 61 5.6899 0
101 63 22 5.6047 0
60 32 65 5.4776 0
26 91 56 5.3639 0
53 28 101 5.1098 0
63 27 107 4.6354 0
112 70 92 4.6477 0
53 91 74 4.5777 0
40 38 29 4.5906 0
57 53 18 4.6681 0
52 38 47 4.6732 0
26 61 55 4.5187 0
44 93 65 4.56 0
79 77 19 4.5382 0
88 35 70 4.4856 0
77 28 91 4.5518 0
74 37 35 4.3624 0
48 88 20 4.4226 0
60 27 82 4.4335 0
91 82 42 4.3789 0
26 81 63 4.2968 0
102 55 69 4.2796 0
65 78 110 4.2049 0
102 81 69 4.2615 0
27 39 20 4.2738 0
83 90 100 4.1636 0
102 65 55 4.1307 0
44 60 105 4.0794 0
77 96 75 4.1534 0
96 68 110 4.073 0
106 44 95 4.1586 0
90 49 110 4.073 0
61 79 100 4.0935 0
60 54 110 4.073 0
66 76 27 4.0282 0
26 46 27 4.0381 0
24 93 46 3.9798 0
28 64 45 3.8007 0
109 55 85 3.9011 0
82 91 64 3.9204 0
106 68 100 3.8863 0
62 88 39 3.8616 0
97 53 44 3.8664 0
95 75 36 3.789 0
86 41 49 3.7866 0
62 87 72 3.7398 0
108 78 87 3.5476 0
42 40 101 3.6786 0
34 54 19 3.6602 0
72 59 19 3.6602 0
103 48 103 3.7301 0
43 80 19 3.6602 0
55 86 82 3.629 0
100 78 45 3.6577 0
68 84 45 3.4714 0
72 82 23 3.5425 0
55 72 102 3.5276 0
34 53 90 3.5205 0
97 40 93 3.4845 0
92 87 63 3.4143 0
77 88 45 3.373 0
55 36 57 3.17 0
47 90 29 3.3371 0
99 91 85 3.3508 0
82 45 109 3.0651 0
90 92 92 3.3045 0
22 82 35 3.2283 0
83 85 40 3.2928 0
88 77 109 3.0651 0
35 60 94 3.2718 0
82 80 27 3.0949 0
28 55 45 3.1981 0
79 36 44 3.2123 0
59 72 109 3.157 0
64 79 37 2.9618 0
35 93 62 3.1447 0
28 60 27 2.9927 0
68 50 109 3.0651 0
0
