128
0 127 0 67.2827 0
127 0 0 65.8939 0
0 0 127 65.8939 0
127 127 127 63.5231 0
9 120 122 53.5254 0
121 120 10 52.5864 0
119 10 119 52.4986 0
10 8 10 50.772 0
64 63 29 26.2412 0
63 63 109 23.7474 0
64 10 64 23.4316 0
65 127 70 19.149 0
127 75 64 16.6626 0
0 74 69 16.1529 0
66 50 71 15.4876 0
102 63 43 12.7955 0
65 102 42 12.8386 0
24 62 43 12.7938 0
24 64 87 12.1843 0
41 48 57 11.7517 0
107 65 86 11.6646 0
2 45 61 11.6295 0
124 46 63 10.6216 0
66 96 95 10.6989 0
87 45 53 10.1739 0
21 91 66 9.2243 0
43 39 77 9.0184 0
91 52 79 9.0952 0
107 93 65 8.6359 0
65 96 70 6.8608 0
90 74 94 8.0249 0
83 87 47 7.7992 0
44 56 83 7.9018 0
39 81 47 7.7992 0
37 118 66 7.6172 0
92 118 64 7.6172 0
83 34 77 6.6498 0
20 79 54 6.2 0
10 53 77 6.1609 0
41 77 92 6.2445 0
46 31 50 6.0984 0
81 86 92 6.0091 0
51 87 92 6.0166 0
29 47 78 5.7854 0
25 63 65 4.6252 0
97 82 49 5.7834 0
53 87 49 5.7834 0
79 114 52 5.6343 0
27 106 66 5.5401 0
51 114 52 5.6343 0
33 11 63 5.3964 0
94 11 64 5.3964 0
21 79 76 5.301 0
22 38 64 3.4441 0
115 51 77 5.1601 0
82 29 50 5.1132 0
59 111 90 4.9642 0
108 81 78 5.0701 0
82 34 64 4.9954 0
116 31 64 4.9784 0
114 50 50 4.8776 0
87 74 50 4.7756 0
82 101 50 4.7756 0
48 102 50 4.7756 0
9 60 54 4.7246 0
83 62 87 4.6465 0
106 53 66 3.1147 0
104 62 62 4.408 0
71 112 89 4.6462 0
98 32 62 2.9225 0
107 78 53 4.5485 0
15 28 63 4.545 0
102 109 65 4.4208 0
20 46 51 4.4731 0
92 42 68 4.3258 0
106 43 61 3.1147 0
104 46 76 4.1672 0
45 33 64 4.2421 0
107 24 64 4.2102 0
104 44 51 4.1672 0
35 54 72 4.0446 0
41 65 51 3.7677 0
92 54 65 4.0384 0
26 19 63 3.9591 0
79 58 56 3.8836 0
42 93 51 3.7677 0
32 95 74 3.8755 0
43 25 76 3.7677 0
67 85 51 3.7677 0
86 61 51 3.7985 0
21 53 74 3.7133 0
71 83 88 3.6438 0
61 83 88 3.6438 0
117 58 55 3.5733 0
46 114 77 3.5857 0
86 114 74 3.5857 0
105 59 71 3.5882 0
53 59 58 3.4863 0
22 38 55 3.4512 0
28 86 52 3.4286 0
22 38 72 3.4512 0
22 77 65 3.2502 0
27 33 60 3.2382 0
98 94 75 3.301 0
27 33 68 3.2382 0
29 84 81 3.2569 0
100 19 66 3.2895 0
21 46 66 3.061 0
47 57 69 3.285 0
19 45 75 3.1075 0
42 67 89 3.223 0
84 57 67 3.1348 0
53 101 89 2.9855 0
107 80 67 3.1252 0
101 80 85 2.9456 0
106 39 72 3.1224 0
106 51 55 3.1224 0
80 96 89 2.9855 0
52 113 84 3.021 0
104 37 57 2.9749 0
104 37 65 2.9749 0
21 57 60 3.061 0
21 49 59 3.061 0
79 76 89 2.9855 0
98 32 71 2.9225 0
14 70 54 3.0061 0
13 52 52 2.9226 0
42 113 56 2.9701 0
0
