128
64 64 100 32.1872 0
0 0 0 56.6209 0
127 127 0 56.6209 0
0 127 0 56.6209 0
127 0 0 56.6209 0
0 0 127 57.5896 0
127 0 127 57.5896 0
0 127 127 57.5896 0
127 127 127 57.5896 0
0 63 67 27.7074 0
64 0 67 27.7074 0
63 127 67 27.7074 0
127 64 67 27.7074 0
62 57 45 22.0581 0
62 75 0 19.2955 0
64 39 4 15.264 0
28 26 62 15.1991 0
26 99 62 15.1991 0
99 101 62 15.1991 0
101 28 62 15.1991 0
95 64 6 13.2482 0
64 15 28 12.7566 0
15 63 28 12.7566 0
112 64 28 12.7566 0
63 112 28 12.7566 0
31 63 7 12.2403 0
58 86 62 10.6566 0
64 17 103 10.5166 0
110 64 103 10.5166 0
17 63 103 10.5166 0
63 110 103 10.5166 0
81 79 62 10.4996 0
47 25 42 9.9543 0
25 80 42 9.9543 0
102 47 42 9.9543 0
80 102 42 9.9543 0
102 80 42 9.6868 0
25 47 42 9.6868 0
47 102 42 9.6868 0
80 25 42 9.6868 0
41 73 65 9.4296 0
84 28 83 8.9992 0
43 99 83 8.9992 0
99 84 83 8.9992 0
28 43 83 8.9992 0
43 28 83 8.9957 0
84 99 83 8.9957 0
99 43 83 8.9957 0
28 84 83 8.9957 0
87 59 65 8.6963 0
63 86 32 8.7193 0
83 77 32 8.3303 0
42 50 68 8.0615 0
78 42 68 7.6879 0
41 75 31 7.5679 0
69 99 12 7.201 0
43 47 12 7.201 0
88 61 30 7.1475 0
55 40 69 7.0038 0
70 86 48 6.3448 0
37 60 29 6.2176 0
77 56 13 6.1931 0
43 79 49 5.8764 0
80 41 29 5.8351 0
54 85 45 5.6869 0
87 46 56 5.4561 0
35 65 52 5.5211 0
87 71 48 5.6441 0
40 47 29 5.4947 0
48 88 31 5.4266 0
64 100 46 5.2568 0
63 27 46 5.2568 0
100 63 46 5.2568 0
86 46 14 5.1852 0
85 79 14 5.1852 0
51 37 28 5.2097 0
54 95 14 5.1852 0
67 35 63 5.1841 0
41 79 14 5.1852 0
66 34 28 5.1265 0
36 36 37 5.1315 0
91 91 37 5.1315 0
91 36 37 5.1315 0
36 91 37 5.1315 0
64 27 88 4.928 0
27 63 88 4.928 0
55 29 113 5.041 0
27 64 43 4.9035 0
77 90 29 4.8778 0
50 102 96 4.8355 0
25 50 96 4.8355 0
102 77 96 4.8355 0
77 25 96 4.8355 0
36 51 55 4.6597 0
62 101 89 4.6893 0
101 65 89 4.6893 0
90 59 50 4.6285 0
29 55 113 4.6656 0
76 103 96 4.7661 0
51 24 96 4.7661 0
103 51 96 4.7661 0
24 76 96 4.7661 0
72 29 113 4.6656 0
56 99 113 4.5309 0
99 71 113 4.5309 0
28 71 112 4.4518 0
44 40 58 4.363 0
99 56 112 4.4518 0
71 99 112 4.4518 0
71 89 71 4.4188 0
81 82 46 4.3554 0
78 90 15 4.1773 0
36 61 73 4.4002 0
47 61 15 4.1773 0
56 55 15 4.1773 0
34 60 63 4.2833 0
66 37 74 4.3032 0
78 36 53 4.1857 0
46 99 57 4.1652 0
99 81 57 4.1652 0
45 96 69 4.2266 0
96 82 69 4.2266 0
54 76 27 4.2018 0
81 29 68 4.0051 0
73 93 62 4.0172 0
88 49 27 4.2018 0
81 28 57 4.1652 0
29 46 68 4.0051 0
0
