128
0 79 0 71.4683 0
127 0 127 69.3953 0
127 127 9 63.2782 0
0 127 127 63.0508 0
106 0 0 58.1808 0
0 0 112 57.3451 0
113 119 121 48.7783 0
60 65 99 26.4998 0
36 1 41 21.2598 0
113 57 56 20.9859 0
64 127 73 18.7284 0
76 76 50 18.4068 0
62 0 70 15.1575 0
20 64 84 13.9931 0
66 44 44 13.8827 0
62 27 82 12.8311 0
103 68 87 12.0106 0
60 96 75 11.429 0
105 87 70 10.8141 0
36 123 61 10.7393 0
52 57 61 10.593 0
62 115 45 10.4718 0
74 48 68 9.9391 0
51 78 64 8.3818 0
48 29 45 8.4245 0
25 44 68 7.7905 0
78 92 84 7.8451 0
25 27 57 7.7905 0
61 18 46 7.4235 0
55 92 56 7.0315 0
50 40 71 6.9887 0
101 29 60 6.7826 0
88 51 84 6.848 0
83 8 64 6.8255 0
26 84 77 6.7826 0
37 45 83 6.6139 0
88 46 47 6.4645 0
90 118 70 6.0069 0
80 33 76 6.0326 0
44 91 85 5.9998 0
78 93 69 5.9076 0
78 80 75 5.9076 0
89 82 85 5.8541 0
76 25 61 3.2023 0
74 101 48 5.5341 0
78 106 80 5.5197 0
48 40 55 5.2274 0
86 54 58 5.1563 0
73 25 50 4.8666 0
74 11 55 5.0396 0
79 64 72 4.8998 0
48 109 80 4.9835 0
44 30 77 5.0043 0
64 25 61 3.7213 0
28 109 66 4.8274 0
99 104 70 4.7669 0
48 17 74 4.7554 0
76 17 74 4.7554 0
28 96 72 4.7669 0
93 93 59 4.6087 0
43 11 67 4.6635 0
47 114 52 4.4735 0
82 33 49 4.488 0
61 41 63 4.3969 0
78 116 56 4.2309 0
42 115 74 4.2406 0
47 84 76 3.8919 0
63 100 50 3.9993 0
96 38 50 3.9862 0
45 90 63 4.0024 0
96 76 63 3.9337 0
79 39 57 3.8513 0
98 53 78 3.8973 0
34 78 83 3.8384 0
98 72 71 3.759 0
54 25 65 3.2023 0
98 42 73 3.759 0
29 57 69 3.759 0
94 11 61 3.6783 0
68 95 61 3.7036 0
74 103 71 3.6947 0
83 98 52 3.643 0
35 33 50 3.385 0
53 102 50 3.3933 0
55 12 55 3.3933 0
86 62 82 3.4446 0
36 56 63 3.3243 0
57 25 56 3.2023 0
35 25 50 3.385 0
89 62 63 3.3243 0
41 68 63 3.3243 0
87 41 79 3.291 0
73 25 69 3.2023 0
49 25 57 3.2005 0
46 67 71 2.884 0
44 101 82 3.1006 0
30 73 71 2.7512 0
81 57 78 2.934 0
46 49 77 2.9377 0
97 39 64 2.7512 0
46 90 71 2.884 0
65 13 56 2.7773 0
84 73 82 2.85 0
30 33 66 2.7512 0
49 26 70 2.8362 0
41 82 82 2.8305 0
35 87 82 2.8305 0
90 92 82 2.8305 0
82 95 60 2.8544 0
30 17 61 2.7512 0
37 36 77 2.6637 0
97 18 62 2.7512 0
30 50 77 2.786 0
97 35 70 2.7512 0
75 110 51 2.6794 0
44 48 53 2.7418 0
62 28 51 2.7659 0
30 67 68 2.7512 0
30 37 60 2.7512 0
81 115 64 2.6642 0
50 115 60 2.7158 0
45 96 58 2.709 0
84 112 76 2.6572 0
81 24 72 2.6518 0
50 12 60 2.671 0
82 59 65 2.4861 0
47 97 67 2.5315 0
39 51 58 2.5378 0
0
