128
0 66 127 65.6233 0
127 51 0 61.0202 0
0 0 0 74.3219 0
127 127 127 69.1471 0
127 0 109 58.1129 0
16 127 0 52.6304 0
91 127 30 26.6889 0
46 127 77 24.6463 0
48 0 99 18.9762 0
83 0 45 18.5015 0
53 72 27 17.9434 0
93 62 78 17.6031 0
52 33 70 17.2473 0
11 76 47 14.5077 0
38 59 56 13.7086 0
64 91 85 13.6127 0
76 52 105 13.5591 0
85 34 61 13.0139 0
15 110 64 11.465 0
75 92 34 10.9934 0
113 102 51 10.7839 0
64 29 106 10.1712 0
59 115 46 9.9227 0
63 46 35 9.8804 0
112 80 64 9.7761 0
78 116 65 9.5706 0
59 0 61 9.3253 0
44 91 56 5.4432 0
71 26 37 8.7186 0
66 68 91 8.3643 0
44 5 71 8.3299 0
67 1 78 7.7305 0
56 97 37 7.8646 0
83 63 53 7.6614 0
76 33 81 7.4565 0
83 91 74 7.2196 0
45 91 74 7.2196 0
86 91 53 5.4432 0
31 81 38 6.8568 0
21 91 61 6.7941 0
42 91 42 6.3102 0
76 74 39 5.9445 0
45 73 70 5.8432 0
92 92 42 5.8916 0
72 61 39 5.8489 0
73 21 71 5.7025 0
72 46 73 5.7718 0
30 91 50 5.4432 0
99 91 54 5.4432 0
34 91 65 5.4432 0
99 91 66 5.4432 0
49 51 41 4.8407 0
101 112 58 4.795 0
74 104 74 4.8394 0
80 48 49 4.6378 0
47 24 92 4.6378 0
20 97 50 4.7534 0
47 43 49 4.6378 0
44 111 50 4.5505 0
80 12 66 4.6378 0
64 16 46 4.4704 0
47 56 73 4.6378 0
80 44 87 4.6378 0
80 52 60 4.6378 0
101 71 58 4.3937 0
34 99 74 4.4265 0
67 15 94 4.3549 0
79 90 62 4.3124 0
29 113 55 4.1071 0
85 74 46 4.1274 0
73 4 67 4.128 0
73 111 52 4.0559 0
75 76 82 3.9982 0
55 74 83 3.9691 0
76 41 41 3.9721 0
70 105 42 4.0234 0
89 93 63 3.9506 0
70 44 62 3.9742 0
39 75 45 3.9167 0
92 113 62 3.8012 0
102 97 41 3.8578 0
86 83 41 3.8331 0
25 73 61 3.5958 0
79 72 63 3.6299 0
62 54 93 3.6896 0
65 111 61 3.7183 0
61 43 98 3.5261 0
79 23 48 3.6299 0
50 80 79 3.7243 0
79 79 73 3.6299 0
59 11 52 3.5829 0
48 73 49 3.6267 0
70 23 61 3.4688 0
101 82 73 3.4838 0
93 85 73 3.4186 0
47 104 42 3.411 0
30 73 46 3.2524 0
93 70 53 3.2104 0
56 5 75 3.3095 0
67 107 69 3.25 0
76 35 99 3.0872 0
59 31 42 3.0616 0
84 104 72 3.0652 0
62 87 42 2.8253 0
77 91 49 3.1199 0
76 52 42 3.0044 0
65 10 87 3.1011 0
72 22 81 3.0235 0
88 72 59 2.8945 0
25 101 72 2.9189 0
68 81 42 2.8253 0
54 23 97 2.928 0
78 18 59 2.622 0
52 41 42 2.8267 0
50 90 64 2.855 0
78 34 44 2.8855 0
63 58 42 2.8253 0
70 43 82 2.8491 0
69 38 57 2.798 0
105 99 63 2.7209 0
105 83 52 2.7209 0
49 14 79 2.622 0
89 108 67 2.6526 0
22 80 61 2.7209 0
49 10 60 2.6887 0
78 38 93 2.622 0
49 18 85 2.622 0
37 111 55 2.5251 0
0
