128
64 124 63 32.5363 0
0 0 127 55.0751 0
127 0 0 55.0751 0
0 0 0 55.0751 0
127 0 127 55.0751 0
0 127 127 55.0751 0
0 127 0 55.0751 0
127 127 127 55.0751 0
127 127 0 55.0751 0
3 63 63 32.5363 0
64 3 64 32.5363 0
124 64 63 32.5363 0
63 58 0 21.5898 0
55 59 127 21.5898 0
93 64 121 15.6424 0
64 96 8 14.3305 0
64 96 119 14.3305 0
98 63 10 13.318 0
63 22 20 13.5205 0
22 63 107 13.5205 0
29 64 10 13.318 0
64 25 113 12.9789 0
28 99 69 10.5866 0
99 99 73 10.5866 0
28 28 73 10.5866 0
99 28 54 10.5866 0
101 54 98 9.3552 0
101 74 98 9.3552 0
99 30 75 9.2658 0
30 28 52 9.2658 0
99 97 52 9.2658 0
82 80 13 8.4875 0
45 82 13 8.4875 0
79 42 114 8.4875 0
27 52 30 8.3473 0
53 100 98 8.3473 0
53 100 29 8.3473 0
27 77 31 8.3473 0
32 99 49 8.2153 0
77 100 31 8.3473 0
100 76 29 8.3473 0
74 100 96 8.3473 0
49 27 95 8.3473 0
100 49 32 8.3473 0
45 84 113 7.4796 0
28 47 92 7.3394 0
28 88 85 7.3394 0
47 28 36 7.3394 0
77 28 94 7.3394 0
40 99 85 7.3394 0
86 28 40 7.3394 0
74 76 112 6.4717 0
80 39 15 6.4717 0
48 38 15 6.4717 0
98 86 86 6.3315 0
87 98 87 6.3315 0
29 41 41 6.3315 0
83 86 111 5.4639 0
97 88 38 5.3237 0
30 80 99 5.3237 0
41 49 16 5.4639 0
48 36 111 5.4639 0
30 72 90 5.3237 0
40 97 36 5.3237 0
80 30 27 5.3237 0
30 85 45 5.3237 0
72 30 37 5.3237 0
97 41 90 5.3237 0
85 30 83 5.3237 0
87 97 42 5.3237 0
34 48 110 4.7701 0
96 63 34 4.3158 0
31 60 90 4.3158 0
35 31 88 4.3792 0
60 31 38 4.3158 0
76 56 110 4.456 0
38 73 110 4.456 0
44 31 81 4.3158 0
96 38 40 4.3158 0
59 79 17 4.456 0
89 48 17 4.456 0
31 64 37 4.3158 0
64 96 37 4.3158 0
31 88 57 4.3158 0
31 43 79 4.3158 0
96 44 79 4.3158 0
62 31 93 4.3158 0
44 31 48 4.3158 0
48 96 43 4.3158 0
93 81 109 3.8358 0
81 93 18 3.8358 0
93 46 109 3.8358 0
80 95 107 3.7702 0
95 43 51 3.3079 0
95 40 65 3.3079 0
95 80 45 3.3079 0
33 81 19 3.5602 0
46 94 19 3.5602 0
74 65 109 3.4481 0
82 55 18 3.4481 0
82 65 18 3.4481 0
95 70 40 3.3079 0
92 32 90 3.3879 0
69 39 18 3.4481 0
66 42 109 3.4481 0
32 42 52 3.3079 0
55 78 109 3.4481 0
63 80 109 3.4481 0
70 79 18 3.4481 0
35 32 39 3.3879 0
95 88 63 3.3079 0
32 65 28 3.3079 0
45 70 18 3.4481 0
95 62 88 3.3079 0
40 32 61 3.3079 0
45 32 24 3.3079 0
65 95 27 3.3079 0
81 32 106 3.4185 0
60 95 86 3.3079 0
32 75 43 3.3079 0
95 54 84 3.3079 0
41 95 60 3.3079 0
51 95 83 3.3079 0
77 95 84 3.3079 0
95 51 44 3.3079 0
83 95 76 3.3079 0
77 95 44 3.3079 0
87 95 64 3.3079 0
0
