128
0 0 127 96.1583 0
127 127 0 55.3067 0
127 127 127 56.0586 0
0 127 0 55.3137 0
127 0 0 55.3067 0
27 36 0 37.5595 0
127 36 102 36.8093 0
35 127 117 34.769 0
116 63 48 23.279 0
66 78 64 22.3795 0
82 64 14 22.2363 0
57 127 52 20.8009 0
15 102 71 19.8429 0
97 5 67 16.8121 0
61 6 31 16.2241 0
69 89 102 15.872 0
21 76 46 15.4234 0
64 99 21 15.1812 0
94 121 63 15.054 0
75 43 56 13.4459 0
106 94 67 13.2002 0
71 119 83 12.7379 0
43 78 24 12.1576 0
85 64 103 11.6998 0
72 32 25 11.1497 0
104 77 86 11.1845 0
76 18 52 10.7382 0
103 31 57 10.1766 0
45 91 87 9.7079 0
40 92 51 8.7 0
83 45 79 8.3604 0
43 58 50 8.3115 0
48 114 77 7.6985 0
97 46 68 7.4795 0
54 45 49 7.2614 0
100 91 46 7.153 0
56 57 29 7.1182 0
100 61 75 7.153 0
77 113 37 6.7653 0
32 112 52 6.4403 0
31 56 40 6.3314 0
84 92 30 6.1104 0
81 27 68 6.2219 0
62 29 48 6.2535 0
81 62 84 6.2219 0
99 39 40 6.1451 0
88 40 30 6.1104 0
97 83 33 6.0006 0
42 41 42 5.9848 0
41 95 69 5.6764 0
98 75 69 5.7839 0
94 82 56 5.6572 0
91 84 97 5.4317 0
80 95 83 5.6764 0
85 48 94 5.4449 0
63 79 31 5.1025 0
81 60 47 5.2456 0
82 95 47 5.214 0
82 77 88 5.214 0
43 75 47 5.2456 0
98 104 50 5.1372 0
43 95 31 5.1025 0
60 43 31 5.1025 0
49 109 33 4.9343 0
39 111 65 4.6749 0
93 45 49 4.8915 0
88 111 81 4.6749 0
43 52 37 4.7952 0
82 111 49 4.6749 0
76 111 66 4.6749 0
33 65 32 4.5707 0
80 17 35 4.4791 0
60 57 46 4.2377 0
96 19 49 4.3251 0
56 32 32 4.0946 0
97 33 72 4.1294 0
57 70 32 4.0946 0
83 57 71 4.2061 0
55 96 46 4.2377 0
43 61 32 4.0946 0
97 92 85 4.1294 0
75 85 32 4.0946 0
97 62 87 4.1294 0
79 107 94 4.0228 0
61 107 94 4.0228 0
69 48 32 4.0946 0
93 17 85 4.0657 0
81 103 32 4.0946 0
95 49 34 3.8305 0
41 17 36 4.0564 0
31 102 46 3.9264 0
31 94 40 3.7985 0
96 107 77 3.7935 0
56 110 86 3.667 0
58 97 82 3.6606 0
33 89 33 3.6792 0
40 110 43 3.667 0
33 100 88 3.6271 0
91 110 45 3.6688 0
59 110 71 3.667 0
36 110 81 3.667 0
50 34 45 3.2299 0
71 97 45 3.2299 0
69 57 45 3.2299 0
55 20 45 3.4012 0
84 32 80 3.1982 0
86 29 33 3.0867 0
82 30 45 3.2299 0
55 86 33 3.0867 0
53 64 45 3.2299 0
83 70 45 3.2299 0
84 97 74 3.1982 0
48 83 45 3.2299 0
96 100 82 3.1215 0
84 97 59 3.1982 0
95 50 80 3.0946 0
84 57 62 3.1982 0
84 21 76 3.2007 0
84 86 82 3.1982 0
84 86 45 3.1982 0
96 26 44 3.1215 0
96 26 77 3.1215 0
86 82 33 3.0867 0
85 99 94 3.0498 0
50 47 33 3.0899 0
50 23 33 3.0867 0
79 46 33 3.0867 0
93 49 57 3.0268 0
0
