128
0 127 85 62.3269 0
127 0 100 58.1664 0
0 0 127 70.019 0
127 127 127 69.8053 0
0 0 0 55.1223 0
127 127 0 54.2114 0
122 27 0 44.424 0
41 120 0 30.8311 0
70 2 39 24.0081 0
57 67 0 23.3797 0
6 78 14 23.1164 0
121 70 53 22.5301 0
13 51 54 18.9283 0
76 118 53 18.6743 0
62 24 72 14.9599 0
51 85 127 14.955 0
74 44 127 14.6304 0
63 31 13 14.3216 0
39 15 55 10.9057 0
98 96 54 10.9898 0
68 97 79 10.906 0
97 45 56 10.4832 0
90 71 13 10.2774 0
103 65 81 9.572 0
72 95 14 9.2695 0
25 54 27 9.0312 0
93 80 72 8.9429 0
37 40 68 8.8451 0
25 59 79 8.8148 0
67 32 98 8.5976 0
53 111 38 8.5965 0
34 71 115 8.5644 0
92 56 115 8.2771 0
52 60 127 8.2147 0
71 112 26 8.1784 0
63 38 50 7.133 0
59 92 105 7.5493 0
73 70 127 7.7047 0
84 95 68 7.5482 0
39 47 18 7.385 0
107 71 25 7.0017 0
28 96 28 6.891 0
82 37 68 6.7784 0
22 74 43 6.8231 0
25 27 58 6.6792 0
100 53 40 6.4136 0
99 60 100 6.2621 0
36 86 17 6.2459 0
77 47 17 6.2911 0
96 60 66 6.1741 0
31 67 66 6.0584 0
97 20 45 5.9976 0
30 38 39 5.9896 0
38 44 53 5.4634 0
29 66 101 5.5025 0
95 50 74 5.4472 0
33 65 18 5.238 0
57 91 18 5.238 0
40 103 34 5.1211 0
89 101 40 5.3193 0
75 35 85 5.2641 0
101 88 39 5.252 0
84 86 18 5.238 0
60 101 63 4.9486 0
81 86 81 5.1045 0
80 21 61 4.8585 0
100 33 45 4.9997 0
25 86 36 4.8707 0
78 41 106 4.9774 0
47 21 33 4.8585 0
47 37 80 4.8184 0
62 40 109 4.8244 0
56 35 89 4.7636 0
73 38 59 4.5975 0
50 39 61 4.53 0
81 44 54 4.6423 0
101 61 31 4.6147 0
56 104 53 4.5616 0
57 90 90 4.4675 0
33 54 68 4.443 0
82 58 19 4.2301 0
70 90 94 4.3324 0
81 105 33 4.2775 0
32 50 39 4.2797 0
69 80 119 4.2699 0
76 77 19 4.2301 0
41 25 69 4.1964 0
94 41 41 4.1396 0
55 87 78 4.0254 0
56 50 119 4.1671 0
34 48 80 4.0855 0
37 53 59 3.9439 0
97 55 90 4.0909 0
26 64 37 4.0417 0
27 30 46 4.0232 0
83 67 119 4.0185 0
34 43 29 3.8345 0
48 22 43 3.8506 0
47 84 107 3.9091 0
86 22 53 3.8506 0
63 43 34 1.5871 0
103 82 30 3.9134 0
45 35 20 3.7322 0
52 43 52 3.7844 0
39 22 40 3.8506 0
53 22 51 3.8506 0
26 71 57 3.5348 0
52 45 20 3.5336 0
78 50 92 0.5856 0
36 75 20 3.2222 0
78 40 93 3.4815 0
66 85 112 3.5019 0
83 40 80 3.4457 0
65 61 124 3.3699 0
30 67 89 3.2604 0
87 48 105 3.4266 0
38 74 70 3.3202 0
31 36 55 3.3408 0
43 60 117 3.3216 0
71 98 64 3.317 0
94 54 31 3.2836 0
48 88 20 3.2222 0
94 74 87 3.2747 0
56 94 70 3.2542 0
100 79 20 3.2594 0
69 82 20 3.2222 0
76 64 20 3.2222 0
60 48 20 3.2222 0
0
