128
65 64 113 30.6895 0
0 0 0 57.6479 0
127 127 0 57.4559 0
0 127 0 57.5256 0
127 0 0 57.3925 0
0 0 127 57.6479 0
0 127 127 57.5256 0
127 0 127 57.3925 0
127 127 127 57.4559 0
63 65 14 30.6895 0
63 1 63 8.6212 0
127 89 63 14.727 0
127 38 63 14.5757 0
0 62 54 10.3349 0
90 0 63 14.5766 0
89 127 63 14.3438 0
37 127 64 14.4797 0
0 90 64 14.371 0
38 0 63 14.1517 0
0 38 64 14.0367 0
21 64 96 13.5556 0
63 109 96 13.5556 0
18 64 31 13.5556 0
110 63 96 13.5556 0
110 64 31 13.5556 0
62 22 96 13.5556 0
63 110 31 13.5556 0
62 23 31 13.5556 0
61 0 42 10.7656 0
0 62 81 10.3349 0
61 0 83 10.409 0
59 127 49 10.1943 0
59 127 79 10.1943 0
127 59 78 9.7266 0
127 59 48 9.7266 0
75 52 64 4.7186 0
19 19 64 9.5882 0
18 108 64 9.645 0
108 18 63 9.301 0
107 110 64 9.3619 0
52 75 66 4.7186 0
34 47 36 8.5163 0
35 46 91 8.5163 0
89 42 36 8.5163 0
94 46 91 8.5163 0
95 80 91 8.5163 0
80 95 36 8.5163 0
81 94 91 8.5163 0
47 93 91 8.5163 0
94 80 36 8.5163 0
33 81 36 8.5163 0
75 75 59 4.7186 0
52 52 70 4.7186 0
124 77 83 7.6122 0
33 82 90 7.5084 0
81 32 90 7.5084 0
46 92 37 7.5084 0
5 77 44 7.3568 0
77 123 84 7.1173 0
76 123 43 7.1707 0
123 77 43 6.8221 0
44 32 89 6.5005 0
44 33 38 6.5005 0
6 48 44 6.6908 0
79 5 83 6.48 0
79 5 44 6.48 0
52 52 54 4.7186 0
124 67 63 6.2625 0
6 79 84 6.1961 0
52 75 51 4.7186 0
75 75 76 4.7186 0
82 28 39 5.4927 0
7 46 82 5.7207 0
74 38 39 5.4927 0
104 46 39 5.4927 0
91 63 39 5.4927 0
44 118 46 5.4884 0
46 8 83 5.5013 0
46 8 45 5.4251 0
68 123 65 5.1614 0
75 52 48 4.7186 0
118 44 81 5.3204 0
39 68 87 5.2816 0
64 80 53 4.1863 0
52 75 79 4.7186 0
80 64 71 4.187 0
109 98 54 5.1682 0
64 47 71 4.1863 0
45 118 81 5.1378 0
64 80 72 4.1863 0
47 63 58 4.1853 0
53 42 86 5.0793 0
64 47 51 4.1863 0
110 31 73 4.8515 0
110 31 53 4.8515 0
117 44 46 4.9878 0
75 52 75 4.7186 0
69 38 87 4.7793 0
52 52 81 4.7808 0
64 90 87 4.6603 0
57 121 64 4.6538 0
75 75 47 4.7186 0
15 35 51 4.5702 0
81 18 87 4.4848 0
47 64 79 4.1853 0
86 115 79 4.5799 0
86 115 47 4.5799 0
81 108 87 4.4848 0
79 17 40 4.4848 0
111 97 73 4.577 0
45 107 40 4.4848 0
66 93 40 4.4848 0
33 15 75 4.5803 0
72 120 55 4.5679 0
80 64 47 4.187 0
90 59 87 4.5717 0
110 81 87 4.4848 0
32 110 74 4.4629 0
32 110 52 4.4629 0
20 45 40 4.4848 0
46 107 87 4.4848 0
5 71 68 4.5038 0
20 81 87 4.4848 0
80 109 40 4.4848 0
17 81 40 4.4848 0
109 46 87 4.4848 0
80 45 86 4.5069 0
59 40 40 4.4848 0
0
