128
73 0 0 68.3178 0
40 127 127 68.596 0
127 0 127 68.485 0
127 127 0 67.7354 0
0 112 0 58.8159 0
0 0 112 58.0743 0
127 93 99 27.4161 0
0 34 40 20.2391 0
60 99 47 17.2968 0
60 46 98 16.7861 0
127 64 63 12.6714 0
127 37 52 13.8608 0
90 68 96 13.585 0
0 63 63 12.2794 0
95 98 72 13.1455 0
52 73 32 12.1518 0
0 67 88 11.8945 0
55 31 73 11.7639 0
32 63 63 7.7746 0
86 64 63 7.5461 0
0 88 68 11.1554 0
77 74 33 11.1827 0
120 55 35 10.5097 0
30 58 34 10.4007 0
78 33 73 10.1711 0
30 32 58 9.4874 0
34 56 92 9.1883 0
97 65 37 9.0196 0
35 93 56 8.8942 0
103 64 63 7.7826 0
84 91 53 7.2781 0
101 34 63 7.0801 0
110 64 87 7.1654 0
124 86 64 7.0096 0
74 92 68 6.7601 0
17 94 62 6.704 0
82 46 86 6.6817 0
19 62 87 6.6083 0
6 62 44 6.441 0
42 42 82 6.1927 0
68 67 89 6.143 0
85 84 83 6.1467 0
26 42 43 6.0708 0
40 83 44 5.8901 0
36 37 72 5.447 0
123 59 81 5.3941 0
98 82 84 5.3305 0
48 63 87 5.1662 0
4 44 65 5.3213 0
18 63 58 5.3046 0
42 63 45 4.9259 0
112 93 64 5.0963 0
45 63 69 4.9497 0
35 73 39 5.1149 0
110 64 45 5.0226 0
101 64 77 4.9879 0
29 63 79 4.9933 0
20 63 70 5.0153 0
27 63 50 4.9436 0
45 63 58 4.9879 0
94 64 52 4.8646 0
40 63 79 4.8329 0
112 64 74 4.847 0
85 64 46 4.815 0
88 82 44 4.7235 0
90 64 77 4.8241 0
122 69 45 4.766 0
45 37 58 4.7087 0
123 47 69 4.6694 0
18 64 43 4.6518 0
94 39 73 4.6019 0
97 89 55 4.4739 0
15 35 61 4.3207 0
49 57 40 4.2098 0
5 52 76 4.1761 0
76 59 87 4.1895 0
76 77 86 4.1504 0
105 53 40 4.0881 0
15 55 40 4.0956 0
89 38 61 3.9477 0
65 65 40 4.0607 0
93 51 86 3.924 0
36 47 43 4.0148 0
62 89 68 3.9324 0
38 41 50 3.8976 0
5 80 55 3.9031 0
108 38 52 3.8097 0
12 64 76 3.7663 0
47 89 62 3.8178 0
113 37 65 3.7004 0
81 65 80 3.6972 0
8 79 79 3.4005 0
77 83 47 3.4739 0
67 38 62 3.5609 0
112 45 44 3.3421 0
67 42 77 3.4378 0
73 85 77 3.3975 0
27 88 66 3.1901 0
31 43 79 3.32 0
58 64 86 3.1264 0
29 83 48 3.2733 0
104 74 86 3.1338 0
94 45 80 3.1589 0
121 70 78 3.2249 0
112 66 55 3.1589 0
76 60 41 3.1449 0
100 57 86 3.1683 0
25 70 41 3.1299 0
63 78 43 3.1464 0
121 80 55 3.1014 0
11 86 57 2.9585 0
103 62 51 2.9914 0
95 77 42 3.1017 0
26 38 70 2.9835 0
57 59 41 3.0564 0
36 65 52 3.0419 0
121 78 72 3.0228 0
100 41 54 2.8033 0
53 88 67 2.9248 0
6 71 50 2.8878 0
54 39 58 2.8716 0
105 91 58 2.9025 0
121 55 50 2.7348 0
6 74 74 2.8687 0
10 55 85 2.833 0
72 46 81 2.7927 0
24 87 53 2.7318 0
80 62 73 2.7244 0
0
