128
0 127 85 79.3767 0
127 0 91 74.2282 0
0 0 0 63.2971 0
127 127 0 59.2055 0
33 31 127 29.4711 0
101 42 0 28.0518 0
46 79 0 27.1162 0
91 89 127 26.5443 0
94 89 67 22.1827 0
38 33 70 21.7262 0
67 45 31 16.5058 0
96 68 36 14.2035 0
76 10 18 13.9988 0
37 54 41 12.4346 0
63 61 127 10.577 0
76 76 93 10.9248 0
60 111 17 10.6452 0
57 20 45 10.43 0
82 74 15 10.3335 0
55 45 96 9.5001 0
65 50 58 9.3327 0
75 106 41 9.0479 0
67 82 30 8.1908 0
84 88 37 7.7163 0
66 65 46 7.4245 0
85 62 55 7.2739 0
72 93 19 6.925 0
46 71 35 6.6942 0
65 72 60 6.0901 0
79 65 78 6.2078 0
46 50 19 6.2068 0
48 59 61 6.0853 0
45 35 42 6.0439 0
46 65 124 5.9916 0
64 61 99 4.8781 0
51 56 84 5.764 0
64 60 71 5.7947 0
65 75 108 5.8416 0
62 68 32 5.74 0
92 47 35 5.6508 0
56 97 27 5.6241 0
65 47 117 5.5445 0
66 79 45 5.6077 0
74 67 29 5.2166 0
73 61 113 5.1953 0
62 25 20 5.2587 0
64 64 83 4.8933 0
62 61 110 5.1948 0
72 20 35 5.0512 0
43 54 101 4.8883 0
79 59 123 4.977 0
87 52 45 4.7822 0
49 68 48 4.7263 0
60 18 29 4.6244 0
87 25 26 4.4304 0
51 84 32 4.613 0
85 67 104 4.4716 0
81 76 46 4.465 0
79 64 66 4.3542 0
62 31 56 4.1204 0
51 58 72 4.3315 0
81 59 21 4.1681 0
60 44 82 4.1621 0
46 61 27 4.1813 0
56 73 119 4.058 0
52 61 107 4.1304 0
71 95 52 4.0326 0
82 88 24 3.912 0
75 60 91 3.7756 0
63 107 32 3.7491 0
52 60 116 3.8575 0
69 89 41 3.794 0
71 80 78 3.8414 0
65 71 71 3.7119 0
78 29 22 3.6564 0
90 34 30 3.7012 0
50 59 94 3.5991 0
69 95 30 3.5938 0
64 54 80 3.3983 0
64 49 107 3.5279 0
71 108 28 3.5208 0
74 51 121 3.5007 0
57 49 111 3.5281 0
75 63 38 3.3109 0
70 63 57 3.279 0
67 81 55 3.3006 0
62 72 98 3.2168 0
81 78 31 3.2463 0
65 50 72 3.2308 0
80 24 32 3.1858 0
48 50 53 3.1813 0
58 92 36 3.1718 0
43 42 31 3.1368 0
60 63 56 3.0636 0
50 57 51 3.1476 0
56 63 25 3.0985 0
50 29 35 3.042 0
85 63 112 3.0591 0
67 50 100 3.0031 0
42 59 109 3.0104 0
77 56 68 2.97 0
53 69 56 2.8828 0
73 59 104 2.9948 0
78 71 56 2.8764 0
53 75 42 2.9679 0
70 26 43 2.9432 0
63 36 64 2.9268 0
57 44 49 2.8547 0
61 100 35 2.8371 0
70 71 37 2.7689 0
66 72 118 2.8449 0
53 34 49 2.7612 0
74 57 84 2.8422 0
78 94 47 2.8157 0
59 55 47 2.7673 0
67 50 91 2.7958 0
53 65 68 2.7439 0
74 44 50 2.7662 0
57 62 38 2.567 0
63 39 50 2.6775 0
68 29 49 2.6535 0
79 62 97 2.6869 0
79 55 61 2.6575 0
74 74 74 2.6195 0
75 56 76 2.6439 0
48 42 48 2.6397 0
89 54 27 2.5418 0
77 83 48 2.4415 0
0
