128
63 63 127 55.9718 0
127 127 0 52.8008 0
0 0 0 52.76 0
127 0 0 52.8008 0
0 127 0 52.76 0
127 126 93 38.6631 0
2 127 92 37.954 0
127 2 92 37.9288 0
0 3 91 37.1738 0
63 63 0 30.4935 0
72 87 56 17.8373 0
39 72 57 16.6919 0
0 84 56 16.0557 0
84 0 57 16.0282 0
84 127 57 16.0282 0
127 84 56 16.0352 0
43 127 55 16.0462 0
43 0 55 16.0462 0
0 44 54 15.7419 0
127 44 54 15.7263 0
64 127 29 14.9814 0
64 0 29 14.9814 0
64 36 60 15.1154 0
0 64 29 14.9895 0
127 64 29 14.9355 0
91 59 61 14.5151 0
72 127 96 14.3818 0
127 71 96 14.3279 0
53 0 95 14.363 0
0 73 95 14.2389 0
64 34 32 11.5833 0
102 59 19 11.3439 0
69 102 19 11.3439 0
25 69 19 11.3439 0
78 4 84 10.4911 0
123 50 81 10.3075 0
4 51 80 10.0494 0
51 123 82 10.0644 0
40 45 64 9.6558 0
48 94 70 8.6201 0
63 61 60 8.6439 0
32 49 22 8.3203 0
109 26 54 8.2336 0
50 94 22 8.3203 0
18 26 54 8.2076 0
94 79 22 8.3203 0
25 108 54 8.1131 0
108 102 54 8.101 0
94 80 72 8.1744 0
85 36 72 7.9167 0
60 5 73 7.842 0
48 94 46 7.7967 0
95 78 46 7.7967 0
87 42 23 7.3124 0
45 37 23 7.3124 0
53 20 23 7.3124 0
121 69 74 7.0222 0
68 121 74 6.9384 0
6 68 74 6.9206 0
30 50 50 6.7574 0
28 57 73 6.7445 0
43 10 78 6.5468 0
10 84 79 6.5581 0
36 84 24 6.3046 0
47 31 74 6.3651 0
82 89 24 6.3046 0
74 20 24 6.3046 0
89 37 57 6.0772 0
117 83 80 6.182 0
83 117 78 6.1666 0
35 87 76 5.9204 0
86 93 76 5.7052 0
30 18 62 5.73 0
97 18 49 5.7343 0
30 18 49 5.7474 0
18 97 62 5.7436 0
97 109 63 5.7268 0
97 18 63 5.7268 0
12 46 95 5.5758 0
75 99 77 5.488 0
51 110 25 5.4563 0
17 51 25 5.4477 0
109 76 25 5.3118 0
95 110 47 5.387 0
45 114 95 5.2136 0
114 45 95 5.1972 0
28 76 77 5.2184 0
18 96 47 5.1626 0
111 34 66 5.138 0
101 67 78 5.147 0
82 116 37 4.9315 0
82 11 37 4.9315 0
74 27 77 4.8604 0
40 114 74 4.9391 0
11 46 35 4.9284 0
11 81 35 4.9284 0
46 11 35 4.9067 0
46 116 35 4.9067 0
8 64 49 4.7514 0
14 38 70 4.9234 0
116 82 37 4.9006 0
119 64 49 4.7074 0
116 46 35 4.8623 0
110 94 66 4.839 0
65 8 49 4.7718 0
65 119 49 4.7718 0
33 110 66 4.8331 0
119 62 63 4.7689 0
64 119 61 4.729 0
8 64 60 4.7367 0
63 8 60 4.7204 0
43 31 57 4.4187 0
101 66 43 4.4834 0
35 89 43 4.5574 0
101 56 79 4.5772 0
99 78 59 4.4882 0
90 15 73 4.509 0
85 111 95 4.3597 0
97 45 48 4.4802 0
88 67 26 4.2888 0
53 82 43 4.3379 0
56 115 95 4.3285 0
111 85 95 4.3664 0
25 62 43 4.2778 0
64 25 78 4.3251 0
38 61 26 4.2888 0
63 88 26 4.2888 0
84 30 26 4.2888 0
0
