128
127 0 127 75.6724 0
0 0 0 75.6724 0
127 127 0 75.6724 0
0 127 127 75.6724 0
97 97 97 29.1617 0
30 97 30 29.1617 0
30 30 97 29.1617 0
97 30 30 29.1617 0
64 64 57 24.0697 0
4 72 55 13.4007 0
123 55 55 13.4007 0
72 123 72 13.4007 0
55 4 72 13.4007 0
127 76 75 12.3648 0
76 0 52 12.3648 0
0 51 75 12.3648 0
51 127 52 12.3648 0
35 64 77 9.3253 0
92 63 77 9.3253 0
65 36 77 9.3183 0
63 92 77 9.318 0
63 31 50 8.3671 0
64 97 50 8.257 0
31 64 50 8.3671 0
97 63 50 8.257 0
18 63 75 6.1833 0
63 15 52 6.1833 0
110 66 75 6.1833 0
22 47 65 5.5276 0
81 21 61 5.5275 0
65 114 53 5.5143 0
47 105 63 5.5276 0
107 82 66 5.5276 0
67 20 74 5.1755 0
43 78 74 5.1826 0
60 107 74 5.1755 0
87 48 74 5.1755 0
52 42 73 4.4716 0
92 77 54 4.1676 0
50 35 54 4.1676 0
54 106 54 4.179 0
19 58 54 4.1676 0
109 69 54 4.1676 0
40 47 54 4.1676 0
80 89 54 4.1676 0
54 24 73 4.1676 0
73 103 73 4.1676 0
49 92 73 4.1676 0
105 56 73 4.1676 0
78 41 73 4.1676 0
97 40 63 4.057 0
40 30 64 4.057 0
30 87 63 4.057 0
87 97 64 4.057 0
16 73 69 3.7386 0
111 42 60 3.6802 0
42 16 67 3.6802 0
16 85 60 3.6802 0
85 111 67 3.6802 0
63 34 63 3.3552 0
44 50 72 3.5384 0
72 106 55 3.3828 0
64 93 63 3.3552 0
34 64 63 3.3552 0
25 73 72 3.1597 0
75 86 72 3.2937 0
103 75 72 3.387 0
37 75 55 3.1597 0
73 22 55 3.3043 0
74 37 55 3.1597 0
93 63 62 3.3552 0
76 98 55 3.1597 0
29 51 55 3.1597 0
22 72 55 3.2061 0
85 76 72 3.2923 0
77 31 72 3.1597 0
23 54 72 3.2082 0
92 52 55 3.1597 0
98 51 72 3.1597 0
105 51 55 3.1597 0
53 100 72 3.1597 0
86 83 55 3.1597 0
101 75 55 3.1597 0
54 21 55 3.2131 0
52 33 72 3.1597 0
34 80 72 3.1597 0
52 95 55 3.1597 0
55 122 68 3.0332 0
5 55 59 3.0332 0
122 72 59 3.0332 0
72 5 68 3.0332 0
12 46 64 3.0038 0
46 115 63 3.0038 0
112 58 69 2.9919 0
75 23 71 2.8352 0
38 58 65 2.6288 0
52 85 71 2.6533 0
58 38 66 2.64 0
117 78 62 2.4967 0
16 51 71 2.4834 0
56 116 71 2.4834 0
11 56 56 2.4834 0
72 12 71 2.4834 0
33 51 71 2.1518 0
20 79 56 2.3443 0
29 75 56 2.1518 0
76 95 71 2.1518 0
79 11 65 2.4967 0
76 30 56 2.1518 0
111 75 71 2.3443 0
10 63 69 2.2937 0
21 51 57 2.4622 0
49 112 57 2.4112 0
112 51 68 2.3006 0
51 15 59 2.3006 0
76 112 59 2.3006 0
93 77 71 2.1518 0
38 55 56 2.3312 0
83 35 71 2.1518 0
118 65 68 2.2203 0
73 15 56 2.2053 0
54 18 63 2.2652 0
109 54 64 2.2652 0
73 109 63 2.2652 0
47 87 56 2.1518 0
86 40 71 2.1518 0
42 86 71 2.1518 0
101 79 60 2.2339 0
0
