128
64 63 0 76.8015 0
0 127 127 73.195 0
127 0 127 71.2374 0
0 0 104 54.5844 0
127 125 107 54.1316 0
68 127 72 13.194 0
0 61 70 12.8057 0
61 0 73 12.8121 0
127 66 74 11.5067 0
48 127 58 9.3368 0
124 49 61 8.6527 0
108 75 73 8.1273 0
121 82 61 7.7563 0
81 6 62 7.5755 0
51 19 72 7.5106 0
5 81 59 7.3785 0
20 52 72 7.2756 0
109 57 72 7.2186 0
44 5 59 7.179 0
72 18 72 7.1194 0
19 70 72 7.1387 0
78 106 72 7.1289 0
85 119 61 6.8097 0
6 43 59 6.6459 0
56 109 71 6.5222 0
114 38 61 4.5594 0
95 15 59 4.2637 0
39 115 60 4.2153 0
102 87 69 4.0985 0
104 44 69 4.0967 0
14 90 59 4.0543 0
112 91 61 3.8379 0
96 111 59 3.6919 0
121 67 59 3.5899 0
92 100 67 3.5614 0
108 30 60 3.5232 0
46 105 68 3.4681 0
37 15 60 3.3999 0
86 24 68 3.4022 0
102 22 59 3.3485 0
113 46 68 3.2229 0
67 108 68 3.1948 0
21 81 67 3.1334 0
15 35 59 3.2984 0
40 26 68 3.2459 0
51 118 68 3.1576 0
12 78 68 3.1272 0
83 17 68 3.0879 0
22 42 67 3.0052 0
10 71 61 2.727 0
69 10 61 2.5584 0
34 108 60 2.6418 0
118 60 60 2.6564 0
97 94 67 2.5546 0
100 104 60 2.5742 0
27 37 67 2.5227 0
11 53 60 2.5846 0
59 119 60 2.6007 0
13 43 67 2.5979 0
105 98 60 2.4709 0
93 27 66 2.576 0
110 87 67 2.4368 0
61 18 67 2.3648 0
74 116 61 2.4716 0
21 96 60 2.4136 0
98 34 67 2.3307 0
11 49 67 2.3325 0
55 8 60 2.2454 0
44 12 67 2.3059 0
40 101 67 2.2956 0
32 32 67 2.1945 0
33 21 61 2.2399 0
47 114 60 2.1012 0
46 114 67 2.3124 0
41 18 67 2.2041 0
87 15 61 2.2773 0
24 87 66 2.0865 0
27 101 60 2.2121 0
63 10 60 2.2062 0
110 66 66 2.103 0
89 109 67 2.1581 0
21 31 60 2.1788 0
66 116 60 2.1458 0
54 116 60 2.0945 0
103 37 67 2.0801 0
18 61 67 2.0801 0
117 71 64 1.8726 0
86 103 66 1.6968 0
77 115 66 1.8231 0
50 10 66 1.6441 0
31 93 66 1.8337 0
107 35 65 1.7122 0
91 111 63 1.6993 0
102 28 61 1.4703 0
27 27 61 1.4169 0
16 42 61 1.0722 0
13 60 61 1.4839 0
35 97 66 1.411 0
55 119 64 1.4778 0
113 45 61 1.4895 0
50 108 64 1.3445 0
117 60 66 1.3264 0
15 46 61 1.0722 0
66 13 66 1.229 0
110 43 64 1.3329 0
80 22 66 1.3189 0
27 91 66 1.2582 0
114 52 65 1.2947 0
39 108 61 1.327 0
106 50 66 1.3099 0
43 16 61 1.1551 0
88 16 66 1.3403 0
92 106 61 1.0722 0
113 51 61 1.3289 0
21 85 63 1.2446 0
31 103 61 1.3123 0
83 110 61 1.2904 0
115 67 61 1.0722 0
109 39 66 1.1345 0
112 82 66 1.1541 0
37 107 64 1.2162 0
82 111 65 1.2339 0
47 15 61 1.0722 0
103 94 66 1.0723 0
73 11 65 1.2073 0
111 84 61 1.1476 0
55 13 61 1.0722 0
12 64 61 1.1101 0
0
