128
127 0 127 80.7567 0
127 127 0 67.8617 0
0 0 0 67.8276 0
0 127 127 66.0068 0
13 115 15 46.3351 0
108 121 109 41.642 0
9 22 106 39.4719 0
89 36 27 30.8787 0
64 75 93 21.6617 0
0 66 62 21.7064 0
63 127 63 20.4392 0
64 81 41 18.9979 0
118 77 68 15.6385 0
50 6 68 15.2446 0
61 44 72 14.213 0
38 59 44 13.8022 0
30 67 86 11.5699 0
54 28 52 10.721 0
93 74 48 9.7607 0
92 81 77 9.8397 0
39 83 74 9.0768 0
71 13 56 8.9296 0
57 104 82 8.6399 0
109 55 57 8.5428 0
83 50 67 7.7862 0
40 49 81 7.6021 0
36 80 51 7.4064 0
64 56 53 7.385 0
22 85 69 7.0404 0
38 114 65 6.7895 0
74 104 51 6.7227 0
52 104 51 6.7139 0
24 53 73 6.6831 0
87 63 79 6.5546 0
85 87 57 6.3697 0
45 27 76 6.4659 0
87 113 65 6.4148 0
15 41 62 6.2212 0
73 103 80 6.1108 0
75 31 62 6.0786 0
22 49 53 5.9679 0
43 93 53 5.7078 0
37 40 52 5.706 0
81 63 52 5.706 0
50 46 54 5.3175 0
82 94 77 5.2598 0
44 98 77 5.2494 0
62 86 67 5.1555 0
43 61 75 5.0694 0
110 98 67 4.9025 0
24 80 57 4.9976 0
101 68 78 4.8484 0
95 52 60 4.7848 0
78 85 71 4.8158 0
102 85 56 4.7476 0
17 96 64 4.6703 0
30 14 66 4.6749 0
84 77 64 4.6922 0
47 109 73 4.4792 0
44 78 61 4.3778 0
76 57 76 4.2221 0
43 55 62 4.2547 0
85 100 54 4.222 0
65 95 75 4.1334 0
74 49 57 4.0856 0
63 76 65 3.999 0
42 106 57 3.9537 0
66 24 63 3.9198 0
80 108 73 3.8309 0
95 60 54 3.7051 0
25 24 64 3.816 0
63 103 55 3.8453 0
53 64 54 3.7054 0
25 70 54 3.6985 0
104 92 73 3.7106 0
51 91 76 3.6335 0
44 88 62 3.5535 0
107 60 69 3.56 0
105 68 55 3.4337 0
92 43 62 3.4826 0
35 54 71 3.5314 0
41 37 79 3.4322 0
45 25 65 3.3148 0
23 90 58 3.3859 0
84 39 62 3.332 0
81 74 56 3.2394 0
80 75 72 3.1805 0
25 74 72 3.0373 0
20 31 64 2.9973 0
26 54 61 3.2096 0
68 42 55 3.189 0
85 90 68 3.1551 0
51 79 70 3.1855 0
46 70 75 3.1242 0
46 72 55 3.0511 0
43 52 70 3.11 0
52 56 55 3.0597 0
93 55 72 3.0254 0
106 92 60 2.9149 0
95 91 55 2.7018 0
30 89 55 2.8975 0
101 110 65 2.8578 0
86 103 73 2.9462 0
26 110 64 2.8169 0
87 57 58 2.7664 0
39 26 55 2.6828 0
42 19 55 2.9113 0
100 54 67 2.8519 0
63 104 71 2.8534 0
36 23 72 2.8015 0
69 26 55 2.6447 0
24 59 56 2.7719 0
49 31 67 2.688 0
52 86 70 2.8265 0
81 108 58 2.7775 0
73 91 75 2.7349 0
101 87 67 2.6262 0
39 105 73 2.6057 0
52 60 76 2.6732 0
71 80 69 2.7401 0
68 33 55 2.6447 0
77 41 62 2.6806 0
33 54 61 2.7573 0
78 95 55 2.6824 0
26 38 55 2.6824 0
32 98 65 0.3524 0
20 104 64 2.6727 0
95 98 65 0.3522 0
0
