128
127 0 127 84.7405 0
0 0 0 84.7405 0
127 127 0 71.9039 0
0 127 127 71.9039 0
35 104 35 27.9611 0
93 103 92 27.9611 0
42 52 86 21.9139 0
87 51 41 21.9139 0
64 126 64 16.6044 0
70 83 49 13.8509 0
57 86 77 12.843 0
106 72 63 12.5109 0
21 72 65 12.5684 0
78 68 76 11.8352 0
48 68 51 11.8352 0
58 50 55 7.8037 0
71 27 55 7.8037 0
57 29 72 7.8037 0
68 46 71 6.7958 0
74 105 56 6.7958 0
37 84 71 6.7958 0
54 105 70 5.7879 0
66 64 57 5.7879 0
89 79 57 5.7879 0
58 15 69 4.78 0
62 63 69 4.78 0
87 93 58 4.78 0
34 60 59 4.8176 0
69 11 58 4.78 0
60 104 58 4.78 0
61 36 58 4.78 0
44 97 69 4.78 0
93 60 68 4.8177 0
65 101 69 4.78 0
45 74 69 4.78 0
76 85 69 4.78 0
53 87 58 4.78 0
26 90 64 4.3958 0
80 51 68 3.7722 0
97 87 59 3.9673 0
45 113 66 4.0928 0
82 113 61 4.0928 0
60 4 67 3.9397 0
40 81 59 3.7722 0
72 94 68 3.7722 0
54 70 68 3.7722 0
69 42 59 3.7722 0
81 70 59 3.7722 0
68 34 68 3.7722 0
43 52 59 3.7722 0
89 81 68 3.7722 0
58 41 67 2.7643 0
85 102 60 2.7643 0
61 54 67 2.7643 0
57 95 60 2.7643 0
60 27 60 2.7643 0
64 74 67 2.7643 0
67 97 60 2.7643 0
32 84 60 2.7643 0
76 37 60 2.7643 0
48 35 67 2.7643 0
61 72 60 2.7643 0
33 94 67 2.7643 0
63 18 60 2.7643 0
90 69 60 2.7643 0
51 41 60 2.7643 0
69 56 67 2.7643 0
56 79 60 2.7643 0
79 96 60 2.7643 0
41 105 67 2.7643 0
90 73 67 2.7643 0
38 69 67 2.7643 0
88 53 67 2.7845 0
71 107 67 2.7643 0
66 23 67 2.7643 0
78 43 67 2.7643 0
70 78 67 2.7643 0
68 53 60 2.7643 0
66 4 62 2.4579 0
99 94 62 2.1574 0
97 85 66 2.2921 0
45 87 61 1.7564 0
94 97 61 1.7564 0
75 66 61 1.7564 0
76 110 66 1.9587 0
51 110 61 1.9587 0
52 99 61 1.7564 0
36 68 61 1.7564 0
45 45 61 1.7564 0
50 94 61 1.7564 0
73 95 61 1.7564 0
81 79 66 1.7564 0
83 57 66 1.7564 0
49 55 61 1.7564 0
37 75 61 1.7564 0
79 93 66 1.7564 0
54 33 61 1.7564 0
88 107 61 1.7564 0
75 36 66 1.7564 0
91 102 61 1.7564 0
46 90 66 1.7564 0
54 61 66 1.7564 0
67 69 66 1.7564 0
90 67 66 1.7564 0
49 81 61 1.7564 0
82 36 61 1.809 0
37 101 66 1.7564 0
75 103 66 1.7564 0
63 93 61 1.7564 0
52 39 66 1.7564 0
54 58 61 1.7564 0
74 58 61 1.7564 0
68 89 66 1.7564 0
76 56 66 1.7564 0
77 98 66 1.7564 0
63 38 66 1.7564 0
85 47 66 1.7564 0
79 32 61 1.7564 0
81 87 61 1.7564 0
74 72 61 1.7564 0
46 67 66 1.7564 0
83 84 66 1.7564 0
65 16 66 1.7564 0
69 84 66 1.7564 0
57 62 61 1.7564 0
42 59 61 1.7564 0
69 62 66 1.7564 0
60 89 61 1.7564 0
0
