128
64 64 102 38.0715 0
0 0 0 61.9411 0
127 127 0 61.9411 0
0 127 0 61.9411 0
127 0 0 61.9411 0
0 0 127 53.4015 0
127 0 127 53.4015 0
0 127 127 53.4015 0
127 127 127 53.4015 0
0 63 67 28.6297 0
64 127 67 28.6297 0
64 0 67 28.6297 0
127 64 67 28.6297 0
65 72 41 21.7486 0
28 99 68 15.3162 0
28 28 69 15.1119 0
99 99 69 15.1119 0
99 28 69 15.1119 0
62 50 0 13.6427 0
65 82 0 13.6427 0
64 117 108 12.1483 0
117 63 108 12.1483 0
64 10 108 12.1483 0
10 64 108 12.1483 0
87 63 2 11.627 0
41 65 3 10.6191 0
58 44 57 10.1475 0
64 107 30 9.602 0
20 63 30 9.602 0
64 20 30 9.602 0
107 64 30 9.602 0
78 48 58 9.1845 0
57 44 29 8.6766 0
42 60 59 8.6129 0
76 46 29 7.735 0
26 83 49 7.5792 0
101 44 49 7.5792 0
44 101 49 7.5792 0
44 26 49 7.5792 0
84 100 50 7.1628 0
100 84 50 7.1628 0
43 56 28 7.2215 0
46 48 43 7.0059 0
27 43 51 7.1628 0
84 27 51 7.1628 0
70 41 43 6.9628 0
86 70 62 6.9628 0
44 77 62 6.6643 0
22 85 87 6.6308 0
42 105 87 6.6308 0
42 22 87 6.6308 0
105 42 87 6.6308 0
63 29 10 6.6971 0
63 100 14 6.6492 0
105 85 87 6.6308 0
22 42 87 6.6308 0
85 105 87 6.6308 0
85 22 87 6.6308 0
83 49 42 6.0808 0
86 58 27 5.7033 0
56 87 64 5.7137 0
39 60 42 5.6265 0
111 77 96 5.5451 0
50 16 96 5.5451 0
16 50 96 5.5451 0
50 111 96 5.5451 0
88 60 53 5.6265 0
80 82 64 5.5834 0
28 66 15 5.4066 0
69 88 64 5.2598 0
26 50 39 5.2046 0
77 26 39 5.2046 0
41 69 25 5.2242 0
99 67 16 5.128 0
51 26 37 4.978 0
51 101 37 4.978 0
101 51 37 4.978 0
26 76 37 4.978 0
102 73 42 4.9382 0
78 110 97 4.7358 0
110 49 97 4.7358 0
17 78 97 4.7358 0
78 17 97 4.7358 0
73 102 43 4.9382 0
44 47 65 4.8274 0
88 56 66 4.7459 0
39 71 50 4.7459 0
48 79 9 4.5719 0
71 66 9 4.5719 0
79 49 9 4.5719 0
45 50 9 4.5719 0
57 67 9 4.5719 0
89 59 41 4.4678 0
69 38 67 4.2762 0
36 36 45 4.1779 0
91 36 45 4.1779 0
87 69 25 4.2745 0
58 38 42 4.2762 0
51 22 106 4.1602 0
22 51 106 4.1602 0
31 94 88 4.2079 0
36 91 44 4.1779 0
91 91 44 4.1779 0
58 102 45 4.1734 0
102 58 45 4.1734 0
25 69 45 4.1734 0
58 25 45 4.1734 0
45 79 24 4.0083 0
23 77 106 4.1018 0
77 23 106 4.1018 0
38 69 36 4.0304 0
33 31 89 3.7895 0
96 33 89 3.7895 0
96 94 89 3.7895 0
68 25 44 4.0386 0
25 59 44 4.0386 0
81 77 10 3.564 0
46 100 77 3.7937 0
27 81 77 3.7937 0
47 29 62 3.5124 0
98 47 62 3.5124 0
74 40 10 3.564 0
66 52 23 3.6069 0
37 68 69 3.6145 0
47 98 61 3.5124 0
77 99 34 3.6319 0
106 77 105 3.6011 0
50 106 105 3.6011 0
0
