128
0 0 127 78.1212 0
127 127 37 60.8087 0
127 0 0 70.2546 0
0 127 78 56.6289 0
127 12 127 48.1708 0
4 6 0 48.0406 0
83 124 127 37.8127 0
42 119 0 30.9695 0
55 64 2 24.4358 0
6 78 13 23.5564 0
114 77 102 21.0409 0
113 55 69 17.601 0
82 9 76 17.4079 0
68 69 127 17.2408 0
10 56 49 17.2941 0
51 7 46 16.246 0
46 78 104 13.7361 0
68 112 80 11.006 0
96 61 45 10.5956 0
87 70 19 10.0564 0
103 28 74 9.776 0
56 114 39 9.6013 0
26 65 72 9.3568 0
78 44 120 9.389 0
55 32 17 9.3177 0
28 29 48 9.2288 0
93 60 118 9.1614 0
58 98 95 8.7795 0
62 112 60 8.5172 0
70 90 18 8.3198 0
37 68 86 7.6051 0
103 51 93 7.5709 0
72 19 54 7.3706 0
79 23 99 7.3669 0
29 53 19 7.2828 0
60 18 67 6.8293 0
95 40 59 6.8714 0
66 86 108 6.7148 0
90 79 118 6.6511 0
21 78 42 6.5502 0
40 86 20 6.2832 0
84 27 59 6.3993 0
27 96 29 6.1898 0
57 60 106 6.1422 0
55 17 24 6.1068 0
29 42 59 5.6867 0
101 76 77 5.5065 0
85 106 86 5.5709 0
55 89 21 5.2862 0
75 34 107 5.4479 0
41 25 57 5.2673 0
95 51 105 5.1898 0
24 41 37 5.2929 0
67 51 111 5.2908 0
78 55 21 5.3004 0
67 43 21 5.2943 0
43 43 21 5.2776 0
100 101 93 5.0861 0
25 73 56 5.1226 0
87 73 36 5.139 0
89 46 49 4.9235 0
86 57 30 4.9352 0
39 105 34 4.8388 0
98 71 59 4.7213 0
21 49 29 4.6251 0
42 81 84 4.6669 0
30 51 66 4.7582 0
100 38 86 4.4987 0
66 103 23 4.5158 0
49 89 88 4.5025 0
39 23 37 4.3547 0
35 74 22 4.2637 0
73 77 22 4.2898 0
67 22 41 4.1187 0
49 61 96 4.2565 0
35 76 75 4.1321 0
71 24 89 4.0733 0
62 20 33 4.0544 0
25 86 34 3.9422 0
50 22 62 3.9739 0
56 101 79 3.8304 0
77 84 112 3.743 0
37 57 79 3.7833 0
85 50 38 3.6633 0
91 74 52 3.7972 0
83 35 50 3.7968 0
36 34 60 3.7442 0
65 106 47 3.6627 0
93 24 88 3.7196 0
80 83 24 3.6297 0
65 23 80 3.5478 0
72 101 93 3.6527 0
99 91 86 3.4908 0
77 29 48 3.5275 0
90 31 68 3.536 0
45 20 30 3.5781 0
99 61 87 3.4908 0
65 105 32 3.4789 0
99 76 67 3.4908 0
99 68 83 3.4908 0
96 59 99 3.4263 0
73 105 67 3.4057 0
91 86 109 3.3505 0
69 42 106 3.2806 0
21 58 30 3.3535 0
70 94 100 3.268 0
35 63 23 3.2558 0
87 76 45 3.3399 0
31 76 64 3.1225 0
52 106 54 3.2663 0
94 52 58 3.153 0
22 69 36 3.2529 0
48 106 47 3.2356 0
56 104 70 3.1318 0
44 58 88 3.0127 0
27 43 46 3.0879 0
83 41 44 3.0887 0
62 70 106 3.0022 0
96 43 98 2.9816 0
41 25 47 2.8767 0
96 94 98 2.9816 0
90 45 110 2.8907 0
91 69 108 2.9058 0
61 50 103 2.7326 0
52 95 82 2.9028 0
28 87 42 2.8131 0
29 58 61 2.8722 0
82 80 31 2.692 0
0
