128
127 0 0 70.8325 0
0 0 127 70.769 0
0 127 0 70.7159 0
127 127 127 70.0181 0
103 102 26 35.756 0
26 101 101 35.5653 0
101 26 101 35.5687 0
26 27 27 34.8136 0
69 59 42 19.732 0
70 70 85 19.4483 0
64 127 65 16.8672 0
62 0 64 16.4358 0
127 61 74 13.3578 0
0 67 74 13.2931 0
37 69 49 12.7024 0
58 38 78 12.392 0
58 90 49 12.5712 0
39 57 78 12.4657 0
66 29 51 10.5554 0
108 62 51 10.5554 0
100 66 76 10.3599 0
67 101 76 10.3599 0
10 63 52 9.9426 0
0 46 60 9.4174 0
125 81 61 9.4016 0
92 47 54 7.5503 0
17 54 72 6.6984 0
92 70 55 6.6649 0
86 88 72 6.5451 0
21 69 72 6.3877 0
77 83 55 6.5239 0
71 105 55 6.5239 0
69 22 72 6.3284 0
8 84 65 6.2965 0
47 75 72 6.3284 0
55 88 72 6.3282 0
78 48 72 6.3284 0
121 43 66 6.1074 0
109 84 65 5.8756 0
52 108 56 5.8394 0
86 5 66 5.9364 0
20 77 56 5.6604 0
84 35 56 5.5373 0
87 120 61 5.6619 0
40 87 56 5.598 0
53 43 56 5.516 0
41 121 67 5.6058 0
47 54 56 5.5476 0
108 43 62 5.3586 0
51 19 71 5.5092 0
40 38 71 5.3278 0
19 43 65 5.3732 0
98 82 71 5.3206 0
77 17 57 5.1557 0
121 53 57 5.3214 0
40 6 60 5.0145 0
22 87 62 5.0532 0
110 53 70 4.7815 0
79 110 70 4.7641 0
88 56 70 4.4528 0
23 55 57 4.5363 0
113 74 70 4.4524 0
52 19 57 4.5945 0
74 33 70 4.4374 0
29 43 70 4.428 0
53 73 57 4.5082 0
43 100 57 4.5082 0
52 108 70 4.4608 0
82 100 70 4.3126 0
55 54 70 4.3126 0
33 72 70 4.323 0
89 76 70 4.3126 0
45 28 70 4.3127 0
52 32 58 4.101 0
73 94 58 3.9861 0
107 76 58 3.8492 0
78 16 69 3.6227 0
75 41 58 3.5003 0
59 62 64 3.6105 0
52 65 69 3.3047 0
19 79 67 3.4536 0
37 54 58 3.5426 0
83 25 58 3.5002 0
65 77 58 3.5041 0
90 81 58 3.5008 0
81 73 58 3.5005 0
71 88 69 3.4869 0
30 82 58 3.5003 0
95 36 58 3.5004 0
79 112 58 3.502 0
41 46 58 3.5002 0
15 51 59 3.4436 0
88 60 58 3.5003 0
51 63 58 3.5002 0
47 80 58 3.5004 0
6 75 59 3.4093 0
97 53 69 3.3048 0
89 47 69 3.3047 0
96 92 69 3.3048 0
67 49 69 3.3049 0
87 65 69 3.3047 0
38 80 69 3.3106 0
38 112 64 3.3332 0
50 97 69 3.3052 0
90 16 64 3.2467 0
119 68 59 3.1687 0
44 85 68 2.9731 0
36 16 63 3.1207 0
26 36 66 3.068 0
90 111 63 2.9989 0
36 29 68 2.8404 0
35 97 59 2.8332 0
28 94 61 2.8636 0
82 44 59 2.8448 0
92 98 68 2.8323 0
84 40 68 2.7446 0
81 105 59 2.8167 0
91 29 59 2.6643 0
62 69 63 2.7334 0
47 117 59 2.7431 0
61 106 59 2.6845 0
45 14 59 2.4924 0
80 8 59 2.7229 0
86 88 59 2.6336 0
45 45 68 2.6909 0
97 57 59 2.6035 0
81 93 59 2.4925 0
98 98 65 2.6776 0
0
