128
0 127 127 75.1229 0
0 0 0 74.2876 0
127 127 0 73.1704 0
127 0 127 72.5819 0
97 31 32 30.4352 0
97 95 95 30.0371 0
33 31 95 29.6628 0
33 94 33 28.79 0
71 70 45 16.4559 0
70 58 82 16.5032 0
21 63 64 15.4161 0
73 127 71 14.8154 0
59 0 71 14.383 0
106 65 61 14.1194 0
59 85 76 11.8085 0
45 57 50 11.9292 0
50 123 56 10.311 0
60 39 51 10.4524 0
67 25 74 9.5566 0
68 96 52 9.4288 0
44 68 75 9.4216 0
81 4 58 9.2957 0
62 19 53 8.411 0
63 105 72 7.7399 0
92 50 73 7.4092 0
65 113 55 6.4687 0
79 37 72 6.4923 0
91 80 55 6.4136 0
79 52 58 5.8318 0
60 40 71 5.6507 0
44 37 58 5.3657 0
87 70 70 5.4216 0
49 53 71 5.4411 0
83 91 56 5.4155 0
51 74 56 5.3615 0
41 84 71 5.3901 0
31 44 60 5.2505 0
51 99 69 4.6891 0
50 25 59 4.3578 0
73 97 68 4.4776 0
57 87 57 4.4893 0
76 85 68 4.4611 0
56 105 57 4.3811 0
76 108 57 4.395 0
87 60 57 4.3831 0
42 10 68 4.3326 0
62 54 57 4.3781 0
77 75 70 4.3822 0
74 36 59 4.3578 0
76 107 69 4.1645 0
55 115 69 4.1537 0
96 39 67 4.1494 0
75 12 69 3.8042 0
75 23 59 3.9178 0
33 80 65 3.7978 0
39 53 69 3.7174 0
89 116 67 3.539 0
41 71 58 3.5123 0
92 52 60 3.3568 0
80 20 69 3.3743 0
82 101 58 3.3641 0
55 96 58 3.3754 0
51 18 69 3.3743 0
88 69 58 3.3458 0
84 27 69 3.3743 0
57 68 69 3.3743 0
69 42 67 3.3785 0
55 31 69 3.3743 0
64 71 67 3.2317 0
85 61 67 3.1509 0
94 91 61 3.1224 0
33 88 66 2.9284 0
58 49 68 3.005 0
50 45 60 2.811 0
65 84 59 2.7664 0
53 61 68 2.8318 0
71 44 59 2.7693 0
95 79 65 2.7539 0
78 83 59 2.7545 0
49 109 59 2.7293 0
56 65 59 2.4719 0
50 11 59 2.7283 0
69 28 59 2.6728 0
38 114 59 2.688 0
84 79 68 2.647 0
69 11 59 2.7032 0
43 96 68 2.6131 0
34 35 61 2.6001 0
81 17 59 2.5597 0
78 43 61 2.5113 0
42 26 61 2.3421 0
52 108 68 2.5257 0
82 50 68 2.4834 0
47 91 68 2.3664 0
51 39 68 2.3664 0
80 92 66 2.3706 0
80 101 66 2.3951 0
58 79 59 2.3379 0
48 17 59 2.3975 0
74 15 59 2.3379 0
41 45 61 2.3421 0
64 47 66 2.3706 0
88 41 68 2.3664 0
91 32 68 2.3664 0
65 95 66 2.3706 0
69 82 64 2.1687 0
70 78 68 2.3664 0
85 44 61 2.3421 0
53 32 61 2.3421 0
83 112 68 2.3664 0
48 78 68 2.3664 0
47 44 68 2.3664 0
52 25 68 2.3664 0
70 90 66 2.3706 0
53 45 68 2.3664 0
92 14 61 2.3514 0
70 54 59 2.3409 0
72 86 59 2.3379 0
50 84 59 2.3379 0
35 75 60 2.283 0
56 58 61 2.0623 0
56 49 60 2.0479 0
39 58 64 2.1904 0
73 58 62 2.051 0
37 52 62 2.104 0
80 66 67 2.1664 0
36 74 67 2.0766 0
94 46 63 1.8932 0
0
