128
127 53 0 64.4932 0
12 127 127 61.9696 0
127 0 127 71.8919 0
0 127 0 64.5334 0
8 0 1 61.6997 0
0 10 120 54.5407 0
127 126 113 52.5733 0
84 125 43 28.4368 0
57 59 92 24.637 0
49 66 37 21.0117 0
55 17 68 20.3011 0
0 61 63 19.0613 0
96 71 86 14.575 0
71 97 87 14.2972 0
48 112 62 12.831 0
66 38 45 11.1522 0
85 17 53 10.9413 0
118 77 72 10.7873 0
74 86 44 10.2657 0
55 97 44 10.2657 0
22 67 83 10.2657 0
116 104 54 9.5012 0
10 90 65 8.9825 0
46 46 61 8.5252 0
99 53 70 8.6154 0
23 53 46 8.2499 0
20 72 46 8.2499 0
64 73 62 7.7 0
50 90 80 7.2421 0
12 36 63 6.9663 0
65 53 58 6.8766 0
46 74 65 6.692 0
98 74 63 6.6925 0
35 80 79 6.2342 0
27 22 64 6.4422 0
42 35 50 6.37 0
85 50 79 6.2342 0
74 35 79 6.2342 0
91 92 79 6.2342 0
24 50 79 6.2342 0
75 68 48 6.2342 0
86 105 74 6.0007 0
29 105 62 5.7759 0
67 105 67 5.7759 0
66 42 67 5.8687 0
96 38 65 5.5916 0
39 37 78 5.5555 0
43 61 64 5.5016 0
30 83 49 5.2263 0
75 54 49 5.2263 0
89 91 49 5.2263 0
40 92 49 5.2263 0
76 79 78 5.2263 0
113 93 65 4.9499 0
81 37 64 3.2699 0
103 104 64 4.768 0
15 79 75 4.7006 0
55 102 76 4.4341 0
17 103 64 4.4032 0
27 43 63 2.3852 0
15 83 53 4.2554 0
15 44 53 4.2554 0
37 46 50 4.2184 0
100 94 50 4.2184 0
82 34 50 4.2177 0
24 83 77 4.2184 0
104 87 77 4.2184 0
28 41 50 4.218 0
15 45 73 3.996 0
81 24 67 3.8421 0
94 27 62 3.7586 0
62 103 56 3.7602 0
94 103 67 3.7602 0
94 62 61 3.576 0
45 100 76 3.4112 0
28 36 64 3.2466 0
83 75 51 3.2106 0
81 45 51 3.2106 0
62 83 76 3.2106 0
39 91 76 3.2106 0
60 85 51 3.2106 0
37 102 53 3.1674 0
90 81 51 3.2108 0
84 84 76 3.2106 0
84 37 76 3.2106 0
81 62 76 3.2106 0
35 69 76 3.2106 0
80 70 76 3.2106 0
34 52 76 3.2106 0
33 60 76 3.2106 0
26 39 76 3.2106 0
16 78 64 2.9353 0
77 102 67 2.7523 0
45 79 75 2.9555 0
73 26 52 3.013 0
111 91 55 2.9342 0
77 26 75 3.0127 0
17 26 65 2.8052 0
92 43 75 2.8984 0
32 25 73 2.8238 0
35 102 70 2.7523 0
69 63 66 2.8451 0
111 82 60 2.9342 0
69 63 59 2.8451 0
69 76 72 2.8451 0
69 35 60 2.8448 0
35 25 57 2.7523 0
93 65 68 2.5681 0
54 78 71 2.661 0
40 46 73 2.5562 0
31 90 75 2.2027 0
54 78 58 2.6609 0
93 34 57 2.5681 0
40 78 57 2.4776 0
40 35 60 2.4775 0
93 51 59 2.5681 0
40 68 71 2.478 0
40 53 69 2.478 0
40 39 69 2.4778 0
81 30 62 2.2964 0
95 100 75 2.4721 0
103 101 53 2.3124 0
76 46 75 2.2027 0
70 61 53 2.3871 0
70 76 53 2.3871 0
32 95 52 2.2027 0
48 88 52 2.2027 0
21 88 52 2.2027 0
0
