128
63 63 19 31.0296 0
127 127 127 58.8286 0
0 0 127 58.8286 0
127 0 127 58.8286 0
0 127 127 58.7138 0
127 127 0 58.8286 0
127 0 0 58.8286 0
0 127 0 58.7138 0
0 0 0 58.8286 0
63 63 109 30.6677 0
1 77 63 20.0775 0
50 1 63 20.0771 0
126 50 64 20.0771 0
77 126 63 20.077 0
40 125 64 14.7821 0
87 2 64 14.7821 0
125 87 64 14.7821 0
2 40 64 14.7821 0
63 107 32 13.6929 0
64 66 64 13.0773 0
15 64 94 12.7798 0
15 64 33 12.7798 0
63 15 94 12.78 0
63 15 33 12.78 0
112 63 94 12.7799 0
112 63 33 12.7799 0
64 116 93 12.339 0
107 105 63 9.5816 0
22 107 64 9.5816 0
105 20 64 9.5816 0
20 22 64 9.5816 0
76 97 90 8.7657 0
54 126 43 8.8873 0
88 24 52 8.7068 0
49 96 90 8.7216 0
103 88 53 8.7068 0
39 103 53 8.7068 0
39 103 76 8.7068 0
88 24 76 8.7068 0
24 39 76 8.7068 0
103 88 76 8.7068 0
24 39 51 8.7068 0
95 80 38 8.3152 0
93 81 89 8.1226 0
79 31 38 7.9022 0
44 93 39 7.9332 0
79 32 89 7.9971 0
32 48 89 7.9971 0
31 80 38 7.6456 0
95 50 89 7.6456 0
32 81 89 7.6456 0
31 49 38 7.722 0
94 45 38 7.6456 0
82 94 38 7.6456 0
45 33 38 7.6456 0
47 30 89 7.6456 0
4 50 44 6.6174 0
77 4 44 6.6174 0
123 77 44 6.6174 0
103 54 49 6.1748 0
24 73 77 6.1028 0
24 73 49 6.1028 0
54 25 50 5.7616 0
73 102 50 5.7616 0
4 52 82 5.8229 0
75 4 82 5.8229 0
123 75 82 5.8229 0
73 102 75 5.7616 0
54 25 75 5.7616 0
102 54 77 5.7616 0
99 55 63 5.1566 0
81 109 43 5.4656 0
109 46 84 5.4656 0
46 18 43 5.4656 0
55 28 62 5.1566 0
72 99 63 5.1566 0
28 72 61 5.1566 0
46 116 82 5.1718 0
18 82 43 5.0148 0
18 82 84 5.0148 0
32 43 64 4.9094 0
84 32 64 4.9094 0
94 83 65 4.8482 0
44 94 65 4.8482 0
47 113 42 4.8407 0
32 67 87 4.8046 0
33 64 41 4.622 0
61 32 86 4.622 0
95 64 86 4.622 0
92 37 86 4.622 0
95 58 41 4.7257 0
58 32 41 4.7257 0
112 80 85 4.6105 0
80 15 85 4.6105 0
15 47 85 4.6105 0
81 109 82 4.7085 0
46 18 82 4.7085 0
109 81 42 4.6294 0
109 45 44 4.5107 0
80 16 42 4.4121 0
16 47 42 4.4121 0
55 122 77 4.223 0
15 97 55 4.0522 0
30 15 55 4.0517 0
112 30 55 4.0516 0
97 112 72 4.0507 0
62 97 94 3.9074 0
66 52 53 3.8244 0
53 57 53 3.7415 0
35 33 85 3.6141 0
92 33 42 3.6141 0
57 90 42 3.6141 0
69 90 42 3.6141 0
82 43 42 3.6141 0
37 92 85 3.6141 0
92 67 42 3.6141 0
68 36 42 3.6141 0
43 41 85 3.6141 0
90 97 85 3.6141 0
42 45 42 3.6141 0
33 35 42 3.6141 0
112 31 72 3.4931 0
15 96 70 3.4992 0
85 43 90 3.4782 0
31 15 70 3.4931 0
96 112 56 3.4837 0
28 34 63 3.0375 0
114 80 50 3.3003 0
0
