128
0 127 0 85.3411 0
127 127 127 78.0782 0
0 0 127 76.4792 0
127 0 0 76.4369 0
95 31 95 26.6417 0
34 25 34 24.226 0
40 86 93 22.7738 0
93 86 40 22.7715 0
61 54 33 13.9324 0
33 54 61 13.8794 0
63 57 92 13.2205 0
92 63 70 13.0092 0
64 0 63 11.3473 0
63 38 63 7.6643 0
50 118 82 10.0883 0
64 70 64 7.1276 0
75 2 82 9.5592 0
76 110 57 9.1462 0
84 56 49 8.4639 0
63 21 63 7.9214 0
76 72 83 7.4206 0
64 54 64 7.3929 0
88 43 62 7.2461 0
46 3 55 7.131 0
67 124 65 7.0245 0
46 59 79 6.8778 0
63 85 66 6.4711 0
63 99 78 5.9765 0
65 76 42 6.016 0
42 76 65 5.9975 0
57 4 46 5.8519 0
47 64 49 5.8026 0
63 37 86 5.7007 0
84 82 68 5.7713 0
68 86 82 5.418 0
82 13 70 5.3234 0
48 51 48 5.0254 0
65 36 41 4.8361 0
41 36 62 4.8278 0
65 25 83 4.7545 0
73 66 45 4.7067 0
69 96 52 4.6962 0
45 47 75 4.6151 0
78 54 79 4.4937 0
63 112 75 4.5751 0
83 25 65 4.4442 0
75 46 45 4.5503 0
45 15 60 4.4977 0
60 15 45 4.4743 0
62 25 44 4.4581 0
44 25 62 4.454 0
63 73 82 4.3605 0
54 43 83 4.2944 0
82 98 63 4.0999 0
56 70 45 4.0286 0
69 16 81 3.9796 0
77 83 77 3.9056 0
49 105 74 3.8755 0
66 86 47 3.7043 0
81 43 52 3.5889 0
65 96 67 3.624 0
45 67 70 3.5248 0
82 48 72 3.2673 0
44 39 71 3.3017 0
46 73 56 3.2885 0
46 43 53 3.0684 0
79 5 65 3.0434 0
57 40 44 3.0307 0
62 113 63 3.1098 0
62 122 75 3.0077 0
54 67 80 3.0049 0
81 68 56 3.0056 0
67 104 70 2.9219 0
80 91 70 2.9775 0
46 89 67 2.9811 0
57 122 70 2.964 0
64 104 58 2.9407 0
61 89 76 2.7906 0
60 104 70 2.922 0
84 32 60 2.828 0
56 106 78 2.8293 0
73 47 81 2.7738 0
45 67 60 2.8132 0
53 12 50 2.7803 0
76 18 75 2.6799 0
48 98 70 2.407 0
51 73 50 2.6277 0
51 42 48 2.5034 0
63 77 72 2.513 0
52 50 79 2.2699 0
63 67 45 2.4256 0
76 97 58 2.3282 0
67 92 73 2.4308 0
74 62 79 2.3834 0
73 38 46 2.2691 0
49 40 77 2.2441 0
80 18 62 2.2483 0
74 90 77 2.2543 0
79 75 72 2.0486 0
57 78 47 2.2246 0
62 18 80 2.1947 0
81 74 60 2.1399 0
67 44 82 2.2014 0
83 36 68 2.2253 0
65 10 80 2.1947 0
72 58 47 2.0133 0
69 26 48 2.1282 0
48 26 69 2.1379 0
59 93 70 2.0543 0
58 26 79 2.1051 0
79 26 58 2.0761 0
61 83 78 2.0835 0
44 31 68 1.946 0
78 22 71 1.9638 0
47 79 58 2.0015 0
82 53 60 1.9818 0
59 117 67 1.9239 0
48 73 72 1.9245 0
71 27 78 1.9739 0
71 22 78 1.9739 0
56 63 47 1.8565 0
78 27 71 1.9638 0
81 74 66 1.9698 0
47 83 68 1.9137 0
70 30 64 1.9524 0
72 73 48 1.952 0
59 98 69 1.9309 0
58 62 61 1.9045 0
0
