128
127 0 127 83.3561 0
0 0 0 83.3561 0
127 127 0 83.3561 0
0 127 127 83.3561 0
46 81 45 19.0163 0
81 81 82 19.0163 0
46 46 82 19.0163 0
81 46 45 19.0163 0
73 53 73 8.0418 0
55 74 73 8.0418 0
55 53 54 8.0418 0
72 74 54 8.0418 0
107 53 54 8.0418 0
20 74 54 8.0418 0
20 53 73 8.0418 0
107 74 73 8.0418 0
122 56 56 6.1811 0
5 71 56 6.1811 0
122 71 71 6.1811 0
5 56 71 6.1811 0
86 69 56 5.8595 0
41 69 71 5.8549 0
41 58 56 5.8549 0
87 59 70 4.9576 0
98 63 70 4.847 0
31 62 70 4.9696 0
31 65 57 4.9388 0
96 62 57 4.847 0
63 63 70 4.847 0
64 62 58 3.9752 0
124 64 63 3.5779 0
3 64 64 3.5779 0
62 51 65 3.2301 0
62 76 62 3.2301 0
30 76 62 3.2301 0
97 51 62 3.2301 0
30 51 65 3.2301 0
97 76 65 3.2301 0
21 65 68 2.9396 0
56 65 59 2.9767 0
113 64 68 2.8312 0
72 62 59 2.9654 0
13 62 68 2.8312 0
13 65 59 2.8312 0
73 64 68 2.9241 0
115 63 59 2.8312 0
49 64 68 2.8928 0
49 63 59 2.8312 0
104 65 59 2.8312 0
23 60 59 2.8431 0
32 56 59 2.8312 0
32 71 68 2.8312 0
95 71 59 2.8312 0
107 61 68 2.8312 0
90 52 66 2.512 0
91 75 62 2.227 0
36 52 62 2.227 0
37 75 65 2.227 0
78 65 60 2.0275 0
26 69 67 1.8263 0
65 54 60 1.9247 0
39 66 60 1.925 0
61 69 60 1.8234 0
88 61 60 1.9191 0
55 64 67 1.9182 0
40 61 67 1.967 0
79 65 67 1.9701 0
57 59 67 1.9577 0
67 73 67 1.9247 0
79 60 67 1.932 0
95 54 67 1.9247 0
119 62 67 1.8234 0
101 70 60 1.8234 0
8 62 60 1.8234 0
100 56 67 1.8234 0
89 67 67 1.8234 0
70 69 67 1.8234 0
94 69 67 1.8234 0
109 62 60 1.8234 0
69 57 60 1.8234 0
82 62 60 1.8257 0
111 67 60 1.8234 0
17 61 60 1.8234 0
82 53 66 1.6509 0
46 74 66 1.6509 0
46 53 61 1.6509 0
81 74 61 1.6509 0
69 53 62 1.2293 0
25 53 63 1.2017 0
52 59 66 1.2105 0
68 59 66 1.2105 0
103 74 63 1.2017 0
24 74 64 1.2017 0
44 62 66 1.2189 0
37 64 66 1.2109 0
44 64 61 1.0819 0
102 53 63 1.2017 0
115 54 61 0.9872 0
12 73 61 0.9872 0
115 73 66 0.9872 0
12 54 66 0.9872 0
76 59 61 1.1337 0
91 57 61 0.8155 0
83 65 66 1.1505 0
25 65 61 1.0632 0
24 61 66 0.9725 0
19 65 61 0.8155 0
69 66 61 0.9632 0
65 69 66 0.8207 0
103 60 61 0.8155 0
100 57 61 0.8155 0
106 66 66 0.8155 0
119 67 61 0.8155 0
45 67 61 1.0496 0
33 71 61 0.8155 0
58 72 61 0.8155 0
34 55 66 0.8155 0
49 69 66 0.8155 0
113 69 66 0.8155 0
99 69 66 0.8155 0
13 60 61 0.8155 0
22 70 66 0.8155 0
28 73 66 0.9872 0
28 54 61 0.9872 0
115 68 61 0.8155 0
111 58 66 0.8155 0
105 71 61 0.8155 0
35 60 61 0.8666 0
0
