128
0 127 127 86.8727 0
127 127 0 82.8039 0
127 0 127 70.9568 0
0 0 0 69.5171 0
99 15 27 32.9667 0
26 11 99 32.4243 0
64 54 62 28.9593 0
100 78 87 19.4315 0
23 64 50 13.3369 0
118 48 56 13.3657 0
7 43 71 12.43 0
55 93 52 10.6822 0
79 98 76 10.4101 0
62 0 76 10.2745 0
63 0 51 10.2745 0
28 49 77 8.7931 0
78 1 64 7.8373 0
46 1 64 7.6738 0
59 19 75 7.6181 0
55 19 52 7.3144 0
100 53 75 6.7611 0
109 65 65 6.5318 0
99 60 53 5.7532 0
98 46 53 5.7532 0
74 21 73 5.6015 0
58 111 55 5.6118 0
69 19 54 5.4393 0
74 114 71 5.2702 0
30 46 54 5.203 0
65 88 73 4.9641 0
35 36 71 4.8388 0
19 58 68 4.7887 0
46 25 69 4.717 0
44 26 57 4.7026 0
35 36 57 4.2967 0
106 32 61 4.3257 0
83 27 71 4.1246 0
16 47 56 3.9611 0
60 123 57 3.849 0
66 20 64 3.9004 0
94 41 72 3.8255 0
71 124 68 3.6706 0
80 83 72 3.7375 0
70 89 55 3.7375 0
20 28 66 3.7615 0
74 10 55 3.7375 0
74 10 72 3.7375 0
24 37 72 3.7375 0
87 10 63 3.666 0
39 30 64 3.7004 0
32 44 65 3.5325 0
88 88 68 3.3264 0
30 54 63 3.436 0
78 23 57 3.3582 0
54 20 64 3.1644 0
90 34 71 3.27 0
60 93 67 3.2113 0
107 45 70 3.0544 0
92 37 56 3.0778 0
50 12 71 2.7296 0
51 8 56 2.7348 0
103 38 56 2.7306 0
65 97 71 2.7296 0
86 30 58 2.8165 0
82 26 63 2.7308 0
38 10 62 2.7848 0
76 84 56 2.7296 0
63 88 63 2.7762 0
74 21 63 2.6169 0
45 15 56 2.7296 0
65 104 56 2.7296 0
22 42 56 2.7296 0
92 70 56 2.7296 0
95 62 71 2.7296 0
100 75 64 2.6359 0
87 31 65 2.5117 0
65 123 63 2.3761 0
57 4 63 2.3886 0
74 99 63 2.4655 0
78 93 63 2.4498 0
107 55 67 2.3641 0
106 38 66 2.457 0
17 40 59 2.3427 0
19 34 62 2.277 0
100 25 62 2.2074 0
69 107 70 2.2344 0
32 15 64 2.2623 0
73 108 65 2.2274 0
103 68 58 2.0423 0
48 21 62 1.9969 0
25 23 65 1.9214 0
36 28 57 1.8025 0
91 37 65 1.9982 0
95 19 63 1.9615 0
17 52 63 1.8359 0
96 79 64 1.9351 0
102 41 70 1.7217 0
59 101 64 1.6836 0
81 11 70 1.7489 0
65 12 57 1.7217 0
98 35 57 1.7217 0
98 68 57 1.7217 0
81 17 70 1.7217 0
23 49 57 1.7217 0
49 18 70 1.7264 0
84 78 70 1.7217 0
29 31 70 1.7217 0
87 77 57 1.7217 0
41 19 57 1.7217 0
72 86 70 1.7217 0
102 61 70 1.7217 0
59 11 57 1.7217 0
65 12 70 1.7217 0
70 98 57 1.7217 0
102 53 57 1.7217 0
65 103 70 1.7217 0
28 35 57 1.7217 0
68 16 70 1.722 0
96 35 70 1.7217 0
83 79 57 1.7217 0
68 5 62 1.6949 0
55 10 70 1.7217 0
76 16 57 1.7217 0
93 82 66 1.7113 0
99 45 70 1.7217 0
83 89 64 1.4513 0
90 34 61 1.4449 0
82 10 58 1.572 0
0
