128
127 127 127 71.2309 0
0 0 0 55.29 0
0 0 127 61.6382 0
0 127 91 59.4498 0
127 3 0 52.6624 0
127 0 110 55.8817 0
127 127 0 54.3955 0
34 122 0 36.7878 0
64 60 3 31.0992 0
66 0 51 25.772 0
122 61 55 25.2348 0
9 72 30 22.0804 0
72 119 52 20.6943 0
13 43 60 18.0276 0
37 70 127 16.2244 0
68 36 127 13.3841 0
63 14 88 12.0307 0
34 20 63 11.6914 0
102 94 53 11.5132 0
21 58 86 11.3828 0
71 98 23 11.3612 0
101 69 24 11.2261 0
87 54 124 11.0596 0
96 23 54 10.8575 0
55 88 114 10.3597 0
65 72 127 10.2466 0
60 21 21 10.3305 0
66 66 44 9.3628 0
104 59 88 9.29 0
65 104 79 8.7604 0
66 24 107 8.6084 0
45 106 43 8.6076 0
77 29 27 8.2765 0
22 69 61 8.0863 0
30 66 103 7.7655 0
50 44 76 2.0459 0
47 24 79 7.4791 0
27 96 37 7.3953 0
64 83 35 7.291 0
57 55 127 7.1531 0
60 96 97 7.1613 0
97 57 104 6.919 0
87 98 65 6.9217 0
40 23 44 6.7138 0
77 22 76 6.8595 0
99 82 68 6.865 0
103 83 37 6.7481 0
102 50 29 6.6975 0
30 53 21 6.6292 0
71 50 40 6.5049 0
100 37 66 6.3927 0
35 81 19 6.3095 0
102 39 41 6.2528 0
53 90 25 5.9666 0
24 45 37 5.9562 0
100 71 77 5.8953 0
86 23 39 5.9755 0
89 83 20 5.5734 0
49 23 34 5.5224 0
56 102 32 5.5784 0
31 33 76 5.4698 0
53 73 37 5.2725 0
101 47 78 5.4002 0
29 32 45 5.407 0
89 101 41 5.3817 0
76 76 35 5.2476 0
26 81 52 5.1144 0
46 50 121 4.9724 0
56 102 67 4.7056 0
27 70 74 4.8416 0
50 102 57 4.7292 0
44 36 23 4.6945 0
35 55 110 4.7077 0
28 44 79 4.6399 0
36 67 26 4.6468 0
39 77 106 4.6034 0
31 53 99 4.5495 0
79 63 37 4.5439 0
80 84 27 4.5094 0
76 99 71 4.5175 0
93 46 21 4.365 0
84 24 66 4.4848 0
77 42 33 4.3855 0
70 55 124 4.2554 0
25 61 50 4.2056 0
49 80 30 4.3589 0
53 61 38 4.1323 0
80 39 113 4.2178 0
79 68 119 4.1968 0
99 39 54 4.0571 0
52 41 118 4.1076 0
51 22 67 4.0339 0
58 21 73 3.8902 0
56 33 112 3.93 0
73 26 95 3.8404 0
50 36 78 3.887 0
91 29 70 3.8503 0
69 79 114 3.7636 0
69 95 89 3.791 0
68 40 33 3.8318 0
85 75 28 3.7721 0
95 30 40 3.7465 0
87 39 21 3.7288 0
50 26 91 3.5342 0
91 54 26 3.5823 0
38 43 21 3.6463 0
90 88 73 3.4996 0
90 49 109 3.5684 0
55 25 99 3.5002 0
81 54 34 3.5806 0
45 72 31 3.6134 0
31 71 87 3.5819 0
36 96 48 3.6039 0
59 54 38 3.5082 0
89 63 111 3.3801 0
96 94 38 3.4765 0
85 67 31 3.4604 0
27 61 71 3.4289 0
67 26 35 3.3618 0
45 64 33 3.4246 0
29 90 26 3.3653 0
26 53 44 3.3051 0
30 89 48 3.3805 0
66 88 103 3.463 0
83 93 75 3.2401 0
77 95 80 3.4361 0
86 98 52 3.4019 0
77 25 87 3.3677 0
0
