128
0 0 0 74.6858 0
127 127 0 73.3481 0
0 127 127 68.8627 0
127 0 127 63.969 0
17 12 120 45.8414 0
113 108 117 44.1614 0
109 20 28 37.5099 0
24 105 28 34.2865 0
65 27 71 22.6837 0
65 61 127 21.63 0
66 101 69 20.8092 0
65 64 34 19.8429 0
0 51 75 14.8653 0
127 65 78 14.4911 0
44 76 79 12.3296 0
66 81 97 12.4438 0
31 42 71 12.2559 0
83 56 97 12.15 0
45 60 99 11.7797 0
97 43 71 11.5498 0
0 80 60 11.1681 0
83 74 80 11.2612 0
97 87 68 9.8967 0
36 64 44 9.7641 0
61 44 100 9.3808 0
127 59 49 8.8929 0
95 64 45 8.7563 0
117 47 66 8.3364 0
28 85 67 8.0421 0
45 46 54 7.7688 0
83 82 53 7.4126 0
83 47 55 7.3819 0
83 57 68 7.3663 0
44 82 59 7.3222 0
45 57 69 7.2142 0
114 80 67 7.1986 0
7 68 47 6.7556 0
10 72 75 6.4846 0
48 51 82 6.3109 0
11 58 94 6.1482 0
111 64 48 5.7327 0
54 84 49 5.9357 0
20 63 48 5.7327 0
32 52 88 5.5631 0
124 73 59 5.2577 0
99 51 87 5.1756 0
21 51 84 5.1489 0
2 60 56 5.1133 0
115 62 95 4.8954 0
106 77 78 5.0553 0
70 52 85 4.7617 0
98 61 109 4.7571 0
77 77 64 4.5811 0
26 77 78 4.692 0
109 50 82 4.6476 0
30 61 108 4.566 0
58 45 50 4.3594 0
16 79 66 4.3454 0
79 54 80 4.2288 0
60 52 86 4.2711 0
18 52 64 4.0789 0
64 55 63 3.5548 0
70 83 50 4.0289 0
85 71 64 4.005 0
67 76 78 3.9804 0
47 74 50 3.8608 0
44 69 63 3.8122 0
7 66 64 3.8849 0
11 66 86 3.6245 0
33 71 92 3.7263 0
17 73 50 3.7169 0
55 53 63 3.5548 0
72 53 64 3.7009 0
88 53 81 3.581 0
94 70 93 3.6131 0
54 78 65 3.3905 0
40 60 83 3.5405 0
83 59 51 3.1731 0
69 45 51 3.5161 0
110 55 90 3.3832 0
60 76 73 3.2401 0
83 70 51 3.1599 0
98 75 84 3.2505 0
107 54 63 3.1029 0
70 65 102 3.0718 0
70 76 70 2.8243 0
109 62 103 3.0058 0
111 72 85 2.9924 0
55 70 91 2.8968 0
18 59 103 2.9147 0
25 56 63 2.9152 0
27 74 51 2.709 0
29 53 51 2.709 0
95 52 51 2.709 0
122 60 61 2.8734 0
48 65 51 2.709 0
102 54 51 2.709 0
92 75 51 2.709 0
74 68 91 2.7833 0
96 66 101 2.8018 0
119 69 51 2.709 0
99 76 51 2.709 0
46 58 51 2.7946 0
59 67 102 2.7073 0
105 71 51 2.709 0
31 67 99 2.7445 0
11 59 51 2.709 0
39 76 51 2.7103 0
114 54 51 2.709 0
56 52 76 2.7388 0
15 83 59 2.6629 0
50 61 78 2.6105 0
29 74 86 2.46 0
33 45 55 2.6123 0
36 76 64 2.5153 0
19 53 75 2.3089 0
69 53 71 2.6151 0
100 55 62 2.5469 0
94 84 55 2.5233 0
90 77 62 2.5469 0
61 53 72 2.575 0
37 55 62 2.5469 0
88 60 78 2.4657 0
98 75 74 2.5545 0
18 73 82 2.483 0
39 55 78 2.4881 0
20 75 72 2.3121 0
12 57 62 2.3392 0
0
