128
127 127 0 85.2968 0
127 0 127 77.8077 0
0 127 127 77.4898 0
0 0 0 74.0827 0
9 107 17 33.6302 0
26 26 99 29.0019 0
94 24 30 25.7803 0
73 74 79 23.0089 0
88 113 94 16.2517 0
11 72 52 14.3014 0
51 0 76 12.6466 0
44 75 13 12.0788 0
97 54 59 12.1146 0
41 77 63 11.8267 0
74 0 53 11.3555 0
18 52 68 11.157 0
42 120 48 11.1372 0
68 51 17 10.9519 0
39 61 81 10.9113 0
60 46 92 8.894 0
60 80 49 8.9428 0
72 126 78 8.0595 0
58 21 78 8.0492 0
76 20 60 7.7358 0
57 122 63 7.2574 0
64 40 33 6.8415 0
44 22 67 6.8661 0
29 72 27 6.2613 0
65 18 45 5.8257 0
52 59 20 5.7427 0
82 65 52 5.66 0
69 103 85 5.6903 0
46 92 26 5.681 0
63 30 42 5.4565 0
46 106 38 5.4587 0
21 91 54 5.3949 0
57 3 58 5.2763 0
30 38 66 5.251 0
90 35 60 5.1819 0
51 91 69 5.1481 0
64 93 58 4.956 0
85 48 72 5.0943 0
72 71 48 5.0303 0
80 102 75 4.8648 0
67 13 70 4.9426 0
59 31 89 4.7618 0
91 54 41 4.758 0
60 67 18 4.7225 0
30 108 50 4.4463 0
23 67 37 4.4132 0
29 64 65 4.3505 0
80 52 28 4.2456 0
70 24 71 3.9636 0
75 46 81 4.0564 0
55 49 29 4.0218 0
48 48 84 3.9393 0
55 88 60 3.8154 0
57 97 75 3.754 0
22 56 52 3.7393 0
55 69 58 3.7423 0
53 54 79 3.8309 0
71 99 65 3.7654 0
23 77 37 3.6441 0
27 83 56 3.7214 0
37 32 62 3.6272 0
38 64 26 3.6429 0
56 86 37 3.6436 0
57 93 45 3.5782 0
50 63 68 3.4834 0
50 96 35 3.4391 0
62 118 74 3.4818 0
30 90 60 3.3862 0
55 40 40 3.4506 0
25 100 53 3.4157 0
28 45 58 3.3387 0
46 10 63 3.3148 0
64 5 66 3.2831 0
56 114 54 3.1121 0
73 47 31 3.2598 0
38 84 26 3.2178 0
70 113 84 3.2768 0
52 108 46 2.9912 0
52 83 25 2.9657 0
32 49 74 2.94 0
54 33 46 3.0343 0
68 120 67 2.9487 0
82 29 65 2.9526 0
62 8 47 2.8797 0
23 60 45 2.8862 0
64 68 54 2.7799 0
88 41 67 2.8007 0
41 93 65 2.6602 0
37 106 42 2.8076 0
29 71 55 2.7937 0
61 79 36 2.7355 0
48 115 62 2.5364 0
60 97 51 2.6062 0
86 61 44 2.626 0
71 24 50 2.6053 0
86 55 34 2.6649 0
49 54 28 2.6895 0
58 75 22 2.6745 0
66 48 81 2.6501 0
82 30 57 2.3294 0
67 74 39 2.5808 0
81 118 76 2.6082 0
30 64 33 2.5551 0
52 15 69 2.4706 0
22 83 43 2.6001 0
34 39 58 2.614 0
42 97 33 2.5047 0
61 103 79 2.5159 0
54 100 43 2.5602 0
49 74 50 2.5552 0
81 58 58 2.5138 0
82 53 64 2.3749 0
57 82 31 2.4692 0
45 64 24 2.451 0
68 28 78 2.2743 0
51 47 35 2.4441 0
70 37 41 2.3306 0
59 93 66 2.3109 0
49 28 76 2.3531 0
44 27 58 2.3996 0
60 51 79 2.3528 0
40 31 70 2.3324 0
89 42 53 2.2939 0
43 58 28 2.356 0
0
