128
127 0 0 83.2903 0
1 127 126 55.9212 0
0 0 127 70.0737 0
127 127 127 66.7001 0
0 127 0 64.9771 0
112 127 12 44.1019 0
8 24 20 38.5344 0
95 35 106 31.2914 0
65 122 61 22.5442 0
15 74 69 22.0338 0
62 69 127 19.074 0
68 81 26 18.9122 0
114 81 58 15.9169 0
64 21 74 14.0458 0
45 2 55 13.6266 0
41 63 32 12.8649 0
59 92 105 11.8241 0
98 61 70 11.3338 0
33 110 68 11.2977 0
27 44 62 9.9393 0
56 109 90 9.4418 0
77 74 102 9.2409 0
28 71 102 8.9314 0
98 81 37 8.9233 0
51 41 36 8.8335 0
94 108 59 8.434 0
92 72 87 8.0995 0
78 39 69 7.9912 0
63 56 37 7.8256 0
34 71 121 7.7662 0
55 53 105 7.6237 0
30 57 49 6.9156 0
44 83 38 6.8177 0
58 102 39 6.4388 0
31 77 43 6.3008 0
110 104 58 6.3263 0
75 103 40 6.0786 0
59 35 91 6.0394 0
31 25 60 5.9078 0
98 81 76 6.0346 0
95 67 52 5.9142 0
31 60 89 5.9078 0
31 51 77 5.9078 0
31 83 92 5.9078 0
31 95 57 5.9078 0
31 95 81 5.9078 0
85 51 62 5.5988 0
44 83 114 5.6747 0
48 16 40 5.5964 0
42 30 70 5.3781 0
67 61 103 5.4181 0
73 87 94 5.4916 0
71 105 85 5.4103 0
41 105 83 5.4103 0
88 70 40 5.058 0
45 18 68 5.0565 0
83 83 89 4.9823 0
61 73 102 4.9542 0
57 18 53 4.7041 0
88 93 40 4.802 0
78 63 40 4.8065 0
45 104 50 4.4025 0
84 51 74 4.3782 0
84 104 50 4.4025 0
85 104 73 4.4025 0
50 104 77 4.4025 0
70 33 60 4.2976 0
53 44 96 4.0464 0
45 59 113 4.0383 0
48 27 41 3.7941 0
39 47 41 3.7941 0
88 58 54 3.9727 0
33 71 89 3.892 0
49 95 41 3.7941 0
33 87 50 3.892 0
71 98 93 3.8277 0
49 32 80 3.7968 0
56 66 41 3.7941 0
44 58 101 3.5766 0
43 87 104 3.5473 0
34 15 62 3.616 0
74 41 57 3.5694 0
64 26 56 3.5765 0
47 100 97 3.4532 0
87 61 82 3.3066 0
45 103 59 3.3946 0
77 103 77 3.3946 0
37 103 54 3.4112 0
90 85 82 3.2801 0
101 90 71 3.2268 0
62 46 98 3.2607 0
82 65 92 3.1896 0
34 34 54 2.8842 0
34 38 73 3.1118 0
34 94 67 2.8842 0
71 38 80 3.0633 0
34 79 111 3.0065 0
103 91 44 2.9394 0
44 93 99 2.9058 0
58 64 101 2.918 0
63 43 42 2.7862 0
34 56 66 2.8842 0
34 67 52 2.8842 0
34 16 53 2.8842 0
96 76 67 2.9387 0
34 83 102 2.8842 0
50 40 89 2.7291 0
86 79 42 2.7862 0
66 80 97 2.7643 0
34 41 49 2.8842 0
34 64 111 2.8842 0
34 60 99 2.8842 0
46 51 98 2.8835 0
34 56 59 2.8842 0
47 102 67 2.3867 0
51 32 67 2.6521 0
79 94 42 2.7862 0
52 77 42 2.7862 0
74 55 42 2.7982 0
50 53 42 2.7862 0
56 31 42 2.7862 0
53 87 42 2.7862 0
55 20 45 2.7681 0
105 96 67 2.704 0
96 77 49 2.6376 0
95 73 61 2.6529 0
79 91 88 2.5941 0
66 38 65 2.5702 0
0
