128
0 127 127 74.12 0
0 0 0 74.12 0
127 127 0 70.4079 0
127 0 127 70.4079 0
109 105 105 37.1083 0
109 22 22 37.1083 0
31 99 27 31.9648 0
31 28 100 31.9648 0
98 64 63 21.5652 0
67 65 104 18.7813 0
67 62 23 18.7813 0
57 1 70 14.9998 0
57 126 57 14.9998 0
0 63 67 12.2908 0
81 125 70 10.9113 0
81 2 57 10.9113 0
0 83 53 10.1707 0
80 105 62 9.3124 0
80 22 65 9.3124 0
50 103 64 8.3533 0
50 24 63 8.3533 0
67 91 90 8.3114 0
67 36 37 8.3114 0
69 39 88 8.3679 0
69 88 39 8.3679 0
4 43 73 7.84 0
10 68 46 7.539 0
82 49 84 7.487 0
69 113 84 7.3042 0
69 14 43 7.3042 0
38 39 62 6.8519 0
38 88 65 6.8519 0
80 76 43 6.7593 0
13 59 82 6.7143 0
74 97 76 6.7446 0
74 30 51 6.7446 0
81 77 83 6.5547 0
95 34 64 6.3785 0
80 50 43 6.418 0
95 93 64 6.3785 0
42 62 35 6.0923 0
42 65 92 6.0923 0
16 84 60 5.9008 0
65 18 84 5.8995 0
65 109 43 5.8995 0
29 64 62 0.7794 0
19 43 66 5.7507 0
25 64 43 5.6103 0
72 32 75 5.5325 0
72 95 52 5.5325 0
49 76 88 5.498 0
49 51 39 5.498 0
59 16 53 5.424 0
59 111 74 5.424 0
26 63 84 5.3051 0
17 64 57 5.0732 0
76 62 81 5.0177 0
18 63 71 4.7523 0
71 34 63 4.4762 0
71 93 63 4.4762 0
87 86 50 4.4875 0
76 64 47 4.4286 0
88 41 75 4.1977 0
47 35 54 4.314 0
47 92 73 4.314 0
54 86 85 4.2266 0
54 41 42 4.2266 0
26 83 66 4.2276 0
56 26 50 4.2506 0
56 101 77 4.2506 0
58 21 75 4.0968 0
58 106 52 4.0968 0
86 43 51 3.964 0
75 116 54 4.0746 0
75 11 73 4.0746 0
87 85 75 3.8122 0
94 23 62 3.72 0
66 119 73 3.6158 0
66 8 54 3.6158 0
43 84 77 3.5926 0
43 43 50 3.5926 0
8 58 53 3.5583 0
63 25 44 3.3161 0
63 102 83 3.3161 0
63 48 42 3.1417 0
63 79 85 3.1417 0
51 57 89 3.3941 0
51 70 38 3.3941 0
72 108 51 3.3251 0
72 19 76 3.3251 0
73 110 73 3.254 0
73 17 54 3.254 0
66 84 74 1.1427 0
66 43 53 1.1427 0
26 45 59 3.245 0
40 52 43 3.2031 0
40 75 84 3.2031 0
68 87 78 3.2415 0
68 40 49 3.2415 0
93 104 66 3.1982 0
61 78 39 3.1243 0
61 49 88 3.1243 0
10 46 63 3.1333 0
57 94 82 3.0243 0
57 33 45 3.0243 0
29 45 68 2.9103 0
81 88 44 2.921 0
88 40 59 2.9768 0
78 39 43 2.9671 0
78 88 84 2.9671 0
47 37 69 2.939 0
47 90 58 2.939 0
71 53 85 2.9426 0
64 28 84 2.7923 0
64 99 43 2.7923 0
69 89 71 2.8601 0
30 82 59 2.7979 0
25 63 53 2.7462 0
17 59 48 2.7849 0
12 69 76 2.754 0
24 64 65 2.7845 0
82 30 76 2.7075 0
82 97 51 2.7075 0
33 59 41 2.6272 0
33 69 86 2.5731 0
7 80 65 2.6308 0
80 37 83 2.6617 0
34 66 41 2.672 0
0
