128
0 5 54 64.9142 0
127 127 76 59.7807 0
0 127 127 75.6814 0
127 0 0 72.1385 0
122 1 127 53.9064 0
9 126 0 50.5931 0
86 99 0 29.9255 0
85 72 127 24.446 0
46 24 127 22.2282 0
49 62 8 21.8096 0
106 50 74 18.3085 0
79 25 74 17.3356 0
55 113 49 16.8186 0
18 83 49 13.6159 0
70 39 102 13.4586 0
70 42 49 12.6848 0
38 73 67 12.1716 0
53 57 112 12.0701 0
111 61 102 10.8453 0
103 65 48 10.8417 0
116 80 23 10.8102 0
62 99 73 9.8433 0
30 48 110 9.3094 0
79 64 21 8.7072 0
19 70 21 8.9597 0
49 47 92 8.9654 0
39 93 57 8.5853 0
85 57 57 8.589 0
51 90 22 7.6994 0
51 58 57 7.4802 0
60 37 26 7.4037 0
75 92 103 7.3272 0
43 59 81 7.239 0
75 106 36 6.8765 0
83 47 87 6.862 0
58 105 25 6.7189 0
98 71 23 6.6915 0
91 71 63 6.5775 0
70 96 58 6.3763 0
68 96 90 6.137 0
59 39 82 6.264 0
96 71 97 5.8837 0
31 60 89 5.9674 0
50 88 67 5.8204 0
32 79 24 5.6836 0
71 51 24 5.6836 0
64 82 24 5.6836 0
89 55 42 5.5566 0
39 65 50 5.5725 0
86 51 104 5.5029 0
81 49 71 5.3014 0
51 52 71 5.4775 0
38 99 41 5.338 0
60 74 109 5.3341 0
40 39 102 5.0062 0
95 70 84 5.0159 0
54 51 46 4.7934 0
43 72 85 4.6642 0
87 80 98 4.6721 0
72 98 46 4.5373 0
57 46 62 4.4994 0
93 41 92 4.493 0
110 76 38 4.5148 0
51 39 104 4.5063 0
98 53 108 4.3908 0
50 85 78 4.2597 0
84 59 74 3.9094 0
15 79 31 4.0468 0
75 77 26 3.6678 0
66 84 106 3.9675 0
29 68 44 3.8942 0
46 57 45 3.9207 0
63 93 26 3.6678 0
110 67 34 3.8356 0
90 67 76 3.8113 0
17 71 35 3.7374 0
77 57 103 3.6481 0
32 51 96 3.563 0
67 70 26 3.6678 0
69 58 107 3.7091 0
29 62 26 3.6679 0
86 76 26 3.6678 0
42 81 26 3.6678 0
105 90 28 3.66 0
62 36 64 3.4219 0
56 43 72 3.5054 0
36 81 52 3.5638 0
31 92 39 3.5531 0
56 93 60 3.5561 0
51 63 73 3.354 0
75 90 68 3.4275 0
33 73 50 3.418 0
88 68 50 3.2986 0
79 56 45 3.3493 0
104 48 97 3.1424 0
85 101 35 3.2674 0
49 79 86 3.2178 0
56 42 37 3.1392 0
56 90 82 3.1658 0
31 58 101 3.1783 0
53 71 103 3.0626 0
45 102 34 3.0682 0
90 76 90 2.8982 0
100 65 90 3.0905 0
64 94 49 2.9961 0
72 44 85 2.9094 0
60 53 98 3.0484 0
75 45 65 3.0182 0
60 36 72 2.9432 0
87 42 98 2.9151 0
94 76 54 2.8447 0
101 81 27 2.66 0
64 89 98 2.7593 0
50 44 27 2.8221 0
69 41 32 2.7496 0
35 88 46 2.739 0
61 56 47 2.8228 0
49 68 78 2.7605 0
54 48 79 2.7661 0
81 99 42 2.7621 0
85 43 110 2.6701 0
89 76 72 2.7156 0
39 88 27 2.66 0
92 62 27 2.66 0
85 56 81 2.7595 0
23 68 39 2.6863 0
62 50 27 2.66 0
31 70 27 2.66 0
0
