128
127 0 127 89.4167 0
0 127 3 55.5003 0
0 0 0 70.4562 0
0 127 127 62.507 0
127 127 53 56.2907 0
127 28 0 39.6199 0
15 38 95 31.7486 0
75 93 0 24.2697 0
50 106 60 22.0201 0
78 99 108 21.4581 0
9 75 58 19.1934 0
79 25 33 17.0447 0
74 50 6 16.8027 0
43 62 124 13.9344 0
49 30 64 13.1789 0
109 60 42 12.9473 0
43 73 10 12.7618 0
82 80 79 12.1191 0
34 53 57 12.0266 0
105 74 13 11.9784 0
70 94 35 10.0483 0
52 93 26 8.921 0
53 93 90 8.9236 0
51 58 101 8.6574 0
78 83 57 8.438 0
62 75 120 8.4221 0
78 43 53 8.0558 0
20 72 32 7.9651 0
60 64 37 1.7264 0
98 41 39 7.3566 0
38 76 74 4.6649 0
22 76 83 6.9417 0
55 36 43 7.062 0
38 76 43 4.3391 0
101 67 61 6.9741 0
43 58 74 6.8467 0
36 58 38 6.4387 0
52 42 82 6.4616 0
26 90 72 6.2787 0
59 76 73 3.9402 0
59 76 46 3.6415 0
47 79 108 6.0423 0
59 54 57 3.1702 0
27 90 46 5.9818 0
84 65 31 2.5117 0
65 90 80 5.9311 0
38 76 30 5.3174 0
59 53 27 4.7467 0
41 90 37 5.8501 0
59 76 21 5.8151 0
94 57 17 5.7161 0
59 76 96 4.2044 0
54 56 17 5.7777 0
25 72 18 5.7258 0
86 67 17 5.7251 0
40 89 81 5.6742 0
49 55 86 5.5972 0
72 64 60 3.0918 0
74 74 96 5.2674 0
74 63 78 5.3401 0
84 65 45 2.6666 0
64 38 54 5.023 0
62 59 89 5.1573 0
24 62 42 5.1052 0
59 54 73 3.3472 0
60 38 29 5.0333 0
84 85 35 4.9227 0
92 46 51 5.0554 0
45 51 43 4.8885 0
70 69 18 4.7629 0
38 76 63 4.5493 0
103 74 31 4.7894 0
74 55 70 4.7535 0
72 65 35 2.5891 0
59 54 41 2.9931 0
103 58 24 4.6587 0
84 65 59 2.8215 0
48 73 86 1.8117 0
59 76 106 4.3236 0
46 52 32 4.2214 0
38 76 53 4.4442 0
70 88 68 4.1018 0
55 86 103 4.3592 0
70 73 107 4.3164 0
59 76 86 4.0851 0
58 65 111 4.2 0
64 66 101 4.1461 0
95 75 68 4.2267 0
46 42 49 4.0387 0
65 39 67 4.0125 0
70 53 36 2.0527 0
68 88 49 3.9232 0
98 54 55 4.0005 0
92 77 59 3.985 0
24 83 38 3.9709 0
71 67 48 1.8272 0
98 73 51 3.9553 0
61 64 19 3.9499 0
57 88 40 3.8947 0
36 61 27 3.9462 0
59 76 55 3.741 0
56 85 113 3.8674 0
73 67 88 3.8429 0
59 76 64 3.8406 0
73 65 68 3.8598 0
46 48 68 3.7892 0
30 88 61 3.8058 0
59 76 37 3.5419 0
87 81 47 3.719 0
73 46 65 3.7719 0
57 46 19 3.7435 0
26 62 69 3.7068 0
41 62 86 3.76 0
45 85 99 3.6436 0
91 47 19 3.7004 0
48 73 99 3.6587 0
102 49 30 3.6984 0
70 75 32 1.9483 0
72 59 51 2.5688 0
53 64 49 0.8597 0
27 75 94 3.4644 0
74 83 44 3.4176 0
72 74 67 3.4631 0
59 54 81 3.4357 0
41 87 21 3.4744 0
95 87 20 3.4174 0
28 68 112 3.3573 0
48 63 34 2.0258 0
0
