128
0 46 127 66.2957 0
127 45 0 65.6578 0
0 0 0 67.4924 0
127 0 127 67.4924 0
116 127 127 58.9359 0
11 127 1 58.9272 0
105 127 40 26.8745 0
25 127 87 26.0716 0
64 85 64 13.2007 0
78 65 97 17.8799 0
50 64 30 17.8799 0
108 70 77 16.0892 0
21 70 50 15.7915 0
69 93 35 15.2399 0
59 93 92 15.0221 0
73 0 40 13.6392 0
55 0 87 13.6392 0
22 95 64 11.5714 0
93 46 71 11.3671 0
56 0 61 10.9459 0
106 96 64 10.9706 0
35 43 57 10.7777 0
52 127 59 10.5337 0
77 127 68 10.6123 0
91 7 57 10.2856 0
36 7 70 10.2856 0
62 30 38 9.8169 0
67 127 43 9.8281 0
68 35 89 9.8169 0
62 127 83 9.2936 0
90 26 64 8.3435 0
75 3 67 7.9223 0
38 24 62 7.3356 0
66 47 41 6.7933 0
40 59 65 6.4597 0
47 41 42 6.4141 0
67 18 85 5.7854 0
55 72 85 5.7854 0
37 96 85 5.7854 0
60 52 85 5.7854 0
79 87 85 5.8587 0
34 109 60 5.881 0
49 86 42 5.7925 0
72 67 42 5.7854 0
55 22 85 5.7854 0
90 61 61 5.757 0
94 94 42 5.7854 0
94 110 67 5.7209 0
81 44 84 5.1566 0
42 58 52 5.1183 0
74 20 43 4.7775 0
91 84 84 4.7775 0
100 79 57 4.9835 0
59 15 43 4.7775 0
29 79 69 4.6769 0
67 111 84 4.7775 0
75 112 43 4.7775 0
37 83 43 4.7775 0
57 109 43 4.7775 0
56 112 84 4.7775 0
66 76 47 4.775 0
76 41 57 2.1733 0
34 69 68 4.3261 0
86 38 58 4.312 0
56 80 48 4.1835 0
71 7 80 4.0642 0
43 115 64 4.0115 0
65 75 80 3.8015 0
74 93 77 3.9838 0
56 95 51 3.98 0
86 60 76 3.9684 0
73 80 79 3.9748 0
83 79 44 3.7697 0
52 100 44 3.7697 0
74 104 83 3.7697 0
44 42 70 3.7801 0
99 90 77 3.7755 0
99 90 51 3.7755 0
77 120 54 3.7327 0
54 61 83 3.7697 0
95 71 60 3.7834 0
84 103 44 3.7697 0
42 83 83 3.7697 0
52 120 73 3.6519 0
56 41 83 3.7697 0
73 56 44 3.7697 0
70 49 83 3.7697 0
86 87 44 3.7697 0
85 115 62 3.5919 0
30 90 80 3.6386 0
85 21 52 3.3041 0
67 122 57 3.4639 0
30 91 50 3.4585 0
85 35 80 3.503 0
42 20 75 3.3041 0
62 122 70 3.3983 0
44 115 54 3.3875 0
86 114 72 3.4266 0
42 31 71 3.3041 0
49 42 63 3.3886 0
78 42 74 3.3886 0
79 42 51 3.3886 0
80 42 63 3.3886 0
42 14 57 3.3041 0
85 50 56 3.3041 0
67 99 75 3.1905 0
50 42 76 3.1812 0
32 99 76 3.2378 0
85 15 68 3.3041 0
74 80 49 3.2834 0
42 33 48 3.3116 0
50 42 54 3.1812 0
44 14 82 3.2199 0
83 14 45 3.2199 0
97 98 51 3.098 0
67 99 54 3.1905 0
56 118 45 3.0104 0
83 57 53 3.1019 0
55 8 47 3.1051 0
43 50 46 3.0915 0
94 104 59 3.0463 0
46 58 75 3.1022 0
74 95 54 3.0961 0
95 102 73 3.0636 0
81 99 82 2.7618 0
72 8 56 2.8829 0
66 111 45 2.7618 0
83 59 68 2.8213 0
0
