128
127 0 127 69.1517 0
0 127 127 69.1156 0
0 0 0 67.0729 0
127 127 0 67.0725 0
113 14 10 46.1744 0
14 113 10 46.1367 0
17 17 111 42.0499 0
110 110 111 42.0494 0
24 64 61 22.7044 0
103 63 62 22.7254 0
64 24 60 22.8182 0
65 103 62 22.475 0
64 61 0 15.6256 0
67 79 127 12.0276 0
64 61 87 6.7891 0
47 60 127 11.0045 0
64 91 30 10.378 0
37 64 93 10.1222 0
37 64 29 10.1222 0
90 63 29 10.1354 0
64 61 43 6.286 0
64 37 95 9.5706 0
62 37 29 9.3995 0
65 90 93 9.3727 0
89 63 97 9.2232 0
60 44 123 8.6739 0
83 66 119 8.5086 0
87 63 9 7.8637 0
40 64 9 7.8565 0
63 87 7 7.7223 0
64 39 10 7.5265 0
63 61 24 7.1088 0
85 41 76 6.9927 0
64 61 118 7.1321 0
42 41 74 6.9746 0
42 86 48 6.9551 0
64 61 102 6.955 0
42 86 73 6.9551 0
86 85 47 6.9334 0
41 42 47 6.9311 0
64 61 72 6.6231 0
64 61 57 6.4571 0
86 84 76 6.3152 0
86 43 47 6.3749 0
50 87 85 6.3102 0
42 65 110 6.0824 0
87 74 85 6.1417 0
67 86 109 5.7594 0
51 41 85 5.3966 0
55 76 113 5.4056 0
73 41 82 5.3395 0
75 41 37 5.3343 0
41 52 82 5.1039 0
41 78 84 5.192 0
86 49 87 5.2185 0
41 49 36 5.0937 0
74 53 122 4.8267 0
50 52 112 4.5851 0
68 44 111 4.607 0
83 63 83 4.5769 0
58 42 108 4.523 0
55 85 42 4.3074 0
78 85 86 4.367 0
80 85 36 4.3722 0
49 42 34 4.3939 0
85 49 37 4.2107 0
44 84 60 4.1296 0
42 79 38 4.1875 0
85 71 42 4.1361 0
85 77 34 4.1158 0
50 75 7 4.0572 0
78 54 112 4.0816 0
45 63 80 4.026 0
45 63 42 4.026 0
73 79 7 4.0572 0
81 63 45 3.8711 0
74 73 112 3.8553 0
52 43 43 3.3782 0
83 44 60 3.3892 0
73 84 20 3.3462 0
44 44 63 3.3586 0
83 83 65 3.3563 0
54 43 19 3.373 0
57 84 107 3.3111 0
59 43 79 3.3601 0
75 84 44 3.3514 0
71 43 19 3.329 0
75 43 27 3.3186 0
67 84 43 3.3306 0
54 84 99 3.2969 0
71 84 80 3.341 0
62 84 81 3.3177 0
51 84 29 3.2892 0
76 43 91 3.316 0
59 84 18 3.3099 0
84 55 18 3.1825 0
43 72 18 3.1559 0
84 71 18 3.1283 0
84 71 107 3.135 0
43 56 18 3.1017 0
66 76 111 3.2007 0
84 54 45 3.1858 0
43 73 44 3.1593 0
84 52 78 3.1926 0
61 52 34 2.0817 0
43 77 95 3.1728 0
64 51 61 3.1647 0
43 55 44 3.0983 0
43 51 92 3.0848 0
84 76 25 3.1113 0
43 55 107 3.1051 0
79 72 8 3.0493 0
47 53 8 3.0493 0
43 52 24 3.0882 0
79 51 8 3.0493 0
80 62 107 2.8215 0
47 65 19 2.8411 0
64 51 97 2.7309 0
80 62 19 2.8142 0
79 62 74 2.7615 0
82 83 57 2.766 0
48 65 102 2.7349 0
48 65 73 2.7349 0
48 65 49 2.7349 0
54 45 9 2.6478 0
72 61 18 2.6482 0
51 68 115 2.5774 0
74 45 9 2.6175 0
0
