128
63 127 0 90.2842 0
127 0 127 69.8383 0
0 0 103 58.142 0
20 100 127 45.2319 0
88 0 22 39.7503 0
91 90 110 27.4246 0
26 20 26 24.4781 0
127 41 44 19.6882 0
127 81 79 19.0252 0
0 47 44 15.8892 0
55 49 120 15.7757 0
0 79 72 15.2112 0
55 69 88 14.4018 0
64 18 74 13.316 0
26 68 78 12.4252 0
98 66 76 11.9933 0
49 10 54 10.6033 0
75 59 74 9.735 0
60 32 97 9.0554 0
84 27 66 8.4014 0
44 58 70 8.2954 0
77 60 93 8.0263 0
119 66 56 8.1203 0
104 31 58 7.7329 0
125 54 70 7.6963 0
55 34 35 7.4085 0
47 27 63 7.4346 0
75 57 109 7.2343 0
60 53 66 7.0166 0
12 65 57 6.9529 0
39 56 104 6.9086 0
2 56 66 6.8687 0
48 45 98 6.3741 0
62 71 114 6.3284 0
88 56 63 6.1867 0
20 37 52 6.04 0
103 44 33 5.7166 0
33 30 55 5.6243 0
45 29 49 5.601 0
75 51 59 5.534 0
27 60 60 5.5078 0
69 44 103 5.3746 0
105 61 57 5.3876 0
53 32 83 5.0509 0
8 59 78 5.0753 0
64 47 55 5.1306 0
112 42 65 5.1266 0
73 32 84 5.0308 0
54 23 44 4.7559 0
50 51 58 4.9095 0
68 38 38 4.7409 0
105 64 93 4.7678 0
22 60 94 4.7161 0
115 58 78 4.6962 0
20 48 36 4.6669 0
39 54 57 4.3729 0
102 37 44 4.3021 0
12 47 62 4.232 0
91 31 55 4.1308 0
78 47 95 3.8848 0
55 52 77 3.8817 0
69 67 104 3.9181 0
88 59 100 3.8471 0
72 21 58 3.7437 0
121 65 43 3.5867 0
72 38 94 3.6345 0
80 30 54 3.5724 0
89 64 90 3.3549 0
37 66 93 3.4759 0
81 32 78 3.3206 0
28 57 101 3.3434 0
97 34 68 3.2979 0
50 38 90 3.3262 0
113 49 72 3.1215 0
84 52 54 3.2707 0
102 50 78 3.2022 0
96 56 56 3.1877 0
27 51 79 3.2125 0
15 54 56 3.1417 0
20 44 44 3.2099 0
112 67 67 2.9595 0
40 59 83 3.1358 0
53 55 101 3.1144 0
7 67 47 3.037 0
45 40 34 3.0469 0
64 54 81 3.026 0
72 31 65 2.9159 0
63 44 45 2.99 0
86 59 84 3.0318 0
116 50 63 3.0238 0
56 63 106 3.0098 0
59 45 101 3.0012 0
46 32 76 2.9845 0
18 47 53 2.8506 0
53 32 74 2.9432 0
16 55 77 2.9108 0
74 32 73 2.8806 0
57 32 66 2.7175 0
93 42 33 2.7745 0
33 53 74 2.5172 0
88 54 73 2.7606 0
113 55 57 2.7181 0
56 22 58 2.7714 0
31 56 68 2.6439 0
45 55 95 2.6109 0
91 35 72 2.6734 0
108 53 37 2.6288 0
56 48 51 2.6098 0
26 54 86 2.6718 0
104 39 69 2.6358 0
64 12 58 2.6164 0
62 33 84 2.4707 0
78 41 35 2.6011 0
11 51 69 2.5107 0
38 33 67 2.5492 0
99 57 63 2.4682 0
18 42 60 2.4323 0
69 55 86 2.3519 0
94 34 48 2.4595 0
32 56 53 2.363 0
29 36 49 2.3747 0
81 50 66 2.3323 0
105 42 51 2.3638 0
72 48 51 2.2989 0
63 30 41 2.3187 0
27 35 60 2.2311 0
51 52 91 2.3038 0
84 42 34 2.1755 0
0
