128
127 127 0 67.4347 0
6 5 122 56.1998 0
0 0 0 64.6844 0
0 127 127 63.9548 0
127 0 127 63.9518 0
122 2 6 55.9182 0
3 121 7 55.1161 0
115 114 117 49.7814 0
64 61 26 26.1704 0
62 62 102 24.8938 0
63 3 64 24.0421 0
60 124 62 22.826 0
127 48 62 15.3883 0
1 50 65 15.0793 0
4 80 64 13.2159 0
26 64 39 13.068 0
121 77 65 12.7259 0
25 64 89 12.5279 0
103 61 40 12.0601 0
44 81 63 8.3476 0
61 99 89 11.7441 0
101 60 87 11.3846 0
46 44 63 8.3476 0
59 96 41 11.0522 0
77 74 63 8.2837 0
70 29 87 9.9586 0
81 36 63 8.3476 0
104 36 65 9.7223 0
23 33 64 9.4085 0
55 30 43 9.0365 0
3 66 45 8.9736 0
75 30 43 9.0365 0
100 91 63 8.8143 0
91 62 63 8.3476 0
40 63 63 8.3476 0
79 92 63 8.3476 0
23 93 66 8.4516 0
122 63 82 8.2737 0
42 82 44 8.0286 0
90 44 44 8.0286 0
78 88 44 8.0286 0
40 82 86 7.8402 0
59 66 65 6.3319 0
51 33 85 7.3064 0
122 66 47 7.2289 0
88 44 85 7.2653 0
22 47 52 7.0406 0
42 42 45 7.0207 0
22 47 75 7.0406 0
5 67 81 7.1143 0
89 75 45 7.0207 0
41 97 61 6.9293 0
24 65 61 6.8895 0
76 87 84 6.6541 0
23 83 53 6.5659 0
65 48 62 4.7453 0
64 35 62 6.1459 0
90 115 65 6.1758 0
64 87 65 6.3319 0
39 48 84 6.339 0
105 79 53 6.3666 0
79 52 65 6.3319 0
31 11 64 6.2008 0
96 10 63 6.1976 0
42 29 60 5.9849 0
90 75 84 6.0697 0
19 79 78 5.9983 0
30 116 63 5.7951 0
109 49 75 5.604 0
105 47 53 5.5368 0
103 79 72 5.3844 0
44 95 81 5.215 0
75 104 47 5.073 0
85 31 80 5.005 0
85 58 80 5.005 0
105 62 59 4.977 0
43 97 47 5.005 0
54 91 59 4.977 0
53 86 80 4.8605 0
75 106 79 4.7058 0
69 62 59 4.5399 0
100 22 60 4.5981 0
76 42 81 4.4849 0
63 83 80 4.4717 0
98 45 76 4.3356 0
95 104 66 4.3977 0
40 60 80 4.2222 0
28 86 77 4.1975 0
95 85 50 4.2035 0
81 21 79 4.0634 0
109 72 78 3.9566 0
51 56 58 3.9691 0
42 67 48 3.9971 0
28 47 64 4.0026 0
39 37 80 4.0126 0
15 75 50 4.1227 0
47 106 79 4.1212 0
46 23 79 3.9971 0
41 30 48 3.9971 0
88 25 59 3.9409 0
55 82 48 3.9971 0
98 36 51 3.9043 0
38 53 48 3.9971 0
88 59 48 3.9971 0
77 43 48 3.9971 0
66 83 48 3.9971 0
14 56 50 3.9568 0
51 70 58 3.9691 0
52 57 67 3.6728 0
32 73 66 3.7529 0
87 47 59 3.7332 0
95 84 76 3.7142 0
52 32 63 3.6728 0
82 19 49 3.53 0
57 79 62 3.645 0
22 79 65 3.5495 0
29 37 51 3.6112 0
81 111 74 3.5301 0
29 21 68 3.4313 0
61 38 80 3.4362 0
29 21 60 3.4313 0
28 93 54 3.4125 0
70 64 68 3.3083 0
31 39 78 3.4311 0
89 74 58 3.2573 0
28 102 58 3.3146 0
51 92 68 3.3083 0
13 59 78 3.3334 0
0
