128
64 63 127 76.6534 0
127 127 0 69.9594 0
0 0 0 69.9594 0
0 127 16 56.2071 0
127 0 16 56.2071 0
19 67 49 12.4738 0
60 108 49 12.4598 0
109 61 49 12.4123 0
66 18 49 12.4055 0
43 127 70 10.5437 0
0 83 70 10.2522 0
43 0 69 10.1965 0
84 127 69 10.1887 0
127 43 69 10.1918 0
0 43 69 10.1533 0
127 84 69 10.1504 0
84 0 69 10.1485 0
0 58 56 8.6824 0
68 127 57 7.9977 0
59 0 58 7.467 0
127 68 58 7.4311 0
12 96 70 5.8206 0
25 84 56 5.8001 0
12 31 70 5.8015 0
78 105 56 5.7006 0
42 102 56 5.699 0
22 49 56 5.6528 0
30 114 70 5.6728 0
3 66 70 5.6239 0
60 124 70 5.6584 0
48 22 56 5.5753 0
105 79 56 5.5505 0
84 24 56 5.5758 0
103 43 56 5.5177 0
31 12 69 5.0986 0
96 115 69 5.0838 0
115 96 69 5.0464 0
115 31 69 5.1017 0
96 12 69 5.0625 0
124 59 69 5.0391 0
68 3 69 5.0139 0
54 123 58 4.7718 0
4 73 58 4.7674 0
21 104 70 4.6359 0
115 45 57 4.3382 0
81 10 57 4.3382 0
44 113 57 4.3382 0
10 82 57 4.3382 0
119 78 57 4.3486 0
11 49 57 4.3382 0
49 8 57 4.3448 0
77 116 57 4.3382 0
20 23 69 4.1316 0
122 53 58 4.2113 0
107 104 69 4.1136 0
33 95 58 3.979 0
73 4 59 4.092 0
103 20 69 3.8213 0
88 100 58 3.8652 0
39 27 58 3.8655 0
27 39 58 3.7884 0
100 88 58 3.7876 0
94 31 58 3.6735 0
57 6 69 3.5478 0
121 70 69 3.5421 0
70 121 69 3.5273 0
7 56 69 3.369 0
32 32 59 2.7158 0
95 95 59 2.7157 0
113 84 59 2.3225 0
87 113 68 2.3225 0
37 117 62 2.4735 0
10 90 62 2.4339 0
87 108 59 2.3225 0
54 117 68 2.3225 0
88 15 59 2.3225 0
44 14 59 2.3225 0
113 87 68 2.3225 0
107 26 68 2.4301 0
17 89 59 2.3225 0
85 114 59 2.3225 0
14 87 68 2.3225 0
29 105 68 2.3225 0
27 20 68 2.3453 0
110 38 59 2.3225 0
100 107 68 2.3237 0
108 87 59 2.3225 0
54 15 59 2.3225 0
93 24 59 2.3225 0
15 40 68 2.3441 0
113 40 68 2.3441 0
41 14 68 2.3441 0
87 14 68 2.3441 0
76 116 68 2.3225 0
41 112 68 2.3225 0
19 41 59 2.3225 0
21 96 68 2.3225 0
10 74 68 2.3441 0
26 93 59 2.3225 0
116 71 59 2.3225 0
101 32 59 2.3225 0
16 55 59 2.3225 0
40 18 59 2.3225 0
117 38 61 2.176 0
91 11 62 1.9341 0
106 50 60 1.8927 0
10 39 61 1.8451 0
117 88 61 1.8451 0
39 10 61 1.8196 0
117 53 67 1.3362 0
77 21 60 1.7533 0
90 116 63 1.5045 0
33 103 60 1.3146 0
76 11 67 1.3362 0
13 48 67 1.3362 0
49 105 61 1.5813 0
49 114 67 1.3146 0
21 32 67 1.3362 0
49 12 67 1.3362 0
107 94 67 1.3146 0
70 107 61 1.5483 0
70 115 60 1.3146 0
47 119 60 1.5402 0
107 32 67 1.3362 0
21 76 61 1.5766 0
111 73 60 1.3146 0
121 60 60 1.5055 0
80 13 67 1.3362 0
0
