128
57 62 127 74.346 0
127 0 0 63.3723 0
0 127 0 63.3723 0
127 127 1 62.5724 0
0 0 1 62.5724 0
64 64 21 27.3506 0
127 96 76 17.5406 0
127 32 75 16.7298 0
94 127 74 15.973 0
94 1 72 14.5649 0
35 127 70 13.6638 0
36 0 68 12.4716 0
0 62 45 12.3049 0
127 65 45 12.3049 0
65 127 45 12.3047 0
62 0 45 12.3047 0
26 63 36 12.2325 0
102 64 36 12.2325 0
64 25 36 12.2325 0
64 103 36 12.2325 0
0 90 67 11.7739 0
0 38 66 11.1525 0
127 61 76 10.7958 0
60 127 73 9.1885 0
69 0 71 8.6352 0
16 107 69 8.6831 0
20 16 68 8.1159 0
47 39 41 7.7571 0
105 78 61 7.706 0
82 40 41 7.6122 0
107 56 61 7.5365 0
38 81 41 7.1931 0
84 86 41 7.1931 0
89 100 61 7.1761 0
102 41 61 7.1128 0
0 70 67 7.1081 0
124 47 55 6.9256 0
108 18 67 6.9394 0
73 107 60 6.7434 0
92 29 60 6.5426 0
81 4 54 6.6676 0
123 82 55 6.5488 0
47 93 42 6.1853 0
48 123 54 6.1695 0
103 105 75 6.1524 0
69 38 50 6.136 0
79 21 60 6.107 0
82 122 54 6.0519 0
54 108 60 5.8715 0
1 56 66 5.8706 0
5 79 53 5.6708 0
55 1 64 5.4951 0
73 126 64 5.6407 0
101 92 66 5.552 0
63 18 59 5.4014 0
37 49 43 5.5063 0
41 103 59 5.4401 0
46 6 53 5.2923 0
89 52 43 5.2872 0
96 80 43 5.1774 0
125 74 65 4.9962 0
92 86 58 4.8027 0
7 46 52 4.9033 0
14 75 44 4.9605 0
31 96 59 4.9914 0
52 21 58 4.8027 0
41 24 58 4.7969 0
98 66 58 4.8027 0
105 110 64 4.7502 0
116 75 74 4.7032 0
24 86 58 4.7969 0
13 27 63 4.7252 0
111 68 68 4.7473 0
15 51 44 4.7153 0
51 15 44 4.7153 0
56 37 51 4.6594 0
51 114 45 4.4837 0
114 51 45 4.4837 0
76 13 45 4.4837 0
81 80 52 4.5025 0
31 31 58 4.5218 0
71 88 44 4.1695 0
47 25 44 4.1695 0
18 71 58 4.386 0
80 27 44 4.1695 0
26 47 44 4.1695 0
41 69 44 4.1695 0
99 48 44 4.1695 0
113 77 45 4.1889 0
77 113 45 4.1887 0
59 88 44 4.1695 0
86 72 44 4.1695 0
22 43 58 4.2318 0
82 98 44 4.1695 0
41 59 44 4.1695 0
74 119 73 3.9772 0
26 81 44 4.1695 0
84 45 54 4.0695 0
18 54 58 4.0595 0
63 112 65 4.1244 0
77 96 57 3.7948 0
94 57 57 3.853 0
92 75 57 3.7948 0
92 48 57 3.7948 0
61 99 57 3.7948 0
114 51 73 3.778 0
47 80 49 3.7757 0
80 33 57 3.7948 0
69 27 57 3.7948 0
98 20 73 3.7362 0
106 28 73 3.7194 0
81 109 68 3.7059 0
108 85 71 3.5859 0
124 57 61 3.5375 0
71 15 65 3.5488 0
100 31 68 3.5765 0
27 112 61 3.3878 0
42 45 51 3.4881 0
60 43 45 3.479 0
88 21 67 3.5064 0
13 97 60 3.4933 0
109 45 70 3.4406 0
110 67 57 3.4152 0
39 117 55 3.3238 0
117 37 57 3.418 0
32 40 45 3.1616 0
111 101 61 3.207 0
85 61 45 3.1616 0
0
