128
127 0 127 85.8984 0
0 0 0 86.1303 0
127 127 0 71.9053 0
0 127 127 71.9053 0
93 105 93 28.4235 0
37 102 37 27.2642 0
86 53 42 21.1693 0
37 48 91 20.7926 0
62 76 69 19.2406 0
110 74 64 11.7104 0
17 75 62 11.5678 0
87 82 55 8.6191 0
38 70 55 8.0669 0
52 27 75 7.5654 0
88 71 78 7.5184 0
32 73 76 7.3557 0
72 31 56 7.0591 0
59 52 56 7.0701 0
64 58 89 6.7057 0
28 59 67 6.0452 0
39 88 68 5.7137 0
61 38 58 5.0433 0
46 55 58 5.0433 0
81 60 75 4.7328 0
97 63 68 4.4242 0
91 94 61 4.3751 0
59 38 79 4.2022 0
62 47 83 4.1892 0
88 82 69 4.123 0
67 19 59 4.0354 0
104 90 65 3.9707 0
58 17 70 3.9518 0
29 84 70 3.8893 0
73 58 81 3.442 0
46 37 70 3.5591 0
73 55 69 3.2932 0
69 45 60 3.0276 0
67 10 60 3.2168 0
36 58 60 3.0276 0
95 69 60 3.0276 0
40 81 61 3.1736 0
50 46 60 3.0276 0
24 89 65 3.0596 0
41 66 74 3.1192 0
32 80 60 3.0276 0
66 53 66 3.0287 0
95 78 71 3.0796 0
62 28 60 3.0276 0
98 86 60 3.0276 0
50 56 71 2.9593 0
35 51 66 2.8125 0
59 53 67 2.9149 0
61 9 67 2.7358 0
69 51 81 2.5056 0
90 60 71 2.5947 0
85 74 67 2.4637 0
95 71 69 2.4279 0
45 61 72 2.5509 0
83 72 61 2.5322 0
52 39 74 2.5193 0
97 84 69 2.4817 0
70 55 61 2.3834 0
39 78 68 2.2564 0
40 45 67 2.3414 0
83 67 69 2.3371 0
33 96 67 2.1994 0
45 63 61 2.0197 0
92 56 67 2.0953 0
74 41 61 2.0197 0
37 62 71 2.0886 0
28 85 61 2.0197 0
71 56 75 2.0787 0
80 37 61 2.0197 0
53 38 61 2.0197 0
62 54 73 2.0344 0
88 68 61 2.0197 0
99 93 61 2.0197 0
30 68 66 1.9403 0
95 75 61 2.0197 0
57 45 78 1.9455 0
63 4 63 1.9734 0
56 55 74 1.9036 0
58 53 81 1.9596 0
37 57 69 1.9491 0
31 91 69 1.857 0
68 46 79 1.8008 0
57 58 81 1.7431 0
40 73 69 1.7239 0
62 31 75 1.6876 0
25 95 64 1.5804 0
67 53 72 1.5704 0
91 87 65 1.5951 0
78 61 67 1.6383 0
102 96 63 1.6145 0
75 53 78 1.506 0
66 42 78 1.3801 0
74 59 62 1.3971 0
30 77 67 1.4557 0
96 100 62 1.4383 0
62 24 72 1.3729 0
54 56 66 1.402 0
34 65 68 1.3911 0
54 53 69 1.3632 0
40 50 68 1.3317 0
43 41 66 1.2209 0
98 89 67 1.3333 0
86 55 71 1.1913 0
91 66 70 1.3198 0
68 38 62 1.0118 0
46 43 70 1.2577 0
60 22 62 1.0118 0
80 66 62 1.2091 0
54 57 78 1.2379 0
90 52 66 1.2523 0
39 51 62 1.0118 0
66 56 77 1.0875 0
35 81 70 1.1116 0
77 62 62 1.1789 0
40 62 62 1.0118 0
97 80 62 1.0118 0
55 21 66 1.2277 0
55 32 62 1.0118 0
100 84 65 1.1259 0
34 85 62 1.0118 0
31 65 62 1.1689 0
91 73 62 1.0118 0
82 69 65 1.1553 0
73 49 77 1.012 0
0
