128
0 0 0 116.158 0
127 127 127 90.678 0
5 126 88 36.4018 0
127 15 75 31.0082 0
47 121 48 20.4599 0
109 53 53 14.2581 0
43 97 74 11.5208 0
95 44 75 10.5225 0
67 96 51 9.8416 0
92 70 53 8.058 0
78 81 54 6.813 0
57 83 73 6.7674 0
81 56 75 6.3212 0
66 84 63 5.5596 0
71 68 74 5.2027 0
29 101 63 5.0106 0
51 96 56 5.0868 0
83 62 64 4.4275 0
102 35 57 4.3199 0
92 59 69 4.2793 0
57 90 62 4.111 0
56 104 66 4.0388 0
74 75 67 3.6808 0
41 98 58 3.4908 0
97 32 66 3.4695 0
91 54 58 3.2651 0
96 64 63 3.1685 0
67 77 70 3.0763 0
34 108 66 2.921 0
79 71 58 2.9593 0
78 68 67 2.9313 0
61 96 67 2.6559 0
86 54 64 2.5485 0
28 109 60 2.5905 0
94 45 59 2.5125 0
81 73 64 2.2584 0
61 102 61 2.2202 0
90 49 62 2.2155 0
101 38 64 2.105 0
28 94 68 1.9756 0
56 102 59 1.8839 0
94 40 62 1.8959 0
86 63 71 1.8608 0
89 60 59 1.8647 0
57 93 70 1.779 0
79 65 74 1.8855 0
98 41 59 1.7737 0
86 77 59 1.8049 0
100 28 59 1.776 0
73 88 59 1.7737 0
70 76 59 1.8195 0
37 103 59 1.7725 0
94 60 59 1.7738 0
65 92 65 1.6808 0
90 65 66 1.6065 0
96 55 65 1.6337 0
85 67 69 1.5357 0
73 71 62 1.3786 0
92 53 64 1.317 0
78 66 61 1.3251 0
87 53 69 1.323 0
56 97 68 1.3102 0
64 99 63 1.3281 0
84 69 65 1.1818 0
88 50 66 1.3142 0
96 36 60 1.2415 0
79 63 70 1.1762 0
79 77 63 1.2683 0
50 104 64 1.2523 0
40 106 64 1.2033 0
100 43 63 1.0792 0
35 94 63 1.181 0
62 91 71 1.0901 0
97 26 63 1.0618 0
72 81 68 1.1532 0
76 79 63 1.0223 0
92 68 63 1.1029 0
53 94 65 1.0367 0
65 89 69 0.9762 0
57 96 60 1.0628 0
78 72 70 1.0558 0
84 69 60 0.7658 0
96 58 62 0.91 0
32 94 65 0.86 0
90 58 63 1.0093 0
88 69 66 1.0194 0
83 66 72 0.922 0
36 96 60 0.8902 0
82 75 60 0.8497 0
94 50 60 0.9382 0
74 81 65 0.7666 0
97 31 60 0.9611 0
61 88 67 0.9819 0
70 75 63 0.9686 0
46 100 60 0.7861 0
63 91 68 0.8913 0
66 82 73 0.7534 0
36 104 64 0.9054 0
97 51 64 0.7588 0
51 102 60 0.7646 0
33 108 60 0.7653 0
101 31 62 0.7183 0
82 67 60 0.7658 0
85 72 60 0.7658 0
57 98 65 0.78 0
57 96 63 0.8133 0
48 102 60 0.7646 0
99 24 60 0.7658 0
88 64 60 0.7658 0
86 66 60 0.7658 0
71 75 73 0.8175 0
34 105 60 0.7646 0
74 76 60 0.7675 0
75 73 60 0.7658 0
51 96 63 0.7726 0
82 71 68 0.6442 0
63 93 62 0.6898 0
72 79 60 0.7658 0
44 102 60 0.7646 0
41 103 60 0.7646 0
58 99 60 0.7653 0
92 63 60 0.7658 0
55 93 67 0.7528 0
35 100 60 0.7647 0
66 96 64 0.9841 0
90 70 64 0.6996 0
80 70 71 0.5535 0
76 80 66 0.655 0
0
