128
60 64 44 35.7381 0
0 0 127 65.9406 0
127 127 127 62.2817 0
127 0 0 63.8519 0
125 127 1 62.1511 0
0 127 0 60.3159 0
127 3 127 60.0252 0
1 0 0 59.9135 0
3 127 121 59.6033 0
77 64 100 20.9746 0
79 0 67 15.7623 0
78 127 65 15.3826 0
27 65 84 15.0581 0
127 64 82 13.9298 0
46 0 60 13.4198 0
46 127 59 13.4408 0
65 97 93 13.0695 0
66 31 93 12.9159 0
1 63 38 12.3543 0
126 85 64 12.1468 0
127 46 62 11.8774 0
0 69 77 11.7529 0
127 65 43 11.7229 0
61 119 39 11.2168 0
62 8 39 11.2349 0
0 87 61 11.209 0
0 41 60 10.9323 0
62 120 84 9.1578 0
109 31 65 9.1478 0
47 90 80 9.1211 0
47 37 80 9.1211 0
106 61 39 8.9646 0
64 9 86 8.6939 0
106 99 64 8.3092 0
107 65 97 8.1823 0
96 18 65 8.0049 0
77 43 79 6.8154 0
18 52 41 6.9489 0
0 60 59 6.8931 0
10 52 75 6.8198 0
77 84 79 6.8154 0
33 45 75 6.5631 0
94 109 61 6.4997 0
29 113 60 6.1603 0
29 14 60 6.1603 0
17 75 42 5.941 0
105 87 74 6.1572 0
13 28 60 6.076 0
96 34 76 6.0228 0
73 105 42 5.941 0
49 21 42 5.941 0
34 83 73 5.9064 0
75 24 42 5.941 0
101 76 42 5.941 0
48 105 42 5.941 0
14 100 60 5.9062 0
121 65 62 5.8086 0
100 62 72 2.2036 0
65 34 74 5.2576 0
86 54 76 5.1417 0
65 93 74 5.2576 0
84 37 89 5.1151 0
13 82 74 5.2053 0
84 89 89 5.1151 0
52 9 77 5.1293 0
86 73 76 5.1417 0
95 94 76 5.0204 0
99 48 43 4.9331 0
52 22 82 4.9197 0
115 42 75 4.9538 0
52 107 82 4.9197 0
6 79 46 4.7516 0
110 87 56 4.8468 0
100 52 92 4.7201 0
111 42 55 4.6937 0
88 110 74 4.592 0
78 13 84 4.3193 0
74 112 86 4.3991 0
7 47 46 4.1538 0
78 11 49 4.3493 0
87 17 77 4.2062 0
99 76 91 4.1151 0
93 45 90 4.215 0
77 116 47 4.2279 0
86 15 54 4.1543 0
4 72 53 4.0945 0
23 85 75 4.0957 0
49 117 76 3.9699 0
100 51 72 2.2036 0
27 54 67 4.003 0
114 76 44 3.9252 0
19 44 74 3.948 0
19 64 44 3.9252 0
26 41 44 3.9252 0
116 52 44 3.9252 0
101 43 81 3.753 0
24 85 44 3.9252 0
103 42 72 3.8586 0
39 29 44 3.9252 0
84 31 44 3.9252 0
28 76 67 3.894 0
95 85 44 3.9252 0
99 68 81 2.2341 0
61 9 72 3.8948 0
41 36 67 3.7856 0
64 9 55 3.8618 0
57 118 71 3.8039 0
62 118 55 3.8289 0
117 81 79 3.7521 0
85 112 53 3.6371 0
74 36 70 3.6907 0
94 103 72 3.6351 0
51 32 67 3.6755 0
22 22 62 3.5656 0
92 82 89 3.4387 0
82 27 87 3.5625 0
120 78 50 3.542 0
39 90 67 3.5447 0
80 113 79 3.5034 0
100 84 83 3.4472 0
100 75 72 2.2036 0
57 96 69 3.3434 0
46 94 67 3.2449 0
59 31 67 3.3094 0
36 113 52 3.2666 0
44 115 46 3.312 0
75 91 70 3.1697 0
90 64 71 3.1617 0
0
