128
127 0 127 69.1413 0
0 0 0 69.1413 0
127 127 0 67.8677 0
0 127 127 67.8677 0
110 112 110 43.3301 0
17 112 17 43.3301 0
108 20 19 41.1714 0
19 20 108 41.1714 0
64 65 91 23.6915 0
65 68 36 22.9055 0
126 67 66 19.3822 0
65 6 62 19.3098 0
1 65 64 19.3822 0
62 127 55 16.0378 0
30 63 46 12.8268 0
63 104 80 11.8271 0
29 68 80 11.8189 0
99 66 47 11.8189 0
60 34 47 11.8189 0
97 59 79 10.8111 0
70 32 79 10.8111 0
60 100 49 9.8032 0
42 85 76 7.7874 0
42 44 51 7.7874 0
78 95 51 7.7874 0
86 43 76 7.7874 0
47 27 67 7.6255 0
86 119 64 7.4178 0
114 42 63 7.2877 0
91 78 75 6.7796 0
41 50 75 6.9022 0
43 83 52 6.7796 0
92 84 52 6.7796 0
79 88 75 6.7796 0
81 47 52 6.7796 0
53 40 75 6.7796 0
81 28 60 6.6254 0
40 118 62 6.41 0
14 40 64 6.2798 0
14 90 63 6.2798 0
50 116 72 5.9859 0
46 99 74 5.7717 0
112 91 64 5.272 0
74 116 71 5.374 0
108 52 54 5.0441 0
19 49 54 5.0441 0
20 79 54 4.8145 0
21 52 73 4.7638 0
79 112 54 4.834 0
28 85 73 4.7638 0
104 80 73 4.7638 0
59 88 73 4.7638 0
107 81 54 4.8145 0
79 101 73 4.7638 0
93 51 54 4.7638 0
89 21 66 4.5122 0
40 31 55 4.3843 0
36 21 62 4.261 0
86 29 71 4.25 0
108 49 72 4.0981 0
19 81 72 4.0981 0
46 103 55 3.7559 0
75 37 55 3.7559 0
47 112 55 3.8425 0
30 41 55 3.7559 0
45 56 55 3.7559 0
84 60 55 3.7559 0
85 73 55 3.7559 0
83 55 72 3.7965 0
74 46 72 3.7559 0
69 48 55 3.7559 0
79 83 55 3.7559 0
30 47 72 3.7559 0
52 51 55 3.7559 0
68 88 55 3.7559 0
57 87 55 3.7559 0
36 96 72 3.7559 0
29 85 55 3.7559 0
86 68 72 3.7559 0
41 94 55 3.7559 0
45 72 55 3.7559 0
90 95 55 3.7559 0
42 38 72 3.7559 0
90 90 72 3.7559 0
43 72 72 3.7559 0
101 42 72 3.7559 0
44 62 71 3.7404 0
81 75 71 3.1853 0
34 77 56 2.7481 0
58 28 71 2.996 0
30 113 63 2.955 0
97 113 64 2.955 0
72 106 56 2.7481 0
32 49 56 2.7481 0
65 44 71 2.7481 0
101 46 56 2.7481 0
69 92 71 2.7481 0
51 51 70 2.7465 0
45 64 56 2.7481 0
87 36 56 2.8279 0
83 109 71 2.7481 0
53 81 71 2.7481 0
32 55 71 2.7481 0
101 90 56 2.7481 0
41 108 71 2.7481 0
59 47 56 2.7481 0
67 85 71 2.7517 0
101 72 71 2.7481 0
51 91 71 2.7481 0
84 105 56 2.7481 0
93 41 56 2.7481 0
34 91 56 2.7481 0
87 97 71 2.7481 0
97 87 71 2.7481 0
35 41 71 2.7481 0
50 94 56 2.7481 0
95 34 71 2.7481 0
19 101 63 2.5189 0
108 101 64 2.5189 0
76 114 62 2.3785 0
18 30 64 2.4191 0
109 30 63 2.4191 0
80 63 69 2.4567 0
48 35 57 2.3318 0
86 61 69 2.4567 0
49 57 69 2.3818 0
49 114 62 2.3785 0
18 81 64 2.2483 0
0
