128
64 64 127 27.9048 0
0 0 0 52.9802 0
127 127 0 52.9802 0
0 127 0 52.9802 0
127 0 0 52.9802 0
0 0 127 52.9802 0
127 0 127 52.9802 0
0 127 127 52.9802 0
127 127 127 52.9802 0
64 64 0 27.9048 0
84 0 63 21.882 0
127 84 64 21.882 0
0 43 64 21.882 0
43 127 63 21.882 0
3 87 64 20.0568 0
124 40 63 20.0568 0
40 3 63 20.0568 0
87 124 63 20.0568 0
3 65 32 15.5379 0
65 124 95 15.5379 0
124 62 32 15.5379 0
62 3 95 15.5379 0
3 64 97 15.5063 0
64 3 30 15.5063 0
124 63 96 15.5063 0
64 124 31 15.5063 0
64 64 66 4.1744 0
58 27 16 11.3916 0
101 67 16 11.3916 0
66 101 111 11.3916 0
27 67 111 11.3916 0
27 63 16 11.3916 0
63 27 111 11.3916 0
101 68 111 11.3916 0
69 101 16 11.3916 0
27 102 51 8.2848 0
100 25 76 8.2848 0
25 27 76 8.2848 0
100 25 51 8.2848 0
101 101 76 8.2848 0
49 93 19 8.368 0
36 48 108 8.368 0
93 49 108 8.368 0
92 48 19 8.368 0
79 35 19 8.368 0
26 101 76 8.2848 0
26 26 51 8.2848 0
101 101 51 8.2848 0
64 64 44 4.1744 0
42 42 20 7.3601 0
47 92 107 7.3601 0
81 36 107 7.3601 0
37 80 20 7.3601 0
86 85 107 7.3601 0
86 85 20 7.3601 0
111 44 88 6.6616 0
16 44 39 6.6616 0
44 111 88 6.6616 0
83 16 88 6.6616 0
111 83 39 6.6616 0
83 111 88 6.6616 0
16 83 39 6.6616 0
44 16 88 6.6616 0
82 111 39 6.3005 0
45 16 39 6.3005 0
16 82 88 6.3005 0
49 39 106 6.3522 0
43 110 39 6.1665 0
17 43 88 6.1665 0
110 84 88 6.1665 0
110 43 39 6.1665 0
84 17 39 6.1665 0
62 13 50 5.5899 0
13 65 77 5.5899 0
66 64 83 2.3172 0
34 83 105 5.3443 0
53 107 22 5.346 0
75 21 22 5.3443 0
21 51 105 5.3443 0
66 113 51 4.9679 0
113 61 51 4.9679 0
67 113 76 5.019 0
14 67 51 5.019 0
113 60 76 5.019 0
60 14 76 5.019 0
52 109 104 4.8669 0
17 51 24 4.7309 0
76 17 103 4.7309 0
63 63 55 4.1744 0
108 51 104 4.6033 0
108 51 23 4.6033 0
47 27 104 4.3365 0
41 55 23 4.3365 0
20 77 23 4.4273 0
63 64 34 4.1744 0
43 77 104 4.3365 0
34 24 86 4.3466 0
24 93 41 4.3466 0
103 34 86 4.3466 0
81 98 104 4.3365 0
103 34 41 4.3466 0
66 40 23 4.3365 0
74 88 104 4.3365 0
30 45 23 4.3365 0
63 63 76 4.1744 0
63 64 90 4.1744 0
24 92 87 4.1168 0
103 92 40 4.1168 0
35 24 40 4.1168 0
24 35 40 4.1168 0
92 103 87 4.1168 0
92 24 87 4.1168 0
92 103 40 4.1168 0
35 103 87 4.1168 0
33 101 64 3.8416 0
101 94 64 3.8416 0
102 93 87 3.9493 0
110 78 101 4.0073 0
110 78 26 4.0073 0
49 17 26 4.0073 0
79 110 28 3.9314 0
17 79 99 3.9314 0
26 33 64 3.8416 0
94 26 63 3.8416 0
49 18 102 3.7349 0
78 109 102 3.7349 0
15 58 47 3.7308 0
58 112 80 3.7308 0
0
