128
127 0 127 75.4395 0
0 0 0 75.4395 0
127 127 0 75.4395 0
0 127 127 75.4395 0
34 34 93 27.7379 0
93 33 34 27.7379 0
93 94 93 27.7379 0
34 94 34 27.7379 0
82 70 57 14.5284 0
45 56 57 14.7625 0
64 64 31 13.2653 0
67 60 96 13.2653 0
51 0 74 12.7495 0
76 0 53 12.7495 0
51 127 53 12.7495 0
76 127 74 12.7495 0
48 80 70 11.506 0
78 49 74 10.4969 0
75 96 59 7.4733 0
75 20 63 7.4733 0
52 108 63 7.4733 0
52 24 63 7.4733 0
52 63 80 7.4733 0
59 80 90 7.2725 0
74 68 78 6.4654 0
59 45 38 6.2727 0
68 83 38 6.2727 0
73 32 71 5.4575 0
54 35 54 5.4575 0
73 110 60 5.4684 0
54 97 73 5.4575 0
73 50 56 5.4575 0
68 42 88 5.2757 0
58 122 70 4.5809 0
69 122 57 4.5809 0
69 5 70 4.5809 0
58 5 57 4.5809 0
55 95 61 4.4497 0
55 75 52 4.4497 0
72 83 69 4.4497 0
72 34 60 4.4497 0
72 88 49 4.4497 0
55 42 68 4.4601 0
64 108 75 2.7095 0
72 109 72 4.4625 0
72 56 46 4.4497 0
63 21 75 2.5144 0
56 19 74 3.8139 0
69 11 41 3.6594 0
58 11 86 3.6594 0
69 115 86 3.6594 0
58 115 41 3.6594 0
56 84 56 3.5119 0
56 54 73 3.5189 0
71 100 70 3.4418 0
56 89 83 3.4971 0
71 17 52 3.4418 0
71 36 80 3.4418 0
56 15 55 3.4418 0
57 67 68 3.41 0
70 20 74 3.265 0
61 32 41 3.1865 0
61 95 86 3.1865 0
57 108 74 3.2786 0
65 98 41 3.1865 0
65 30 86 3.1865 0
63 108 57 2.6835 0
70 85 60 2.4339 0
69 75 85 2.7992 0
57 13 63 2.4339 0
65 20 57 2.6221 0
57 27 49 2.4339 0
70 100 49 2.4339 0
70 78 76 2.4339 0
70 43 63 2.4339 0
57 73 44 2.5079 0
57 32 71 2.4339 0
57 111 53 2.4339 0
70 41 55 2.4339 0
57 37 44 2.5079 0
57 35 63 2.4339 0
70 75 44 2.5079 0
70 106 51 2.4339 0
57 53 83 2.5079 0
70 91 68 2.4339 0
70 75 70 2.4339 0
57 45 48 2.4339 0
57 67 48 2.4339 0
57 21 51 2.4339 0
70 27 79 2.4339 0
57 42 60 2.4339 0
57 102 54 2.4339 0
70 94 44 2.5079 0
57 73 81 2.4339 0
57 73 60 2.4346 0
65 107 85 2.1787 0
70 111 80 2.4339 0
70 57 61 2.4339 0
57 47 74 2.4339 0
57 111 47 2.4339 0
70 26 54 2.4339 0
70 61 67 2.4339 0
70 80 48 2.4339 0
70 13 70 2.4339 0
57 15 80 2.4339 0
58 43 54 2.4099 0
64 21 42 2.1787 0
68 50 42 2.3317 0
62 48 85 2.1787 0
65 7 63 2.186 0
63 107 42 2.1787 0
59 67 61 2.2268 0
62 102 85 2.1787 0
64 120 63 2.186 0
61 77 42 2.1787 0
59 86 62 2.2268 0
64 91 42 2.1787 0
63 19 85 2.1787 0
65 120 48 2.186 0
65 7 79 2.186 0
62 7 48 2.186 0
63 89 85 2.1787 0
61 71 85 2.1787 0
62 120 77 2.186 0
58 53 43 2.0497 0
58 68 54 1.9875 0
69 48 48 1.426 0
58 92 54 1.426 0
0
