128
63 127 127 81.0471 0
127 0 0 75.1877 0
0 100 0 61.8413 0
0 0 102 61.6369 0
126 37 100 30.4227 0
82 86 29 24.8874 0
127 86 53 23.6192 0
76 33 80 22.4499 0
42 35 36 22.0686 0
0 76 74 14.5401 0
50 75 49 11.0907 0
13 46 47 9.4349 0
72 46 47 9.2685 0
47 46 72 9.1685 0
67 54 28 9.1175 0
22 74 63 8.6749 0
94 74 60 8.4888 0
1 57 57 8.5129 0
106 47 67 8.1606 0
120 71 81 7.8261 0
124 55 64 7.3082 0
54 67 31 7.4642 0
59 48 59 7.1527 0
30 48 61 7.1527 0
88 48 56 7.1527 0
72 72 57 6.7673 0
106 72 72 6.4731 0
103 67 44 5.8739 0
15 65 86 5.8799 0
88 58 43 5.8167 0
41 53 85 5.6571 0
37 71 61 5.5218 0
94 55 86 5.47 0
60 56 74 4.9634 0
108 65 85 5.0195 0
37 64 44 4.8326 0
30 69 52 4.6479 0
26 60 86 4.6447 0
59 70 62 4.4648 0
22 69 77 4.1681 0
81 68 65 4.0354 0
93 51 67 4.1291 0
18 51 60 4.1291 0
33 51 74 4.1291 0
97 51 76 4.1291 0
43 51 58 4.1291 0
80 56 34 3.9986 0
50 68 65 4.0354 0
10 68 58 4.0354 0
64 68 45 4.0354 0
74 60 74 3.9857 0
24 55 45 3.8422 0
53 55 81 3.684 0
83 69 54 3.5142 0
44 62 37 3.4971 0
6 58 70 3.4328 0
106 69 61 3.4679 0
95 69 72 3.4494 0
32 69 70 3.4494 0
71 52 60 3.1212 0
122 61 74 3.3457 0
99 52 56 3.1212 0
42 67 69 3.0276 0
87 67 71 3.0276 0
114 52 59 3.1212 0
22 52 68 3.1212 0
71 67 67 3.1232 0
60 52 48 3.1212 0
91 67 49 3.0378 0
53 62 72 2.7238 0
103 57 84 2.8781 0
113 63 46 2.793 0
44 59 46 2.793 0
99 58 46 2.793 0
31 58 46 2.793 0
32 54 82 2.7534 0
99 64 83 2.7874 0
104 68 54 2.6723 0
66 62 72 2.7238 0
17 67 54 2.607 0
120 58 54 2.4857 0
116 67 71 2.57 0
63 68 53 2.4416 0
72 66 47 2.3799 0
63 66 68 2.4097 0
78 53 62 2.1134 0
80 63 46 2.317 0
94 53 48 2.4088 0
65 53 67 2.2249 0
64 64 35 2.3873 0
10 53 64 2.3115 0
30 67 77 2.1684 0
84 53 65 2.1134 0
60 53 39 2.1718 0
108 53 56 2.1134 0
68 56 71 2.1828 0
105 53 79 2.2566 0
33 53 52 2.1134 0
54 53 51 2.1134 0
15 53 67 2.1134 0
116 53 71 2.1135 0
50 53 56 2.1134 0
37 53 68 2.1134 0
24 53 54 2.1134 0
48 60 75 2.0458 0
15 67 70 2.0545 0
80 54 41 2.098 0
8 61 80 1.9812 0
49 53 62 2.1134 0
100 66 77 2.0197 0
97 66 51 2.0197 0
58 66 41 2.0197 0
26 53 74 2.1134 0
79 53 56 2.1134 0
40 66 54 2.0197 0
37 66 75 2.0197 0
15 66 77 2.0197 0
94 66 78 2.034 0
85 57 83 1.9112 0
109 66 52 2.0197 0
78 66 50 2.0197 0
81 66 72 2.0197 0
23 66 51 2.0197 0
57 65 69 1.9822 0
56 56 35 1.9035 0
80 56 47 1.7852 0
55 58 42 0.8945 0
33 62 83 1.8853 0
0
