128
127 127 127 86.4909 0
0 0 0 55.1551 0
0 0 127 67.7891 0
127 0 0 59.9072 0
0 127 0 56.5546 0
111 104 0 42.5282 0
18 92 84 34.0236 0
93 17 87 33.735 0
54 63 11 26.8287 0
71 61 61 20.8917 0
58 4 48 19.1963 0
20 47 55 18.4276 0
63 127 42 18.109 0
109 62 46 17.7624 0
58 95 54 14.5327 0
71 43 121 13.3 0
46 67 116 13.1731 0
64 27 26 11.9613 0
61 99 26 11.7239 0
22 71 34 11.5355 0
38 51 79 10.6571 0
88 53 28 10.1245 0
52 51 97 9.8441 0
35 22 60 9.6908 0
85 87 49 9.5828 0
69 32 49 9.4934 0
52 22 71 8.8399 0
71 56 92 8.8762 0
92 40 48 8.7658 0
83 72 30 7.6791 0
79 105 47 7.4776 0
41 79 50 7.6298 0
59 78 82 7.4981 0
42 110 47 7.4842 0
46 49 50 7.0308 0
28 88 43 6.8094 0
45 32 31 6.6712 0
32 45 31 6.7742 0
73 84 31 6.8083 0
59 37 72 6.7379 0
43 89 31 6.6712 0
84 24 46 6.4697 0
54 76 98 6.0315 0
63 45 83 5.7806 0
55 29 57 5.8431 0
78 38 32 5.8218 0
44 54 63 5.6848 0
39 96 45 5.4619 0
36 35 72 5.3192 0
48 76 62 5.1084 0
48 66 91 4.9824 0
32 68 51 4.9566 0
93 78 38 4.811 0
54 37 48 4.759 0
87 114 41 4.8473 0
66 55 106 4.801 0
68 45 102 4.7277 0
71 82 44 4.6962 0
46 26 48 4.7702 0
76 109 33 4.7767 0
54 55 82 4.6769 0
31 27 46 4.611 0
54 76 47 4.5622 0
38 19 45 4.4863 0
64 60 115 4.5317 0
91 100 44 4.5706 0
54 41 58 4.372 0
66 69 89 4.371 0
75 18 37 4.1716 0
65 43 34 4.0741 0
46 20 34 4.2114 0
61 83 35 4.1291 0
36 61 67 4.0846 0
46 40 87 4.0527 0
53 46 78 4.0072 0
51 46 68 4.0448 0
30 56 35 4.0083 0
78 97 34 3.8414 0
79 43 44 3.7306 0
74 52 34 3.7214 0
56 45 111 3.8373 0
36 80 34 3.6849 0
55 27 88 3.7623 0
55 39 34 3.6476 0
76 62 34 3.6476 0
79 27 34 3.6476 0
47 107 34 3.6517 0
44 43 34 3.6476 0
86 74 43 3.5313 0
55 65 100 3.4143 0
65 28 111 3.3574 0
66 51 38 3.2594 0
74 94 44 3.3297 0
86 83 35 3.1989 0
52 74 71 3.1903 0
66 43 93 3.1375 0
44 64 83 3.0738 0
54 37 97 3.0173 0
36 67 61 2.8593 0
91 40 35 2.9205 0
83 50 42 2.9624 0
62 79 45 2.9133 0
40 45 65 3.0054 0
87 56 42 2.8947 0
47 45 61 2.9993 0
62 44 45 2.8931 0
50 83 42 2.808 0
42 35 80 2.7677 0
30 35 37 2.9249 0
52 67 46 2.8358 0
51 82 35 2.8598 0
82 34 43 2.8156 0
49 28 82 2.7545 0
62 63 85 2.8019 0
44 99 35 2.6397 0
61 36 107 2.0632 0
51 58 46 2.6837 0
58 28 95 2.7545 0
67 64 101 2.7043 0
73 69 35 2.6397 0
81 90 35 2.6397 0
69 75 35 2.6398 0
52 108 42 2.621 0
40 57 55 2.6612 0
40 57 46 2.6612 0
35 63 35 2.6397 0
49 57 72 2.6612 0
58 57 108 2.6612 0
0
