128
127 127 0 69.9055 0
4 8 127 56.2173 0
0 0 0 69.9055 0
127 0 127 61.6421 0
0 127 127 61.6421 0
123 119 127 56.2173 0
116 11 18 46.8252 0
11 116 18 46.8252 0
64 63 106 26.5082 0
64 63 38 26.296 0
62 0 83 15.7541 0
65 127 83 15.7541 0
127 63 80 15.4264 0
0 64 80 15.4264 0
62 103 49 12.2369 0
25 64 49 12.2369 0
105 62 49 12.2369 0
65 18 49 12.2369 0
26 65 94 11.4675 0
0 68 52 11.506 0
102 62 94 11.4675 0
64 101 94 11.4675 0
58 127 53 10.9993 0
83 8 67 10.825 0
64 26 93 10.4597 0
43 118 68 10.3142 0
87 116 70 9.7026 0
40 11 70 9.7026 0
117 85 69 9.7086 0
10 42 69 9.7086 0
127 67 54 9.7655 0
117 42 68 9.7086 0
10 85 68 9.7086 0
57 0 58 8.3075 0
49 33 53 8.2054 0
92 79 53 8.2054 0
47 90 90 7.436 0
35 45 54 7.1975 0
43 89 54 7.1975 0
93 46 54 7.1975 0
78 91 54 7.1975 0
82 35 54 7.1975 0
58 64 72 6.9252 0
90 47 89 6.4282 0
73 117 58 6.6523 0
36 49 89 6.4282 0
79 37 89 6.4282 0
35 81 89 6.4282 0
88 80 89 6.4282 0
47 39 89 6.4282 0
64 39 71 2.8534 0
64 88 71 2.8534 0
88 64 73 2.8534 0
78 90 88 5.4203 0
97 18 68 5.3669 0
10 55 59 5.3153 0
31 83 56 5.1818 0
39 74 56 5.1818 0
107 79 56 5.1818 0
79 105 56 5.1818 0
19 48 56 5.1818 0
66 36 56 5.1884 0
109 99 69 5.0446 0
18 28 69 5.0446 0
29 109 68 4.9645 0
71 64 70 4.9342 0
48 16 57 4.7208 0
39 64 77 2.8534 0
18 99 68 4.6753 0
109 28 68 4.6753 0
101 109 69 4.6908 0
26 18 69 4.6908 0
50 20 87 4.4124 0
79 25 87 4.4124 0
89 64 58 4.3172 0
100 78 87 4.4124 0
55 11 66 4.3953 0
119 56 61 4.3001 0
81 21 57 4.1739 0
106 46 57 4.1739 0
91 93 57 4.1739 0
39 63 66 2.8534 0
43 102 57 4.1739 0
18 78 57 4.1878 0
39 57 57 4.1739 0
55 87 57 4.1739 0
67 56 75 4.1424 0
115 72 62 4.1184 0
65 88 58 3.887 0
113 48 82 4.0057 0
88 64 85 3.9312 0
14 79 81 4.0057 0
78 14 84 3.9853 0
49 113 84 3.9853 0
78 111 86 3.9318 0
14 49 82 3.6942 0
113 78 81 3.6942 0
68 71 76 3.6848 0
61 87 86 3.5565 0
69 5 60 3.5715 0
28 26 74 3.6097 0
99 101 74 3.6097 0
25 50 86 3.4045 0
36 33 58 3.166 0
40 66 86 3.5565 0
11 71 64 3.4262 0
60 39 86 3.4269 0
46 102 86 3.4045 0
23 80 86 3.4045 0
82 100 86 3.4045 0
102 48 86 3.4045 0
68 39 86 3.4045 0
88 91 86 3.4045 0
44 29 86 3.4045 0
45 78 86 3.4045 0
72 114 69 3.2967 0
41 24 58 3.166 0
94 105 63 3.256 0
21 35 75 3.1884 0
106 92 63 3.1884 0
106 92 75 3.1884 0
35 106 75 3.268 0
26 99 73 3.237 0
101 28 73 3.237 0
89 19 76 3.163 0
93 34 58 3.166 0
50 110 58 3.2752 0
86 55 58 3.166 0
0
