128
127 0 127 98.9542 0
127 127 0 79.4527 0
0 0 0 58.9968 0
0 127 60 59.8489 0
0 41 103 35.2709 0
93 17 0 32.403 0
57 108 127 28.4107 0
35 78 0 23.7002 0
65 80 63 18.83 0
31 20 66 15.4652 0
60 23 37 13.9335 0
4 53 52 13.6071 0
23 83 117 13.3192 0
43 54 74 12.8626 0
66 56 4 12.5861 0
52 83 34 11.932 0
16 64 27 11.0104 0
68 89 93 10.9742 0
50 38 56 10.7567 0
40 66 108 10.6692 0
52 71 88 9.6309 0
98 47 31 9.4929 0
88 66 51 7.9302 0
57 36 10 7.7493 0
46 49 9 7.5467 0
41 73 52 7.3864 0
33 75 32 6.7074 0
80 32 36 6.5988 0
15 35 58 6.5828 0
16 61 68 6.3771 0
21 65 45 6.3055 0
55 76 108 6.1887 0
51 93 88 6.1768 0
37 30 46 6.0903 0
23 76 98 5.7749 0
24 68 80 5.739 0
35 37 80 5.7639 0
50 36 23 5.7034 0
36 60 92 5.2546 0
36 92 104 5.147 0
43 35 36 5.0007 0
71 75 39 5.1142 0
59 77 18 5.1186 0
44 74 75 4.8717 0
66 37 50 4.7092 0
18 49 39 4.7577 0
61 56 68 4.7806 0
92 55 44 4.6326 0
84 52 12 4.5231 0
47 85 79 4.2869 0
66 33 21 4.3238 0
29 69 53 4.0901 0
15 45 65 4.1363 0
20 65 57 3.969 0
42 70 65 3.8848 0
30 38 42 3.9397 0
24 32 51 3.9379 0
27 56 17 3.7762 0
18 41 46 3.7866 0
31 70 43 3.8424 0
45 94 99 3.8052 0
45 80 113 3.7888 0
50 69 23 3.5834 0
78 70 44 3.6748 0
97 50 17 3.6508 0
74 36 45 3.6003 0
88 42 40 3.5213 0
37 40 65 3.5224 0
52 70 46 3.5235 0
27 69 90 3.533 0
65 71 13 3.5319 0
65 81 109 3.5093 0
68 41 13 3.5152 0
53 40 41 3.4665 0
35 52 13 3.5152 0
29 85 100 3.3595 0
57 51 61 3.4007 0
25 67 64 3.1768 0
51 39 33 3.346 0
89 63 39 3.3168 0
61 71 41 3.2359 0
21 37 68 3.2968 0
74 34 27 3.2696 0
42 79 67 3.2706 0
38 47 58 3.2382 0
85 39 29 3.1697 0
48 65 58 3.1899 0
65 77 26 3.2103 0
78 61 59 3.0345 0
53 91 98 3.0775 0
54 59 62 2.9933 0
47 77 101 2.9923 0
40 64 60 2.9362 0
43 71 26 2.866 0
24 43 41 2.871 0
40 69 81 2.798 0
59 78 99 2.7112 0
27 77 89 2.6558 0
43 72 41 2.7095 0
70 58 64 2.7337 0
91 59 32 2.6401 0
62 45 61 2.4852 0
27 67 37 2.5318 0
33 41 71 2.5928 0
28 68 100 2.5825 0
58 69 14 2.5073 0
77 48 14 2.5073 0
54 64 14 2.5073 0
49 59 14 2.5073 0
83 68 39 2.5378 0
35 54 59 2.254 0
40 70 94 2.4091 0
57 47 14 2.5073 0
39 67 87 2.4812 0
31 67 25 2.3274 0
79 58 14 2.5073 0
26 37 74 2.3353 0
81 39 44 2.4478 0
43 42 18 2.3906 0
35 60 61 2.4483 0
38 76 62 2.3477 0
21 57 39 2.1913 0
21 50 31 2.3025 0
22 60 76 2.3197 0
42 38 27 2.2721 0
30 45 78 2.2499 0
25 70 71 2.2797 0
91 56 25 2.2482 0
0
