128
127 0 127 78.1233 0
0 127 0 74.5203 0
61 127 127 63.7005 0
53 0 7 61.8468 0
127 93 5 55.8024 0
0 27 118 50.8262 0
127 92 83 21.1399 0
64 72 42 17.7787 0
57 55 87 17.5913 0
0 46 46 17.258 0
6 85 82 16.1809 0
73 107 50 14.722 0
110 37 44 13.0114 0
52 24 79 12.9978 0
35 61 48 12.6984 0
92 72 82 12.6245 0
89 53 47 11.8893 0
32 72 81 11.7325 0
101 107 66 10.5249 0
127 64 65 9.6413 0
5 63 67 8.9987 0
82 54 75 7.7573 0
33 30 68 7.7269 0
16 30 59 7.5556 0
89 73 53 7.4508 0
64 77 75 7.2581 0
52 102 60 7.2249 0
32 94 70 7.1699 0
99 90 74 7.0927 0
17 68 56 6.9801 0
36 44 75 6.6584 0
112 68 76 6.3377 0
120 50 57 6.3517 0
86 96 68 6.4136 0
63 58 63 6.2713 0
83 41 66 6.0474 0
84 88 51 5.908 0
24 45 51 5.908 0
70 25 69 5.8321 0
93 32 53 5.7586 0
57 51 53 5.6093 0
51 90 52 5.536 0
38 61 67 5.4453 0
77 82 75 5.3046 0
18 61 75 5.3055 0
55 37 65 5.2004 0
94 93 58 5.048 0
36 41 59 5.0633 0
96 56 72 5.1732 0
71 51 52 5.0369 0
74 68 76 5.1411 0
61 92 59 5.0898 0
40 80 52 5.0581 0
94 47 65 4.9105 0
107 54 52 4.9448 0
30 55 77 4.8116 0
84 30 60 4.7866 0
52 62 60 4.6938 0
66 89 69 4.636 0
73 40 77 4.462 0
108 74 60 4.2485 0
10 77 62 4.0786 0
29 69 63 4.268 0
74 95 67 4.1285 0
21 99 73 4.252 0
50 76 81 4.1548 0
101 66 53 4.0868 0
117 77 63 3.965 0
72 68 65 3.5024 0
45 33 65 4 0
98 75 62 3.7811 0
39 90 59 3.8402 0
84 38 53 3.8923 0
32 79 58 3.9042 0
46 48 53 3.8928 0
109 94 63 3.8399 0
106 79 74 3.7774 0
114 58 69 3.751 0
88 84 70 3.7796 0
27 37 58 3.7231 0
85 66 67 3.6433 0
61 68 67 3.6768 0
42 100 67 3.6112 0
106 59 72 3.5503 0
115 60 55 3.4498 0
64 37 76 3.6078 0
77 43 54 3.4547 0
75 34 68 3.4771 0
72 61 69 3.4442 0
94 83 58 3.2911 0
7 47 67 3.3711 0
115 68 59 3.3188 0
69 51 69 3.2326 0
38 87 77 3.2393 0
16 70 72 3.1669 0
18 57 54 3.1549 0
26 75 54 3.0833 0
25 85 74 3.0114 0
96 81 68 3.1312 0
9 38 64 3.0898 0
103 46 63 2.9623 0
75 31 61 3.022 0
81 65 55 2.9502 0
73 88 54 2.8844 0
110 79 67 2.7988 0
62 31 65 2.9064 0
38 50 61 2.7216 0
58 48 62 2.9154 0
31 87 61 2.7415 0
91 66 62 2.8061 0
82 50 61 2.8224 0
41 53 72 2.7427 0
37 73 60 2.6801 0
65 77 63 2.8206 0
46 40 75 2.6799 0
45 66 73 2.7424 0
113 84 63 2.6031 0
33 82 69 2.6548 0
56 43 58 2.7101 0
22 79 71 2.5163 0
45 39 60 2.6184 0
91 35 62 2.5512 0
91 77 64 2.6083 0
106 53 68 2.6467 0
28 61 71 2.616 0
58 95 67 2.4572 0
68 41 62 0.8698 0
43 67 61 2.5615 0
0
