128
127 0 0 64.6371 0
2 127 125 60.4541 0
0 0 127 64.6155 0
127 127 127 63.1014 0
0 127 0 63.0938 0
125 127 2 60.4744 0
4 5 4 57.4853 0
123 5 123 57.4717 0
65 23 64 25.9765 0
64 65 0 24.5094 0
0 65 64 24.0756 0
127 65 63 24.086 0
64 65 127 23.9771 0
98 65 36 13.5263 0
90 64 98 12.914 0
34 65 31 12.9298 0
64 37 27 11.8836 0
26 37 63 11.9183 0
63 37 101 11.9304 0
24 65 92 11.7127 0
63 86 66 0.7581 0
102 38 65 11.1532 0
41 127 63 10.4251 0
64 127 86 10.4273 0
86 127 63 10.4351 0
64 127 41 10.4338 0
107 95 63 9.6092 0
64 95 20 9.6056 0
63 95 107 9.5944 0
20 95 64 9.587 0
34 66 112 8.4571 0
100 77 82 8.3363 0
80 79 26 8.0599 0
50 82 102 7.8403 0
26 78 48 7.815 0
47 41 40 7.8348 0
39 41 80 7.8348 0
102 82 50 7.4248 0
25 82 77 7.4004 0
50 82 25 7.4166 0
76 82 102 7.3271 0
91 42 48 7.1351 0
80 42 90 7.0038 0
109 60 89 6.928 0
79 42 39 6.8269 0
64 112 29 6.537 0
63 112 98 6.5251 0
98 112 64 6.5362 0
29 112 63 6.5219 0
68 127 59 6.3821 0
72 102 60 1.0774 0
58 127 69 6.4541 0
98 62 76 6.3125 0
29 62 51 6.2965 0
53 101 60 1.0774 0
78 64 30 6.3053 0
38 78 93 6.2198 0
62 88 47 0.7082 0
48 49 105 6.1349 0
58 99 79 1.0559 0
75 89 79 1.0559 0
88 43 77 5.8191 0
34 43 47 5.8191 0
52 43 87 5.8191 0
17 58 38 5.6647 0
29 67 74 5.6033 0
78 86 54 0.9856 0
89 58 18 5.3623 0
53 68 29 5.3041 0
51 63 94 2.4613 0
49 122 49 5.0031 0
78 122 78 5.0008 0
78 122 49 5.0094 0
49 122 78 4.9989 0
72 53 29 4.9188 0
49 87 73 0.9821 0
42 44 56 4.8112 0
71 68 98 4.872 0
98 68 56 4.8939 0
30 50 85 4.8343 0
56 125 57 4.8075 0
70 125 71 4.8081 0
101 80 68 4.6995 0
60 103 47 0.7082 0
49 86 54 0.9821 0
57 58 99 4.6885 0
26 80 62 4.4389 0
66 80 26 4.5092 0
38 55 104 4.4392 0
55 68 99 4.464 0
74 103 79 1.0559 0
86 83 94 4.3691 0
72 97 47 0.7082 0
40 82 34 4.3248 0
93 83 40 4.1958 0
100 89 75 4.172 0
62 109 66 0.7581 0
62 87 79 1.0559 0
43 49 30 4.1182 0
65 76 100 4.1391 0
77 89 66 0.7581 0
39 56 15 3.9666 0
80 45 27 3.8033 0
22 45 78 3.8033 0
49 106 72 0.9387 0
27 54 59 3.8629 0
100 54 68 3.8702 0
29 67 62 3.9254 0
43 45 66 3.8033 0
18 45 50 3.8552 0
87 45 63 3.8033 0
32 58 79 3.83 0
106 45 49 3.8034 0
77 45 18 3.861 0
49 97 48 0.9672 0
49 45 21 3.8034 0
45 45 95 3.8041 0
68 45 42 3.8033 0
98 68 66 3.7278 0
68 45 87 3.8033 0
100 45 81 3.8033 0
59 45 41 3.8033 0
78 45 107 3.8034 0
67 68 29 3.7197 0
39 76 104 3.6755 0
40 67 89 3.6795 0
28 92 51 3.4883 0
62 98 66 0.7581 0
0
