128
127 64 0 66.3614 0
0 63 127 66.3614 0
0 0 0 72.4178 0
127 127 127 72.4178 0
109 0 115 55.3955 0
18 127 12 55.3955 0
77 61 84 18.9314 0
51 112 78 18.2398 0
76 15 49 18.2398 0
49 19 74 16.8503 0
78 108 53 16.8503 0
40 67 47 16.4542 0
58 42 51 13.1123 0
65 82 47 11.6232 0
56 82 74 11.1387 0
105 53 74 10.3082 0
72 35 70 9.7652 0
90 83 66 9.5536 0
37 44 62 9.3665 0
93 40 64 8.9743 0
53 47 73 8.9248 0
57 54 31 8.7622 0
33 89 63 8.6051 0
16 79 55 8.0672 0
78 51 56 7.9399 0
50 93 58 7.9117 0
78 70 56 6.8458 0
48 64 70 6.8719 0
64 0 67 6.8109 0
63 127 60 6.8109 0
104 73 70 6.7852 0
59 71 32 6.6281 0
73 88 67 6.55 0
22 53 57 6.4966 0
97 25 59 5.445 0
93 67 65 5.4861 0
30 103 68 5.0803 0
40 74 68 4.6605 0
71 55 45 4.5689 0
85 61 61 3.8312 0
69 49 65 3.8203 0
68 78 64 3.7865 0
85 28 66 3.7177 0
93 97 64 3.7381 0
34 30 63 3.7381 0
49 54 62 3.6504 0
56 75 59 3.4405 0
25 72 61 3.5566 0
77 77 66 3.4255 0
65 92 60 3.3379 0
38 57 67 3.4208 0
73 68 46 3.4622 0
31 57 63 3.4062 0
91 53 67 3.3332 0
60 100 61 3.3143 0
61 95 67 3.3398 0
109 82 66 3.2335 0
48 81 60 3.2261 0
59 67 70 3.0777 0
41 100 62 3.0425 0
81 45 66 3.0411 0
14 46 60 2.9324 0
91 56 60 2.9361 0
60 57 69 2.8337 0
73 62 51 2.7651 0
32 76 66 2.7021 0
55 58 57 2.6674 0
68 55 37 2.6042 0
53 70 63 2.5029 0
25 79 63 2.4106 0
69 66 40 2.2399 0
48 38 66 2.4656 0
65 72 68 2.3743 0
61 52 65 2.4384 0
55 57 65 2.3562 0
61 30 62 2.3566 0
67 62 36 2.2054 0
97 56 63 2.1026 0
67 56 55 1.8655 0
114 46 66 2.2283 0
81 38 61 2.1552 0
62 86 61 2.1585 0
77 61 61 2.1171 0
45 87 66 2.0686 0
43 33 61 2.1122 0
73 61 57 2.0549 0
78 82 61 2.0071 0
72 70 64 2.0721 0
60 66 58 0.9218 0
58 70 54 2.0695 0
92 27 66 2.0387 0
86 95 66 2.0197 0
65 53 61 2.0017 0
68 71 37 1.7704 0
57 57 45 2.0044 0
64 55 42 1.995 0
85 54 64 1.9621 0
65 73 59 1.8012 0
72 57 63 1.9681 0
85 71 66 1.8537 0
37 104 64 1.9376 0
66 25 65 1.8936 0
62 76 61 1.86 0
53 63 61 1.7529 0
31 22 65 1.8406 0
96 105 62 1.8405 0
57 58 51 1.8044 0
99 50 62 1.8152 0
60 56 60 1.4547 0
57 64 38 1.774 0
67 67 57 0.8587 0
91 22 64 1.6883 0
68 71 56 1.6809 0
57 68 59 1.3867 0
65 55 67 1.6659 0
70 61 41 1.6316 0
57 60 41 1.5203 0
65 69 40 1.533 0
81 92 64 1.5146 0
63 61 47 0.6564 0
61 72 57 1.5703 0
65 65 51 0.4803 0
69 57 59 1.5076 0
84 33 62 1.529 0
32 71 64 1.4866 0
65 100 65 1.5241 0
61 73 65 1.5312 0
69 70 60 1.4689 0
0
