128
127 127 127 61.195 0
0 0 0 61.195 0
0 127 0 61.195 0
127 0 0 61.195 0
127 0 127 61.195 0
127 127 0 61.195 0
0 0 127 61.195 0
0 127 127 61.195 0
64 105 63 29.2971 0
64 16 64 27.7272 0
63 36 25 14.4693 0
25 36 64 14.4693 0
91 62 63 10.3426 0
64 37 101 13.5517 0
101 37 64 13.5517 0
106 90 64 13.4433 0
64 90 106 13.4433 0
64 90 20 13.4433 0
20 90 64 13.4433 0
127 62 60 7.4393 0
127 64 87 11.5995 0
0 63 40 11.5995 0
87 64 127 11.5995 0
87 64 0 11.5995 0
0 63 87 11.5995 0
40 64 127 11.5995 0
40 64 0 11.5995 0
127 64 40 11.5995 0
66 42 127 11.4085 0
127 42 61 11.4085 0
63 67 36 10.3426 0
64 68 91 10.3426 0
68 43 0 10.7425 0
0 43 59 10.7425 0
36 71 64 10.3426 0
127 81 55 9.2216 0
55 81 127 9.2216 0
55 81 0 9.2216 0
0 81 55 9.2216 0
63 59 64 6.0804 0
35 85 45 8.4039 0
36 85 81 8.4039 0
82 85 35 8.4039 0
91 85 83 8.4039 0
1 80 74 8.1443 0
44 42 91 8.0438 0
36 42 44 8.0438 0
83 42 36 8.0438 0
84 42 90 7.8428 0
74 81 125 7.8142 0
125 81 74 7.8142 0
74 81 2 7.8142 0
47 84 33 7.3961 0
0 61 67 7.4393 0
67 66 127 7.4393 0
67 66 0 7.4393 0
46 84 95 7.3961 0
95 84 46 7.3961 0
39 53 61 6.7473 0
14 63 25 6.5635 0
25 64 14 6.5635 0
25 63 113 6.5635 0
113 64 102 6.5635 0
113 63 25 6.5635 0
102 63 14 6.5635 0
102 64 113 6.5635 0
14 63 102 6.5635 0
83 83 97 6.3882 0
50 48 3 6.4504 0
98 44 44 6.3882 0
4 47 77 6.1019 0
123 48 78 5.762 0
49 48 123 5.762 0
89 79 69 5.6399 0
63 51 86 5.5386 0
64 50 41 5.5386 0
45 45 32 5.3803 0
97 45 84 5.3803 0
28 45 83 5.3803 0
112 45 49 5.3803 0
78 45 113 5.3803 0
48 45 110 5.3803 0
87 38 50 5.0731 0
41 38 77 4.8571 0
50 38 41 4.8571 0
89 79 57 4.8283 0
57 57 124 4.6825 0
86 38 77 4.8571 0
111 46 80 4.3724 0
57 58 3 4.6825 0
73 81 88 4.5469 0
80 81 112 4.3724 0
14 81 48 4.3724 0
80 46 13 4.3724 0
46 81 16 4.3724 0
81 81 16 4.3724 0
16 46 81 4.3724 0
20 81 81 4.3724 0
16 46 49 4.3724 0
81 46 23 4.3724 0
45 46 18 4.3724 0
111 81 80 4.3724 0
46 81 112 4.3724 0
85 46 103 4.3724 0
85 47 62 4.382 0
113 81 49 4.3724 0
64 70 61 4.2647 0
57 53 33 3.8971 0
123 68 71 3.7756 0
4 67 56 3.7756 0
123 58 72 3.9306 0
56 80 41 3.9335 0
29 57 66 3.827 0
55 80 87 3.7801 0
70 53 94 3.8971 0
57 54 94 3.8971 0
70 53 33 3.8971 0
121 50 47 3.7358 0
42 39 55 3.8364 0
72 39 42 3.8364 0
7 49 45 3.6851 0
24 47 41 3.3646 0
34 80 32 3.3646 0
103 80 86 3.3646 0
21 80 42 3.3646 0
107 80 42 3.3646 0
43 43 65 3.3992 0
71 79 40 3.4466 0
0
