128
0 0 0 72.1701 0
127 127 0 70.9971 0
127 0 127 67.2344 0
0 127 127 65.6916 0
12 14 119 47.1958 0
110 111 114 44.2822 0
17 110 23 40.0324 0
111 19 22 39.2341 0
66 62 30 21.7977 0
63 105 66 21.6605 0
66 23 65 20.6526 0
68 65 127 18.3469 0
84 61 89 15.3837 0
1 61 78 15.1305 0
42 64 72 7.7001 0
106 63 65 10.2944 0
127 60 52 11.9756 0
127 66 81 11.7501 0
36 64 99 10.6153 0
98 63 43 10.1515 0
13 82 66 9.97 0
36 34 70 9.8046 0
63 34 97 9.566 0
32 64 42 9.7032 0
61 93 96 9.566 0
0 69 47 8.9383 0
106 84 65 8.7063 0
126 83 68 8.5613 0
94 35 67 8.5581 0
31 92 68 8.5581 0
15 41 69 8.4744 0
62 40 117 8.0121 0
124 42 63 7.9297 0
90 91 67 7.5503 0
53 86 45 7.2853 0
71 78 102 7.1717 0
108 61 86 6.9577 0
62 89 114 7.036 0
43 81 72 6.9754 0
76 87 46 6.8648 0
70 48 105 6.9634 0
48 56 112 6.8269 0
108 44 63 6.7672 0
52 40 46 6.8648 0
48 73 112 6.8269 0
84 82 79 6.7631 0
50 37 86 6.5424 0
82 63 64 5.2256 0
20 62 90 6.2639 0
83 41 78 6.2446 0
15 63 46 6.1914 0
44 49 72 6.0025 0
73 84 89 5.8774 0
88 77 46 5.6717 0
42 51 46 5.6717 0
43 76 46 5.6717 0
21 67 71 5.6196 0
87 50 46 5.6717 0
77 41 47 5.4775 0
73 42 87 5.6249 0
42 38 55 5.5345 0
43 89 83 5.5345 0
41 89 57 5.5345 0
2 55 57 5.4011 0
21 55 69 5.1338 0
18 73 82 4.9307 0
18 50 58 4.9309 0
86 39 54 4.5266 0
86 88 54 4.5266 0
123 54 69 4.412 0
101 72 84 4.4335 0
112 69 48 4.2791 0
15 75 52 4.4169 0
44 78 100 4.1633 0
91 65 70 4.2177 0
19 49 80 3.9228 0
24 54 50 4.0735 0
40 50 93 3.9636 0
94 44 80 3.9602 0
121 77 57 3.7822 0
25 73 89 3.7815 0
45 50 101 3.8018 0
37 78 92 3.7318 0
65 82 48 3.6559 0
111 56 48 3.6701 0
46 66 48 3.6559 0
48 87 93 3.5188 0
27 74 58 2.033 0
61 40 84 3.5188 0
111 72 83 3.5455 0
49 40 75 3.5848 0
4 72 60 3.5603 0
27 40 60 3.5188 0
39 40 83 3.5188 0
95 87 56 3.5188 0
24 73 51 3.4097 0
30 53 90 3.5166 0
101 52 83 3.4344 0
53 87 86 3.5188 0
95 79 80 3.3473 0
92 65 61 3.3869 0
16 64 59 2.0863 0
121 67 66 3.2631 0
120 51 77 3.1815 0
76 66 71 3.2098 0
10 52 63 3.1685 0
64 42 49 3.2313 0
5 64 59 3.1899 0
26 73 65 3.0409 0
53 46 111 2.9396 0
69 49 93 2.9218 0
53 83 111 2.9396 0
98 77 49 2.6481 0
75 68 106 2.9514 0
33 86 80 2.5109 0
75 59 106 2.9514 0
74 77 82 2.871 0
20 81 78 2.9149 0
20 60 79 2.9149 0
52 51 49 2.6481 0
83 69 49 2.6481 0
114 53 81 2.6868 0
97 50 49 2.6481 0
32 76 49 2.6481 0
58 51 112 2.6367 0
74 86 79 2.7763 0
69 73 92 2.6662 0
31 50 49 2.6481 0
0
