128
0 0 127 93.2217 0
127 127 127 81.2272 0
127 0 0 67.2227 0
0 127 0 59.3297 0
107 113 0 46.211 0
10 29 0 36.0449 0
33 104 77 25.6671 0
87 51 65 23.3025 0
60 63 0 17.1253 0
69 94 51 18.3391 0
26 64 39 17.5838 0
52 17 32 14.9972 0
103 67 37 11.0834 0
57 35 7 10.3353 0
58 37 48 10.2694 0
43 87 39 9.8572 0
38 38 38 9.4117 0
37 69 14 9.0254 0
69 79 75 8.6528 0
70 67 89 8.6979 0
58 99 25 8.5708 0
68 38 31 8.4441 0
58 88 10 8.3261 0
85 76 37 7.9478 0
51 86 101 7.732 0
33 72 63 7.5867 0
86 63 10 7.1227 0
83 51 34 6.8408 0
40 52 22 6.2598 0
45 82 56 6.0241 0
43 48 50 5.9287 0
60 88 85 5.5495 0
69 87 27 5.3831 0
42 81 24 5.3002 0
69 42 17 5.046 0
46 48 12 5.0308 0
49 40 23 3.8964 0
58 48 61 4.9139 0
61 61 78 4.9232 0
52 45 35 4.2585 0
46 81 14 4.4484 0
68 72 60 4.4143 0
79 53 13 4.4118 0
77 72 47 4.3962 0
83 63 39 4.3466 0
91 64 23 3.5958 0
55 84 68 4.2573 0
101 65 19 4.2768 0
77 47 24 4.1688 0
59 55 70 4.1298 0
78 72 13 4.0229 0
68 67 103 4.0294 0
69 81 13 4.0236 0
45 51 35 3.956 0
70 45 43 3.924 0
57 85 33 3.8464 0
57 78 110 3.8609 0
38 74 75 3.8006 0
58 33 22 3.7642 0
45 79 90 3.6754 0
77 81 26 3.6503 0
38 57 57 3.5974 0
47 30 18 3.5492 0
43 75 48 3.4922 0
65 67 71 3.4732 0
44 74 31 3.2973 0
58 86 24 3.0688 0
84 75 24 3.137 0
51 79 48 2.9953 0
93 56 33 3.0461 0
42 62 24 3.0919 0
66 81 89 3.0945 0
62 47 14 3.015 0
89 64 32 2.9262 0
51 36 33 2.9206 0
49 50 59 2.718 0
62 77 64 2.7687 0
61 40 21 2.8554 0
44 33 26 2.8352 0
57 84 76 2.7216 0
88 54 25 2.7669 0
85 54 19 2.767 0
69 67 111 2.7029 0
40 72 54 2.6626 0
45 57 15 2.604 0
42 76 84 2.594 0
39 43 26 2.5978 0
49 48 42 2.4455 0
71 70 52 2.5573 0
52 85 89 2.4864 0
43 69 26 2.4262 0
46 38 15 2.5119 0
75 51 41 2.5189 0
43 79 65 2.4118 0
54 80 42 2.4693 0
58 65 85 2.4317 0
44 57 30 2.2886 0
74 81 34 2.3284 0
76 61 15 2.0072 0
45 73 38 2.3873 0
52 48 54 2.3552 0
79 77 20 2.2865 0
44 53 42 2.2917 0
60 86 94 2.1502 0
63 49 53 2.168 0
73 82 20 2.1401 0
54 80 58 2.2662 0
63 69 79 2.2294 0
53 53 66 2.2147 0
95 62 15 2.1751 0
51 74 15 2.0072 0
47 96 28 2.1585 0
61 74 116 2.1094 0
90 74 26 2.1288 0
70 53 15 2.0072 0
62 68 98 2.0869 0
61 77 15 2.0072 0
74 66 15 2.0072 0
71 73 15 2.0072 0
48 79 30 2.0636 0
37 62 62 2.0308 0
55 78 15 2.0072 0
56 50 15 2.0072 0
42 47 30 1.9988 0
53 45 15 2.0072 0
48 90 15 2.0072 0
43 52 58 2.0137 0
38 65 56 1.8586 0
0
