128
127 127 127 84.3485 0
0 0 127 84.3485 0
127 0 33 72.6484 0
0 127 33 72.5848 0
101 101 0 35.6826 0
26 26 0 35.6063 0
90 80 47 14.4838 0
47 37 47 14.4169 0
81 46 93 13.1621 0
46 81 93 13.1135 0
66 66 0 8.9945 0
39 57 62 9.3797 0
70 88 62 9.3135 0
67 47 0 8.9945 0
47 67 0 8.9945 0
88 65 67 8.8427 0
63 39 68 8.87 0
39 55 32 8.2473 0
73 87 32 7.758 0
41 67 77 7.5873 0
60 86 77 7.5459 0
83 61 2 7.0899 0
61 83 2 7.0816 0
73 54 111 6.8407 0
54 73 111 6.8407 0
57 40 27 6.5128 0
87 70 27 6.4756 0
67 86 46 5.9316 0
81 52 74 5.6089 0
42 58 46 5.3377 0
49 78 74 5.1205 0
50 48 69 4.9617 0
79 77 69 4.9453 0
57 70 124 4.9611 0
70 57 124 4.9611 0
83 61 81 4.7166 0
65 44 82 4.6013 0
67 86 20 4.5063 0
41 60 19 4.4077 0
45 71 65 4.1246 0
65 43 54 4.0594 0
86 66 16 4.1547 0
84 62 53 4.0733 0
61 41 16 4.1184 0
54 81 65 4.0965 0
54 55 5 3.9551 0
63 51 89 3.8341 0
76 64 89 3.8341 0
64 76 89 3.8341 0
51 64 90 3.8341 0
74 47 66 3.787 0
49 48 28 3.3656 0
47 55 75 3.2687 0
79 78 26 3.2801 0
72 80 75 3.2028 0
72 47 77 3.3129 0
44 67 53 3.3231 0
60 83 54 3.3081 0
63 43 39 3.2605 0
80 54 64 3.1606 0
84 64 39 3.197 0
64 64 124 3.2291 0
52 66 99 3.0872 0
61 75 99 3.0872 0
56 47 77 2.9224 0
54 47 61 2.988 0
61 85 13 2.9491 0
80 71 77 2.8707 0
75 62 97 2.911 0
65 52 97 2.911 0
42 66 13 2.8857 0
77 70 6 2.9472 0
70 77 6 2.9472 0
71 46 59 2.8837 0
46 52 22 2.7252 0
65 44 46 2.6266 0
63 84 27 2.6027 0
80 72 60 2.4225 0
81 57 58 2.4528 0
80 75 32 2.4441 0
49 75 60 2.4049 0
44 65 41 2.3668 0
74 81 22 2.2078 0
62 83 38 2.2553 0
65 43 22 2.304 0
76 77 60 2.26 0
47 59 82 2.1806 0
77 51 59 2.2437 0
49 50 35 2.2553 0
68 84 12 2.2443 0
68 43 12 2.2443 0
68 80 82 2.1172 0
53 46 20 2.1009 0
81 74 20 2.1297 0
49 52 56 2.1856 0
43 60 11 2.0034 0
72 80 52 1.938 0
74 58 7 1.9394 0
53 58 87 2.154 0
70 73 87 2.154 0
57 54 87 2.154 0
44 65 35 2.0379 0
56 62 7 1.9394 0
74 61 104 2.1036 0
66 53 104 2.1036 0
82 60 46 1.9062 0
70 55 101 2.0106 0
83 62 33 1.9764 0
79 53 7 1.961 0
53 79 7 1.9515 0
54 79 58 1.9344 0
47 55 52 2.0078 0
45 67 46 1.9565 0
59 73 7 1.9394 0
54 74 7 1.9394 0
65 44 33 1.9139 0
63 56 7 1.9394 0
56 71 101 1.9162 0
53 47 33 1.9245 0
57 49 7 1.9394 0
59 81 60 1.9653 0
73 80 43 1.9613 0
60 43 9 1.8766 0
82 69 36 1.8791 0
47 71 57 1.8593 0
58 45 36 1.8885 0
62 81 68 1.8901 0
47 54 40 1.7725 0
0
