128
63 63 127 80.1653 0
127 127 0 65.9951 0
0 0 0 65.9951 0
0 127 8 59.5231 0
127 0 8 59.5231 0
97 62 38 13.8396 0
62 97 38 13.8356 0
30 66 39 12.8273 0
65 30 39 12.8395 0
0 65 47 12.6488 0
127 62 47 12.6488 0
62 127 47 12.5056 0
65 0 47 12.5056 0
85 127 65 9.8899 0
42 127 65 9.8899 0
85 0 65 9.8899 0
127 85 66 9.811 0
127 42 65 9.6121 0
0 85 65 9.6121 0
43 0 64 9.4806 0
0 42 65 9.6121 0
41 88 45 7.0481 0
86 39 45 7.0481 0
86 87 46 6.3877 0
46 35 46 6.0216 0
35 46 46 5.9913 0
68 126 66 5.8573 0
100 114 67 5.7856 0
60 1 66 5.7607 0
1 59 66 5.7391 0
126 66 66 5.7391 0
28 12 66 5.6014 0
11 97 66 5.4311 0
116 30 66 5.4311 0
11 30 66 5.4311 0
116 97 66 5.4311 0
15 53 47 5.155 0
112 74 47 5.155 0
29 115 66 5.1463 0
98 12 66 5.1463 0
76 16 47 5.0081 0
53 15 47 5.0917 0
74 112 47 5.0917 0
16 76 47 5.0139 0
111 51 47 5.0139 0
51 111 47 5.0081 0
98 80 47 4.6099 0
80 98 47 4.6099 0
98 44 47 4.6099 0
19 21 66 4.7087 0
29 83 47 4.6099 0
108 105 67 4.692 0
82 27 47 4.6099 0
45 100 47 4.6099 0
119 47 53 4.2963 0
8 80 53 4.2963 0
57 124 66 4.2636 0
120 79 54 4.2638 0
79 119 53 4.184 0
106 20 66 4.1927 0
21 107 66 4.1927 0
8 48 53 4.1345 0
3 70 66 4.0012 0
81 9 53 3.9248 0
46 118 53 3.9248 0
49 8 53 3.9435 0
47 23 48 3.602 0
24 46 48 3.602 0
70 3 64 3.574 0
124 56 64 3.4632 0
92 116 60 2.8293 0
36 36 49 2.5942 0
5 53 59 2.8192 0
62 16 49 2.7461 0
65 111 49 2.7461 0
36 11 59 2.6386 0
91 11 59 2.6386 0
36 116 59 2.6386 0
117 87 57 2.6648 0
17 63 49 2.6325 0
81 107 49 2.6672 0
96 88 49 2.5942 0
122 73 59 2.6198 0
106 82 49 2.6208 0
26 53 49 2.5942 0
11 36 59 2.5715 0
116 36 59 2.5715 0
11 91 59 2.5715 0
73 122 59 2.5966 0
77 33 50 2.5672 0
55 5 59 2.4963 0
86 116 55 2.3663 0
41 11 55 2.3663 0
17 45 50 2.3425 0
45 15 51 2.1509 0
112 82 51 2.1453 0
52 121 58 2.196 0
75 6 58 2.196 0
37 12 66 2.2188 0
6 75 59 2.0805 0
121 52 59 2.0805 0
111 43 51 2.0965 0
16 84 51 2.0965 0
43 108 50 2.017 0
84 19 50 2.017 0
91 114 66 2.1028 0
115 40 55 2.1502 0
12 87 55 2.1502 0
120 74 66 2.094 0
74 119 66 2.0197 0
119 52 66 2.0197 0
11 41 56 2.0055 0
114 88 66 2.0197 0
38 114 66 2.0197 0
68 15 50 1.9961 0
59 112 50 1.9961 0
112 66 50 1.9447 0
111 59 50 1.7596 0
50 95 50 1.9729 0
87 12 55 1.9513 0
40 115 55 1.9513 0
54 24 50 1.5863 0
53 30 50 1.6819 0
106 42 50 1.7686 0
21 85 50 1.7686 0
104 75 50 1.5863 0
90 95 50 1.5863 0
91 30 50 1.5863 0
0
