128
127 0 127 68.15 0
0 0 0 68.15 0
127 127 0 68.15 0
0 127 127 68.15 0
110 110 110 43.4298 0
110 17 17 43.4298 0
17 110 17 43.4298 0
17 17 110 43.4298 0
64 64 36 24.0099 0
62 65 98 21.9935 0
30 66 78 14.1142 0
66 33 81 13.3487 0
60 96 80 12.4681 0
62 26 47 12.2984 0
100 65 47 12.322 0
65 102 47 12.2984 0
25 62 47 12.2984 0
0 61 78 12.1352 0
127 61 49 12.1352 0
61 0 78 12.135 0
66 127 78 12.1349 0
66 0 49 12.1349 0
127 66 78 11.7067 0
94 61 84 11.8104 0
59 127 50 11.3533 0
0 68 50 11.3533 0
79 83 74 9.7699 0
46 47 76 9.198 0
86 43 75 8.7949 0
40 87 73 8.6753 0
85 1 61 8.6435 0
42 1 66 8.6435 0
126 85 66 8.6435 0
126 42 61 8.6435 0
1 42 66 8.6435 0
85 126 66 8.6435 0
45 39 51 8.2669 0
87 83 51 8.2669 0
42 125 62 7.7119 0
2 85 62 7.7119 0
49 88 52 7.2591 0
79 40 52 7.2591 0
77 103 71 6.9624 0
37 78 53 6.2512 0
83 26 71 6.5587 0
53 18 74 6.4803 0
92 48 53 6.2512 0
75 15 74 6.2512 0
52 113 74 6.2512 0
102 47 73 5.9652 0
45 30 70 6.0512 0
97 78 73 5.8846 0
43 102 71 5.587 0
112 55 78 5.4997 0
83 98 54 5.2433 0
109 70 78 5.4955 0
12 76 73 5.2433 0
51 12 54 5.2433 0
41 53 54 5.2433 0
7 51 54 5.3082 0
76 120 54 5.3082 0
76 15 54 5.2433 0
54 81 70 5.2115 0
17 51 73 5.2515 0
28 43 54 5.2433 0
114 75 54 5.2433 0
110 51 54 5.2433 0
84 61 69 5.0433 0
63 64 66 5.0057 0
35 39 69 4.8426 0
28 47 72 4.6605 0
121 50 72 4.6661 0
14 78 55 4.2354 0
88 71 70 4.5084 0
73 47 69 4.3325 0
48 102 55 4.2354 0
45 22 55 4.2354 0
97 36 69 4.4729 0
22 83 72 4.441 0
93 88 69 4.4126 0
25 79 55 4.2354 0
74 86 55 4.2354 0
105 83 55 4.2354 0
106 63 70 4.2645 0
17 46 55 4.2354 0
80 110 55 4.2354 0
59 42 55 4.2354 0
52 111 55 4.2354 0
48 74 76 4.149 0
109 79 72 4.2491 0
40 67 55 4.2354 0
81 28 55 4.2354 0
79 55 78 4.1615 0
86 58 55 4.2354 0
79 115 72 4.2354 0
87 96 68 4.0354 0
93 55 68 4.0354 0
54 38 68 4.0354 0
3 73 66 3.7639 0
54 124 66 3.7638 0
80 68 78 3.7374 0
55 3 62 3.644 0
124 72 62 3.644 0
72 3 65 3.6429 0
45 60 68 3.5557 0
124 56 65 3.524 0
71 124 62 3.519 0
3 56 62 3.519 0
85 68 56 3.2276 0
11 94 63 3.4958 0
33 116 63 3.4958 0
94 11 63 3.4945 0
116 33 63 3.4945 0
33 11 64 3.4888 0
116 94 64 3.4888 0
94 116 64 3.4887 0
11 33 64 3.4887 0
67 109 71 3.4376 0
98 89 56 3.2276 0
68 43 56 3.2276 0
34 32 56 3.2276 0
102 45 56 3.2276 0
80 51 56 3.2276 0
56 27 67 3.0276 0
34 88 56 3.2276 0
27 90 70 3.2592 0
92 95 56 3.2276 0
60 88 56 3.2276 0
0
