128
127 127 127 75.5603 0
127 0 0 75.5603 0
0 127 0 75.5602 0
0 0 127 75.5602 0
96 31 96 28.9618 0
96 95 32 28.2403 0
31 95 95 28.1858 0
32 31 32 28.1513 0
59 59 82 18.1421 0
60 67 42 17.3611 0
0 52 49 12.7025 0
51 127 77 12.0796 0
76 127 50 12.0796 0
0 74 77 11.778 0
127 74 50 11.7781 0
75 0 77 11.8912 0
127 52 77 11.8912 0
52 0 50 11.8912 0
66 89 75 11.1137 0
88 68 75 11.087 0
67 40 49 10.306 0
87 60 49 10.306 0
62 30 74 10.0791 0
31 60 73 9.0713 0
33 65 50 9.2981 0
63 99 51 8.6602 0
108 63 75 7.923 0
60 108 75 7.6529 0
61 19 52 7.2824 0
105 64 52 7.2824 0
50 87 53 6.2745 0
15 65 53 6.2745 0
81 51 70 6.0476 0
51 80 70 6.0476 0
48 39 71 5.7645 0
60 126 60 5.6693 0
18 69 73 5.5361 0
2 69 59 5.3071 0
61 13 73 5.2666 0
125 68 68 5.4183 0
59 2 68 5.4183 0
68 2 59 5.4183 0
83 44 54 5.2666 0
61 115 54 5.2666 0
125 58 59 5.3072 0
2 58 68 5.3071 0
68 124 70 5.3254 0
71 85 54 5.2666 0
83 85 72 5.3037 0
39 79 54 5.2666 0
97 54 69 5.0398 0
39 47 71 5.1106 0
74 40 69 5.0405 0
38 73 69 5.0398 0
73 74 69 5.0398 0
72 104 69 4.7459 0
73 26 55 4.6302 0
74 19 72 4.6289 0
54 49 55 4.4788 0
18 52 55 4.2587 0
75 109 55 4.2587 0
43 55 55 4.2587 0
12 59 72 4.26 0
83 74 55 4.2587 0
75 52 55 4.2587 0
12 41 57 4.1644 0
53 97 69 4.1109 0
27 73 68 4.0271 0
9 86 69 4.0513 0
118 86 58 4.0513 0
76 29 68 4.0319 0
102 73 68 3.8688 0
117 41 69 3.9176 0
86 10 69 3.9176 0
41 10 58 3.9175 0
41 116 69 3.7846 0
86 116 58 3.7846 0
107 51 71 3.6236 0
54 38 56 3.5198 0
50 98 56 3.2509 0
23 73 56 3.2509 0
70 12 56 3.2509 0
27 53 56 3.2509 0
48 15 56 3.2509 0
97 72 56 3.2509 0
54 28 56 3.3288 0
79 33 56 3.2509 0
103 52 56 3.2509 0
116 60 56 3.3223 0
71 113 71 3.2509 0
54 108 56 3.2509 0
61 87 56 3.252 0
63 76 67 3.2763 0
96 48 56 3.2509 0
49 111 71 3.2509 0
50 7 65 3.264 0
7 50 65 3.264 0
50 120 62 3.264 0
120 50 62 3.264 0
7 77 62 3.2639 0
77 7 62 3.2639 0
77 120 65 3.2639 0
120 77 65 3.2639 0
74 76 56 3.2509 0
74 94 56 3.2509 0
15 80 71 3.2509 0
29 78 56 3.2509 0
107 76 56 3.2509 0
77 68 56 3.2509 0
44 71 56 3.2509 0
65 43 67 3.024 0
20 53 70 3.1516 0
76 60 67 3.024 0
57 42 67 3.024 0
86 108 61 3.015 0
110 86 60 3.1213 0
17 86 67 3.1069 0
47 71 67 3.024 0
49 90 67 3.024 0
43 55 67 3.024 0
71 49 66 2.9788 0
42 65 67 3.024 0
83 40 67 3.024 0
91 46 67 3.024 0
107 40 66 2.974 0
87 20 66 2.9548 0
23 40 62 2.9082 0
41 18 60 2.9679 0
0
