128
0 0 0 93.51 0
127 127 127 54.8973 0
127 127 0 54.8973 0
0 127 127 54.8973 0
127 0 127 54.5494 0
116 47 47 37.3468 0
9 127 34 37.0522 0
8 34 127 37.0719 0
69 64 122 29.6612 0
64 127 75 22.6909 0
52 0 107 20.5105 0
56 101 12 19.6636 0
66 60 72 18.4431 0
19 85 70 16.7955 0
105 99 64 15.9333 0
84 9 71 15.5407 0
80 74 17 15.3776 0
118 64 98 13.9737 0
69 118 39 13.62 0
64 106 108 12.7641 0
13 70 94 10.9431 0
69 68 42 10.3801 0
66 91 80 8.6727 0
66 91 48 8.4894 0
33 72 105 9.5849 0
51 32 105 9.5849 0
71 25 105 9.5849 0
33 112 72 9.1828 0
68 30 73 8.9703 0
107 82 84 8.9945 0
38 66 73 8.9703 0
85 91 80 8.6727 0
36 91 48 8.7847 0
43 91 80 8.6727 0
86 91 48 8.4894 0
86 113 54 8.5807 0
47 90 103 7.5691 0
50 112 51 7.5728 0
47 71 56 7.3565 0
57 44 92 7.244 0
75 10 93 6.858 0
62 9 80 6.8907 0
91 72 75 6.7319 0
90 111 79 6.6863 0
100 76 102 6.5741 0
80 94 102 6.5613 0
16 51 86 6.5506 0
98 49 102 6.5613 0
34 19 94 6.5217 0
48 57 92 6.0432 0
34 91 27 6.1545 0
18 62 78 6.1693 0
83 35 76 5.9467 0
95 84 31 5.9349 0
74 45 91 5.8183 0
59 77 26 5.818 0
78 95 26 5.5534 0
44 48 101 5.5855 0
90 85 101 5.5534 0
85 39 101 5.5534 0
50 110 36 5.5571 0
49 110 94 5.5571 0
51 93 51 5.4759 0
81 73 54 5.3408 0
109 46 91 5.4447 0
97 25 80 5.372 0
53 73 43 5.3408 0
51 41 77 5.2741 0
31 90 89 5.1586 0
33 101 60 4.8466 0
44 50 77 5.1156 0
33 57 100 4.8629 0
94 80 65 4.8466 0
34 76 55 4.6731 0
94 103 45 4.8466 0
52 69 90 4.734 0
25 82 94 4.7291 0
78 109 96 4.65 0
43 109 83 4.5492 0
97 64 100 4.5455 0
96 89 91 4.4782 0
40 109 59 4.5492 0
85 109 68 4.5492 0
60 90 100 4.5455 0
84 74 38 4.3329 0
45 15 87 4.3294 0
84 74 65 4.3329 0
59 74 53 4.3329 0
30 55 78 3.9341 0
65 37 99 4.1035 0
81 57 90 4.0528 0
89 59 78 3.931 0
87 46 78 3.931 0
58 20 78 3.931 0
53 31 78 3.931 0
48 83 28 3.5376 0
34 101 85 3.8388 0
93 101 85 3.8388 0
61 39 81 3.8445 0
72 108 55 3.5413 0
93 82 55 3.8388 0
93 94 37 3.8388 0
28 29 90 3.7222 0
35 87 99 3.6003 0
107 68 83 3.5781 0
76 105 28 3.6639 0
81 108 87 3.5413 0
39 38 99 3.5376 0
74 38 99 3.5695 0
86 108 39 3.5413 0
46 108 67 3.5413 0
46 75 99 3.5376 0
102 34 85 3.3615 0
70 90 99 3.5376 0
63 108 53 3.5413 0
43 64 99 3.548 0
71 88 28 3.5376 0
22 40 87 3.4129 0
84 17 90 3.3618 0
47 75 68 3.325 0
49 75 76 3.325 0
69 75 55 3.325 0
46 62 83 3.252 0
64 75 89 3.2997 0
90 21 86 3.1723 0
48 47 85 3.2099 0
68 39 85 3.2102 0
95 56 87 1.5952 0
0
