128
127 63 0 59.8665 0
0 127 127 53.2625 0
0 0 0 57.9497 0
127 0 127 53.2625 0
0 127 0 57.9497 0
127 127 127 53.2625 0
0 0 127 53.2625 0
65 64 127 33.4596 0
1 64 67 32.6412 0
97 127 51 25.658 0
97 0 52 25.658 0
120 64 83 21.8297 0
47 127 66 20.8549 0
54 0 73 20.8549 0
47 64 10 19.494 0
81 64 65 18.7436 0
73 10 17 16.6629 0
73 116 17 16.0182 0
64 120 99 14.9085 0
64 17 107 13.9332 0
31 27 62 13.7351 0
99 36 71 13.4523 0
98 92 71 13.4523 0
32 97 57 12.5908 0
33 76 37 11.5829 0
68 49 40 11.539 0
33 51 36 11.5829 0
68 78 40 11.539 0
26 70 104 11.1319 0
58 10 42 10.7761 0
62 38 19 10.4645 0
63 89 19 10.4645 0
77 115 78 9.0055 0
83 12 83 8.8138 0
63 115 41 8.7604 0
32 102 79 8.5104 0
31 49 102 8.2628 0
77 98 102 8.2628 0
97 50 102 8.2628 0
97 78 102 8.2628 0
47 94 102 8.2628 0
47 33 102 8.2628 0
71 86 79 7.5345 0
37 83 76 7.5514 0
90 34 50 7.5514 0
90 92 50 7.5514 0
71 42 78 7.5433 0
37 45 74 7.5514 0
81 33 101 7.2549 0
63 45 59 6.992 0
71 24 80 6.8052 0
38 48 55 6.5435 0
37 25 83 6.5678 0
63 83 59 6.4997 0
38 77 57 6.5435 0
38 63 51 6.5435 0
38 33 42 6.5436 0
73 29 62 3.2015 0
45 112 90 5.7368 0
47 112 42 5.7368 0
70 112 63 5.7368 0
88 107 86 5.6533 0
23 33 80 5.5091 0
39 69 78 5.5357 0
44 41 24 5.4675 0
44 86 24 5.4675 0
39 93 39 5.5357 0
42 16 49 5.5344 0
62 75 78 5.4262 0
88 26 88 5.3114 0
70 100 81 5.392 0
63 93 99 5.2392 0
55 103 24 5.3837 0
39 81 99 5.2456 0
94 64 99 5.247 0
61 36 99 5.2392 0
88 89 99 5.2392 0
55 29 62 3.2015 0
76 29 40 3.2044 0
61 51 73 4.9763 0
67 62 28 5.0875 0
48 16 95 5.0007 0
69 16 54 4.7289 0
40 58 64 4.5278 0
74 98 40 3.2044 0
87 99 38 4.7485 0
87 27 39 4.7871 0
58 98 40 3.2044 0
61 98 62 3.2015 0
78 42 53 4.4839 0
53 64 56 2.9677 0
76 16 69 4.7289 0
54 29 40 3.2044 0
40 101 91 4.5278 0
53 64 39 2.9677 0
53 64 76 2.9677 0
40 57 79 4.5278 0
55 21 25 4.3795 0
40 68 67 4.5278 0
87 106 30 4.5314 0
75 85 54 4.4839 0
84 45 80 4.3814 0
22 93 83 4.3798 0
84 83 80 4.3814 0
76 96 25 4.3759 0
75 31 25 4.3759 0
72 98 62 3.2015 0
39 61 98 4.2313 0
45 46 98 4.2313 0
85 45 98 4.2313 0
29 85 98 4.2313 0
22 85 91 4.0123 0
60 83 71 3.9684 0
22 43 94 4.0662 0
81 110 95 4.0534 0
53 63 88 2.9677 0
105 41 88 4.0123 0
66 29 40 3.2044 0
105 86 87 4.0123 0
60 75 67 3.9684 0
73 17 42 3.721 0
80 19 97 3.8275 0
64 110 80 3.744 0
85 28 62 3.7266 0
54 110 32 3.721 0
86 20 31 3.6945 0
75 110 37 3.721 0
85 40 60 3.7288 0
0
