128
97 127 0 77.5481 0
127 0 127 74.051 0
0 0 0 75.555 0
0 127 127 73.8769 0
31 32 97 29.2447 0
86 86 95 25.211 0
86 33 42 24.1383 0
16 86 42 20.416 0
127 77 76 17.1089 0
124 52 52 16.2495 0
55 58 48 14.3688 0
0 53 74 13.614 0
68 52 87 12.2823 0
63 24 70 12.1422 0
50 69 87 11.1592 0
51 92 68 10.4609 0
103 62 74 9.4997 0
47 37 61 8.5011 0
43 79 54 8.3215 0
28 60 54 8.3215 0
77 62 56 7.7997 0
99 61 56 7.8746 0
87 54 78 7.4944 0
11 62 57 7.1521 0
72 63 71 6.5326 0
32 66 83 6.0803 0
8 72 67 6.0036 0
76 37 76 5.8847 0
34 91 62 5.8471 0
17 62 82 5.6731 0
40 60 75 5.4954 0
36 47 57 5.2979 0
67 73 57 5.3538 0
17 51 62 5.1106 0
112 69 60 4.8062 0
58 81 78 4.8319 0
61 39 58 4.7431 0
67 95 71 4.7533 0
59 40 77 4.707 0
91 44 70 4.4778 0
57 81 58 4.4807 0
105 82 71 4.3144 0
40 66 58 4.29 0
70 51 59 4.2557 0
64 72 79 4.1876 0
43 81 78 4.1054 0
47 67 71 4.1536 0
37 85 71 3.9994 0
87 77 66 3.9606 0
22 78 69 3.8023 0
15 43 68 3.6232 0
32 40 63 3.7212 0
52 54 81 3.4901 0
109 37 59 3.5775 0
40 71 75 3.5677 0
51 45 73 3.5378 0
18 52 72 3.4355 0
26 48 59 3.2822 0
85 71 59 3.3704 0
103 49 59 3.2822 0
29 72 59 3.2822 0
88 56 59 3.2822 0
84 65 74 3.2649 0
39 56 59 3.2822 0
111 50 68 3.2471 0
18 73 63 3.2868 0
53 73 59 3.2822 0
35 77 78 3.1962 0
29 78 73 3.2428 0
13 69 76 3.0185 0
62 64 77 2.8606 0
82 42 70 2.9596 0
100 75 71 2.7872 0
25 72 78 2.8831 0
97 82 68 2.8067 0
101 49 71 2.7682 0
65 63 63 2.7134 0
64 87 75 2.6427 0
50 60 75 2.8045 0
24 49 69 2.7603 0
107 74 69 2.5351 0
88 64 60 2.527 0
90 63 71 2.6633 0
98 40 67 2.5329 0
79 46 75 2.5358 0
72 73 73 2.5123 0
72 54 66 2.484 0
101 72 60 2.2743 0
16 74 72 2.3317 0
71 71 65 2.3645 0
45 49 60 2.2743 0
107 56 63 2.2718 0
26 59 79 2.3025 0
66 82 60 2.2743 0
67 39 75 2.3764 0
47 69 60 2.2743 0
27 79 62 2.3246 0
47 54 76 2.2473 0
93 70 72 2.2908 0
92 69 60 2.2743 0
62 87 61 2.3296 0
85 47 66 2.3225 0
57 39 69 2.1532 0
62 47 60 2.2743 0
92 62 65 2.1628 0
108 44 60 2.2743 0
22 68 60 2.2743 0
33 79 60 2.2743 0
76 77 60 2.2743 0
67 44 60 2.2743 0
103 38 64 2.1858 0
77 53 74 2.1849 0
56 49 76 1.9892 0
44 45 70 2.0219 0
75 35 67 2.0963 0
19 71 77 2.0307 0
30 84 70 2.0789 0
19 37 67 1.9944 0
82 82 67 2.0453 0
21 56 77 2.0677 0
38 67 70 2.0234 0
38 42 67 1.9782 0
18 82 65 1.9987 0
76 91 69 1.9676 0
56 45 61 1.7178 0
71 52 72 1.954 0
96 52 71 1.9227 0
46 59 69 1.9268 0
0
