128
127 0 127 65.078 0
7 120 7 54.1524 0
0 0 0 65.078 0
127 127 0 65.078 0
0 127 127 65.078 0
120 120 120 54.1524 0
120 7 7 54.1524 0
7 7 120 54.1524 0
65 64 29 26.7011 0
0 63 64 23.124 0
64 127 64 23.124 0
64 0 63 23.124 0
127 63 63 23.124 0
65 64 118 23.2348 0
62 91 86 16.5104 0
64 28 88 12.458 0
29 69 44 11.583 0
26 64 88 11.2668 0
101 64 87 11.2668 0
56 29 45 10.5752 0
56 98 45 10.5752 0
98 69 46 9.5673 0
83 41 80 9.25 0
44 41 79 9.25 0
37 46 47 8.5594 0
76 33 47 8.5594 0
77 97 47 8.5594 0
93 49 47 8.5594 0
52 45 95 8.0517 0
86 86 78 7.3696 0
43 84 48 7.5515 0
36 65 105 7.3403 0
92 111 64 6.998 0
37 85 79 7.1326 0
111 93 64 6.998 0
78 63 88 6.583 0
36 16 62 6.998 0
16 90 62 6.998 0
16 34 63 6.998 0
37 111 65 6.998 0
94 16 63 6.998 0
111 35 62 6.998 0
74 46 94 7.0438 0
49 63 90 6.5666 0
90 85 49 6.5437 0
99 47 78 6.5437 0
63 63 87 6.5845 0
27 48 78 6.5437 0
74 81 68 6.2603 0
93 60 104 6.0715 0
48 80 70 6.0359 0
80 80 97 5.8382 0
105 79 77 5.7077 0
22 80 77 5.7077 0
79 22 77 5.7077 0
49 22 77 5.7077 0
22 48 50 5.7077 0
79 104 77 5.552 0
46 78 100 5.3767 0
77 48 67 5.028 0
47 106 76 5.0969 0
62 80 65 5.0776 0
106 82 51 5.0969 0
61 38 67 2.4893 0
44 108 53 4.8938 0
20 82 52 4.8082 0
82 20 52 4.8082 0
107 45 52 4.8082 0
44 20 52 4.8082 0
39 32 51 4.5279 0
90 35 51 4.5279 0
36 63 67 1.5146 0
30 86 51 4.5279 0
64 47 86 4.5127 0
41 97 51 4.5279 0
40 97 76 4.5279 0
51 45 51 4.5279 0
51 48 68 4.5279 0
41 59 51 4.5279 0
56 34 73 4.4738 0
85 108 54 4.4028 0
72 34 73 4.3177 0
91 63 67 1.5146 0
33 66 73 4.339 0
43 81 90 4.2512 0
108 42 72 4.084 0
80 78 86 4.0202 0
104 108 64 3.9962 0
23 19 64 3.9962 0
19 104 63 3.9962 0
108 23 63 3.9962 0
19 42 72 4.084 0
95 79 84 4.0236 0
93 61 73 3.9973 0
83 50 101 3.7045 0
45 56 100 3.7641 0
78 82 52 3.52 0
67 86 52 3.52 0
63 42 52 3.52 0
56 84 52 3.52 0
89 29 75 3.52 0
98 87 75 3.52 0
95 35 75 3.52 0
81 46 52 3.52 0
54 61 80 3.5124 0
71 67 80 3.5124 0
86 60 52 3.52 0
44 68 52 3.52 0
84 76 52 3.52 0
87 98 75 3.52 0
31 38 75 3.52 0
90 99 52 3.52 0
28 37 52 3.52 0
93 47 88 3.4156 0
84 60 98 3.4998 0
46 67 80 3.5124 0
39 27 75 3.52 0
90 70 107 3.3243 0
95 78 75 3.3922 0
94 70 100 3.2927 0
31 75 75 3.1315 0
33 79 88 3.2746 0
88 81 89 3.0303 0
88 20 72 3.1069 0
82 69 97 3.0986 0
107 82 62 2.9665 0
83 20 63 2.9665 0
40 55 109 3.1139 0
0
