128
0 0 127 101.446 0
127 127 0 79.1305 0
83 127 121 48.5025 0
17 126 56 43.071 0
93 16 23 37.9712 0
54 63 34 21.7401 0
84 72 73 20.6448 0
57 92 76 12.0137 0
77 45 59 9.4085 0
57 91 49 9.027 0
76 101 69 8.4197 0
51 75 63 8.465 0
68 127 66 7.3601 0
73 80 48 6.0071 0
64 40 47 5.2104 0
73 91 56 5.0122 0
61 62 64 4.9222 0
62 105 50 4.6077 0
61 109 75 4.2399 0
72 59 54 4.0043 0
72 114 68 4.0043 0
65 52 61 3.2409 0
71 33 56 3.2118 0
71 109 60 2.9965 0
71 100 57 2.9965 0
56 98 60 3.0179 0
71 71 52 2.9965 0
61 46 54 2.659 0
59 52 57 2.8029 0
60 80 55 2.7336 0
70 91 65 2.6187 0
64 122 54 2.4509 0
62 114 53 2.5845 0
63 80 64 2.5483 0
65 31 50 2.3607 0
61 122 74 2.3065 0
70 52 50 2.3763 0
58 104 58 2.2084 0
57 106 69 2.0667 0
70 116 59 1.9886 0
58 116 76 2.0777 0
57 103 64 1.9886 0
60 73 56 2.0592 0
68 110 73 2.0314 0
62 70 62 1.8705 0
57 86 60 2.0186 0
68 47 49 1.9954 0
70 97 51 2.0262 0
70 83 56 1.9886 0
64 104 70 1.869 0
66 85 64 1.7324 0
64 77 52 1.7609 0
65 82 51 1.6863 0
68 57 60 1.6364 0
69 88 50 1.567 0
60 110 57 1.3848 0
59 66 58 1.4776 0
65 43 58 1.428 0
68 121 57 1.3597 0
60 58 57 1.4045 0
63 75 62 1.2123 0
61 101 56 1.3102 0
63 121 60 1.2986 0
64 115 75 1.2787 0
61 121 69 1.2986 0
67 95 66 1.2412 0
59 83 63 1.1649 0
65 49 52 1.0119 0
67 37 57 1.2186 0
64 35 53 1.0865 0
69 35 51 1.0431 0
63 51 54 1.1611 0
68 61 60 1.1271 0
69 53 55 0.9807 0
64 99 53 1.0865 0
69 66 53 0.9807 0
69 110 55 0.9807 0
69 97 61 0.9807 0
69 106 56 0.9807 0
69 103 61 0.9807 0
69 38 54 0.9807 0
69 78 55 0.9807 0
58 93 60 1.0306 0
64 47 58 0.9014 0
69 54 58 1.0565 0
65 89 64 0.8879 0
65 118 52 1.0119 0
69 113 56 0.9807 0
69 29 53 0.9807 0
69 102 51 1.0431 0
67 75 50 1.0383 0
58 90 62 0.9807 0
58 113 71 0.9807 0
69 109 66 0.9807 0
67 85 50 1.0383 0
68 92 50 1.0178 0
69 116 63 0.9807 0
69 25 54 1.0109 0
69 119 71 0.9807 0
68 114 74 0.9966 0
69 74 56 0.9807 0
66 26 51 0.9373 0
69 66 57 0.9807 0
69 86 59 0.9807 0
58 110 69 0.9807 0
69 83 60 0.9807 0
69 86 53 0.9807 0
58 107 61 0.9807 0
58 109 64 0.9807 0
69 106 53 0.9807 0
69 94 61 0.9807 0
69 86 62 0.9821 0
62 85 63 0.7417 0
66 111 51 0.9373 0
66 97 51 0.9373 0
66 99 67 0.9165 0
63 41 55 0.9867 0
59 69 60 0.8594 0
67 107 70 0.6228 0
66 40 57 0.8237 0
62 56 59 0.7158 0
61 69 57 0.6358 0
63 55 55 0.9867 0
59 82 59 0.785 0
66 120 73 0.7907 0
64 73 54 0.9121 0
60 113 58 0.7104 0
65 67 60 0.767 0
0
