128
0 0 127 86.7757 0
127 0 0 86.7756 0
0 127 0 70.7889 0
127 127 127 70.7889 0
85 99 42 26.4134 0
42 99 85 26.4134 0
93 48 92 21.0005 0
34 48 35 21.0005 0
61 68 40 11.7258 0
66 68 87 11.7258 0
92 74 71 11.4034 0
35 74 56 11.4034 0
64 127 73 10.006 0
51 62 71 9.8579 0
76 62 56 9.8578 0
62 126 53 9.0716 0
44 19 44 7.4409 0
83 21 82 7.5308 0
66 49 80 6.4828 0
74 86 86 6.383 0
53 86 41 6.383 0
64 51 48 6.2771 0
66 76 57 5.8604 0
60 76 69 5.8271 0
46 48 61 5.7399 0
57 108 57 5.4927 0
83 51 66 5.4243 0
50 121 62 5.3627 0
77 121 65 5.3627 0
57 47 70 5.0625 0
47 6 47 4.9249 0
52 77 60 4.8506 0
57 92 57 4.8167 0
71 47 57 4.7297 0
76 76 63 4.6149 0
57 40 46 4.5342 0
78 9 78 4.4726 0
65 110 65 4.1776 0
43 88 50 4.1436 0
75 32 81 4.2643 0
84 89 77 4.1436 0
44 60 57 4.0927 0
76 42 64 3.8659 0
65 91 65 3.8088 0
69 114 79 3.7107 0
68 37 78 3.6361 0
60 82 50 3.5642 0
43 29 51 3.5437 0
82 61 70 3.4183 0
67 81 77 3.5615 0
53 31 44 3.518 0
45 38 57 3.4183 0
82 41 70 3.4183 0
63 40 53 3.3377 0
54 97 45 3.2601 0
73 100 82 3.2601 0
62 39 72 3.1885 0
43 96 54 3.0928 0
84 31 75 3.1293 0
53 41 64 3.2661 0
80 79 80 3.1707 0
47 79 47 3.1707 0
84 97 73 3.0928 0
57 112 48 3.1265 0
55 105 46 3.1855 0
79 83 68 2.8932 0
47 85 58 2.8185 0
68 38 58 2.9647 0
47 113 58 2.819 0
80 113 69 2.8185 0
66 58 75 2.7379 0
45 107 56 2.6693 0
82 107 71 2.6693 0
55 7 55 2.4866 0
72 7 72 2.4866 0
81 66 78 2.5709 0
46 66 49 2.5709 0
72 107 80 2.4365 0
63 59 54 2.5887 0
47 95 48 2.4963 0
71 93 79 2.3619 0
55 55 47 2.4365 0
62 54 71 2.4395 0
79 95 80 2.4217 0
79 72 80 2.4217 0
48 72 47 2.4217 0
51 35 61 2.3679 0
69 118 60 2.3138 0
76 35 66 2.3679 0
56 76 52 2.2526 0
58 33 50 2.2127 0
78 70 68 2.2188 0
74 16 77 2.1162 0
69 88 77 2.2127 0
57 117 66 2.0665 0
59 34 68 2.2157 0
49 67 59 2.2187 0
73 22 78 2.2175 0
80 33 70 2.0695 0
69 30 77 2.2127 0
80 90 70 2.0695 0
68 73 66 2.155 0
65 32 73 1.9143 0
71 34 62 1.9919 0
62 32 54 1.9143 0
47 91 57 2.0695 0
71 82 62 1.9964 0
74 52 64 2.0303 0
64 67 72 1.8397 0
63 67 55 1.8397 0
63 114 55 1.9273 0
57 88 50 1.9096 0
65 113 73 1.9362 0
55 33 64 1.9173 0
55 52 64 1.9173 0
55 83 64 1.9173 0
53 24 46 1.8367 0
64 84 72 1.8397 0
73 57 80 1.7621 0
66 32 58 1.6159 0
48 32 48 1.7473 0
73 79 80 1.7621 0
54 79 47 1.7621 0
75 113 66 1.6935 0
58 80 56 1.6658 0
58 58 51 1.4637 0
61 115 69 1.6159 0
68 8 68 1.4787 0
0
