128
127 65 0 84.7985 0
3 0 127 51.3318 0
3 127 127 51.3281 0
0 0 17 57.4689 0
0 127 18 56.6571 0
127 0 127 52.9238 0
127 127 127 52.9204 0
31 64 75 32.3119 0
64 39 127 19.7969 0
64 88 127 19.7944 0
64 0 88 19.7398 0
64 127 88 19.7344 0
31 63 127 16.4701 0
78 57 90 16.4149 0
109 63 101 15.5627 0
64 6 52 14.4329 0
63 122 53 14.3661 0
91 62 126 14.2173 0
71 89 79 13.8926 0
92 2 68 13.2594 0
68 34 73 12.7504 0
93 123 71 11.5477 0
54 98 58 10.6707 0
49 28 57 10.3623 0
96 85 89 10.4338 0
37 121 75 9.7685 0
37 6 75 9.7544 0
96 37 86 9.0393 0
54 24 104 8.1977 0
74 24 104 8.1977 0
74 103 104 8.1935 0
54 103 104 8.1906 0
63 77 97 7.5214 0
22 24 74 7.0769 0
59 39 91 6.8228 0
22 104 74 6.7076 0
88 82 115 6.3506 0
80 80 97 6.2935 0
48 28 75 6.376 0
50 99 76 6.0593 0
53 62 118 6.1586 0
40 44 115 5.9964 0
101 22 77 6.0924 0
87 28 76 6.0537 0
40 83 115 5.896 0
100 101 80 5.9145 0
88 44 114 5.7597 0
87 14 85 5.5373 0
87 113 85 5.5318 0
88 100 75 5.4253 0
71 102 62 5.3977 0
58 52 100 5.3468 0
38 102 63 5.2422 0
81 34 88 5.301 0
53 93 88 5.3057 0
46 10 62 5.1928 0
72 62 117 5.1512 0
34 25 65 5.184 0
44 17 90 5.0932 0
44 110 90 5.088 0
60 64 102 5.1096 0
82 91 109 4.7736 0
90 74 101 4.6687 0
44 116 61 4.6078 0
83 35 108 4.4482 0
98 44 99 4.5581 0
44 35 108 4.4482 0
25 50 110 4.4496 0
81 115 60 4.3889 0
48 32 87 4.3496 0
25 77 110 4.4485 0
51 116 69 4.3097 0
47 92 108 4.4442 0
80 108 92 4.4159 0
77 116 69 4.3097 0
36 26 76 4.1453 0
75 11 68 4.2182 0
75 21 59 4.2378 0
98 76 113 4.2505 0
81 20 93 4.1369 0
38 101 76 4.151 0
47 74 115 4.1776 0
53 86 96 4.0945 0
99 81 104 4.0575 0
80 103 68 3.9444 0
98 49 112 3.9751 0
71 35 91 4.0297 0
87 97 85 3.8512 0
79 72 115 3.815 0
80 13 60 3.7309 0
33 18 83 3.6105 0
33 109 83 3.605 0
51 12 71 3.5688 0
40 29 84 3.5211 0
43 98 84 3.5263 0
64 23 96 3.5018 0
64 104 96 3.4974 0
62 103 71 3.4829 0
51 43 98 3.4802 0
80 52 114 3.4076 0
48 52 114 3.406 0
80 13 75 3.3214 0
83 91 93 3.2973 0
28 28 83 3.2304 0
71 86 97 3.2655 0
81 23 65 3.1708 0
54 72 103 3.195 0
63 60 115 3.2342 0
72 72 103 3.195 0
61 89 95 3.0923 0
48 37 94 3.2156 0
97 111 81 3.171 0
55 28 83 3.1494 0
31 100 81 3.1813 0
46 15 81 3.1037 0
46 112 81 3.0947 0
52 79 101 3.0299 0
86 38 95 3.0885 0
34 76 111 3.1042 0
98 108 73 3.0496 0
64 32 104 2.8961 0
64 95 104 2.8921 0
80 113 77 2.8362 0
31 44 108 2.7891 0
31 83 108 2.7867 0
53 21 92 2.7361 0
56 23 69 2.8153 0
52 106 92 2.7313 0
0
