128
64 64 25 32.6713 0
0 0 127 55.1483 0
127 127 127 55.1483 0
127 0 127 55.1485 0
0 127 127 55.1485 0
0 0 0 58.7537 0
0 127 0 58.7537 0
127 0 0 58.7537 0
127 127 0 58.7537 0
64 64 110 34.2477 0
127 83 66 18.4037 0
127 44 66 18.4037 0
0 83 65 18.4037 0
0 44 65 18.4037 0
62 127 48 17.1513 0
69 0 51 17.1513 0
61 0 86 17.1652 0
61 127 86 17.1652 0
90 125 66 15.1356 0
36 3 65 14.159 0
0 63 95 13.7456 0
127 63 95 13.7456 0
34 123 65 13.4405 0
95 6 66 12.1309 0
18 64 30 11.9684 0
110 64 30 11.9684 0
53 50 67 11.1568 0
78 54 67 10.9221 0
54 78 67 10.9217 0
61 21 32 9.9527 0
77 76 66 9.8509 0
105 104 69 9.7838 0
22 24 70 9.2799 0
22 103 70 9.2799 0
71 21 101 8.8025 0
105 25 60 8.7759 0
71 107 101 8.6847 0
22 55 101 8.484 0
125 62 45 8.0993 0
2 62 44 8.0993 0
67 105 34 7.9369 0
106 71 100 7.4761 0
53 23 100 7.5164 0
23 74 100 7.4824 0
105 55 100 7.4761 0
51 102 35 6.9291 0
54 104 99 6.6669 0
42 64 60 6.7195 0
106 31 76 6.6252 0
21 32 55 6.1212 0
116 49 43 6.2827 0
116 78 43 6.2827 0
21 95 54 6.1212 0
106 95 54 6.1212 0
78 28 36 5.9212 0
13 46 87 6.0489 0
13 81 87 6.0489 0
84 11 81 6.0647 0
46 11 48 6.0647 0
41 63 75 5.7109 0
115 79 89 5.9138 0
27 48 36 5.9212 0
29 79 36 5.9212 0
99 49 36 5.9212 0
99 79 36 5.9212 0
11 77 42 5.7899 0
11 50 42 5.7899 0
65 41 57 5.6661 0
66 41 76 5.5787 0
114 47 89 5.5449 0
107 92 80 5.4822 0
19 37 80 5.3472 0
19 90 80 5.3472 0
108 37 51 5.3472 0
29 20 55 5.1857 0
68 86 75 5.2678 0
68 86 57 5.2673 0
53 115 67 5.0568 0
55 12 66 5.0568 0
75 12 71 5.0568 0
71 115 67 5.0568 0
81 115 83 5.0568 0
40 115 82 5.0568 0
41 12 83 5.0568 0
82 115 48 5.0568 0
42 115 48 5.0568 0
83 96 37 4.9133 0
28 105 55 5.0507 0
40 36 37 4.9133 0
47 27 37 4.9133 0
39 91 37 4.9133 0
89 37 37 4.9133 0
98 21 77 4.6818 0
97 108 54 4.8168 0
87 63 56 4.7036 0
87 64 77 4.7029 0
97 83 97 4.4525 0
17 42 48 4.5732 0
17 85 48 4.5732 0
41 34 97 4.4943 0
44 97 97 4.4525 0
84 32 97 4.4525 0
84 96 97 4.4525 0
32 84 97 4.4525 0
32 42 97 4.4525 0
98 44 97 4.4525 0
42 74 78 4.2787 0
79 13 92 4.2642 0
42 53 55 4.2782 0
43 76 55 4.1937 0
76 43 55 4.1937 0
78 16 38 4.162 0
78 111 38 4.162 0
32 17 78 4.079 0
90 13 51 4.0489 0
92 89 38 3.9054 0
108 87 46 3.8354 0
77 43 79 3.6547 0
57 87 54 3.8189 0
108 40 83 3.8354 0
39 91 87 2.1607 0
52 42 53 3.819 0
42 52 80 3.8202 0
29 59 86 1.9754 0
32 109 79 3.575 0
86 73 54 3.778 0
95 109 79 3.575 0
84 77 79 3.6545 0
0
