128
26 0 0 87.5023 0
127 127 127 84.9869 0
0 69 122 53.3587 0
127 65 25 33.3375 0
48 91 61 23.0655 0
101 41 69 20.9513 0
62 55 85 18.8827 0
82 77 45 15.5617 0
4 79 57 11.3408 0
77 57 60 7.9418 0
127 55 66 7.6529 0
74 75 69 7.277 0
38 62 74 7.1365 0
21 74 64 5.9324 0
85 63 75 5.8567 0
102 73 56 5.246 0
97 63 53 4.9707 0
63 68 53 4.4357 0
30 71 70 4.2257 0
63 61 60 3.9496 0
86 72 68 4.0916 0
94 72 63 3.9159 0
26 62 70 3.9079 0
3 63 63 3.3058 0
89 60 57 3.0684 0
114 61 60 3.0278 0
111 71 59 2.9081 0
68 71 60 2.9185 0
45 62 65 2.8986 0
18 62 68 2.9895 0
56 62 64 2.8986 0
30 71 58 2.9081 0
93 68 70 2.7876 0
114 62 67 2.7542 0
77 64 70 2.6292 0
107 63 56 2.552 0
123 65 62 2.298 0
70 65 55 2.4291 0
63 70 68 2.2099 0
48 57 68 2.1377 0
16 70 57 2.0596 0
101 70 64 1.9492 0
50 67 71 2.0082 0
13 63 64 1.8908 0
13 70 67 1.9132 0
106 70 63 1.9002 0
109 63 63 1.8908 0
70 63 66 1.8908 0
84 63 66 1.8908 0
118 58 71 1.8532 0
93 63 64 1.8908 0
39 63 64 1.8917 0
80 70 62 1.9002 0
119 70 60 1.9002 0
32 63 66 1.8908 0
55 63 58 1.8908 0
103 63 60 1.8908 0
5 58 67 1.7678 0
12 59 67 1.7785 0
107 64 69 1.7692 0
100 67 69 1.608 0
21 67 69 1.608 0
52 58 65 1.4354 0
52 66 56 1.3971 0
117 58 65 1.4491 0
5 68 66 1.3309 0
56 67 56 1.3971 0
87 59 63 1.4086 0
46 66 69 1.3933 0
34 69 64 0.9955 0
92 63 69 1.243 0
93 69 57 1.152 0
63 69 63 0.8923 0
85 64 57 1.1441 0
48 62 70 0.9096 0
36 69 57 1.152 0
47 64 60 0.9424 0
121 61 60 1.0709 0
101 64 64 0.9663 0
25 64 64 0.9908 0
87 69 62 0.8923 0
105 64 65 0.8829 0
13 64 68 1.0933 0
103 64 68 1.0933 0
98 64 68 1.0933 0
76 69 60 0.9086 0
110 69 64 0.9794 0
92 64 60 0.962 0
115 69 62 0.8923 0
86 59 67 0.8418 0
24 69 58 0.8923 0
21 64 64 0.8861 0
63 69 60 1.0232 0
97 64 64 0.9578 0
29 64 63 0.8829 0
29 69 64 0.9444 0
10 69 64 0.8923 0
9 69 67 0.9146 0
97 64 60 0.9576 0
68 64 62 0.8829 0
65 64 65 0.8829 0
17 68 68 0.8155 0
84 64 62 0.8829 0
15 69 62 0.8923 0
84 69 62 0.8923 0
50 60 62 0.9094 0
67 69 67 0.9146 0
59 69 67 0.9146 0
12 69 61 0.8923 0
60 69 63 0.8923 0
60 69 59 0.8923 0
81 69 66 0.8923 0
89 69 59 0.8923 0
35 69 60 0.8923 0
96 69 58 0.8923 0
73 69 62 0.8923 0
35 69 67 0.9146 0
43 64 61 0.8829 0
72 69 58 0.8923 0
66 69 64 0.8923 0
119 60 62 0.9094 0
97 69 67 0.9146 0
62 64 65 0.8829 0
34 64 62 0.8829 0
18 64 62 0.8829 0
20 69 58 0.8923 0
26 69 60 0.8923 0
70 64 60 0.8829 0
0
