128
0 127 63 81.6882 0
127 0 124 52.3451 0
127 113 0 59.6633 0
127 113 127 59.6633 0
0 0 127 52.7841 0
0 0 0 52.7874 0
127 0 3 52.3444 0
90 57 64 30.3457 0
64 42 0 21.9749 0
64 42 127 21.9732 0
63 0 44 21.8381 0
63 4 88 19.7198 0
14 28 64 16.5072 0
46 39 59 16.2308 0
95 6 64 14.495 0
35 4 68 13.6668 0
64 76 114 13.2612 0
52 50 88 13.1365 0
65 76 15 12.5881 0
32 58 122 12.5514 0
32 58 5 12.5491 0
51 53 35 10.8325 0
28 41 86 10.2116 0
28 42 39 9.4369 0
74 25 26 9.3516 0
53 25 25 9.1443 0
93 53 116 9.1559 0
93 53 11 9.1548 0
64 69 92 7.9245 0
76 28 102 8.0092 0
53 27 102 7.7273 0
66 68 35 7.6817 0
107 53 29 7.7312 0
80 70 100 7.5071 0
107 54 99 7.4412 0
81 69 28 7.3694 0
64 40 40 7.1916 0
63 34 79 6.9957 0
36 13 48 6.8198 0
107 23 56 6.6866 0
107 23 72 6.6866 0
87 17 82 6.488 0
71 54 31 6.5018 0
87 17 45 6.4876 0
23 50 102 6.1601 0
71 56 97 6.0571 0
23 50 25 6.1601 0
86 40 108 6.0819 0
86 40 19 6.0811 0
49 65 12 5.8442 0
82 65 13 5.6887 0
82 65 114 5.6886 0
40 43 16 5.7734 0
40 43 111 5.7723 0
43 33 82 5.5909 0
35 53 98 5.6561 0
75 14 66 5.4988 0
66 29 65 5.5334 0
43 21 92 5.457 0
52 66 100 5.3909 0
66 31 51 5.302 0
44 20 37 5.2751 0
70 42 91 5.3408 0
47 66 114 5.1914 0
35 54 28 4.9685 0
93 63 28 4.7436 0
36 17 84 4.7923 0
34 28 74 4.6407 0
43 38 37 4.5353 0
53 14 67 4.4565 0
51 67 25 4.3546 0
80 23 90 4.3801 0
83 54 29 4.3887 0
42 34 104 4.2617 0
75 43 34 4.1631 0
83 57 99 4.1951 0
25 27 45 4.1849 0
41 34 23 4.2211 0
92 65 100 4.0515 0
86 25 35 4.108 0
42 61 101 3.9661 0
98 19 49 3.7928 0
103 42 34 3.891 0
103 43 94 3.7577 0
52 29 77 3.7443 0
104 30 46 3.8443 0
78 47 96 3.6567 0
93 53 29 3.7406 0
98 19 78 3.7938 0
78 22 40 3.6111 0
73 33 44 3.6713 0
92 56 99 3.6831 0
26 18 79 3.5949 0
87 33 27 3.5887 0
82 17 55 3.5224 0
64 33 101 3.4003 0
46 55 112 3.3829 0
46 55 15 3.3796 0
44 15 56 3.4478 0
73 34 85 3.4024 0
52 37 37 3.4375 0
44 17 79 3.3745 0
48 39 21 3.4056 0
30 46 110 3.3559 0
30 46 17 3.3542 0
88 26 92 3.3838 0
26 18 50 3.3015 0
26 27 82 3.2386 0
58 27 71 3.2018 0
83 45 32 3.3168 0
38 45 30 3.2927 0
63 25 35 3.0628 0
31 27 51 3.2187 0
73 29 76 3.0692 0
65 16 67 3.0512 0
35 31 43 3.1944 0
41 27 31 3.0242 0
43 63 25 3.0313 0
103 32 84 3.0103 0
79 18 75 3.0146 0
96 49 97 3.0216 0
81 53 110 2.9095 0
81 53 17 2.9086 0
88 34 100 2.9724 0
79 37 38 2.9609 0
86 48 97 2.9383 0
65 35 25 2.9707 0
48 40 106 2.9034 0
0
