128
127 0 67 66.7869 0
0 127 0 57.8381 0
0 0 127 72.2481 0
127 127 127 68.5235 0
127 125 0 57.2139 0
0 127 120 53.7781 0
0 7 0 53.7776 0
64 108 56 27.2707 0
13 64 54 24.6986 0
74 28 0 21.6473 0
65 76 0 20.2603 0
80 50 123 20.2645 0
54 79 124 17.2367 0
47 26 54 17.1722 0
103 55 7 15.9926 0
105 83 57 15.7218 0
56 82 88 13.5608 0
55 46 78 13.0484 0
34 65 11 12.3115 0
55 50 37 11.8009 0
83 79 77 11.5323 0
26 73 88 11.5962 0
85 79 37 11.5323 0
27 96 67 11.5398 0
53 78 35 9.9361 0
63 28 31 9.5266 0
62 101 18 9.5764 0
49 48 11 9.1737 0
112 69 36 9.0162 0
58 53 101 8.7773 0
82 53 34 8.7773 0
81 54 94 7.7695 0
59 54 57 7.7695 0
30 73 108 7.724 0
50 76 67 7.5135 0
79 75 57 7.5008 0
42 99 83 7.2145 0
52 96 105 7.1208 0
76 76 95 6.9124 0
31 93 48 6.7511 0
31 75 29 6.5568 0
31 53 27 6.5572 0
66 74 69 6.493 0
68 74 45 6.493 0
79 55 52 6.5557 0
33 42 67 6.3932 0
49 76 52 6.5057 0
78 54 14 6.15 0
106 73 78 6.3183 0
90 74 14 6.2262 0
103 57 108 6.1355 0
68 85 105 6.0798 0
80 56 79 5.7537 0
68 85 31 5.9046 0
32 56 80 5.549 0
79 56 66 5.7537 0
97 56 29 5.7537 0
47 33 30 5.5233 0
65 40 62 5.6352 0
100 73 26 5.4851 0
32 39 40 5.5877 0
61 73 57 5.4851 0
76 97 26 5.36 0
49 96 28 5.2823 0
43 81 15 5.2385 0
75 75 112 5.1422 0
63 53 15 5.1422 0
73 46 85 5.0224 0
53 31 18 4.8723 0
70 73 30 4.8967 0
78 39 30 4.8967 0
66 36 45 4.7751 0
49 60 111 4.6395 0
93 57 101 4.7458 0
33 79 73 4.5411 0
97 72 87 4.4772 0
47 57 91 4.4899 0
33 84 37 4.5411 0
88 72 94 4.4772 0
33 90 82 4.5411 0
47 54 63 4.4899 0
47 50 53 4.4899 0
92 39 17 4.2227 0
82 65 16 4.1343 0
40 65 111 4.1343 0
39 96 39 4.1909 0
50 92 16 4.181 0
51 62 16 4.1343 0
107 62 98 3.7791 0
59 91 29 3.8888 0
107 68 88 3.8775 0
63 58 89 3.738 0
89 58 47 3.738 0
94 58 39 3.738 0
89 58 85 3.738 0
44 95 96 3.675 0
34 85 96 3.5332 0
93 47 25 3.549 0
64 58 68 3.4832 0
76 46 44 3.5321 0
89 71 64 3.4693 0
34 69 74 3.5332 0
34 51 38 3.5332 0
34 44 49 3.5332 0
34 64 99 3.5332 0
46 86 73 3.482 0
64 42 52 3.5721 0
34 59 90 3.5332 0
34 63 31 3.5332 0
34 84 58 3.5332 0
75 93 17 3.4913 0
46 91 36 3.482 0
36 46 77 3.4306 0
46 58 49 3.482 0
90 71 50 3.4693 0
71 71 84 3.4693 0
95 71 70 3.4693 0
99 71 39 3.4693 0
69 50 94 3.3444 0
38 48 19 3.4077 0
37 83 110 3.2643 0
71 44 71 3.2804 0
61 43 17 3.1264 0
46 71 99 2.8809 0
84 45 17 3.1264 0
67 69 110 3.1264 0
63 62 110 3.1323 0
84 82 17 3.1264 0
0
