128
0 0 127 77.5582 0
127 127 0 67.6879 0
127 59 127 61.2781 0
0 46 0 56.2623 0
127 0 0 55.0123 0
16 127 127 49.4441 0
29 127 40 36.5407 0
78 117 81 26.4619 0
60 13 44 23.98 0
96 1 73 22.2263 0
0 82 70 20.9902 0
76 55 12 19.6123 0
116 56 48 17.385 0
84 68 45 15.617 0
53 76 109 14.9185 0
59 84 19 13.4939 0
39 70 81 13.3002 0
97 86 64 12.2815 0
40 43 57 12.2344 0
41 72 49 11.4926 0
114 28 60 11.3707 0
74 42 79 11.0714 0
74 73 79 10.5765 0
43 101 78 10.3359 0
69 101 47 10.3359 0
92 26 50 9.6119 0
25 64 62 9.5391 0
62 54 96 9.0442 0
73 22 84 8.2028 0
102 53 26 7.6025 0
21 76 92 7.5935 0
55 98 63 7.3123 0
25 98 74 7.3123 0
70 91 103 7.1251 0
70 50 53 7.0092 0
84 32 34 7.0398 0
56 97 98 6.7659 0
46 50 75 6.4532 0
83 58 74 6.2451 0
69 52 38 6.0781 0
92 48 55 5.5965 0
100 66 64 5.9293 0
60 37 24 5.8788 0
47 55 43 5.4454 0
20 78 51 5.663 0
34 79 99 5.6594 0
44 78 32 5.6026 0
70 78 95 5.5372 0
54 66 27 5.4309 0
85 96 53 5.418 0
68 58 74 5.258 0
91 40 73 5.2372 0
63 18 74 5.0697 0
82 24 64 5.1075 0
87 26 83 5.0268 0
73 20 70 4.8085 0
76 82 28 4.8159 0
67 70 31 4.6158 0
16 87 45 4.7704 0
91 51 34 4.7647 0
68 77 56 4.5886 0
56 50 27 4.4855 0
68 79 36 4.5293 0
72 35 28 4.4934 0
105 33 46 4.517 0
48 41 41 4.4375 0
69 95 32 4.371 0
43 89 28 4.4231 0
48 30 66 4.4375 0
56 95 35 4.2887 0
49 57 90 4.3658 0
91 71 72 4.2658 0
45 95 93 4.2887 0
67 62 56 4.2501 0
66 68 93 3.9677 0
38 57 68 4.0904 0
59 42 87 4.0038 0
92 49 44 3.9349 0
88 83 79 3.8329 0
80 50 36 3.8902 0
17 88 89 3.7625 0
82 47 52 3.8245 0
67 80 46 3.5214 0
88 88 47 3.7164 0
26 80 72 3.5214 0
49 63 36 3.4296 0
47 59 57 3.5808 0
63 31 83 3.5356 0
97 35 38 3.6366 0
24 80 80 3.5214 0
49 39 71 3.4296 0
107 42 63 3.563 0
28 80 44 3.5214 0
29 80 56 3.5214 0
80 34 45 3.3477 0
20 94 84 3.4786 0
89 39 26 3.3382 0
55 94 44 3.2808 0
32 94 65 3.2808 0
57 94 80 3.2808 0
93 26 64 3.4002 0
51 94 51 3.2808 0
66 61 84 3.2422 0
66 63 37 3.2422 0
66 94 61 3.2808 0
51 65 93 3.3533 0
93 52 71 3.2214 0
32 94 85 3.2808 0
74 94 59 3.2808 0
43 94 65 3.2808 0
52 94 88 3.2808 0
22 94 63 3.2808 0
86 48 71 3.2214 0
66 58 46 3.2422 0
93 62 71 3.2214 0
102 56 65 3.2035 0
80 30 57 3.1896 0
78 48 45 3.128 0
40 88 99 3.0559 0
38 59 60 2.9094 0
99 49 37 2.9736 0
50 38 33 2.8141 0
105 49 66 2.7362 0
80 53 58 2.5729 0
53 49 88 2.8565 0
18 91 55 2.8416 0
74 36 37 2.7526 0
55 22 71 2.6099 0
0
