128
96 127 0 75.0524 0
0 0 0 83.1053 0
127 0 127 67.6864 0
0 127 127 72.9147 0
113 107 113 39.8325 0
28 24 113 33.6684 0
106 28 35 29.3424 0
67 63 113 19.1575 0
23 88 47 17.6499 0
64 28 74 17.5612 0
69 95 82 13.9441 0
20 57 78 13.833 0
70 51 46 13.7681 0
127 66 79 12.7052 0
127 62 52 12.7035 0
48 69 47 11.9859 0
47 92 65 10.9605 0
0 75 59 10.2976 0
39 43 74 8.9803 0
125 87 69 8.6373 0
89 37 69 8.108 0
41 62 99 7.7594 0
125 44 64 7.7253 0
93 60 51 7.632 0
32 78 70 7.568 0
73 44 93 7.5145 0
93 64 103 6.9798 0
89 89 74 6.85 0
78 80 95 6.4498 0
59 80 94 6.3875 0
66 72 53 5.9986 0
107 64 54 5.8752 0
59 48 93 5.8124 0
44 80 80 5.5132 0
38 54 87 5.4629 0
108 88 71 5.4122 0
35 69 85 5.3533 0
113 65 93 5.2271 0
85 47 59 5.3258 0
64 64 75 0.2798 0
3 60 67 5.1245 0
54 43 57 5.0842 0
83 41 84 5.0626 0
71 84 65 4.9429 0
19 72 65 5.0381 0
83 52 97 4.7994 0
31 67 54 4.6712 0
114 79 77 4.5593 0
49 52 54 4.5758 0
81 69 54 4.5864 0
105 39 69 4.5252 0
97 68 72 0.2595 0
39 57 56 4.3485 0
61 85 59 4.3722 0
121 78 59 4.3382 0
116 52 77 4.1442 0
84 84 86 3.8741 0
15 68 55 3.7151 0
75 45 64 3.7021 0
38 76 59 3.6493 0
87 73 97 3.5704 0
54 57 70 0.6477 0
81 83 66 3.5212 0
46 75 92 3.6543 0
99 55 74 0.0257 0
54 70 70 0.6477 0
55 84 76 3.6404 0
51 90 81 3.6362 0
76 76 58 3.5992 0
47 47 89 3.3944 0
35 50 63 3.3098 0
61 86 68 3.3389 0
45 43 62 3.3663 0
104 66 98 3.2031 0
121 55 67 3.3554 0
114 40 67 3.3055 0
49 62 62 3.1833 0
90 71 56 3.2828 0
49 73 101 3.1266 0
56 82 84 3.137 0
114 57 85 3.1529 0
56 57 56 3.106 0
11 67 66 3.0594 0
47 40 84 2.9238 0
56 60 80 0.2725 0
109 46 75 2.9632 0
52 46 73 2.9063 0
49 53 101 2.8984 0
99 85 73 2.8752 0
67 57 69 0.3462 0
55 45 84 2.7407 0
90 57 70 0.1144 0
91 42 80 2.8163 0
57 37 93 2.8429 0
44 62 76 0.6637 0
92 55 97 2.7706 0
69 79 90 2.7611 0
103 55 56 2.5982 0
66 61 84 0.2265 0
47 53 93 2.7712 0
47 49 82 2.765 0
120 71 64 2.7235 0
98 71 56 2.5601 0
99 42 74 2.7026 0
85 77 60 2.6912 0
112 72 87 2.7109 0
57 70 80 0.3114 0
108 60 69 0.2297 0
65 73 73 0.2725 0
79 43 71 2.6451 0
112 56 56 2.618 0
112 72 56 2.618 0
58 78 56 2.5712 0
60 64 56 2.56 0
83 58 56 2.5952 0
51 43 66 2.534 0
73 66 56 2.56 0
54 71 96 2.5242 0
23 67 56 2.5633 0
50 78 73 2.3859 0
115 63 68 2.3892 0
44 79 71 2.541 0
88 46 89 2.5139 0
91 84 83 2.47 0
89 72 70 0.1421 0
106 69 72 0.1438 0
48 82 88 2.4231 0
99 61 67 0.1356 0
0
