128
0 0 127 95.6941 0
0 127 0 75.9094 0
127 127 127 59.0357 0
127 0 0 56.2504 0
127 111 16 51.8895 0
34 9 0 34.9268 0
112 48 77 34.3278 0
42 116 98 29.8266 0
70 94 60 20.7385 0
65 54 0 16.9919 0
83 14 55 13.8906 0
23 46 30 12.1968 0
66 0 35 12.1265 0
83 84 89 11.5523 0
68 63 71 11.0181 0
92 58 10 10.8401 0
8 96 81 9.9667 0
71 86 29 9.5227 0
73 80 8 9.2484 0
107 54 33 8.7405 0
53 78 80 8.6248 0
99 99 70 8.3856 0
39 52 12 8.3005 0
65 54 40 1.6526 0
41 93 67 7.7214 0
70 31 11 7.4558 0
71 44 65 7.2993 0
70 17 25 6.8699 0
83 77 38 6.7749 0
37 57 49 6.7284 0
91 31 44 6.4758 0
120 89 71 6.4719 0
21 59 45 6.4601 0
96 43 38 6.154 0
52 79 44 5.9304 0
51 14 39 5.8951 0
36 32 36 5.6687 0
92 65 27 5.5403 0
72 31 60 5.5957 0
58 70 55 5.5432 0
82 42 12 5.4088 0
11 84 70 4.9419 0
27 96 71 5.0635 0
45 84 54 4.8716 0
96 49 24 4.7772 0
39 65 59 4.8431 0
28 65 54 4.8909 0
84 73 25 4.853 0
36 58 25 4.749 0
78 15 36 4.7012 0
71 67 55 4.6849 0
96 88 59 4.5717 0
55 73 66 4.5901 0
101 86 83 4.6144 0
45 24 39 4.463 0
58 79 33 4.3686 0
18 69 55 4.4065 0
35 46 43 4.4544 0
91 82 50 4.4161 0
22 89 84 4.3081 0
31 71 62 4.1422 0
59 51 63 4.19 0
59 16 31 3.9785 0
84 72 15 4.0921 0
14 77 63 3.9717 0
60 72 13 3.7566 0
84 24 37 3.9 0
41 84 84 3.9995 0
80 73 75 3.9713 0
49 63 13 3.7566 0
96 56 42 3.9224 0
83 33 55 3.8691 0
50 44 13 3.7566 0
33 76 70 3.8076 0
94 96 82 3.7944 0
28 84 79 3.6791 0
65 54 26 1.6526 0
59 37 13 3.7576 0
76 27 21 3.6855 0
64 79 40 3.6786 0
38 42 22 3.5832 0
22 81 72 3.6375 0
111 87 78 3.6149 0
90 91 76 3.5419 0
46 54 56 3.5909 0
40 70 67 3.584 0
25 76 66 3.5667 0
88 58 48 3.5073 0
52 66 72 3.3743 0
65 7 50 3.4291 0
48 83 66 3.3065 0
106 90 64 3.2885 0
18 86 77 3.2929 0
47 73 37 3.1409 0
92 71 35 3.1529 0
66 25 55 3.2489 0
111 95 72 3.1479 0
78 65 14 2.7487 0
63 25 21 3.1055 0
72 77 41 2.9085 0
89 43 19 3.1023 0
80 34 18 2.9462 0
110 64 42 3.0031 0
60 61 58 3.0276 0
37 78 77 3.0058 0
50 79 60 2.9353 0
58 9 46 2.8173 0
76 73 48 2.8046 0
78 77 20 2.8842 0
36 86 59 2.8028 0
30 57 40 2.7451 0
72 68 14 2.7487 0
80 41 57 2.694 0
30 90 65 2.754 0
64 83 18 2.7667 0
93 75 42 2.5884 0
99 64 33 2.6911 0
42 89 78 2.6592 0
90 41 46 2.6394 0
79 48 58 2.6247 0
93 40 29 2.6265 0
63 38 60 2.58 0
79 21 30 2.5522 0
51 74 31 2.5138 0
60 80 24 2.4826 0
82 52 54 2.6052 0
42 62 19 2.5496 0
44 48 52 2.5969 0
0
