128
127 62 0 86.4608 0
0 0 127 87.3917 0
0 127 11 55.5736 0
127 127 127 53.5724 0
127 29 127 41.6618 0
0 25 0 40.785 0
35 123 102 40.7349 0
81 70 125 18.4037 0
62 127 50 16.5003 0
23 80 62 16.3292 0
94 8 82 16.0802 0
44 10 33 15.1796 0
85 125 72 14.1544 0
15 57 43 13.5557 0
81 78 87 12.2292 0
106 70 97 11.9248 0
70 58 80 10.5148 0
60 77 104 10.3296 0
30 66 13 9.8795 0
89 55 90 10.0056 0
63 77 72 9.6922 0
74 11 64 9.3529 0
42 77 81 9.1837 0
74 95 74 8.9138 0
56 57 65 8.8997 0
39 100 56 8.5993 0
76 94 109 8.5778 0
30 31 40 7.944 0
94 96 83 8.1066 0
46 53 50 7.9825 0
61 13 50 7.9876 0
87 28 96 7.781 0
83 46 109 7.6765 0
52 75 57 7.598 0
39 55 35 7.3946 0
79 41 79 7.3325 0
62 92 62 6.9922 0
65 43 69 6.9802 0
44 68 45 6.9375 0
81 111 89 6.528 0
55 42 57 6.4645 0
35 51 21 6.2582 0
99 40 87 6.1438 0
44 41 38 6.1458 0
22 71 29 6.1353 0
39 69 31 5.9342 0
52 108 60 5.7836 0
71 58 105 5.8263 0
42 30 23 5.5016 0
49 108 46 5.6562 0
30 57 58 5.5155 0
43 89 69 5.5437 0
26 78 39 5.415 0
52 69 90 5.37 0
55 111 35 5.3366 0
87 104 73 5.2517 0
49 83 46 5.2616 0
38 65 70 5.1555 0
97 86 95 5.0674 0
49 22 50 5.083 0
29 43 48 4.932 0
68 114 70 5.0152 0
76 21 77 4.8711 0
52 35 47 4.7125 0
102 29 83 4.7758 0
55 83 89 4.7843 0
88 86 108 4.7085 0
55 91 51 4.6577 0
21 59 24 4.688 0
38 78 19 4.7152 0
39 41 27 4.5955 0
70 102 61 4.618 0
90 34 80 4.6114 0
73 33 69 4.5295 0
43 78 37 4.4365 0
81 102 97 4.4496 0
25 43 35 4.2935 0
80 39 98 4.2298 0
63 33 59 4.2648 0
91 109 82 4.2598 0
35 91 46 4.1647 0
67 90 98 4.0833 0
61 63 97 4.0404 0
63 20 61 4.0874 0
80 26 85 3.9404 0
40 28 48 3.9955 0
89 68 100 3.8051 0
75 81 105 3.9605 0
99 78 111 3.9439 0
76 63 94 3.9074 0
45 64 57 3.788 0
78 114 57 3.7923 0
79 95 87 3.7692 0
74 111 80 3.7623 0
93 57 110 3.7579 0
65 72 86 3.6978 0
66 86 83 3.7195 0
36 36 50 3.699 0
80 106 65 3.515 0
74 48 100 3.5862 0
63 100 53 3.5507 0
49 99 65 3.5577 0
42 80 28 3.5535 0
48 31 33 3.5838 0
84 30 74 3.439 0
57 65 77 3.5323 0
90 40 101 3.4706 0
46 64 79 3.3479 0
56 23 57 3.3454 0
50 88 77 3.1909 0
73 98 96 3.3212 0
99 63 111 3.1925 0
47 86 36 3.3342 0
60 111 66 3.36 0
59 30 51 3.2408 0
51 69 68 3.1463 0
33 61 26 3.1674 0
91 76 100 3.197 0
88 39 87 3.1751 0
69 23 71 3.0605 0
24 50 29 3.0095 0
33 48 55 2.8961 0
99 53 100 3.0429 0
45 41 49 2.9666 0
32 85 41 3.0063 0
42 86 21 2.9652 0
61 91 73 2.8521 0
73 71 104 2.8952 0
0
