128
127 0 127 64.9887 0
6 122 6 55.2161 0
0 0 0 64.9887 0
127 127 0 64.9887 0
0 127 127 64.9887 0
121 122 121 55.2161 0
121 5 6 55.2161 0
6 5 121 55.2161 0
107 64 64 25.3487 0
20 64 63 25.3487 0
65 64 107 24.8437 0
63 63 20 24.8437 0
80 127 64 12.7278 0
47 0 64 12.7278 0
80 0 63 12.7278 0
47 127 62 12.7278 0
63 30 92 11.288 0
63 92 61 4.4146 0
62 98 92 10.8103 0
63 97 34 10.6755 0
63 28 34 10.6677 0
63 127 41 9.891 0
63 0 86 9.891 0
65 127 86 9.891 0
65 0 41 9.891 0
29 99 63 8.8383 0
98 28 63 8.8383 0
98 99 64 8.8383 0
29 28 64 8.8383 0
65 35 61 3.5418 0
38 51 89 7.7251 0
89 51 38 7.7251 0
64 90 74 7.7508 0
39 75 89 7.5482 0
63 36 73 7.3843 0
88 76 38 7.3279 0
39 77 38 7.1345 0
39 49 38 6.9702 0
88 49 89 6.9702 0
78 88 89 6.6362 0
78 38 38 6.6362 0
89 78 88 6.3594 0
64 63 61 1.3243 0
78 88 39 5.6284 0
47 88 88 5.6284 0
50 40 39 5.6284 0
48 40 88 5.6284 0
47 64 81 5.7759 0
49 87 39 5.6284 0
79 37 88 5.6284 0
38 111 68 5.5706 0
60 35 52 5.393 0
79 64 47 5.2703 0
79 63 79 5.2703 0
48 64 48 5.2703 0
59 91 51 5.0483 0
89 17 69 4.9452 0
89 110 58 4.9452 0
38 17 58 4.9452 0
89 110 70 4.9452 0
33 36 52 4.9123 0
38 17 69 4.9452 0
89 17 58 4.9452 0
56 111 40 4.6205 0
56 15 87 4.6205 0
71 111 87 4.6205 0
57 113 87 4.6205 0
71 15 40 4.6205 0
33 90 52 4.6207 0
57 14 40 4.6205 0
67 112 40 4.6205 0
94 41 47 4.6035 0
33 41 80 4.6035 0
69 15 87 4.6205 0
94 40 79 4.4983 0
33 87 79 4.4983 0
94 87 48 4.4983 0
38 109 56 4.4257 0
50 63 70 4.447 0
94 89 77 4.2877 0
76 64 59 4.0369 0
51 64 59 4.0369 0
75 7 79 4.2326 0
52 7 48 4.2326 0
52 120 78 4.2326 0
75 120 48 4.2326 0
76 64 69 4.0369 0
57 84 86 3.9931 0
64 5 57 4.0032 0
63 122 56 4.0032 0
51 8 80 3.722 0
64 122 72 4.0032 0
64 5 72 4.0032 0
51 119 46 3.722 0
76 8 47 3.722 0
76 119 80 3.722 0
77 100 86 3.6126 0
77 100 41 3.6126 0
45 92 52 2.312 0
65 42 41 3.6126 0
71 44 86 3.6353 0
49 99 41 3.6126 0
77 26 41 3.6126 0
49 28 41 3.6126 0
67 84 41 3.6126 0
60 44 85 3.5557 0
45 115 75 3.416 0
34 95 75 3.3546 0
93 95 52 3.3546 0
93 32 75 3.3546 0
34 39 71 3.3906 0
93 39 56 3.3906 0
69 83 85 3.2928 0
93 38 70 3.2854 0
93 33 51 3.2494 0
34 33 76 3.2494 0
83 13 52 3.1926 0
44 35 52 2.312 0
44 13 52 3.1926 0
83 114 52 3.1926 0
83 13 75 3.1926 0
83 114 76 3.1926 0
44 13 76 3.1926 0
44 114 51 3.1926 0
72 36 81 3.0914 0
48 29 85 2.6047 0
64 121 64 2.9953 0
65 64 72 1.3243 0
0
