128
127 0 66 88.2212 0
0 127 127 81.1743 0
93 127 0 57.8399 0
0 33 0 57.6184 0
40 87 42 19.1826 0
34 54 66 18.3074 0
51 42 127 16.8539 0
80 71 127 15.3551 0
65 84 68 14.4674 0
43 48 98 12.2066 0
68 47 0 10.3294 0
72 78 95 10.3825 0
69 77 42 9.9479 0
47 79 15 8.2677 0
81 61 4 7.7423 0
53 73 0 7.6749 0
45 60 40 7.2094 0
46 65 85 5.6827 0
67 64 2 5.6588 0
62 48 16 5.6189 0
52 49 35 5.4435 0
48 74 76 5.3791 0
71 67 29 5.365 0
70 64 106 5.3548 0
53 59 111 5.0866 0
47 67 28 5.2047 0
58 76 86 4.7283 0
64 67 86 4.8546 0
57 78 25 4.8426 0
79 65 17 4.6096 0
71 53 120 4.5882 0
50 51 48 4.5605 0
59 63 125 4.3967 0
49 74 62 4.3171 0
51 52 83 4.1702 0
55 50 25 3.9937 0
59 49 107 3.8432 0
69 75 110 3.7317 0
51 64 97 3.6962 0
66 64 96 3.8191 0
58 58 4 3.643 0
49 66 50 3.6017 0
65 69 56 3.6791 0
66 76 24 3.3199 0
66 64 37 3.2114 0
63 66 76 3.2123 0
65 50 113 3.1457 0
49 66 18 3.1185 0
69 56 112 2.9466 0
61 76 14 2.9165 0
55 75 55 2.8551 0
58 70 96 2.0243 0
71 52 13 2.8181 0
77 72 23 2.8093 0
58 57 96 1.9997 0
66 59 30 2.6168 0
50 67 11 2.6212 0
50 59 25 2.5939 0
64 73 5 2.6355 0
77 57 14 2.5939 0
57 64 117 2.583 0
63 66 68 2.5937 0
64 57 122 2.5845 0
64 73 30 2.5537 0
62 68 111 1.829 0
54 64 104 2.4252 0
50 67 57 2.3754 0
50 59 51 2.3585 0
51 60 91 2.2674 0
64 65 50 2.2068 0
51 70 91 2.2674 0
69 62 115 2.2322 0
62 52 28 2.2007 0
57 75 33 2.0888 0
62 59 111 1.8528 0
61 73 52 2.1812 0
63 66 62 2.1298 0
62 70 122 2.1337 0
56 53 89 2.0449 0
50 59 31 2.0963 0
50 60 79 2.0825 0
54 58 102 1.9489 0
53 53 56 1.9092 0
52 64 6 1.8849 0
51 69 68 1.586 0
58 50 100 1.8892 0
64 63 45 1.8202 0
66 57 104 1.9138 0
51 72 84 1.8635 0
62 60 89 1.8423 0
76 53 9 1.8379 0
58 52 7 1.8477 0
57 67 112 1.801 0
66 54 25 1.7493 0
61 71 80 1.7316 0
68 68 113 1.7292 0
74 69 6 1.6284 0
63 58 95 1.702 0
63 76 105 1.7376 0
61 61 82 1.6664 0
55 54 105 1.684 0
51 64 76 1.586 0
51 73 24 1.5714 0
51 68 38 1.586 0
57 74 49 1.6055 0
70 71 6 1.6273 0
66 72 105 1.6756 0
58 66 6 1.6273 0
76 63 24 1.6394 0
58 58 117 1.6037 0
51 62 56 1.586 0
51 66 62 1.586 0
51 62 14 1.6468 0
57 75 18 1.6 0
51 68 43 1.586 0
65 68 101 1.6488 0
76 68 11 1.586 0
56 75 10 1.5636 0
55 53 43 1.5542 0
51 71 54 1.586 0
66 75 18 1.5636 0
60 75 8 1.5667 0
72 74 22 1.5855 0
54 54 74 1.4156 0
51 70 34 1.586 0
68 52 20 1.5636 0
56 52 12 1.5636 0
69 73 13 1.5433 0
0
