128
127 62 127 67.294 0
0 42 0 67.294 0
127 127 0 67.0357 0
0 127 127 67.0357 0
127 0 12 59.2827 0
12 0 127 59.2799 0
35 127 27 27.3705 0
93 127 82 17.7244 0
80 61 27 17.3147 0
27 60 80 17.1152 0
82 0 91 16.3353 0
61 89 30 13.7092 0
27 97 56 13.605 0
64 0 63 12.4445 0
64 127 64 12.4445 0
51 72 96 12.4525 0
97 69 52 12.5603 0
63 36 63 7.7782 0
59 0 37 12.1183 0
37 0 58 11.881 0
71 109 95 11.3354 0
64 84 66 6.3696 0
52 48 94 10.3483 0
95 46 55 9.7089 0
96 92 62 9.6019 0
68 24 93 9.3872 0
71 35 34 9.3197 0
96 14 73 9.1934 0
33 35 71 8.4389 0
59 92 92 8.387 0
41 125 63 7.9159 0
64 99 63 7.7782 0
35 85 74 7.4561 0
94 30 65 7.5972 0
34 76 58 7.0163 0
62 123 84 6.9254 0
42 88 43 6.796 0
83 82 41 6.7682 0
31 18 65 6.7809 0
85 3 66 6.7136 0
65 109 38 6.6382 0
65 19 38 6.6382 0
63 20 66 6.3696 0
66 123 43 6.4088 0
84 41 43 6.047 0
93 103 75 6.0564 0
67 41 89 5.6787 0
59 4 81 5.5313 0
42 41 82 5.4472 0
83 123 59 5.427 0
64 45 76 4.6854 0
45 87 85 5.3579 0
61 70 38 5.2882 0
55 32 89 5.2882 0
64 60 89 5.2882 0
94 111 64 5.1764 0
63 83 50 4.6854 0
64 98 78 4.6854 0
63 25 53 4.6854 0
63 41 47 4.6854 0
63 33 80 4.6854 0
64 85 79 4.6854 0
63 14 50 4.6854 0
64 48 39 4.9116 0
66 79 88 4.9116 0
63 114 51 4.6854 0
64 103 49 4.6854 0
64 18 78 4.6854 0
85 105 85 4.6413 0
64 112 78 4.6854 0
87 91 49 4.6863 0
49 5 72 4.4121 0
36 48 63 4.4848 0
48 99 41 4.2443 0
74 5 49 4.4121 0
50 122 74 4.4121 0
46 9 46 4.2421 0
59 59 39 4.2803 0
73 91 88 4.2803 0
38 98 72 3.9576 0
77 93 40 4.0581 0
87 21 82 4.1161 0
37 114 57 4.1117 0
88 33 52 4.0473 0
50 76 40 4.0581 0
43 77 81 4.0238 0
37 62 59 3.9038 0
90 79 67 3.7985 0
87 29 76 3.6784 0
36 113 66 3.89 0
65 93 49 3.6775 0
61 13 86 3.7059 0
90 56 65 3.5878 0
62 29 43 3.7441 0
87 94 76 3.6784 0
62 46 55 3.6775 0
85 55 48 3.4572 0
42 76 48 3.4572 0
80 26 86 3.6241 0
79 97 85 3.5806 0
61 110 68 3.5309 0
50 121 55 3.4042 0
52 6 52 3.4042 0
60 111 60 3.5021 0
42 30 79 3.4572 0
79 6 57 3.4042 0
72 121 78 3.4042 0
41 9 71 3.4034 0
74 121 50 3.4042 0
58 104 87 3.2752 0
37 27 60 3.1893 0
68 51 87 3.2724 0
72 100 40 3.2724 0
89 41 70 3.3347 0
73 77 40 3.2724 0
67 69 87 3.2724 0
54 17 40 3.2724 0
68 111 61 3.3058 0
55 105 40 3.2724 0
82 31 45 3.2002 0
67 47 66 3.0445 0
88 83 55 2.9991 0
38 75 69 3.0353 0
59 47 65 3.0445 0
88 100 53 3.0422 0
42 94 78 2.9406 0
49 59 85 2.9882 0
88 87 72 2.9991 0
0
