128
0 0 127 85.9168 0
127 127 3 61.9659 0
127 83 127 64.4126 0
0 127 0 63.6279 0
127 0 0 63.6279 0
26 127 123 42.7526 0
25 24 5 39.782 0
29 87 70 20.8699 0
65 72 15 20.6849 0
93 22 75 20.5606 0
97 64 48 19.862 0
85 127 71 16.8968 0
46 127 67 15.3821 0
60 0 44 15.0478 0
35 57 49 14.8226 0
61 71 84 13.9072 0
88 95 59 12.3928 0
63 124 44 11.7832 0
74 48 81 10.9176 0
67 91 68 9.7552 0
70 40 26 9.5982 0
57 92 96 9.5661 0
70 121 94 9.2468 0
41 76 34 8.996 0
63 101 27 8.5904 0
85 34 49 7.7928 0
44 30 49 7.2882 0
69 12 62 7.1758 0
64 96 51 6.9042 0
67 33 70 6.9446 0
43 91 45 6.7596 0
84 77 69 6.7596 0
43 61 70 6.7657 0
43 107 55 6.7596 0
83 63 73 6.5789 0
66 23 29 6.5804 0
83 83 34 6.0747 0
83 46 65 6.1985 0
80 10 53 6.0227 0
64 118 78 5.8707 0
83 45 35 5.8356 0
44 109 80 5.7518 0
44 16 47 5.7518 0
68 95 84 5.7237 0
49 55 30 5.6867 0
63 107 97 5.5667 0
62 71 51 0.9766 0
58 43 69 5.4194 0
79 117 51 5.18 0
65 117 61 4.7281 0
45 76 49 4.7439 0
66 28 49 1.7548 0
78 96 78 4.8549 0
53 55 75 4.8364 0
82 93 41 4.7439 0
78 55 31 4.7021 0
45 99 88 4.7439 0
60 38 44 2.2266 0
54 117 84 4.7281 0
45 42 59 4.7439 0
49 88 31 4.7021 0
76 92 31 4.5589 0
58 48 31 4.5589 0
65 58 58 0.7617 0
72 87 54 4.222 0
62 102 77 4.1593 0
46 42 41 3.736 0
49 116 50 3.8909 0
46 50 66 3.736 0
60 27 57 2.2266 0
68 113 32 3.724 0
81 83 45 3.736 0
81 22 46 3.736 0
46 71 59 3.736 0
81 45 54 3.736 0
59 113 32 3.724 0
81 104 46 3.736 0
81 106 75 3.736 0
46 106 67 3.736 0
60 32 33 3.5859 0
68 53 32 3.551 0
51 87 83 3.5915 0
60 39 57 2.2266 0
63 22 65 3.3508 0
63 85 55 3.3605 0
68 45 67 3.4037 0
75 96 47 3.2408 0
58 14 58 3.1966 0
47 64 34 3.3162 0
75 27 49 3.2824 0
60 89 81 3.2398 0
60 23 40 2.2266 0
80 35 35 2.8877 0
60 28 49 3.0382 0
47 104 44 2.7281 0
80 80 59 2.8778 0
74 80 73 2.9664 0
80 46 45 2.7281 0
80 113 87 2.9428 0
59 16 33 2.9949 0
80 57 64 2.7281 0
76 38 66 2.9131 0
65 57 73 2.8206 0
47 47 35 2.8877 0
68 29 41 1.5571 0
69 100 94 2.7655 0
61 51 73 2.8206 0
71 61 73 2.8206 0
59 90 33 2.5431 0
80 21 54 2.7281 0
47 41 50 2.7281 0
65 81 45 0.9951 0
80 28 40 2.7281 0
80 107 67 2.7281 0
75 71 73 2.8206 0
80 38 59 2.7281 0
47 97 54 2.7281 0
68 115 69 2.7123 0
80 106 83 2.7281 0
47 84 52 2.7281 0
61 115 69 2.7123 0
74 12 40 2.7652 0
80 80 52 2.7281 0
80 68 64 2.7281 0
80 109 55 2.7281 0
48 71 72 2.706 0
73 115 59 2.7123 0
56 115 56 2.7123 0
0
