128
0 127 0 72.1856 0
0 0 127 71.965 0
127 0 0 71.7142 0
127 127 127 71.2761 0
99 99 29 33.1973 0
98 29 98 33.1912 0
30 98 97 32.204 0
29 29 30 32.1602 0
71 57 44 18.0497 0
60 60 82 17.1834 0
127 67 60 17.1572 0
63 8 63 17.0076 0
64 115 64 16.9046 0
0 61 61 16.5238 0
58 86 49 13.0103 0
89 70 77 12.0038 0
71 88 77 12.0035 0
38 69 50 12.0024 0
29 60 75 10.4798 0
100 60 52 10.2491 0
56 33 75 9.9867 0
75 30 54 7.9843 0
42 45 72 7.0441 0
60 36 55 6.963 0
106 60 72 6.9653 0
121 43 67 6.5627 0
48 53 56 6.374 0
44 98 60 6.3495 0
8 83 68 6.1584 0
81 54 70 6.084 0
90 45 56 5.9573 0
20 73 56 5.9552 0
54 81 71 5.9563 0
83 100 67 5.7332 0
76 80 56 5.9552 0
107 75 71 5.9563 0
23 59 56 5.9552 0
42 70 70 5.5515 0
43 26 66 5.5164 0
86 71 57 5.1606 0
90 89 70 4.9484 0
36 86 57 4.9473 0
19 73 70 4.9473 0
74 44 70 4.9483 0
53 64 60 4.8852 0
76 65 66 4.6108 0
86 61 62 4.56 0
43 60 65 4.455 0
9 40 61 4.4069 0
88 26 61 4.1963 0
117 88 62 4.1283 0
55 94 69 3.9405 0
103 45 58 3.9394 0
28 43 69 3.9394 0
18 48 69 3.9394 0
73 27 69 4.0837 0
93 54 69 3.9394 0
96 74 58 4.0056 0
74 96 58 3.9597 0
114 49 58 3.9513 0
106 75 58 3.9383 0
34 53 58 3.9394 0
50 42 58 3.9708 0
26 82 58 3.9394 0
112 50 69 3.9394 0
99 85 69 3.9405 0
53 27 59 3.636 0
45 84 61 3.4828 0
82 33 64 3.5116 0
61 71 59 3.1919 0
81 44 61 3.3844 0
29 75 68 2.9343 0
12 79 59 3.0477 0
57 47 59 2.9315 0
44 81 68 3.1556 0
70 35 68 2.9315 0
51 73 59 2.9747 0
65 43 68 2.9315 0
63 77 68 2.9327 0
76 74 68 2.9327 0
15 46 59 2.9364 0
70 40 59 2.9315 0
83 82 68 2.9579 0
32 36 68 2.9315 0
114 82 68 2.9913 0
39 35 68 2.9315 0
97 37 59 2.9404 0
86 81 59 2.9304 0
68 73 59 2.9315 0
101 51 68 2.9315 0
87 36 59 2.9315 0
50 34 59 2.9318 0
69 73 68 2.9327 0
55 45 68 2.9315 0
77 71 60 2.7095 0
80 91 60 2.6339 0
97 61 66 2.4781 0
43 45 60 2.3808 0
46 35 66 2.4962 0
92 67 62 2.4899 0
85 45 67 2.2985 0
81 40 67 2.3921 0
62 65 62 2.4492 0
48 52 67 2.3968 0
46 74 63 2.3445 0
22 65 64 2.2917 0
25 49 60 1.9237 0
51 71 67 2.2411 0
81 86 63 2.257 0
92 102 66 2.1941 0
48 92 67 2.1996 0
54 98 60 2.2147 0
105 66 63 2.1866 0
82 74 64 2.1482 0
12 92 66 2.0131 0
115 35 66 1.9987 0
107 51 60 1.9237 0
17 83 60 1.9769 0
18 52 60 1.9237 0
109 86 67 1.9256 0
73 88 60 1.9237 0
63 45 60 1.9237 0
18 83 67 1.9435 0
32 49 67 1.9237 0
31 93 60 1.9237 0
12 46 65 2.0522 0
113 82 60 1.9226 0
66 95 60 1.9237 0
0
