128
127 0 0 71.671 0
0 127 0 71.0116 0
0 0 127 65.5121 0
127 127 127 64.6922 0
14 113 118 47.3485 0
111 16 116 45.3826 0
110 111 23 40.875 0
19 19 25 38.8366 0
63 66 56 30.9787 0
120 65 67 20.7688 0
7 63 67 20.762 0
62 127 76 16.2985 0
69 0 75 14.2764 0
62 30 84 13.2958 0
63 20 52 11.6872 0
64 110 51 11.5672 0
70 100 82 11.2034 0
46 5 65 10.0919 0
33 55 84 10.077 0
94 73 84 10.0768 0
41 38 76 8.3718 0
87 95 71 8.4897 0
85 36 72 8.1919 0
85 118 66 8.1469 0
38 95 69 8.0306 0
92 53 81 7.4339 0
40 116 68 7.4935 0
30 74 81 7.2158 0
106 38 67 7.0651 0
51 100 77 6.9852 0
80 30 57 6.7829 0
24 40 70 6.6815 0
98 49 56 6.5278 0
47 101 58 6.3777 0
17 91 68 6.2596 0
48 31 59 6.1714 0
79 101 59 5.8591 0
79 18 70 5.8596 0
110 91 67 5.7219 0
27 81 57 5.5857 0
98 80 57 5.5199 0
29 50 57 5.5199 0
53 13 78 5.4999 0
90 11 68 5.3682 0
70 29 66 5.2536 0
60 103 67 5.2331 0
26 82 71 5.1509 0
77 11 59 5.0224 0
91 38 59 4.7951 0
103 84 76 4.6125 0
37 39 61 4.401 0
46 20 71 4.3289 0
57 28 66 4.2814 0
37 83 75 4.2229 0
50 115 60 4.2124 0
100 49 71 4.1499 0
47 19 59 3.9317 0
66 20 69 3.9045 0
82 110 76 3.9047 0
37 30 64 3.8632 0
29 108 68 3.8113 0
96 110 67 3.8073 0
92 89 60 3.5721 0
25 29 67 3.6755 0
70 104 66 3.5644 0
35 15 68 3.5933 0
100 28 68 3.6039 0
22 101 68 3.5248 0
30 91 60 3.506 0
99 80 68 3.142 0
90 29 62 3.4205 0
74 112 68 3.2445 0
98 18 68 3.2723 0
49 111 74 3.217 0
106 85 60 3.2453 0
78 26 77 3.088 0
36 24 70 2.9716 0
49 29 72 3.1527 0
42 25 77 3.1034 0
94 86 77 3.04 0
91 25 70 2.9648 0
28 50 71 3.1351 0
90 108 72 3.0022 0
91 83 69 2.9648 0
95 42 77 3.0124 0
91 45 66 2.9648 0
36 48 69 2.9716 0
106 100 67 2.8163 0
81 19 60 2.6971 0
43 108 76 2.782 0
78 103 69 2.7073 0
97 59 60 2.4963 0
28 22 67 2.4963 0
58 12 67 2.4963 0
97 62 76 2.4862 0
97 94 62 2.6016 0
29 72 60 2.4963 0
87 22 60 2.5082 0
29 41 60 2.4963 0
52 112 67 2.5054 0
76 112 60 2.5311 0
97 71 60 2.4963 0
102 105 67 2.4963 0
22 88 60 2.524 0
40 108 60 2.4963 0
60 8 62 2.3956 0
97 99 66 2.2663 0
88 102 61 2.2437 0
47 103 68 2.247 0
99 91 76 2.1706 0
31 89 76 2.1066 0
29 74 70 2.1273 0
98 37 74 2.1791 0
35 85 62 2.1517 0
53 16 68 2.1959 0
85 13 61 2.0761 0
98 74 71 2.1341 0
72 18 76 2.097 0
92 53 70 1.9569 0
98 56 70 2.1341 0
31 44 76 2.0781 0
29 31 73 2.1273 0
85 25 76 2.1258 0
37 107 73 2.0199 0
36 23 64 2.0681 0
92 64 74 2.005 0
58 108 76 2.0313 0
92 46 73 1.9569 0
0
