128
127 0 127 68.3265 0
0 0 0 68.3265 0
127 127 0 68.3265 0
0 127 127 68.3265 0
109 18 18 42.3825 0
109 109 109 42.3825 0
18 109 18 42.3825 0
18 18 109 42.3825 0
60 67 86 24.88 0
64 63 37 22.5954 0
64 3 63 19.8272 0
62 124 61 19.8272 0
3 65 61 19.8272 0
124 63 62 19.8272 0
90 48 73 11.7776 0
70 31 78 11.4743 0
60 95 49 10.5009 0
96 69 49 10.5009 0
31 55 49 10.5009 0
62 31 49 10.5009 0
92 74 72 9.5658 0
81 88 51 8.4852 0
37 88 70 8.754 0
49 38 70 8.754 0
78 92 70 8.7409 0
28 57 76 8.6454 0
54 100 76 8.5123 0
45 40 52 7.4773 0
34 74 52 7.4773 0
89 51 52 7.4773 0
26 74 75 7.4773 0
16 40 63 6.7249 0
87 111 63 6.7249 0
79 39 53 6.4694 0
33 43 68 6.3065 0
46 83 53 6.4694 0
39 17 63 5.717 0
88 17 63 5.717 0
110 86 65 5.717 0
17 89 64 5.717 0
38 110 63 5.717 0
110 40 62 5.717 0
79 105 54 5.5767 0
48 22 54 5.5767 0
84 32 67 5.1236 0
95 89 67 5.1281 0
106 81 55 4.9144 0
36 70 66 4.7225 0
40 54 66 4.7225 0
52 89 66 4.7225 0
64 42 66 4.7225 0
83 63 66 4.7225 0
64 91 66 4.7225 0
74 46 66 4.7225 0
49 22 72 4.5917 0
95 32 68 4.7028 0
95 89 55 4.4537 0
31 40 55 4.4537 0
104 49 55 4.4566 0
79 23 55 4.4566 0
45 95 55 4.4537 0
68 102 72 4.4537 0
37 31 67 4.2023 0
82 21 71 4.0106 0
106 78 71 4.0106 0
80 106 71 4.0106 0
79 78 65 3.7146 0
107 47 70 3.8393 0
46 53 56 3.4458 0
22 81 56 3.6178 0
47 105 56 3.6178 0
22 46 71 3.6178 0
57 44 56 3.4458 0
42 104 71 3.4494 0
67 83 56 3.4458 0
84 62 56 3.4458 0
44 62 56 3.4458 0
46 72 56 3.4458 0
90 39 56 3.4458 0
100 61 71 3.5073 0
36 87 56 3.4458 0
69 43 56 3.4458 0
60 32 65 3.4257 0
79 76 56 3.4458 0
35 31 56 3.4458 0
89 100 56 3.4458 0
97 43 56 3.4458 0
57 81 56 3.4458 0
90 97 68 3.3346 0
46 96 65 2.9425 0
77 56 64 2.7068 0
96 63 65 2.9431 0
107 30 63 2.6934 0
44 79 64 2.7068 0
35 61 64 2.7068 0
70 84 64 2.7068 0
20 30 64 2.6934 0
55 49 64 2.7068 0
98 20 63 2.6934 0
57 27 70 2.5196 0
88 84 64 2.7068 0
42 63 64 2.7068 0
48 49 64 2.7068 0
30 20 64 2.6934 0
89 80 57 2.4379 0
85 31 57 2.4379 0
76 38 64 2.7068 0
20 98 64 2.6934 0
99 107 64 2.6934 0
107 99 64 2.6934 0
28 107 63 2.6934 0
105 39 70 2.6652 0
22 46 57 2.6652 0
90 25 70 2.4379 0
32 78 64 2.4753 0
50 31 57 2.4379 0
29 85 57 2.4379 0
81 69 57 2.4379 0
72 94 57 2.4379 0
96 81 57 2.4379 0
75 30 57 2.4379 0
39 25 57 2.4379 0
80 56 57 2.4379 0
23 85 70 2.4428 0
53 50 57 2.4379 0
32 52 64 2.4753 0
72 78 57 2.4379 0
79 50 57 2.4379 0
0
