128
127 127 127 78.334 0
0 0 127 78.6191 0
0 127 0 72.0322 0
127 0 0 66.4918 0
28 24 18 35.0091 0
101 97 20 34.0315 0
99 28 89 29.2573 0
29 99 93 28.0963 0
32 63 58 18.6159 0
86 58 53 18.1453 0
65 13 56 16.7694 0
68 110 55 14.7497 0
47 79 125 12.3041 0
76 62 0 12.0093 0
76 52 116 11.9672 0
78 64 83 11.6471 0
79 86 62 10.7916 0
62 37 72 10.73 0
50 60 0 9.7058 0
44 64 84 9.025 0
44 90 59 8.8998 0
51 38 54 8.8217 0
65 44 3 8.2568 0
63 65 126 7.9491 0
84 58 23 7.5991 0
43 64 27 7.5566 0
66 80 2 7.5097 0
65 44 90 7.1328 0
47 69 103 6.9934 0
68 28 36 7.0248 0
48 50 75 6.8254 0
62 102 76 6.8046 0
71 66 103 6.5843 0
69 39 55 6.2176 0
73 69 34 6.2204 0
73 79 46 6.0946 0
71 84 78 6.0901 0
47 76 74 5.6629 0
45 77 41 5.5628 0
72 54 97 5.4148 0
67 38 17 5.3186 0
69 75 94 5.1786 0
87 8 62 5.06 0
90 34 55 5.1165 0
65 98 38 5.0942 0
46 55 38 4.9437 0
72 71 68 4.8711 0
77 32 61 4.7725 0
60 36 42 4.658 0
55 98 66 4.4157 0
72 50 72 4.5801 0
75 67 17 4.5146 0
75 49 12 4.417 0
53 97 48 4.3183 0
72 91 48 4.201 0
47 60 15 4.1848 0
51 86 71 4.2189 0
68 69 114 4.1986 0
51 59 96 4.0268 0
48 49 46 4.0238 0
66 51 30 0.5464 0
48 87 46 3.863 0
65 36 27 3.8856 0
51 74 91 3.8174 0
51 65 114 3.8267 0
54 48 85 3.8518 0
65 48 104 3.7666 0
69 95 70 3.7285 0
51 79 108 3.666 0
54 89 112 3.5562 0
84 49 32 3.5194 0
47 75 31 3.5701 0
62 69 6 3.474 0
70 74 55 3.522 0
55 74 6 3.4759 0
61 57 22 0.678 0
50 49 63 3.2759 0
68 49 80 3.4066 0
67 76 84 3.2442 0
63 94 29 3.1753 0
67 32 47 3.3071 0
59 66 44 0.3435 0
66 75 107 3.2655 0
47 64 40 3.2373 0
68 83 89 3.219 0
50 61 72 3.2264 0
63 75 119 3.1447 0
59 72 24 0.4486 0
48 69 12 3.0923 0
48 80 51 2.9302 0
70 47 64 3.0562 0
67 74 75 3.0161 0
53 43 42 2.9351 0
72 74 11 3.052 0
65 86 12 2.9333 0
69 57 68 3.0066 0
59 61 33 0.5738 0
69 69 44 2.9543 0
48 71 19 2.8276 0
62 56 7 2.4612 0
77 25 43 2.7799 0
60 77 34 0.7527 0
52 74 82 2.7925 0
68 94 80 2.7573 0
52 54 90 2.7665 0
67 77 62 2.5816 0
79 48 20 2.6523 0
58 89 102 2.6716 0
59 63 108 1.389 0
63 91 22 2.652 0
54 94 73 2.6834 0
73 72 24 2.665 0
62 98 86 2.6154 0
58 65 19 0.7387 0
76 57 15 2.6161 0
52 78 100 2.6184 0
54 61 104 2.6398 0
77 59 33 2.5319 0
65 79 101 2.5239 0
66 89 86 2.5118 0
57 96 41 2.5162 0
66 57 103 2.5619 0
67 55 89 2.4232 0
60 61 87 0.7869 0
88 38 44 2.5127 0
56 60 118 2.3673 0
49 76 65 2.4831 0
62 62 7 2.4634 0
0
