128
127 0 127 87.352 0
0 127 127 87.1688 0
127 127 0 83.2444 0
0 0 0 81.8033 0
48 78 45 18.3595 0
78 48 44 18.3848 0
41 42 81 16.7744 0
82 82 79 16.5338 0
65 58 75 10.5529 0
60 33 63 9.8846 0
52 52 54 8.306 0
73 75 55 7.702 0
59 77 70 7.4896 0
101 58 55 7.2982 0
24 69 55 7.2982 0
17 52 71 6.5387 0
103 73 71 6.4731 0
46 66 71 6.5231 0
82 60 70 5.4945 0
90 67 57 5.2824 0
37 57 57 5.2824 0
4 55 68 4.6055 0
8 65 58 4.5291 0
32 62 69 4.541 0
93 64 69 4.4194 0
115 61 58 4.3027 0
64 61 58 4.2745 0
120 72 69 4.213 0
70 43 68 3.6211 0
77 51 68 3.5285 0
86 76 59 3.5793 0
28 53 68 3.5039 0
52 55 68 3.4955 0
123 65 62 3.4382 0
48 41 61 3.3776 0
26 58 59 3.2667 0
16 61 59 3.2667 0
41 48 59 3.2667 0
79 65 59 3.2667 0
56 48 67 2.5371 0
40 58 67 2.5826 0
23 62 67 2.5433 0
63 46 67 2.4708 0
99 69 60 2.2588 0
72 68 67 2.4151 0
111 68 67 2.5125 0
63 53 60 2.2588 0
11 59 67 2.4954 0
90 58 60 2.2588 0
55 64 67 2.4727 0
101 64 67 2.438 0
37 68 67 2.4366 0
44 62 60 2.2588 0
63 72 60 2.3163 0
69 74 66 2.3999 0
112 74 67 2.4032 0
33 73 60 2.3817 0
71 64 60 2.2588 0
93 51 60 2.2689 0
53 63 60 2.2588 0
96 78 65 2.1435 0
32 64 60 2.2588 0
106 66 60 2.2588 0
60 46 60 2.2588 0
94 74 60 2.2588 0
58 66 60 2.2588 0
38 66 60 2.2588 0
43 74 66 2.1351 0
77 43 65 2.1177 0
27 46 66 1.7494 0
16 62 66 1.5411 0
93 72 66 1.6124 0
89 55 66 1.5637 0
50 73 66 1.6407 0
31 51 61 1.2509 0
83 50 66 1.5447 0
66 68 66 1.4957 0
106 63 66 1.5727 0
75 59 66 1.5967 0
83 70 61 1.2509 0
38 73 66 1.5449 0
87 67 66 1.4319 0
5 61 64 1.5149 0
39 63 66 1.5464 0
35 56 66 1.4293 0
83 67 66 1.5471 0
45 57 66 1.5109 0
95 58 66 1.5089 0
59 67 66 1.4717 0
34 52 66 1.4904 0
26 66 66 1.4796 0
54 69 66 1.3953 0
68 49 66 1.4881 0
77 65 66 1.4195 0
24 57 66 1.4818 0
24 49 66 1.4796 0
46 53 66 1.4806 0
51 49 66 1.4285 0
70 58 61 1.2509 0
53 44 66 1.4287 0
35 50 61 1.2509 0
91 77 63 1.4397 0
116 65 66 1.4489 0
67 43 61 1.4353 0
86 61 61 1.2509 0
30 68 66 1.4406 0
6 58 61 1.3779 0
77 69 66 1.3996 0
82 60 61 1.2509 0
59 57 61 1.2509 0
45 57 61 1.2509 0
73 63 66 1.3953 0
111 66 61 1.2509 0
49 60 61 1.2509 0
117 67 61 1.2513 0
22 54 61 1.2509 0
12 57 61 1.2509 0
14 68 61 1.2767 0
65 67 61 1.2509 0
109 62 61 1.2509 0
18 56 61 1.2509 0
43 53 61 1.2509 0
36 46 61 1.2509 0
77 60 61 1.2509 0
66 47 61 1.2509 0
55 44 61 1.2509 0
81 73 61 1.251 0
56 59 61 1.2509 0
0
