128
53 0 127 71.2761 0
0 127 0 67.5122 0
127 127 127 67.5122 0
127 0 0 67.5122 0
1 7 14 52.2337 0
13 111 113 46.2561 0
112 112 15 45.3226 0
61 60 32 26.1807 0
127 44 83 23.8359 0
63 121 64 21.4217 0
66 80 82 20.3174 0
0 56 75 20.0434 0
34 67 76 13.576 0
119 64 51 13.1774 0
92 57 75 13.2622 0
22 62 45 13.0784 0
64 24 47 11.6149 0
95 54 48 10.0548 0
70 93 48 10.0548 0
95 81 71 9.2308 0
49 91 49 9.0469 0
90 74 49 9.0469 0
10 83 64 8.9015 0
117 83 64 8.9015 0
83 39 50 8.039 0
39 39 50 8.039 0
34 80 50 8.039 0
40 88 69 7.215 0
97 35 70 7.4992 0
108 20 71 7.5501 0
110 72 76 7.3882 0
85 101 69 7.3792 0
68 54 69 7.215 0
52 56 69 7.215 0
37 106 64 6.6585 0
81 21 56 6.5919 0
31 47 68 6.2071 0
43 24 53 6.0951 0
13 34 66 5.8779 0
94 22 64 5.7351 0
80 43 67 5.1993 0
51 96 67 5.1993 0
15 47 55 5.0925 0
85 89 53 5.0154 0
26 44 53 5.0154 0
37 53 53 5.0154 0
20 80 53 5.0154 0
105 77 53 5.0154 0
97 104 64 4.8423 0
110 47 54 4.5816 0
27 84 70 4.5593 0
81 103 55 4.5323 0
100 94 66 4.1914 0
45 46 66 4.1914 0
50 68 66 4.1914 0
27 93 66 4.1914 0
77 63 66 4.1914 0
84 71 66 4.1914 0
59 46 66 4.1914 0
52 34 54 4.0075 0
77 78 54 4.0075 0
60 83 54 4.0075 0
99 40 54 4.0075 0
35 93 54 4.0075 0
70 38 54 4.0075 0
40 69 54 4.0075 0
47 78 54 4.0075 0
15 70 60 3.8621 0
45 103 56 3.8915 0
112 96 63 3.8621 0
15 96 64 3.8621 0
17 74 72 3.7134 0
24 103 64 3.5452 0
47 79 65 3.1835 0
26 36 66 3.3289 0
41 54 65 3.1835 0
80 51 55 2.9996 0
73 97 65 3.1835 0
86 35 65 3.1835 0
68 43 65 3.1835 0
81 90 65 3.1835 0
33 24 58 3.1473 0
101 45 65 3.1835 0
100 70 65 3.1835 0
94 33 55 2.9996 0
61 63 65 3.1835 0
19 40 72 3.0152 0
96 87 55 2.9996 0
68 79 55 2.9996 0
25 88 55 2.9996 0
81 62 55 2.9996 0
61 40 55 2.9996 0
28 35 55 2.9996 0
90 27 55 3.0494 0
101 69 55 2.9996 0
41 61 55 2.9996 0
79 70 55 2.9996 0
52 42 55 2.9996 0
17 25 65 3.0083 0
111 39 58 2.8879 0
111 31 64 2.8543 0
111 63 69 2.8879 0
111 53 62 2.8543 0
85 26 64 2.6177 0
91 92 64 2.1756 0
89 102 57 2.5008 0
79 33 64 2.1756 0
25 57 65 2.321 0
52 26 56 2.4614 0
33 37 64 2.1756 0
50 87 64 2.1756 0
69 64 64 2.1756 0
84 82 64 2.1756 0
102 27 64 2.2404 0
25 78 65 2.321 0
40 78 64 2.1756 0
80 52 64 2.1756 0
94 44 64 2.1756 0
65 96 64 2.1756 0
17 39 57 2.2762 0
32 79 64 2.1756 0
88 63 56 1.9918 0
88 45 64 2.1756 0
23 25 63 2.2297 0
23 53 71 2.1187 0
59 96 64 2.1756 0
92 71 64 2.1756 0
93 93 56 1.9918 0
0
