128
62 0 127 61.5557 0
127 127 0 61.8771 0
0 0 0 61.8771 0
0 127 127 56.8778 0
0 127 0 61.8771 0
127 0 0 61.8771 0
127 127 127 61.3538 0
64 64 23 28.5313 0
127 47 85 27.4756 0
0 52 89 25.9154 0
65 127 64 25.2022 0
62 81 99 21.9074 0
64 8 48 16.0208 0
8 64 48 16.0208 0
117 64 45 15.138 0
12 91 66 13.1077 0
114 88 64 12.584 0
15 19 71 11.9483 0
93 66 95 11.6572 0
107 15 70 11.4485 0
57 99 41 10.3896 0
37 60 93 10.2249 0
32 112 66 10.0841 0
31 51 42 9.3817 0
51 32 42 9.3817 0
78 33 42 9.3817 0
95 50 42 9.3817 0
31 77 42 9.3817 0
38 16 61 9.1976 0
86 16 60 9.1502 0
97 111 64 9.0839 0
16 38 59 9.0762 0
31 80 91 8.5328 0
95 76 43 8.3739 0
83 91 43 8.3739 0
50 108 88 7.7966 0
90 84 86 7.5749 0
81 57 68 1.3424 0
108 77 83 6.6477 0
110 40 55 6.6909 0
77 56 89 6.5256 0
91 48 86 6.4244 0
42 90 45 6.3581 0
50 53 67 0.6652 0
73 106 88 6.3176 0
54 56 86 6.3349 0
43 47 80 6.2292 0
39 95 87 5.9387 0
19 78 81 6.0526 0
108 68 65 6.0638 0
19 69 68 6.0526 0
80 76 64 1.0278 0
43 76 66 1.0278 0
42 109 51 5.5455 0
87 107 76 5.4615 0
65 45 64 0.726 0
36 36 46 5.3502 0
73 102 46 5.3502 0
89 41 64 0.8532 0
106 52 59 5.2461 0
41 81 80 5.191 0
66 85 62 0.9327 0
63 61 67 0.8532 0
55 44 76 5.0611 0
53 20 63 5.0707 0
20 53 64 5.0447 0
38 107 81 5.0447 0
38 62 66 1.0118 0
50 89 65 1.0292 0
32 44 85 4.7115 0
19 83 50 4.8046 0
82 95 85 4.7115 0
69 89 47 4.3424 0
87 108 51 4.5486 0
106 29 60 4.4675 0
79 89 68 1.0292 0
93 35 47 4.3424 0
72 21 64 4.4518 0
65 39 47 4.3424 0
106 84 48 4.3485 0
89 63 59 1.0685 0
80 81 78 4.3348 0
45 49 47 4.3424 0
46 20 49 4.3777 0
81 47 47 4.3424 0
88 63 47 4.3424 0
36 64 47 4.3424 0
97 89 47 4.3424 0
58 76 65 1.0278 0
66 54 85 4.1838 0
42 38 63 0.9327 0
91 69 72 0.9971 0
83 73 83 4.0751 0
77 40 67 1.0059 0
53 37 61 1.5405 0
38 88 62 1.1099 0
50 36 72 4.0483 0
21 35 72 4.0369 0
45 106 73 4.0369 0
21 30 83 4.0371 0
21 90 82 4.0369 0
51 66 70 0.9501 0
91 53 63 1.4132 0
96 57 81 3.8426 0
89 83 62 1.0496 0
22 104 74 3.837 0
69 71 65 0.7807 0
52 62 60 1.0118 0
96 38 84 3.6965 0
50 76 57 1.0278 0
70 61 60 1.5659 0
62 105 85 3.5889 0
64 33 62 0.8787 0
73 62 74 1.0118 0
37 49 63 0.6021 0
55 48 59 0.9958 0
26 68 87 3.581 0
92 22 71 3.4635 0
105 75 57 3.4783 0
86 23 48 3.4508 0
44 77 48 3.3345 0
26 39 48 3.3345 0
34 71 61 0.7807 0
98 22 57 3.4783 0
104 101 58 3.4997 0
105 87 79 3.4807 0
103 101 71 3.4782 0
81 78 48 3.3345 0
0
