128
127 127 127 75.9555 0
0 0 0 61.8771 0
127 0 0 61.8771 0
0 127 0 61.8771 0
0 0 127 56.8778 0
0 111 126 50.8306 0
111 0 126 50.8306 0
109 109 5 47.4279 0
0 63 65 25.2022 0
65 0 64 25.2022 0
59 59 27 24.4998 0
57 56 107 24.4149 0
47 123 70 21.2172 0
123 47 70 21.2075 0
90 50 85 14.0868 0
51 92 91 12.8071 0
58 96 39 12.4054 0
95 57 39 12.4054 0
61 22 94 11.1819 0
76 114 56 10.8462 0
23 60 94 10.9179 0
114 77 56 10.8462 0
27 70 41 10.3896 0
73 28 41 10.3896 0
15 29 66 10.0841 0
15 99 67 10.0841 0
32 15 67 10.0841 0
98 15 66 10.0841 0
52 28 42 9.3817 0
99 68 71 9.0688 0
34 77 89 8.7797 0
29 50 43 8.3739 0
76 73 85 8.1808 0
38 36 87 7.9051 0
75 84 44 7.366 0
37 86 44 7.366 0
73 36 86 6.933 0
46 70 80 6.4966 0
87 39 45 6.3581 0
87 75 45 6.3581 0
38 37 45 6.3581 0
45 19 85 6.3704 0
45 47 79 6.0948 0
19 45 84 6.1374 0
66 47 66 0.9043 0
66 87 66 0.9043 0
37 59 83 5.6945 0
18 88 54 5.5253 0
42 18 51 5.5455 0
100 75 46 5.3502 0
75 100 46 5.3502 0
38 87 66 1.0292 0
70 107 71 5.1447 0
52 34 85 5.1848 0
61 63 66 0.9043 0
52 81 62 0.8883 0
107 25 75 5.0677 0
86 76 75 4.9761 0
84 20 80 5.0447 0
20 79 83 5.045 0
107 27 60 5.0447 0
107 45 48 5.0231 0
45 107 48 5.0231 0
36 101 83 4.8556 0
19 42 50 4.8046 0
75 66 62 0.8883 0
70 86 85 4.8108 0
52 41 61 0.8883 0
43 59 62 0.6986 0
108 62 51 4.5486 0
86 19 51 4.5486 0
80 53 60 0.9203 0
76 38 65 1.1099 0
85 31 86 4.5223 0
31 48 86 4.5223 0
79 48 47 4.3424 0
61 108 52 4.483 0
80 88 63 0.9203 0
97 82 66 4.3898 0
50 82 47 4.3424 0
92 107 56 4.2824 0
107 92 56 4.2824 0
43 75 47 4.3424 0
38 38 65 1.1099 0
81 65 47 4.3424 0
43 82 78 4.3342 0
21 89 78 4.0369 0
34 91 84 4.2793 0
77 23 87 4.2969 0
38 74 64 1.0292 0
29 106 57 4.1885 0
73 60 82 4.1274 0
56 76 84 4.1773 0
84 66 75 4.161 0
21 42 73 4.0369 0
28 106 77 4.135 0
102 35 83 4.113 0
21 85 69 4.0369 0
48 58 78 3.9843 0
45 21 73 4.0369 0
93 38 62 1.0292 0
21 34 79 4.0369 0
65 75 60 0.727 0
79 84 78 3.9843 0
61 37 70 0.9043 0
47 92 59 0.9203 0
61 75 70 0.9043 0
61 105 84 3.5721 0
52 52 65 0.8883 0
66 39 57 0.9043 0
62 38 48 3.3345 0
34 50 62 0.852 0
61 96 62 0.9043 0
61 80 48 3.3345 0
75 77 62 0.8883 0
51 68 61 0.743 0
43 97 48 3.3345 0
64 78 87 3.581 0
88 28 48 3.3345 0
71 42 48 3.3345 0
45 96 75 3.4898 0
75 72 48 3.3345 0
107 36 53 3.4752 0
89 91 56 0.5893 0
61 53 73 0.9043 0
82 93 48 3.3345 0
90 52 61 1.0939 0
71 57 67 0.5736 0
0
