128
65 127 127 61.4736 0
0 0 0 61.8771 0
127 127 0 61.8771 0
0 127 0 61.8771 0
127 0 0 61.8771 0
62 0 127 61.4736 0
127 62 101 30.9885 0
0 65 101 30.9885 0
64 64 23 28.5313 0
6 64 50 17.6766 0
121 64 50 17.6766 0
63 8 48 16.0208 0
64 119 48 16.0208 0
10 105 75 15.5171 0
117 22 75 15.5171 0
10 24 74 15.1966 0
117 103 74 15.1966 0
44 64 90 12.6178 0
83 63 90 12.6178 0
38 112 61 10.0876 0
89 15 61 10.0876 0
31 76 42 9.3817 0
77 32 42 9.3817 0
97 51 42 9.3817 0
51 31 42 9.3817 0
32 52 42 9.3817 0
52 96 42 9.3817 0
89 111 60 9.1976 0
77 96 42 9.3817 0
96 77 42 9.3817 0
38 16 61 9.1976 0
110 45 68 8.0684 0
110 80 69 8.0684 0
17 47 69 8.0684 0
17 84 64 8.0684 0
47 47 78 6.9343 0
80 80 78 6.9343 0
17 41 54 6.5283 0
109 90 57 6.524 0
93 46 86 6.1199 0
34 81 86 6.1199 0
63 57 88 6.0724 0
44 80 65 1.0205 0
68 49 66 0.9927 0
65 72 86 5.9103 0
31 47 88 5.9557 0
96 80 88 5.9557 0
109 37 55 5.7142 0
88 56 64 1.5164 0
36 91 46 5.3502 0
36 37 46 5.3502 0
60 77 65 1.0074 0
83 40 65 0.8906 0
43 60 61 1.4406 0
20 69 69 5.0447 0
21 38 86 4.9797 0
106 89 86 4.9797 0
107 61 69 5.0447 0
20 96 57 4.9081 0
74 63 65 0.9252 0
19 84 50 4.8046 0
103 37 88 4.8091 0
24 90 88 4.8091 0
79 79 58 1.5341 0
57 40 62 1.0052 0
58 59 66 0.999 0
68 89 63 1.0348 0
89 89 60 1.0292 0
48 48 58 1.5341 0
75 106 63 4.2928 0
90 64 47 4.3424 0
94 37 47 4.3424 0
52 37 72 4.4238 0
75 90 72 4.4238 0
56 106 64 4.4202 0
71 21 64 4.4202 0
94 91 47 4.3424 0
52 21 64 4.2928 0
45 79 47 4.3424 0
62 40 47 4.3424 0
47 47 47 4.3424 0
82 83 47 4.3424 0
82 45 47 4.3424 0
40 64 47 4.3424 0
65 89 47 4.3424 0
38 37 63 1.0292 0
59 49 80 4.1445 0
21 85 77 4.0369 0
21 30 57 4.0369 0
89 69 63 1.0292 0
54 90 65 0.9922 0
97 106 71 4.0402 0
30 21 72 4.0402 0
106 26 58 4.0369 0
68 81 78 3.9782 0
39 71 69 1.5164 0
39 92 68 0.9644 0
93 44 62 1.4943 0
33 59 69 0.7793 0
90 86 81 3.8539 0
37 41 81 3.8539 0
72 38 62 0.9774 0
47 107 50 3.8715 0
46 20 50 3.8715 0
80 20 50 3.8715 0
79 51 70 1.0597 0
34 83 70 1.4943 0
94 36 72 0.8582 0
77 53 58 1.0302 0
51 73 70 1.0154 0
33 66 60 0.7793 0
40 102 48 3.3345 0
87 104 48 3.4508 0
107 47 54 3.5269 0
62 68 71 0.8089 0
88 25 48 3.3345 0
38 51 65 1.0292 0
24 22 59 3.3397 0
84 55 48 3.3345 0
97 22 74 3.4362 0
30 105 71 3.4362 0
52 72 58 1.0007 0
24 105 58 3.3397 0
105 103 58 3.3397 0
71 50 85 3.4236 0
39 27 48 3.3345 0
73 84 48 3.3345 0
56 77 85 3.4236 0
0
