128
0 0 127 87.3032 0
122 118 5 54.5784 0
0 127 0 66.8038 0
127 127 127 65.8342 0
127 0 0 62.4034 0
127 13 105 41.2384 0
40 37 18 32.1437 0
42 103 87 29.7963 0
83 28 64 18.7618 0
127 71 62 17.3565 0
64 95 45 16.6468 0
86 57 107 16.6027 0
83 61 22 14.556 0
2 57 42 13.6955 0
11 80 66 12.8451 0
37 68 61 12.713 0
88 97 63 12.349 0
120 43 60 10.5404 0
56 42 58 9.9279 0
59 75 27 9.6957 0
73 80 100 9.6719 0
122 62 88 9.0339 0
102 56 50 6.6694 0
103 78 52 8.381 0
104 78 74 8.381 0
102 56 70 6.6694 0
77 37 38 8.2762 0
72 56 79 5.6032 0
121 62 36 8.1274 0
79 92 82 7.5709 0
43 81 43 7.4498 0
53 56 70 7.4705 0
72 56 52 5.6032 0
82 40 89 7.4101 0
71 86 68 7.3176 0
22 57 51 7.2212 0
105 60 30 7.0281 0
102 56 88 6.6694 0
59 69 97 6.493 0
53 58 49 6.2437 0
78 81 31 6.0985 0
79 71 82 4.0892 0
106 39 70 6.0564 0
92 42 44 5.9684 0
119 51 76 5.9773 0
79 71 45 4.0892 0
104 39 53 5.6784 0
72 56 66 5.6032 0
24 79 51 5.4341 0
41 74 31 5.5517 0
53 79 62 5.4341 0
95 41 83 5.2846 0
118 51 45 5.0188 0
111 71 42 4.9747 0
87 71 64 1.764 0
72 56 39 4.7088 0
64 42 72 4.7162 0
67 59 95 4.6222 0
17 64 32 4.5217 0
108 66 95 4.4809 0
88 89 46 4.2569 0
67 41 47 4.4053 0
87 77 95 4.4773 0
13 62 59 4.3718 0
99 74 39 4.3495 0
96 72 94 4.3771 0
56 60 84 4.1976 0
95 71 82 4.09 0
110 71 84 4.1311 0
91 47 34 4.0456 0
69 41 81 3.9444 0
68 72 58 1.4254 0
87 56 64 1.5981 0
69 72 82 3.359 0
95 88 77 3.6641 0
10 75 49 3.7936 0
41 69 81 3.7431 0
77 83 57 3.661 0
89 76 33 3.4694 0
101 53 39 3.5328 0
70 50 94 3.4694 0
53 77 49 3.4702 0
31 77 41 3.4183 0
93 71 45 3.5431 0
70 72 45 3.359 0
72 67 94 3.4694 0
57 60 59 3.4362 0
30 69 33 3.4694 0
112 55 94 3.4694 0
59 78 70 3.4319 0
72 49 33 3.4694 0
97 82 63 3.328 0
83 46 48 3.3755 0
68 65 33 3.4694 0
98 73 63 3.3416 0
70 82 86 3.2861 0
87 47 80 3.154 0
102 73 87 3.3416 0
97 79 85 3.328 0
74 58 89 3.2892 0
83 88 38 3.2491 0
33 61 45 3.1897 0
42 61 46 3.1897 0
73 82 79 3.2861 0
22 61 40 3.1897 0
77 71 61 1.3247 0
63 81 61 3.1355 0
74 71 71 1.3247 0
90 47 53 3.154 0
95 44 92 3.1332 0
87 56 44 1.1142 0
114 65 78 3.0336 0
60 48 77 2.9814 0
91 47 74 2.9485 0
73 71 34 2.9785 0
110 44 47 2.8481 0
59 77 54 2.8725 0
44 62 75 2.885 0
105 54 60 2.9144 0
87 71 82 2.8723 0
100 59 60 2.8464 0
59 50 47 2.8465 0
116 60 47 2.6597 0
84 71 56 1.3247 0
68 72 66 1.4254 0
95 87 50 2.7861 0
85 56 52 1.1142 0
58 61 40 2.4283 0
0
