128
64 64 52 37.0349 0
127 0 127 63.9239 0
0 127 127 63.892 0
0 0 0 63.9252 0
127 127 0 63.9244 0
3 3 124 59.0743 0
124 124 124 59.0436 0
124 3 3 58.7807 0
3 124 3 58.7799 0
64 127 68 21.9001 0
63 0 68 21.9015 0
127 64 72 18.8433 0
0 63 72 18.8432 0
63 50 127 15.7718 0
64 81 123 13.3588 0
64 37 100 12.9128 0
63 95 95 12.6448 0
126 63 41 10.6974 0
1 64 41 10.6973 0
86 64 122 10.4572 0
114 38 63 10.2493 0
13 89 63 10.2478 0
91 108 64 9.9217 0
36 19 64 9.9229 0
90 18 63 9.9278 0
37 109 63 9.9264 0
111 90 64 9.7883 0
16 37 64 9.7895 0
64 13 37 9.81 0
63 114 37 9.8092 0
41 63 121 9.4493 0
74 26 83 8.4235 0
53 26 83 8.4235 0
79 79 98 8.2569 0
48 79 98 8.2569 0
107 63 35 8.0442 0
20 61 35 8.0443 0
109 64 95 7.9732 0
18 63 95 7.9731 0
82 50 98 7.7655 0
45 50 98 7.7654 0
49 102 79 7.4174 0
78 102 79 7.4174 0
59 67 98 6.8681 0
73 63 97 6.6512 0
98 33 70 6.5429 0
29 94 70 6.542 0
41 65 96 6.2412 0
87 65 96 6.1527 0
120 78 51 6.108 0
7 49 51 6.1078 0
81 90 87 5.9064 0
31 34 72 5.6214 0
96 93 72 5.6204 0
7 78 50 5.8265 0
120 49 50 5.8265 0
45 90 86 5.5458 0
83 39 88 5.5606 0
79 15 49 5.4858 0
48 112 49 5.4843 0
45 38 87 5.4507 0
87 31 77 5.3481 0
46 16 51 5.3604 0
81 111 51 5.3589 0
102 64 109 5.2516 0
25 63 109 5.2515 0
22 84 76 4.8591 0
105 43 76 4.8605 0
52 24 41 4.8375 0
41 31 77 4.8885 0
18 75 84 4.8474 0
109 52 84 4.8474 0
75 24 41 4.846 0
24 75 41 4.828 0
99 30 58 4.7976 0
28 97 58 4.7965 0
104 84 77 4.7659 0
35 88 81 4.7716 0
23 43 77 4.7674 0
66 79 104 4.6071 0
78 47 111 4.5133 0
61 55 95 4.5566 0
49 47 111 4.5133 0
74 104 41 4.5522 0
104 75 41 4.4705 0
47 77 115 4.415 0
52 104 41 4.4585 0
93 87 81 4.41 0
108 74 86 4.4488 0
19 53 86 4.4487 0
104 51 41 4.3872 0
34 40 81 4.4111 0
95 41 81 4.4118 0
28 30 56 4.3412 0
99 97 56 4.3402 0
25 50 42 4.1612 0
66 77 94 4.1068 0
62 101 78 3.9785 0
80 79 112 3.8773 0
38 83 90 3.85 0
49 23 70 3.8648 0
77 23 70 3.5792 0
90 83 89 3.6806 0
86 93 78 3.6521 0
53 68 115 3.4021 0
40 95 75 3.4772 0
91 76 94 3.4366 0
70 65 115 3.4021 0
91 45 90 3.448 0
36 76 94 3.4366 0
15 72 38 3.2391 0
35 45 89 3.2624 0
50 60 93 3.1135 0
16 43 51 3.0199 0
111 84 51 3.0187 0
83 28 44 3.0915 0
71 51 93 3.15 0
29 43 45 3.0673 0
29 82 84 3.1338 0
28 83 44 3.0546 0
50 61 102 2.8366 0
45 28 46 3.1107 0
104 37 52 3.0577 0
23 90 52 3.0565 0
50 105 67 3.0118 0
71 53 102 2.8852 0
56 53 102 2.8854 0
111 43 50 2.9637 0
0
