128
64 63 71 41.0976 0
0 127 0 62.3329 0
127 0 0 62.3329 0
0 0 0 62.3329 0
127 127 0 62.3329 0
127 127 127 56.0173 0
0 0 127 56.0173 0
0 127 127 56.0173 0
127 0 127 56.0462 0
63 0 87 17.1798 0
0 45 67 16.7865 0
64 0 50 16.482 0
64 127 50 16.482 0
127 64 50 16.482 0
0 83 67 16.2559 0
63 127 89 15.8064 0
127 63 89 15.8065 0
93 63 127 14.5037 0
89 11 67 14.2407 0
3 64 93 14.193 0
70 74 0 14.0598 0
64 45 0 14.0598 0
33 64 127 13.7027 0
64 94 127 13.7027 0
64 33 127 13.7027 0
122 38 67 13.62 0
38 122 67 13.62 0
38 5 67 13.62 0
90 121 67 13.1182 0
121 90 67 13.1182 0
7 64 43 12.5625 0
44 64 2 12.044 0
62 68 127 10.7514 0
19 104 67 9.9483 0
20 23 67 9.4224 0
63 19 31 9.2213 0
64 108 31 9.2213 0
108 64 31 9.2213 0
91 63 5 9.0204 0
27 63 24 8.836 0
61 18 108 8.6512 0
61 109 108 8.5449 0
24 71 103 8.3779 0
46 46 123 7.6269 0
63 95 7 7.4566 0
23 40 55 7.4651 0
104 104 63 7.4074 0
106 73 96 7.4314 0
106 53 96 6.9941 0
47 81 122 7.0741 0
88 78 111 6.815 0
73 53 126 6.6725 0
64 28 16 6.3561 0
96 53 107 6.4053 0
80 20 89 6.4929 0
85 47 114 6.4922 0
105 26 61 6.4159 0
79 79 122 6.2758 0
20 56 105 5.9585 0
82 22 50 5.8703 0
38 75 110 5.7576 0
97 68 20 5.6747 0
97 93 52 5.6554 0
104 25 74 5.6197 0
95 56 25 5.5186 0
75 30 109 5.6073 0
82 112 50 5.5039 0
45 112 50 5.5039 0
45 15 50 5.5039 0
112 45 50 5.5039 0
112 82 50 5.5039 0
71 95 25 5.3641 0
57 96 23 5.4491 0
83 114 84 5.4023 0
114 83 84 5.4023 0
45 114 85 5.2857 0
114 45 85 5.2857 0
13 81 86 5.2312 0
23 39 70 5.2695 0
52 80 9 4.9889 0
15 80 49 5.2204 0
13 46 86 5.2312 0
109 52 41 5.1338 0
52 109 41 5.1338 0
75 18 41 5.1338 0
74 110 99 5.0752 0
82 51 9 4.9889 0
55 32 26 4.8753 0
72 32 26 4.8753 0
22 72 35 4.9644 0
43 14 84 4.8319 0
18 91 56 4.7736 0
87 98 48 4.7858 0
74 18 100 4.7722 0
73 101 110 4.75 0
65 22 94 4.7562 0
98 106 76 4.6536 0
106 98 76 4.6536 0
17 92 78 4.6582 0
71 118 69 4.6737 0
118 71 69 4.6737 0
17 48 46 4.4644 0
21 54 37 4.6244 0
51 19 41 4.5254 0
108 76 41 4.5254 0
76 108 41 4.5254 0
58 52 124 4.5046 0
118 57 69 4.5537 0
57 118 69 4.5537 0
51 110 97 4.4897 0
51 17 97 4.4897 0
17 36 80 4.4606 0
31 20 77 4.3005 0
31 107 77 4.3005 0
74 18 78 4.3638 0
31 31 61 4.3778 0
34 50 114 4.3144 0
90 23 83 4.2465 0
31 105 56 4.327 0
31 22 56 4.327 0
79 90 116 4.3054 0
9 64 74 4.2188 0
50 33 114 4.243 0
50 94 114 4.243 0
28 47 45 3.9812 0
47 48 10 3.981 0
92 107 55 3.9364 0
10 65 61 4.0255 0
0
