128
64 64 9 30.9794 0
0 0 127 57.0318 0
127 127 127 57.0318 0
127 0 127 57.0318 0
0 127 127 57.0318 0
0 0 0 57.2482 0
0 127 0 57.2482 0
127 0 0 57.2482 0
127 127 0 57.2482 0
64 5 64 30.6835 0
63 122 64 30.6835 0
64 60 127 28.6472 0
61 64 67 25.4876 0
0 63 43 17.5157 0
127 64 43 17.5157 0
127 68 79 17.5113 0
0 63 85 17.5113 0
124 37 64 14.6592 0
3 90 64 14.6592 0
3 37 64 14.6592 0
64 98 104 14.2859 0
104 104 64 12.663 0
26 64 109 12.4529 0
103 63 108 11.738 0
94 51 82 11.6477 0
94 76 82 11.6477 0
61 29 100 11.5161 0
95 78 57 11.464 0
95 51 56 11.464 0
26 64 29 10.8219 0
31 47 53 10.4561 0
31 80 52 10.4394 0
26 25 61 10.4204 0
26 102 61 10.4204 0
101 25 61 10.4204 0
31 49 82 10.0162 0
31 78 83 9.9852 0
99 55 30 9.8158 0
119 87 58 9.4483 0
55 30 32 9.3424 0
75 97 32 9.3421 0
53 97 32 9.3421 0
75 30 32 9.3421 0
98 75 31 8.8062 0
41 80 104 8.404 0
88 78 104 8.0935 0
36 81 32 7.7983 0
39 43 32 7.8057 0
36 29 80 7.7506 0
91 29 80 7.7506 0
36 98 80 7.7506 0
91 98 80 7.7506 0
80 38 101 7.2792 0
38 48 103 7.2499 0
91 100 48 7.1516 0
27 68 66 6.4246 0
79 43 48 6.3888 0
79 84 48 6.3888 0
92 48 102 6.2546 0
38 28 48 6.1477 0
82 96 92 6.1703 0
48 97 89 6.176 0
79 30 89 6.176 0
38 99 47 6.0575 0
89 28 47 6.0575 0
88 42 34 5.7923 0
115 90 76 5.9956 0
88 87 34 5.7923 0
44 32 93 5.703 0
77 45 88 5.638 0
36 63 90 5.6313 0
101 64 68 5.4168 0
87 65 47 5.3909 0
46 45 88 5.494 0
47 85 47 5.3809 0
26 64 49 5.4168 0
26 83 68 5.4168 0
12 57 65 5.4168 0
12 69 63 5.4168 0
115 51 91 5.4203 0
26 55 67 5.4168 0
46 42 47 5.3809 0
78 80 89 5.1414 0
47 83 88 5.0877 0
20 49 35 4.865 0
81 60 91 4.8818 0
108 32 76 4.8488 0
19 95 76 4.8488 0
19 32 76 4.8488 0
17 78 36 4.8038 0
50 43 100 4.5682 0
114 56 61 4.4089 0
13 43 81 4.4089 0
83 42 65 4.4867 0
102 64 47 4.4089 0
38 61 46 4.383 0
13 85 81 4.4089 0
114 42 81 4.4089 0
25 44 68 4.4089 0
114 44 43 4.425 0
39 42 66 4.4242 0
13 84 44 4.4089 0
37 85 66 4.4118 0
52 32 85 4.4222 0
61 41 46 4.37 0
114 73 60 4.4089 0
25 65 90 4.4089 0
25 64 80 4.4089 0
13 44 43 4.425 0
114 83 43 4.425 0
67 86 46 4.3639 0
88 96 61 4.3714 0
82 55 46 4.373 0
84 85 68 4.2618 0
102 42 69 4.1414 0
17 53 98 4.2941 0
75 82 100 4.1855 0
72 95 86 4.2842 0
112 75 96 4.2261 0
66 43 89 4.181 0
16 74 97 4.0869 0
39 93 36 3.9629 0
43 71 91 4.0237 0
54 81 100 3.8731 0
28 79 99 3.8877 0
68 85 88 3.8912 0
43 55 91 3.8755 0
39 32 68 3.8921 0
0
