128
127 127 0 77.4919 0
4 10 121 55.0477 0
127 0 127 67.364 0
0 0 0 65.1301 0
0 127 127 61.0329 0
0 127 15 49.2559 0
107 8 18 42.4946 0
96 102 110 38.2578 0
46 71 28 22.1888 0
59 0 66 22.1088 0
49 67 97 20.1893 0
57 127 68 18.8229 0
127 70 76 16.4495 0
0 69 42 13.2696 0
61 36 37 13.1147 0
63 35 90 13.1396 0
79 58 37 13.1378 0
0 86 63 12.0415 0
82 57 89 12.1419 0
127 41 58 11.8779 0
0 67 83 11.6119 0
0 45 63 11.2258 0
51 105 40 10.1272 0
52 97 87 10.0981 0
101 76 68 9.7702 0
83 22 64 9.458 0
21 72 86 9.0839 0
77 100 66 8.1189 0
105 54 42 8.105 0
104 60 85 8.0803 0
20 58 42 8.094 0
29 114 64 8.0904 0
18 35 63 7.9666 0
20 78 43 7.1085 0
41 45 43 7.1058 0
100 31 63 6.931 0
112 65 57 6.8632 0
70 24 52 6.7356 0
3 66 63 6.5266 0
16 103 64 6.6018 0
72 78 44 6.1858 0
89 89 66 6.4335 0
121 55 45 6.3819 0
65 105 54 6.3297 0
30 17 64 6.3034 0
63 90 44 6.1111 0
28 55 83 6.1212 0
36 94 44 6.0809 0
43 44 83 6.1121 0
35 88 83 6.0942 0
87 78 58 6.0538 0
73 73 83 6.0604 0
64 53 64 0.95 0
18 91 72 5.8043 0
18 91 58 5.8043 0
79 30 79 5.4816 0
52 21 46 5.512 0
62 71 63 0.5642 0
31 31 69 5.1851 0
66 104 77 5.3838 0
31 31 57 5.1851 0
37 58 64 0.9365 0
81 40 45 5.1097 0
46 84 64 0.8856 0
15 57 82 5.1486 0
65 86 82 5.1001 0
92 46 45 5.1109 0
86 78 73 5.137 0
49 38 62 0.8451 0
61 54 45 5.0517 0
84 40 82 5.0583 0
29 73 63 0.9092 0
39 117 53 4.9992 0
110 39 67 4.8827 0
70 26 72 4.8071 0
50 22 81 4.8625 0
96 52 64 0.9503 0
109 38 56 4.6636 0
81 48 63 0.7282 0
74 64 65 0.6359 0
63 103 66 4.3642 0
96 65 46 4.3899 0
97 71 54 4.3955 0
94 69 81 4.3199 0
52 60 62 0.785 0
6 52 48 4.1998 0
61 85 62 0.7201 0
22 59 64 0.6844 0
64 53 81 4.1421 0
64 27 63 4.2492 0
43 98 62 0.8273 0
76 34 58 4.1083 0
9 58 56 4.0927 0
97 48 81 4.1006 0
8 82 79 4.2231 0
83 74 46 4.1587 0
43 71 64 0.8295 0
29 46 46 4.1342 0
46 30 46 4.1284 0
76 34 69 4.1083 0
8 56 73 4.1156 0
44 31 81 4.0922 0
25 89 46 4.0438 0
46 110 81 4.0595 0
33 55 46 4.0438 0
24 85 81 4.0438 0
52 91 46 4.0438 0
54 48 81 4.0441 0
10 85 48 4.0175 0
37 45 63 0.7096 0
81 30 51 3.8301 0
84 58 65 1.0314 0
37 85 58 0.9379 0
72 78 65 0.7929 0
38 14 57 3.6443 0
47 50 67 0.832 0
121 48 72 3.4616 0
109 62 68 3.4654 0
59 43 67 0.8066 0
120 56 59 3.5065 0
73 97 54 3.5515 0
49 51 57 0.7825 0
61 25 75 3.4369 0
85 71 80 3.279 0
13 42 54 3.4096 0
38 98 80 3.2398 0
34 94 67 0.7269 0
90 44 68 0.948 0
0
