128
127 0 127 70.7562 0
3 127 6 55.0699 0
0 0 0 70.7562 0
127 127 0 64.1245 0
0 127 127 64.1245 0
116 122 117 50.9634 0
15 22 111 41.9345 0
111 22 15 41.9345 0
66 38 63 24.3991 0
62 122 62 23.9986 0
59 73 3 21.369 0
125 68 63 21.0842 0
2 68 64 21.0842 0
63 68 125 21.0842 0
31 51 65 11.2967 0
65 51 28 11.2967 0
65 52 96 10.2889 0
98 53 71 9.281 0
61 107 31 9.0202 0
30 107 62 8.8971 0
46 54 40 8.2731 0
16 95 61 8.419 0
95 54 52 8.2731 0
46 54 85 8.2731 0
16 71 35 8.2809 0
92 106 61 8.037 0
61 106 92 8.037 0
48 98 80 7.9914 0
79 98 47 7.9914 0
86 68 16 7.565 0
44 81 56 1.4473 0
32 71 17 7.2852 0
78 98 78 7.4144 0
82 55 88 7.2652 0
81 55 39 7.2652 0
63 95 110 7.2441 0
90 69 110 7.2583 0
110 70 89 7.2905 0
110 94 65 7.2766 0
37 67 111 7.1507 0
111 67 37 7.1507 0
17 68 89 6.6868 0
61 79 43 0.9887 0
61 80 66 1.218 0
28 56 47 6.2574 0
86 77 61 0.9887 0
64 97 18 6.2362 0
66 78 85 0.9887 0
19 83 47 5.6447 0
38 76 76 0.5302 0
79 57 105 5.354 0
85 76 80 0.898 0
48 57 23 5.2503 0
49 57 104 5.2503 0
31 57 82 5.2495 0
46 77 39 1.0047 0
76 77 36 0.5302 0
42 100 56 5.1402 0
35 97 74 5.0634 0
54 100 43 5.0391 0
52 78 92 0.6687 0
73 98 34 4.7913 0
71 80 56 1.2811 0
89 75 47 0.898 0
52 93 20 4.5383 0
80 79 107 4.4231 0
51 73 76 0.9569 0
107 80 80 4.4231 0
37 72 90 1.3565 0
20 85 75 4.4245 0
44 68 56 1.4473 0
80 79 20 4.4231 0
45 77 107 4.2205 0
80 58 22 4.3679 0
75 74 70 0.9394 0
107 59 81 4.3639 0
45 58 55 4.2416 0
107 84 52 4.363 0
52 84 107 4.363 0
92 96 52 4.3403 0
95 58 89 4.2416 0
56 86 56 1.2811 0
59 58 42 4.2416 0
20 78 82 4.2838 0
107 77 44 4.2205 0
90 96 74 4.1998 0
46 58 72 4.2416 0
84 58 76 4.2416 0
74 96 90 4.1998 0
72 85 107 4.2272 0
72 89 20 4.2272 0
52 96 53 4.1998 0
85 74 92 1.0795 0
42 88 43 1.0047 0
32 80 66 0.9887 0
32 72 53 1.0047 0
61 85 33 1.218 0
56 72 53 0.7594 0
49 93 92 4.014 0
94 78 71 0.7594 0
43 100 68 3.8932 0
70 70 46 0.9394 0
40 80 21 3.7454 0
44 102 42 3.9424 0
106 59 46 3.7883 0
87 89 42 3.8697 0
66 72 35 0.9887 0
42 89 87 3.8697 0
35 72 37 0.8466 0
21 59 82 3.7883 0
75 85 66 0.9887 0
67 101 42 3.798 0
49 86 66 0.9887 0
61 68 80 0.9887 0
103 69 105 3.6973 0
40 62 19 3.6857 0
85 89 84 3.6024 0
90 69 37 1.3565 0
19 62 45 3.6857 0
61 83 95 0.9887 0
94 85 61 0.9887 0
100 67 20 3.6409 0
20 67 100 3.6409 0
34 101 50 3.6077 0
106 84 71 3.4204 0
43 73 66 0.9887 0
50 99 32 3.5564 0
79 70 52 0.6687 0
0
