128
127 127 0 79.982 0
0 0 0 79.982 0
127 0 127 75.1894 0
0 127 127 75.1894 0
91 90 94 26.1528 0
36 37 94 26.1528 0
39 88 42 23.7393 0
88 39 42 23.7336 0
79 127 82 13.3483 0
48 0 82 13.3483 0
56 71 85 13.1816 0
79 2 52 12.6401 0
48 125 52 12.6401 0
85 70 61 11.5383 0
42 57 61 11.5383 0
63 63 37 10.2451 0
78 57 82 10.1864 0
69 40 80 8.1422 0
63 1 66 7.4112 0
64 126 66 7.4112 0
72 76 47 7.2694 0
60 94 79 7.1344 0
66 109 79 7.1344 0
61 18 79 7.1344 0
55 50 48 6.7425 0
48 39 62 5.8317 0
79 88 62 5.7973 0
44 74 69 5.8111 0
63 49 64 3.525 0
83 43 73 5.531 0
79 19 63 5.2934 0
48 108 63 5.2934 0
64 77 64 3.525 0
64 30 64 3.525 0
72 63 51 5.2307 0
61 54 77 5.1556 0
45 85 74 4.9659 0
63 98 64 3.525 0
55 64 52 4.7268 0
80 54 66 4.6544 0
82 111 72 4.3453 0
45 16 72 4.3453 0
48 28 65 4.2855 0
79 99 65 4.2855 0
72 88 53 4.2228 0
69 17 48 4.124 0
55 39 53 4.2686 0
70 27 76 4.1107 0
63 20 64 3.525 0
64 59 64 3.525 0
58 109 48 4.124 0
61 30 76 4.1107 0
72 71 76 4.1107 0
81 32 69 4.0154 0
46 95 69 4.0154 0
63 86 64 3.525 0
63 40 64 3.525 0
63 114 64 3.525 0
67 82 75 3.1921 0
63 69 64 3.525 0
64 106 64 3.525 0
52 70 60 3.3272 0
74 96 58 3.4488 0
67 87 46 3.3862 0
60 40 46 3.3862 0
51 57 75 3.1029 0
67 8 75 3.1519 0
54 31 57 3.0799 0
56 104 75 3.1029 0
74 5 68 3.1203 0
53 122 68 3.1203 0
62 119 75 3.1519 0
74 58 59 2.9449 0
55 107 56 2.711 0
64 12 62 2.8366 0
72 17 56 2.711 0
73 80 58 2.576 0
54 46 58 2.6517 0
77 107 65 2.5398 0
59 45 74 2.2109 0
69 95 51 2.6122 0
76 121 66 2.5969 0
51 6 66 2.5969 0
50 16 65 2.5398 0
53 24 60 2.441 0
74 103 60 2.441 0
49 82 67 2.4048 0
60 71 48 2.3783 0
60 33 48 2.3783 0
67 56 48 2.3783 0
70 100 74 2.095 0
76 28 64 2.1709 0
72 23 57 2.2071 0
58 37 74 2.095 0
76 106 74 2.095 0
53 51 74 2.2059 0
64 6 56 2.1311 0
63 121 56 2.1311 0
51 100 64 2.1709 0
51 77 64 2.1709 0
72 20 74 2.095 0
67 59 74 2.1844 0
52 99 74 2.095 0
59 83 74 2.095 0
77 115 66 2.0359 0
54 24 74 2.095 0
51 92 74 2.095 0
77 45 66 2.0877 0
53 87 74 2.095 0
69 51 74 2.095 0
75 32 74 2.095 0
73 78 74 2.095 0
52 19 74 2.095 0
60 9 74 2.095 0
66 92 64 2.0988 0
66 24 47 2.0094 0
71 14 74 2.095 0
58 29 52 2.1082 0
67 66 74 2.095 0
58 113 74 2.095 0
68 90 74 2.095 0
74 113 74 2.095 0
70 55 54 1.9732 0
77 10 66 2.0359 0
50 117 66 2.0359 0
57 72 54 1.9732 0
78 81 68 1.9146 0
74 52 61 1.937 0
0
