128
127 0 62 72.7938 0
0 127 0 68.6791 0
0 9 127 68.7825 0
127 127 127 59.6648 0
6 0 0 56.8514 0
17 127 120 49.5221 0
117 106 0 49.0411 0
72 116 61 25.0971 0
66 72 110 22.9948 0
25 56 53 21.1395 0
63 54 0 17.4229 0
63 72 69 16.4792 0
103 87 63 16.2912 0
39 95 67 13.2633 0
24 75 83 12.4027 0
50 34 43 12.236 0
80 82 45 11.8273 0
49 37 68 11.4953 0
50 82 46 10.7159 0
90 52 8 9.7851 0
59 36 22 9.6412 0
73 39 113 9.4804 0
80 90 84 9.5193 0
100 74 89 9.4668 0
51 53 84 9.235 0
34 56 23 8.701 0
63 60 35 4.6926 0
48 85 86 8.3225 0
64 80 7 8.0262 0
89 67 34 7.5088 0
40 62 8 7.0171 0
97 70 106 6.8649 0
75 35 11 6.5835 0
71 55 84 6.5415 0
73 46 24 6.2849 0
67 104 31 6.3248 0
53 53 58 6.2266 0
58 35 85 6.2527 0
46 46 27 6.0539 0
36 74 110 6.0278 0
87 69 58 6.0307 0
71 91 30 5.7706 0
40 72 35 5.7947 0
34 59 80 5.7018 0
57 97 40 5.4568 0
81 63 45 5.2792 0
51 72 11 5.1338 0
93 61 22 5.2438 0
91 62 97 5.1846 0
48 70 87 5.1966 0
74 47 97 5.1763 0
93 70 75 5.0189 0
75 71 11 5.0132 0
48 64 41 4.7747 0
72 56 55 4.7206 0
56 89 31 4.7141 0
36 76 67 4.5999 0
80 74 85 4.5076 0
81 84 64 4.4653 0
56 51 22 4.4705 0
46 57 70 4.3473 0
42 62 96 4.4497 0
43 50 11 4.3208 0
29 77 100 4.3337 0
41 81 100 4.3376 0
79 64 86 4.2632 0
65 40 36 4.2716 0
83 80 73 4.133 0
56 90 59 4.2054 0
82 57 92 4.0916 0
35 89 84 4.178 0
60 45 103 4.1486 0
39 69 24 4.1312 0
39 79 58 4.0731 0
67 29 103 4.0403 0
75 57 20 3.7994 0
42 61 33 4.0035 0
65 94 11 3.9947 0
69 51 73 3.7978 0
63 31 95 3.8412 0
94 86 83 3.82 0
64 50 47 2.3004 0
35 68 100 3.823 0
70 68 49 3.6784 0
87 86 97 3.654 0
58 51 72 3.7239 0
57 68 49 3.7204 0
80 60 76 3.6816 0
69 52 64 3.5255 0
34 63 90 3.6471 0
86 53 23 3.6307 0
55 50 97 3.5978 0
69 95 40 3.551 0
66 102 20 3.5841 0
65 85 39 3.5792 0
71 71 31 1.746 0
50 54 47 3.4805 0
65 76 48 3.4272 0
65 68 31 3.4053 0
51 59 21 3.0657 0
43 75 94 3.337 0
37 67 73 3.2018 0
44 79 75 3.1166 0
55 46 32 3.2123 0
81 62 12 3.1532 0
71 38 99 3.0906 0
50 41 12 3.0126 0
63 54 42 3.1567 0
88 66 68 3.0695 0
65 83 51 3.0163 0
43 50 36 2.9855 0
91 64 87 2.9742 0
63 46 56 1.9688 0
55 43 93 2.8044 0
57 68 32 2.6081 0
68 87 56 2.905 0
60 37 57 2.9064 0
84 79 91 2.8056 0
61 92 49 2.9006 0
47 68 50 2.793 0
63 44 90 2.2175 0
58 61 52 2.8108 0
85 57 30 2.7599 0
78 61 36 2.4739 0
62 38 76 2.6976 0
78 59 62 2.6358 0
87 68 23 2.7137 0
76 55 47 2.6766 0
0
