128
127 60 127 72.9162 0
0 127 0 70.9973 0
119 0 0 66.6031 0
0 0 122 66.1231 0
121 127 22 50.7309 0
27 126 115 45.9701 0
22 24 25 35.0993 0
72 71 33 22.9505 0
16 72 74 20.7551 0
74 0 83 16.3168 0
83 127 85 16.1209 0
52 79 82 15.4795 0
53 48 80 14.3384 0
57 0 52 12.9017 0
65 127 54 12.4143 0
67 103 76 12.1734 0
37 66 44 11.7521 0
64 37 44 11.7521 0
65 103 47 11.4203 0
65 25 73 11.0614 0
99 57 48 9.4715 0
100 77 50 8.5964 0
25 44 65 8.5622 0
33 96 68 7.9319 0
47 84 48 7.7206 0
93 10 70 7.4747 0
51 52 49 7.1894 0
47 124 64 7.0264 0
64 82 61 7.0763 0
93 109 72 7.0291 0
93 93 61 6.924 0
85 46 49 6.7127 0
54 8 72 6.8494 0
55 22 52 6.437 0
68 66 72 6.3924 0
74 85 72 6.3046 0
65 45 62 6.2373 0
72 24 56 6.1985 0
75 6 59 6.1829 0
92 25 64 6.0385 0
35 30 65 5.9161 0
40 5 61 5.9697 0
81 95 50 5.7049 0
74 40 71 5.4312 0
73 61 61 5.1887 0
54 64 55 5.3069 0
71 53 71 5.2661 0
37 55 69 5.2799 0
54 103 63 5.2028 0
28 56 56 5.1417 0
57 117 70 4.9446 0
36 110 66 4.9083 0
81 122 62 4.8956 0
80 34 51 4.697 0
49 97 51 4.7374 0
55 64 67 4.5043 0
31 80 52 4.436 0
41 65 70 4.2696 0
98 44 55 4.2802 0
63 53 53 4.2311 0
53 28 62 4.1809 0
38 37 74 4.183 0
76 74 69 4.0985 0
74 98 60 4.1359 0
74 118 68 4.0712 0
37 17 62 3.9004 0
74 50 52 3.8831 0
80 21 78 3.9191 0
53 56 62 3.8901 0
49 26 77 3.7436 0
84 103 78 3.8671 0
38 84 68 3.8606 0
38 51 52 3.6891 0
49 100 77 3.7436 0
58 89 52 3.7214 0
90 86 52 3.7326 0
34 88 56 3.6634 0
50 33 52 3.7325 0
68 14 52 3.6891 0
46 41 52 3.6891 0
97 34 59 3.6164 0
54 114 52 3.6891 0
76 114 52 3.6891 0
53 74 53 3.6069 0
53 95 69 3.5796 0
74 71 61 3.5323 0
65 9 66 3.2302 0
38 44 67 3.309 0
52 72 63 3.173 0
52 109 72 3.3102 0
42 96 77 3.1988 0
50 106 53 3.087 0
52 20 66 3.0874 0
52 33 69 3.173 0
89 98 71 2.9044 0
61 97 61 3.1281 0
75 107 62 3.0136 0
61 30 58 3.1281 0
51 19 74 3.0426 0
40 92 53 2.9664 0
56 41 57 2.9392 0
88 117 66 2.8697 0
89 31 56 2.8962 0
89 103 63 2.916 0
88 20 74 2.8012 0
90 68 53 2.7423 0
83 7 65 2.8605 0
85 58 53 2.6812 0
44 32 77 2.7351 0
81 106 53 2.6812 0
72 89 53 2.7237 0
66 117 67 2.6668 0
92 38 53 2.6812 0
76 42 53 2.6812 0
82 86 53 2.6812 0
47 14 53 2.6812 0
75 52 63 2.6704 0
40 73 68 2.5661 0
63 57 68 2.6168 0
85 87 69 2.5859 0
45 24 65 1.8578 0
75 14 68 2.2396 0
89 35 65 2.312 0
78 64 68 2.3155 0
78 48 68 2.3155 0
62 73 67 2.4645 0
96 83 60 2.407 0
78 58 68 2.3155 0
0
