128
127 127 78 77.9449 0
0 0 127 71.9607 0
0 127 0 57.9732 0
127 0 0 57.8743 0
6 0 0 54.0206 0
101 17 92 34.8677 0
32 99 126 30.8271 0
27 79 69 28.6368 0
56 25 54 22.3138 0
63 60 0 17.8324 0
77 53 127 19.6954 0
74 102 0 18.559 0
102 74 0 18.5335 0
90 44 49 15.45 0
16 62 29 13.8978 0
52 94 38 12.1556 0
31 62 6 11.7851 0
35 49 41 10.9475 0
65 31 7 10.7773 0
53 85 9 8.7615 0
103 56 30 8.6591 0
55 80 95 8.5233 0
45 46 77 8.5165 0
69 82 126 8.2352 0
35 77 32 8.0744 0
77 32 31 7.8854 0
82 51 71 7.8981 0
87 53 10 7.7536 0
50 64 120 7.5572 0
66 21 24 7.5534 0
60 106 23 7.4652 0
66 40 103 7.3962 0
61 32 85 7.3975 0
78 78 11 6.7458 0
36 68 103 6.1868 0
59 81 52 5.9866 0
70 40 75 5.935 0
45 39 30 5.9579 0
49 42 12 5.7379 0
56 53 110 5.6602 0
91 65 33 5.4439 0
46 52 55 5.428 0
84 54 85 5.4336 0
60 74 80 5.193 0
91 55 105 5.1578 0
62 84 110 5.2267 0
67 95 28 4.8617 0
86 42 28 4.8617 0
61 77 63 4.8601 0
82 66 13 4.73 0
76 42 13 4.73 0
40 79 13 4.73 0
40 58 93 4.7353 0
46 70 13 4.73 0
80 59 60 4.5534 0
62 33 28 4.4864 0
38 65 38 4.3982 0
85 64 43 4.3247 0
51 29 27 4.2917 0
73 46 61 4.2723 0
45 69 96 4.1373 0
89 90 14 4.1575 0
59 73 122 4.0369 0
29 48 26 4.049 0
49 77 43 3.8971 0
59 41 76 4.0495 0
88 55 95 3.8935 0
102 69 24 3.8885 0
35 60 29 3.8502 0
49 53 66 3.8863 0
44 54 14 3.7221 0
66 83 43 3.9308 0
90 52 29 3.9011 0
101 55 16 3.8559 0
54 98 14 3.8553 0
69 87 34 3.6305 0
68 83 14 3.7221 0
37 48 14 3.7221 0
80 64 51 3.5489 0
46 74 104 3.3374 0
40 64 113 3.6138 0
43 62 45 3.4788 0
26 73 18 3.5232 0
76 47 103 3.3495 0
55 26 18 3.297 0
52 40 86 3.2037 0
53 70 87 3.1602 0
79 60 79 3.065 0
27 52 18 3.0885 0
56 46 102 3.102 0
44 50 89 3.1663 0
72 41 40 3.089 0
43 72 41 3.1505 0
67 39 34 2.9485 0
38 46 26 2.846 0
77 46 81 2.9859 0
42 88 26 2.846 0
65 52 106 2.9358 0
93 73 26 2.846 0
46 57 85 2.7518 0
67 44 15 2.7143 0
59 62 113 2.9341 0
65 73 70 2.8418 0
66 73 88 2.8422 0
55 38 30 2.8565 0
60 44 15 2.7143 0
77 63 67 2.8472 0
50 48 42 2.7877 0
94 46 26 2.8683 0
74 27 18 2.8008 0
66 77 100 2.8184 0
46 58 110 2.7697 0
63 76 15 2.7143 0
58 37 95 2.7889 0
54 73 15 2.7143 0
76 51 15 2.7143 0
47 61 15 2.7143 0
52 78 107 2.7608 0
87 82 15 2.7143 0
83 50 104 2.509 0
32 76 15 2.7143 0
77 33 15 2.7143 0
51 33 15 2.7143 0
75 90 27 2.7172 0
71 47 51 2.608 0
78 75 119 2.6749 0
68 78 50 2.6443 0
56 47 68 2.6085 0
0
