128
127 0 127 79.2725 0
0 127 0 58.2681 0
127 127 0 58.3528 0
0 0 0 58.2681 0
73 127 126 57.5131 0
118 18 0 48.2921 0
0 10 126 47.0772 0
58 64 17 27.8852 0
0 106 85 27.4546 0
121 86 71 22.335 0
59 61 81 21.915 0
43 3 69 21.6362 0
0 56 74 21.2202 0
18 73 113 18.3869 0
64 127 45 17.7939 0
72 0 43 16.1078 0
37 118 63 14.1142 0
5 65 39 14.0836 0
119 55 51 13.3092 0
15 25 68 12.479 0
97 69 30 12.4437 0
63 25 30 12.4437 0
84 83 71 11.8362 0
48 29 91 11.2555 0
48 92 71 11.0913 0
38 51 106 11.0566 0
69 100 32 10.4279 0
99 114 63 10.6911 0
90 61 69 9.8205 0
65 31 69 9.8205 0
6 85 54 9.2904 0
84 87 34 8.4122 0
25 53 34 8.4122 0
45 35 70 8.0677 0
68 96 67 7.8047 0
26 76 35 7.4043 0
47 94 35 7.4043 0
45 35 35 7.4043 0
79 40 35 7.4043 0
111 78 43 7.3703 0
8 45 48 6.9301 0
80 41 66 6.7969 0
84 102 66 6.7969 0
57 108 65 6.5539 0
49 14 42 6.729 0
70 14 63 6.5458 0
79 115 62 6.4776 0
90 50 36 6.3964 0
41 77 98 6.1881 0
15 80 67 6.1021 0
43 85 87 6.0519 0
92 12 49 5.8887 0
17 53 97 5.627 0
50 108 38 5.6375 0
22 104 58 5.451 0
68 66 50 5.5984 0
87 116 50 5.4066 0
35 87 37 5.3885 0
105 63 63 5.2088 0
16 76 88 5.0942 0
28 23 82 5.119 0
35 105 79 5.0834 0
42 77 65 5.0441 0
57 56 50 4.9963 0
111 36 51 4.9081 0
61 83 64 4.7811 0
57 69 51 4.8154 0
96 97 64 4.7811 0
93 46 64 4.7811 0
104 52 63 4.7257 0
102 53 38 4.6097 0
18 36 82 4.5601 0
27 20 55 4.5371 0
35 43 38 4.3807 0
13 71 56 4.4383 0
79 20 38 4.381 0
32 65 38 4.3807 0
26 92 100 4.2851 0
14 40 58 4.3326 0
18 90 62 4.2445 0
37 66 99 4.1984 0
41 47 65 4.0362 0
105 101 54 4.009 0
79 110 39 3.9994 0
17 78 78 4.0864 0
47 111 48 3.95 0
68 111 61 3.8844 0
79 27 63 3.7732 0
17 96 53 3.7278 0
15 81 42 3.8133 0
70 78 63 3.7732 0
108 70 53 3.7648 0
16 33 52 3.7154 0
77 70 63 3.7732 0
56 41 63 3.7732 0
99 71 63 3.7732 0
69 44 63 3.7732 0
78 52 63 3.7732 0
36 36 99 3.7664 0
64 40 39 3.3728 0
58 90 39 3.3728 0
72 84 39 3.3728 0
82 68 39 3.3728 0
101 85 39 3.4671 0
80 13 58 3.4131 0
81 57 39 3.3728 0
28 102 66 3.469 0
56 38 39 3.3728 0
79 76 39 3.3728 0
83 28 39 3.3728 0
43 24 39 3.4366 0
35 86 99 3.387 0
14 55 52 3.3434 0
107 43 58 3.4028 0
67 56 51 3.3781 0
109 89 47 3.3694 0
84 103 39 3.3728 0
37 53 39 3.3728 0
18 42 89 3.2641 0
40 42 84 3.0283 0
39 78 39 3.3728 0
107 66 44 3.2495 0
40 79 76 3.0283 0
61 14 53 3.2111 0
39 27 78 3.2113 0
18 62 93 3.2125 0
40 43 93 3.1627 0
103 24 50 3.1883 0
0
