128
0 62 127 66.3437 0
127 70 0 66.3437 0
0 127 0 71.8387 0
127 0 127 70.2534 0
108 127 118 57.3788 0
22 0 10 56.2576 0
70 52 70 23.4283 0
51 11 80 18.6818 0
76 118 49 17.9148 0
86 12 47 17.5131 0
43 116 78 16.7343 0
38 62 47 15.8311 0
61 84 47 14.5076 0
60 88 79 13.37 0
104 66 79 13.4198 0
41 38 61 8.8634 0
87 81 73 8.7799 0
19 48 55 8.0767 0
44 78 67 7.71 0
64 24 54 7.3228 0
75 20 72 6.9608 0
66 107 72 6.6287 0
80 80 58 6.5974 0
28 21 72 6.6105 0
54 106 55 6.4006 0
39 93 72 6.3149 0
109 48 68 6.3101 0
81 94 55 6.3149 0
21 75 56 6.1263 0
106 27 56 6.1264 0
98 108 56 6.0825 0
35 83 56 6.0254 0
91 35 56 5.9984 0
107 84 70 5.8772 0
25 102 71 5.8059 0
44 94 56 5.307 0
79 94 71 5.307 0
19 28 66 4.7637 0
108 37 63 4.7074 0
89 72 61 4.4918 0
53 30 57 4.4641 0
98 44 70 4.2992 0
92 98 57 4.2992 0
86 28 70 4.2992 0
36 51 66 4.2807 0
73 82 67 3.8619 0
20 93 66 3.7691 0
20 85 61 3.7691 0
107 102 61 3.7691 0
21 64 59 3.7349 0
20 37 63 3.6995 0
107 94 64 3.6995 0
42 104 60 3.5587 0
27 38 58 3.2913 0
53 21 58 3.4432 0
98 90 69 3.2913 0
93 36 69 3.3969 0
64 101 58 3.2913 0
89 87 58 3.2913 0
28 92 69 3.2913 0
32 31 69 3.3531 0
77 105 69 3.2921 0
71 97 58 3.2913 0
35 69 66 3.2893 0
91 93 69 3.2913 0
100 40 58 3.2913 0
94 45 58 3.2913 0
56 102 69 3.2913 0
51 32 67 3.2338 0
67 19 64 3.0801 0
87 20 67 3.0176 0
33 103 64 2.9662 0
34 84 68 2.9091 0
58 108 65 2.5997 0
82 30 59 2.559 0
89 108 63 2.5997 0
91 81 61 2.516 0
54 83 64 2.4763 0
37 20 65 2.3694 0
86 99 68 2.2834 0
71 97 68 2.2834 0
32 48 59 2.367 0
97 53 68 2.2834 0
65 24 68 2.2834 0
100 99 59 2.2834 0
48 99 68 2.2834 0
32 43 68 2.367 0
101 37 68 2.2834 0
34 62 66 2.3098 0
34 75 61 2.3098 0
30 91 59 2.2834 0
95 90 59 2.2834 0
47 89 68 2.2834 0
73 90 59 2.2834 0
36 92 59 2.2834 0
52 96 59 2.2834 0
58 97 59 2.2834 0
29 37 68 2.2834 0
97 26 59 2.2834 0
46 27 59 2.2834 0
98 80 68 2.2834 0
75 25 59 2.2834 0
39 25 68 2.2834 0
94 29 68 2.2834 0
25 33 68 2.2834 0
45 86 59 2.2834 0
37 98 59 2.2834 0
101 20 60 2.2437 0
92 67 67 2.1069 0
95 20 64 2.107 0
33 76 67 1.9547 0
92 63 60 2.1069 0
22 57 61 1.8148 0
86 31 63 1.7767 0
61 20 63 1.8446 0
105 76 66 1.8148 0
45 20 61 1.7282 0
91 31 64 1.7767 0
105 56 66 1.8148 0
63 107 61 1.7282 0
82 107 66 1.7282 0
72 20 61 1.7282 0
23 32 60 1.6296 0
104 44 60 1.6296 0
27 86 60 1.2756 0
71 84 61 1.6129 0
65 84 64 1.4685 0
50 84 61 1.6129 0
0
