128
127 0 127 53.5613 0
0 127 0 53.5613 0
127 0 0 53.5613 0
0 127 127 53.5613 0
127 127 0 52.9016 0
0 0 0 52.9015 0
127 127 127 52.9015 0
0 0 127 52.9015 0
67 64 86 26.1866 0
31 54 60 17.7714 0
127 81 72 17.737 0
46 0 72 17.737 0
81 127 72 17.737 0
38 89 63 16.9595 0
89 38 58 16.5835 0
72 97 56 16.3049 0
97 73 55 16.1004 0
0 49 76 16.0462 0
55 29 55 15.847 0
29 63 127 15.1272 0
98 64 0 15.1272 0
64 98 127 15.0841 0
63 29 127 15.0841 0
29 63 0 15.081 0
98 64 127 15.081 0
63 29 0 14.9408 0
64 98 0 14.9408 0
0 63 29 14.8758 0
127 64 29 14.8758 0
63 0 29 14.8755 0
64 127 29 14.8755 0
29 127 63 14.7446 0
98 0 64 14.7446 0
126 28 64 14.3599 0
1 99 64 14.3599 0
124 64 101 13.7844 0
64 124 101 13.7843 0
63 3 101 13.7843 0
5 63 103 13.0631 0
7 22 63 12.7344 0
109 116 64 12.0954 0
54 27 84 11.7383 0
0 78 83 10.6453 0
74 102 87 10.6093 0
30 55 90 10.3859 0
127 48 81 10.3225 0
103 74 90 10.2359 0
48 127 81 10.1781 0
7 42 49 10.1814 0
78 0 81 9.9287 0
90 35 86 9.8211 0
38 88 91 9.6238 0
127 48 49 9.5904 0
0 79 49 9.5904 0
66 63 0 6.1952 0
42 88 36 9.2827 0
91 90 75 9.0189 0
101 56 75 8.9331 0
50 77 0 9.0007 0
77 50 127 9.0007 0
50 77 127 9.0007 0
77 50 0 9.0007 0
81 2 46 8.9006 0
85 118 46 8.852 0
50 127 50 8.8723 0
20 49 35 8.765 0
51 51 0 8.6717 0
76 76 127 8.6717 0
51 51 127 8.6717 0
76 76 0 8.6717 0
55 99 81 8.4789 0
33 71 38 8.214 0
26 10 56 8.3023 0
75 27 77 8.3248 0
41 9 46 8.2551 0
118 86 46 8.2551 0
94 54 38 8.0123 0
73 33 38 8.0736 0
41 41 38 8.0721 0
28 73 81 8.0519 0
78 107 33 7.8428 0
85 86 37 7.8499 0
0 60 53 7.6144 0
36 38 81 7.4804 0
49 19 32 7.3958 0
108 78 32 7.3958 0
97 21 76 7.323 0
91 38 33 7.1598 0
117 99 56 7.118 0
75 0 62 7.0129 0
63 0 52 7.0501 0
60 94 35 6.9695 0
0 72 65 6.7334 0
57 35 32 6.5663 0
24 14 73 6.6158 0
35 56 33 6.6102 0
92 70 32 6.4833 0
62 65 127 6.2928 0
30 108 77 6.3151 0
19 97 77 6.3151 0
121 70 50 6.3769 0
127 57 64 6.3208 0
108 55 19 6.2082 0
30 108 50 6.3151 0
19 97 50 6.3151 0
43 42 94 6.3344 0
67 125 51 6.2838 0
72 19 19 6.1069 0
55 108 19 6.1069 0
51 100 45 6.133 0
19 54 19 6.1852 0
18 72 20 6.1384 0
72 108 19 6.0124 0
56 19 19 5.893 0
108 71 19 5.8731 0
107 31 79 5.9462 0
37 30 69 5.9018 0
35 71 95 5.787 0
113 101 75 5.8467 0
106 74 109 5.7334 0
97 17 50 5.5289 0
21 53 109 5.7334 0
106 54 109 5.5748 0
71 31 91 5.6646 0
53 21 109 5.5911 0
74 106 109 5.5911 0
110 30 50 5.5289 0
54 107 108 5.4791 0
0
