128
0 0 127 78.2644 0
127 0 0 77.2267 0
127 127 127 77.015 0
0 127 0 75.8796 0
93 94 33 26.6263 0
35 93 92 26.0243 0
90 38 89 25.2287 0
35 38 36 25.2299 0
62 86 61 14.5752 0
68 49 57 14.1142 0
105 65 62 13.8714 0
50 51 1 13.9562 0
22 66 64 13.9552 0
75 76 0 13.556 0
51 77 125 12.7161 0
76 52 125 12.4933 0
57 53 81 10.0827 0
69 76 84 10.2276 0
84 77 69 9.2195 0
64 74 24 8.2119 0
62 74 105 8.2119 0
62 55 21 8.0669 0
42 55 68 8.0669 0
64 55 104 8.0669 0
41 76 54 7.9021 0
70 56 36 7.0591 0
60 82 39 6.579 0
88 57 52 6.0512 0
54 72 75 5.6846 0
48 72 38 5.2928 0
44 72 68 5.0835 0
82 71 54 5.1089 0
85 58 64 5.0433 0
50 58 55 5.0433 0
83 58 41 5.0433 0
68 72 38 4.8946 0
68 69 122 4.8645 0
59 60 123 4.714 0
95 67 79 4.5688 0
32 67 47 4.5626 0
67 59 6 4.4653 0
58 70 7 4.2912 0
74 70 98 4.1804 0
56 70 50 4.1804 0
33 60 79 4.2945 0
58 59 43 4.0354 0
57 70 92 4.1804 0
76 70 19 4.1804 0
66 70 50 4.1804 0
73 59 73 4.0354 0
75 59 25 4.0354 0
79 59 109 4.0354 0
68 59 90 4.0354 0
49 59 19 4.0354 0
58 59 33 4.0354 0
43 59 82 4.0354 0
55 59 67 4.0354 0
48 59 93 4.0354 0
95 62 45 4.0083 0
84 72 84 3.9767 0
49 71 108 3.5603 0
73 75 48 3.372 0
86 69 15 3.4007 0
55 69 16 3.1725 0
52 70 23 3.2504 0
63 69 71 3.1725 0
39 60 56 3.0276 0
72 69 111 3.1725 0
70 69 58 3.1725 0
80 69 92 3.1725 0
70 71 69 3.2053 0
71 60 82 3.0276 0
75 69 31 3.1725 0
57 60 114 3.0276 0
79 69 45 3.0581 0
52 69 99 3.1725 0
81 60 32 3.0276 0
41 60 16 3.0369 0
53 60 102 3.0276 0
59 60 94 3.0276 0
74 60 17 3.0276 0
75 60 102 3.0276 0
65 60 115 3.0276 0
92 68 50 3.0148 0
39 71 42 2.9054 0
52 69 85 2.9253 0
54 69 30 2.8582 0
60 69 40 2.8011 0
55 69 61 2.6822 0
53 76 31 2.6131 0
35 63 88 2.5027 0
42 68 109 2.4746 0
35 67 76 2.3021 0
43 69 76 2.3187 0
35 67 39 2.3021 0
69 68 15 2.1646 0
76 68 75 2.1646 0
48 70 29 2.2749 0
47 68 61 2.1646 0
55 74 43 2.1512 0
86 61 106 2.1488 0
62 68 61 2.1646 0
54 68 112 2.1646 0
47 69 46 2.1953 0
62 68 34 2.1646 0
66 68 96 2.1646 0
76 74 59 2.1943 0
60 74 45 2.1928 0
63 61 69 2.0197 0
89 68 88 2.1514 0
58 68 84 2.1646 0
79 68 62 2.1646 0
72 61 111 2.0197 0
60 68 56 2.1646 0
75 68 105 2.1646 0
75 68 38 2.1646 0
43 68 32 2.0044 0
77 61 67 2.0197 0
54 61 27 2.0197 0
81 61 57 2.0197 0
51 67 7 2.1532 0
74 61 95 2.0197 0
50 74 46 2.1318 0
43 61 51 2.0197 0
64 70 13 1.938 0
66 61 74 2.0197 0
65 61 44 2.0197 0
57 61 50 2.0197 0
0
