128
0 127 127 82.7318 0
127 127 0 73.5485 0
127 0 127 67.6268 0
0 0 0 65.2062 0
16 1 109 43.5508 0
105 13 20 41.1169 0
29 92 21 31.2854 0
104 91 96 29.9321 0
90 60 58 19.9464 0
66 58 20 17.4049 0
2 45 70 15.7878 0
61 0 55 15.4321 0
56 45 126 15.2735 0
51 125 44 12.8924 0
60 61 75 12.5979 0
60 38 98 12.6712 0
74 66 116 12.6504 0
75 110 68 12.4662 0
14 66 54 11.7038 0
54 95 56 10.3305 0
63 8 82 9.9313 0
81 18 66 9.8379 0
38 48 93 9.7442 0
28 30 64 9.6323 0
83 90 61 9.0612 0
87 55 87 8.5468 0
25 52 79 8.3924 0
28 56 41 8.2288 0
57 60 99 8.2301 0
41 80 58 8.1231 0
40 11 63 7.9845 0
42 53 31 7.6438 0
86 35 73 7.5139 0
41 53 70 7.4582 0
22 45 54 7.434 0
60 34 28 7.2749 0
71 78 36 7.1562 0
61 88 72 7.1846 0
51 65 39 6.3342 0
68 25 85 6.1602 0
30 70 64 5.9328 0
61 111 54 5.9489 0
32 38 78 5.9033 0
76 86 47 5.6673 0
65 75 94 5.6599 0
78 67 81 5.567 0
57 106 43 5.6196 0
75 47 40 5.5569 0
67 85 85 5.5722 0
83 55 103 5.5934 0
69 75 65 5.4304 0
76 36 87 5.2921 0
56 22 88 5.2166 0
46 65 63 5.2083 0
51 18 47 4.9603 0
69 96 79 5.0783 0
45 35 86 4.7241 0
88 31 60 4.923 0
58 76 38 4.8439 0
39 25 54 4.7772 0
75 51 79 4.8107 0
49 5 72 4.7014 0
24 60 67 4.6489 0
49 41 31 4.2829 0
39 64 43 4.4243 0
49 82 69 4.3986 0
31 68 49 4.329 0
60 22 32 4.3367 0
61 9 35 4.1939 0
70 19 50 4.2559 0
39 22 71 4.144 0
81 79 72 4.2736 0
38 59 59 4.0938 0
65 87 30 4.1713 0
80 65 98 3.97 0
75 100 53 3.9637 0
21 38 77 4.1175 0
73 79 55 3.9918 0
63 66 41 4.0368 0
67 53 105 3.9281 0
57 112 33 3.9708 0
82 43 82 3.9557 0
72 74 75 3.9037 0
55 71 61 3.744 0
73 65 40 3.8994 0
72 77 102 3.7045 0
51 82 49 3.7267 0
31 64 74 3.4199 0
35 46 62 3.6597 0
59 96 41 3.6363 0
35 60 83 3.6551 0
69 94 65 3.4214 0
71 56 43 3.514 0
74 48 117 3.4679 0
83 37 52 3.431 0
59 79 84 3.3791 0
53 26 37 3.3531 0
70 19 76 3.3086 0
56 70 91 3.2051 0
62 98 33 3.3288 0
63 71 103 3.2441 0
20 52 64 3.1939 0
49 43 85 3.2675 0
69 64 99 3.1587 0
68 19 59 2.8462 0
70 84 98 3.1268 0
77 94 74 3.0123 0
51 16 80 3.1265 0
74 59 85 3.1391 0
40 75 70 3.1446 0
74 58 100 3.0338 0
43 65 72 3.067 0
64 16 44 3.0863 0
66 67 60 2.9554 0
74 75 48 3.0831 0
45 25 47 2.9821 0
53 81 60 3.0634 0
44 58 80 3.0458 0
48 50 79 3.0147 0
48 25 83 3.0004 0
80 45 74 2.9823 0
57 14 41 2.8498 0
82 43 90 3.0366 0
45 70 46 2.9588 0
52 51 91 2.9626 0
38 29 76 2.6914 0
68 14 70 2.737 0
30 36 52 2.9286 0
0
