128
70 64 0 30.5712 0
0 127 127 55.6472 0
127 0 127 54.6227 0
0 0 127 54.9904 0
127 127 127 54.5463 0
0 0 0 52.8092 0
0 127 0 52.7623 0
127 0 0 52.8093 0
127 127 0 52.7623 0
64 0 52 26.1251 0
127 66 51 25.5632 0
0 66 51 25.5611 0
77 127 61 25.1015 0
63 64 95 18.2807 0
112 63 93 17.5126 0
35 115 61 17.4548 0
105 26 62 16.7806 0
22 26 62 16.7778 0
9 63 93 15.6403 0
25 63 15 15.453 0
64 5 94 15.0709 0
63 33 127 14.6074 0
108 100 65 14.6277 0
64 21 16 14.4452 0
64 114 98 14.225 0
64 96 127 14.3458 0
96 63 127 14.0776 0
31 63 127 13.9749 0
63 108 17 13.4373 0
36 81 89 12.8073 0
35 49 89 12.7677 0
75 92 88 10.8894 0
19 92 71 10.8121 0
71 36 87 10.7916 0
107 58 20 10.4137 0
43 17 79 10.3047 0
84 17 79 10.3047 0
55 105 42 10.0353 0
92 98 45 10.0533 0
27 92 46 10.0104 0
90 46 86 9.4535 0
46 38 21 9.4058 0
54 95 85 8.7759 0
87 27 41 8.6765 0
92 80 85 8.7759 0
25 43 41 8.7315 0
102 43 41 8.7294 0
41 26 43 8.7121 0
52 75 127 8.4826 0
75 74 127 8.4745 0
47 92 22 8.3979 0
74 55 127 8.1143 0
53 55 127 7.9428 0
51 33 87 7.8799 0
17 47 76 7.9203 0
99 77 23 7.3901 0
80 94 23 7.3901 0
92 99 82 7.3974 0
73 101 39 7.0689 0
99 81 39 7.1332 0
87 64 83 6.7601 0
38 100 81 6.6897 0
71 22 109 6.5289 0
106 40 82 6.529 0
94 45 24 6.3822 0
80 36 24 6.3822 0
82 43 120 6.2164 0
43 76 24 6.3822 0
54 109 76 6.3865 0
88 70 99 6.2329 0
55 23 109 6.233 0
107 50 72 6.0425 0
25 54 107 5.9934 0
45 43 120 6.0412 0
77 115 31 5.9543 0
99 83 53 5.9611 0
109 83 79 5.9223 0
43 93 38 5.6377 0
85 53 100 5.7108 0
82 86 119 5.5606 0
54 87 99 5.5879 0
27 78 37 5.6069 0
45 26 58 5.4285 0
31 83 25 5.3743 0
31 44 25 5.3743 0
98 67 37 5.3008 0
23 71 110 5.3782 0
81 25 64 5.385 0
44 56 25 5.3743 0
94 30 82 5.2214 0
47 87 119 5.1575 0
62 22 81 5.1511 0
81 81 100 5.0992 0
50 43 99 5.1913 0
34 31 81 5.1174 0
63 29 37 4.9302 0
100 75 110 4.9632 0
56 104 59 5.1046 0
63 65 125 4.9438 0
37 65 99 4.9994 0
87 97 61 4.7424 0
19 78 81 4.9158 0
24 50 64 4.7662 0
78 77 81 4.7444 0
46 105 92 4.7972 0
53 47 81 4.7444 0
53 81 81 4.7444 0
30 65 81 4.7444 0
28 83 59 4.7284 0
41 65 81 4.7444 0
75 44 101 4.7039 0
102 48 57 4.6183 0
42 95 50 4.6144 0
30 67 37 4.6124 0
26 57 36 4.599 0
40 104 36 4.599 0
49 113 29 4.6452 0
38 39 36 4.599 0
92 79 116 4.54 0
88 41 36 4.2938 0
79 29 53 4.3768 0
78 32 113 4.5227 0
62 91 26 4.3664 0
37 79 117 4.3522 0
60 39 99 4.4264 0
65 88 101 4.3855 0
20 68 75 4.3308 0
54 102 110 4.4597 0
0
