128
0 0 127 75.3016 0
127 127 0 59.8764 0
0 127 0 61.7121 0
127 127 127 59.8763 0
127 0 0 59.8763 0
127 12 121 51.3979 0
14 126 113 51.0228 0
24 21 10 44.6946 0
127 64 61 26.5948 0
42 71 68 23.8008 0
65 75 25 23.6793 0
77 65 101 22.3992 0
65 127 58 21.8602 0
77 0 66 21.8666 0
0 53 54 13.4788 0
69 99 91 12.4832 0
73 39 36 12.3721 0
96 56 36 12.3205 0
0 87 64 12.1032 0
86 39 64 8.6477 0
73 32 90 11.3618 0
86 75 64 8.6477 0
51 21 59 10.1388 0
8 73 81 10.0803 0
22 69 39 9.9409 0
86 97 64 8.6477 0
95 115 64 9.7736 0
110 28 63 9.461 0
110 100 64 9.461 0
74 103 40 8.311 0
94 80 40 8.289 0
85 57 64 8.2521 0
104 76 86 8.2099 0
67 19 43 8.1276 0
37 112 59 7.9482 0
103 55 86 7.806 0
53 104 41 7.7248 0
58 45 86 7.7247 0
2 74 47 7.739 0
43 91 42 6.9362 0
56 49 42 6.7168 0
80 112 79 6.7784 0
37 33 60 6.5554 0
88 42 85 6.2732 0
88 92 85 6.2732 0
60 22 75 6.0367 0
19 41 58 5.7999 0
106 88 75 5.4295 0
16 100 61 5.5817 0
106 41 48 5.4737 0
85 92 43 5.2654 0
106 42 76 5.4295 0
106 86 48 5.4738 0
82 24 43 5.2653 0
94 38 43 5.2654 0
58 110 80 5.1618 0
88 25 60 4.9947 0
85 110 48 4.7765 0
101 17 70 4.8016 0
52 95 83 4.701 0
97 17 57 4.7263 0
5 68 66 4.6226 0
29 85 45 4.5588 0
7 59 71 4.6715 0
65 83 83 4.6747 0
30 57 45 4.6598 0
84 21 83 4.4052 0
42 52 45 4.3347 0
74 55 44 4.2811 0
87 69 44 4.2575 0
91 81 83 4.2574 0
89 30 83 4.2575 0
26 105 61 4.1593 0
16 60 75 3.8813 0
16 56 45 3.8127 0
17 85 75 3.8813 0
45 109 69 3.7484 0
43 108 48 3.7352 0
88 18 49 3.7185 0
14 80 45 3.8127 0
58 33 82 3.6932 0
104 42 65 3.4137 0
59 29 45 3.7301 0
58 38 45 3.6932 0
61 95 45 3.6438 0
104 86 65 3.4138 0
70 46 82 3.3875 0
14 49 65 3.4613 0
66 22 56 3.4719 0
82 61 45 3.2496 0
51 28 72 3.3972 0
98 88 82 3.2495 0
104 96 52 3.4138 0
84 27 69 3.3853 0
101 70 45 3.3538 0
82 51 45 3.2496 0
74 85 82 3.2736 0
97 65 82 3.2496 0
87 45 45 3.2496 0
78 46 82 3.2496 0
98 91 45 3.2496 0
90 29 45 3.2496 0
98 44 82 3.2496 0
83 101 82 3.2495 0
88 102 45 3.2496 0
92 52 82 3.2496 0
28 39 63 3.0131 0
44 31 68 3.0596 0
57 60 47 3.0272 0
83 86 58 2.9521 0
9 85 50 2.9443 0
65 23 65 2.9866 0
90 86 59 2.9679 0
12 91 54 2.8736 0
10 65 46 2.8447 0
80 86 66 2.8297 0
79 108 69 2.8308 0
83 107 57 2.8476 0
90 108 77 2.7106 0
69 108 77 2.7106 0
53 89 46 2.7705 0
50 108 75 2.7106 0
59 89 81 2.7494 0
91 19 79 2.7916 0
33 94 46 2.8048 0
41 101 46 2.8048 0
70 21 79 2.7807 0
48 108 62 2.7106 0
0
