128
127 127 127 61.2635 0
0 0 0 61.4181 0
127 127 0 61.4181 0
0 127 0 61.4181 0
127 0 0 61.4181 0
127 0 127 61.2635 0
0 0 127 61.2635 0
0 127 127 61.2635 0
64 64 24 29.747 0
64 64 112 27.283 0
63 127 63 23.73 0
127 65 65 23.73 0
63 0 68 23.7301 0
0 68 64 23.7301 0
64 64 71 12.3474 0
63 104 93 11.9652 0
103 63 94 11.9032 0
23 64 93 11.9652 0
68 23 39 11.8096 0
65 25 95 11.8412 0
24 57 40 10.757 0
103 57 40 10.757 0
13 35 63 10.6277 0
72 101 41 9.7491 0
113 32 64 9.6198 0
95 14 64 9.6198 0
95 113 64 9.6198 0
52 101 42 8.7412 0
112 96 63 8.6119 0
97 77 42 8.7412 0
48 32 42 8.7412 0
32 15 65 8.612 0
32 112 65 8.6119 0
30 78 42 8.7412 0
15 98 64 8.6119 0
84 36 43 7.7333 0
86 90 44 6.7254 0
19 48 81 6.7653 0
38 45 44 6.7254 0
49 90 94 5.9924 0
38 80 94 5.9924 0
107 47 81 6.0223 0
43 43 94 5.9924 0
81 108 80 6.0928 0
45 18 49 5.9689 0
48 107 81 6.0223 0
106 80 82 5.9603 0
87 46 94 5.9924 0
82 87 94 5.9924 0
83 18 50 5.7013 0
48 23 84 5.8363 0
43 87 45 5.7176 0
109 43 50 5.7012 0
84 109 50 5.7013 0
40 109 52 5.5883 0
109 85 51 5.5907 0
82 20 80 5.3413 0
21 82 81 5.2793 0
19 43 49 5.0308 0
93 78 93 5.0419 0
78 38 93 4.9845 0
38 54 93 4.9845 0
97 42 46 4.7097 0
80 99 88 4.8452 0
88 49 46 4.7097 0
49 32 92 4.7861 0
19 86 50 4.7152 0
108 89 75 4.5804 0
80 28 87 4.1642 0
29 48 88 4.1022 0
98 47 88 4.1022 0
56 39 92 3.9767 0
71 89 92 3.9767 0
32 91 47 3.7018 0
34 33 47 3.7018 0
40 20 77 3.7396 0
21 21 60 3.8341 0
63 37 47 3.7018 0
38 59 47 3.7018 0
38 68 47 3.7018 0
90 65 47 3.7018 0
57 89 47 3.7018 0
37 98 47 3.7018 0
72 37 47 3.7018 0
28 39 47 3.7018 0
44 20 60 3.5726 0
107 45 70 3.5725 0
97 91 47 3.7018 0
74 88 47 3.7018 0
58 56 57 3.6824 0
38 107 76 3.5761 0
20 48 68 3.5726 0
107 45 61 3.5725 0
20 88 73 3.5726 0
82 20 61 3.5726 0
44 107 70 3.5725 0
35 20 53 3.5726 0
107 37 76 3.5761 0
83 107 69 3.5726 0
20 48 59 3.5726 0
83 20 70 3.5726 0
54 64 57 3.4953 0
47 98 87 3.4212 0
29 81 87 3.4212 0
72 59 57 3.4036 0
59 72 57 3.4035 0
55 21 49 3.2645 0
66 54 57 3.2322 0
40 68 91 2.9688 0
21 22 69 3.1909 0
70 71 57 3.0689 0
71 105 79 3.1743 0
88 69 91 2.9688 0
73 24 81 3.0503 0
62 88 91 2.9688 0
68 41 91 2.9688 0
84 76 91 2.9688 0
89 56 91 2.9688 0
44 106 61 2.5647 0
21 38 77 2.7833 0
27 41 84 2.8642 0
23 106 58 2.7392 0
93 98 48 2.694 0
55 41 48 2.694 0
94 30 48 2.694 0
86 80 48 2.694 0
91 21 77 2.7833 0
91 106 77 2.7833 0
0
