128
73 0 0 69.4253 0
127 127 127 75.7133 0
0 127 0 75.7133 0
0 0 127 68.2707 0
126 6 104 46.3626 0
35 86 93 29.5741 0
91 90 36 27.312 0
71 47 90 22.1402 0
0 38 41 20.9225 0
127 58 44 19.5106 0
3 62 69 15.0122 0
48 127 80 14.2627 0
41 40 67 13.1791 0
51 68 45 13.1562 0
77 127 49 12.7315 0
104 67 66 11.4072 0
27 57 47 11.1887 0
94 40 67 9.8996 0
123 55 74 9.8978 0
74 78 79 9.4001 0
72 62 50 8.1169 0
99 55 50 8.1169 0
119 33 55 7.8299 0
20 20 55 7.6284 0
49 88 57 7.5271 0
63 106 76 7.109 0
79 50 60 6.8413 0
64 108 51 7.109 0
23 52 76 7.109 0
36 68 60 6.9987 0
27 35 52 6.7883 0
67 125 69 6.5854 0
77 94 69 6.4758 0
87 66 74 6.3865 0
107 49 75 6.1011 0
59 46 60 5.9861 0
33 22 62 5.9251 0
59 124 58 5.5812 0
64 68 71 5.6459 0
26 62 67 5.5737 0
107 43 53 5.5109 0
49 57 74 5.2437 0
61 95 53 5.0932 0
65 91 74 5.0932 0
63 83 53 5.0932 0
94 55 74 5.0932 0
86 60 53 5.0932 0
86 68 61 4.949 0
83 78 66 4.8139 0
64 70 59 4.6755 0
42 111 69 4.5682 0
121 42 66 4.4216 0
50 53 56 4.3928 0
35 57 73 4.0854 0
7 41 66 3.9108 0
68 50 55 3.9118 0
23 42 69 3.7751 0
97 25 66 3.5976 0
43 101 63 3.5601 0
24 43 60 3.4479 0
45 77 61 3.4832 0
84 112 58 3.5679 0
109 26 60 3.3728 0
41 53 55 3.465 0
53 96 65 3.4301 0
13 32 62 3.4158 0
53 100 55 3.3799 0
52 109 72 3.0775 0
75 85 63 3.1683 0
62 82 72 3.0775 0
14 53 56 3.2319 0
113 54 63 3.127 0
59 56 55 3.0775 0
71 74 55 3.0775 0
70 114 72 3.0775 0
13 46 72 3.0775 0
76 110 55 3.0775 0
68 49 64 3.0404 0
76 66 72 2.8133 0
89 51 56 2.9628 0
55 51 69 2.5571 0
20 56 61 2.5089 0
49 55 65 2.6475 0
77 121 65 2.5323 0
53 65 73 2.6089 0
44 67 67 2.6132 0
49 121 63 2.5323 0
83 101 65 2.5622 0
83 107 63 2.5221 0
73 98 60 2.4222 0
58 61 73 2.4222 0
57 114 71 2.0696 0
57 115 56 2.0696 0
102 36 57 2.2354 0
107 40 71 2.14 0
87 52 70 2.2146 0
106 43 62 2.2181 0
74 108 71 2.0696 0
56 100 71 2.2248 0
18 31 56 2.1269 0
62 62 56 2.0706 0
107 32 56 2.0696 0
79 69 56 2.0696 0
18 44 56 2.1316 0
103 22 63 2.1128 0
70 101 56 2.0696 0
39 64 69 2.1446 0
54 85 66 2.1604 0
72 103 71 2.0696 0
85 57 71 2.0696 0
112 42 71 2.0696 0
55 109 56 2.0696 0
65 117 56 2.0696 0
109 51 56 2.0696 0
71 114 56 2.0696 0
115 36 65 1.9946 0
63 115 71 2.0696 0
58 95 71 2.0696 0
42 60 56 2.0696 0
47 99 58 2.0699 0
68 92 56 2.0696 0
60 76 56 2.0696 0
56 80 56 2.0696 0
68 98 71 2.0696 0
70 80 56 2.0696 0
18 28 63 2.0106 0
108 55 59 1.9981 0
29 47 58 1.88 0
0
