128
63 64 127 69.4219 0
127 0 0 54.5211 0
0 127 0 54.5207 0
127 127 0 54.5532 0
0 0 0 54.4885 0
57 63 24 32.6916 0
105 0 75 21.9807 0
21 2 74 21.1576 0
105 126 74 21.1573 0
0 104 74 21.0702 0
127 63 35 16.3634 0
0 63 35 16.3112 0
31 127 77 15.9335 0
127 32 79 15.4883 0
127 95 78 15.3549 0
127 63 70 14.9996 0
63 0 70 14.9148 0
0 33 78 14.8146 0
63 127 69 14.4531 0
0 63 69 14.3709 0
64 127 31 14.0996 0
64 0 31 14.0498 0
102 69 23 10.9987 0
43 125 51 10.6638 0
124 40 53 10.5897 0
44 2 50 10.4306 0
124 86 52 10.4041 0
3 41 52 10.3258 0
82 125 49 10.4191 0
82 2 49 10.3628 0
91 65 51 9.7455 0
79 87 52 9.1237 0
83 43 53 9.0145 0
72 103 25 8.9829 0
72 23 25 8.9828 0
5 85 49 8.497 0
25 111 57 8.0628 0
111 25 57 7.9129 0
113 101 58 8.0319 0
63 34 54 7.8402 0
54 105 26 7.9749 0
54 21 26 7.9748 0
15 26 56 7.8329 0
56 92 54 7.829 0
96 50 27 7.3935 0
47 38 55 7.1089 0
99 98 67 6.9933 0
99 29 67 6.9918 0
29 98 66 6.9264 0
41 84 55 7.0027 0
29 29 66 6.9277 0
36 49 56 6.682 0
78 27 61 6.6967 0
100 49 61 6.6763 0
33 70 56 6.5788 0
101 76 61 6.4372 0
92 84 28 6.4631 0
63 104 61 6.3442 0
24 60 61 6.3192 0
77 101 61 6.1017 0
92 51 41 6.1478 0
53 25 61 6.0647 0
105 63 62 6.0884 0
90 80 42 6.0222 0
28 82 61 5.9284 0
19 75 28 5.9589 0
43 97 60 6.0211 0
19 50 30 5.8074 0
65 21 64 5.696 0
67 95 45 5.5534 0
110 47 36 5.351 0
83 34 29 5.4598 0
95 13 51 5.3321 0
95 114 51 5.3828 0
76 34 42 5.2601 0
47 116 37 5.2291 0
16 99 52 5.0595 0
93 86 59 5.0467 0
31 14 51 4.9794 0
83 89 37 5.1453 0
28 42 64 4.8891 0
14 43 40 4.7979 0
86 40 38 4.7386 0
60 5 50 4.5852 0
80 115 36 4.449 0
80 12 36 4.3918 0
88 97 61 4.4525 0
20 34 73 4.4703 0
48 12 34 4.4523 0
9 79 77 4.3277 0
80 118 78 4.299 0
41 28 63 4.2181 0
115 81 37 4.2268 0
12 81 37 4.1715 0
22 71 64 4.2245 0
51 104 65 4.1469 0
59 121 49 3.9558 0
96 38 58 4.0055 0
53 32 46 4.1121 0
89 31 58 4.0054 0
35 36 58 4.0054 0
111 37 44 4.0433 0
46 9 78 4.0302 0
74 95 37 4.0355 0
85 97 30 3.9436 0
96 71 38 3.873 0
103 106 51 3.891 0
35 112 46 3.8723 0
42 97 30 3.9436 0
43 28 30 3.9435 0
78 11 77 3.8893 0
6 81 62 3.7576 0
46 92 46 3.8111 0
63 30 42 3.7957 0
81 121 65 3.6922 0
97 62 38 3.7016 0
35 107 73 3.7155 0
30 60 51 3.6145 0
55 96 42 3.6588 0
111 93 46 3.6377 0
16 34 46 3.568 0
24 49 58 3.4635 0
81 6 65 3.6416 0
107 92 73 3.6207 0
107 35 73 3.6199 0
69 97 55 3.5582 0
106 56 31 3.4814 0
54 11 43 3.4755 0
0
