128
127 0 127 80.4744 0
0 0 0 80.4744 0
127 127 0 80.4744 0
0 127 127 80.4744 0
87 40 39 21.7255 0
87 87 88 21.7255 0
39 38 88 21.5904 0
39 89 39 21.5904 0
58 67 84 12.1753 0
58 60 43 12.1753 0
41 64 65 12.0796 0
85 58 68 11.0511 0
49 7 78 10.4925 0
78 7 49 10.4925 0
78 120 78 10.4925 0
49 120 49 10.4925 0
81 69 51 8.3531 0
67 48 80 8.1671 0
67 79 47 8.1671 0
64 127 64 7.0398 0
63 0 63 7.0398 0
75 88 60 6.3689 0
75 39 66 6.3689 0
47 83 66 5.8621 0
47 48 56 5.8937 0
60 85 77 5.3001 0
61 42 50 5.3001 0
68 22 50 5.1214 0
68 105 77 5.1214 0
59 21 77 5.1214 0
59 106 50 5.1214 0
64 94 50 5.1202 0
65 34 77 5.1202 0
77 21 58 5.0769 0
77 106 69 5.0759 0
50 106 58 5.0698 0
50 21 69 5.0698 0
79 75 64 4.9344 0
49 36 62 4.7264 0
50 94 65 4.2592 0
63 108 64 2.4084 0
62 31 51 4.1123 0
63 16 64 2.4084 0
64 95 76 4.1123 0
64 50 62 1.9828 0
61 77 66 1.9828 0
50 50 67 3.6605 0
66 64 65 1.563 0
59 84 60 1.9413 0
72 58 52 3.32 0
73 69 75 3.32 0
68 85 68 3.2005 0
68 42 58 3.2005 0
52 80 75 3.3395 0
76 97 66 3.2394 0
61 43 67 1.9413 0
67 77 74 3.0925 0
67 50 53 3.0925 0
56 74 52 3.1044 0
56 53 75 3.1044 0
70 59 75 3.1136 0
62 70 59 1.7729 0
76 27 65 3.0839 0
51 27 62 3.0636 0
51 77 59 2.9053 0
55 36 54 2.8089 0
68 57 61 1.7729 0
54 91 73 2.8089 0
64 115 64 2.4084 0
64 113 74 2.6469 0
64 14 53 2.6469 0
59 50 67 1.9828 0
68 77 65 1.9828 0
61 57 63 1.7729 0
59 64 62 1.563 0
68 70 63 1.7729 0
69 69 53 2.3883 0
62 115 53 2.2083 0
63 22 64 2.4084 0
59 43 73 2.4127 0
59 84 54 2.4127 0
62 13 74 2.2083 0
54 91 59 2.4025 0
51 69 54 2.3205 0
66 85 57 2.3519 0
66 42 69 2.3519 0
55 36 68 2.2386 0
62 122 54 2.3213 0
62 5 73 2.3213 0
59 77 58 1.9828 0
76 46 73 2.3871 0
53 29 69 2.348 0
53 98 58 2.3454 0
58 29 74 2.3297 0
74 30 58 2.3651 0
65 5 54 2.3213 0
64 57 73 2.2731 0
58 84 66 1.9413 0
52 102 66 2.2581 0
75 102 61 2.2461 0
64 121 73 2.2491 0
67 77 59 1.9828 0
58 57 69 1.7729 0
63 70 54 2.2731 0
69 50 65 1.9828 0
61 50 57 1.9828 0
73 5 62 2.1083 0
54 122 62 2.1083 0
66 102 53 2.0966 0
54 5 65 2.1083 0
61 43 59 1.9413 0
58 77 72 2.0498 0
73 122 65 2.1083 0
56 50 55 2.0498 0
55 77 64 1.9828 0
59 100 74 2.0992 0
76 114 65 2.1255 0
51 13 65 2.1255 0
76 13 62 2.1255 0
51 114 62 2.1255 0
57 50 62 1.9828 0
67 24 74 2.0966 0
60 24 53 2.0966 0
70 98 73 2.0306 0
57 97 54 2.0381 0
70 29 54 2.0281 0
58 64 68 1.563 0
54 98 70 1.9904 0
0
