128
127 127 127 59.8807 0
0 0 0 54.0809 0
0 0 127 59.8807 0
127 0 127 59.8807 0
0 127 127 59.8807 0
0 127 0 54.0809 0
127 127 0 54.0809 0
127 0 0 54.0809 0
63 63 51 21.6443 0
64 64 127 26.9809 0
63 0 65 27.2764 0
64 127 65 27.2764 0
64 64 0 23.6556 0
0 51 60 23.1553 0
127 51 60 23.1553 0
115 90 60 16.3192 0
12 90 60 16.3192 0
98 25 62 14.5319 0
28 24 59 14.4817 0
101 63 10 13.5555 0
27 63 10 13.5555 0
64 101 10 13.5555 0
64 27 10 13.5555 0
71 68 86 13.4624 0
111 64 93 12.4228 0
16 64 93 12.4228 0
11 69 31 11.1458 0
116 69 31 11.1458 0
37 98 72 10.9508 0
90 98 71 11.0282 0
61 106 97 9.9997 0
61 21 97 9.9997 0
35 106 51 9.7732 0
71 13 30 9.3991 0
56 114 30 9.3991 0
91 106 50 9.0364 0
51 57 90 8.6673 0
64 28 119 8.4821 0
28 64 119 8.4821 0
43 28 78 8.4203 0
82 27 81 8.3486 0
52 15 33 8.1786 0
75 112 33 8.1786 0
64 100 118 8.0296 0
100 64 118 8.0296 0
85 19 43 7.7452 0
46 42 16 7.5082 0
62 49 78 7.5842 0
83 43 16 7.5082 0
44 84 16 7.5082 0
77 101 87 7.2757 0
88 80 16 7.5082 0
85 78 37 7.423 0
69 89 37 7.2686 0
51 86 36 7.2935 0
89 58 37 7.2686 0
52 74 95 7.1965 0
49 68 77 7.2042 0
80 43 37 7.0413 0
52 40 36 6.9064 0
37 64 37 6.8483 0
110 50 34 6.7469 0
17 50 34 6.7469 0
104 37 44 6.7185 0
64 48 95 6.6457 0
41 50 36 6.6502 0
28 48 89 6.4293 0
23 38 76 6.1629 0
50 100 85 6.3274 0
99 48 89 6.1935 0
23 38 43 6.1629 0
28 79 89 6.1935 0
108 81 82 6.1225 0
40 22 41 6.0043 0
107 83 39 5.9876 0
20 83 39 5.9876 0
105 40 78 6.0043 0
65 36 41 5.8093 0
40 78 41 5.7337 0
97 80 90 5.802 0
18 77 79 5.779 0
76 52 74 5.586 0
92 38 85 5.6486 0
91 68 47 5.4249 0
59 91 47 5.4249 0
76 29 95 5.3147 0
76 87 18 5.4925 0
79 86 47 5.4249 0
40 50 69 3.5559 0
110 71 74 5.4172 0
56 79 73 5.4044 0
93 57 77 3.5547 0
48 98 58 5.222 0
48 29 55 5.222 0
27 93 42 5.2364 0
100 93 42 5.2364 0
77 52 96 5.2235 0
44 106 37 5.0626 0
79 98 55 5.222 0
78 29 55 4.8217 0
87 76 69 2.6938 0
44 43 47 5.0527 0
49 54 75 4.8069 0
35 39 83 5.0587 0
36 91 56 4.9898 0
88 92 87 4.982 0
88 49 47 4.8662 0
91 90 56 4.9422 0
35 39 71 4.9281 0
24 88 79 4.7823 0
36 89 87 4.8926 0
74 48 85 4.7089 0
36 56 47 4.8347 0
47 40 91 3.3331 0
18 73 47 4.7881 0
109 73 46 4.7881 0
47 30 92 4.7394 0
68 28 83 4.7638 0
66 92 72 3.4333 0
63 81 99 4.6309 0
100 71 106 4.6563 0
27 71 106 4.6562 0
34 70 77 3.5547 0
27 56 105 4.6563 0
100 56 105 4.6562 0
67 81 72 4.5063 0
34 47 19 4.4846 0
57 27 83 4.4652 0
0
