128
127 0 127 80.0775 0
0 127 127 80.0773 0
0 0 0 76.7921 0
127 127 0 76.466 0
89 38 34 24.7538 0
38 92 35 24.3235 0
92 91 88 23.821 0
36 35 88 23.3493 0
63 64 85 14.7845 0
35 63 62 13.861 0
80 1 44 13.2735 0
91 61 65 12.6558 0
49 127 45 12.4257 0
69 71 40 12.4377 0
79 124 76 12.3626 0
50 2 75 11.8472 0
54 54 43 9.3902 0
63 96 71 8.6936 0
63 27 70 8.6219 0
64 48 67 8.167 0
63 126 62 7.9794 0
64 79 66 7.903 0
66 1 61 7.5255 0
84 80 56 7.2151 0
44 44 57 6.3043 0
62 111 65 6.3283 0
43 82 64 5.6062 0
76 49 76 5.498 0
84 43 65 5.6015 0
68 17 47 5.3767 0
47 75 76 5.4553 0
70 89 47 5.3887 0
61 32 47 5.335 0
61 109 47 5.335 0
66 63 64 5.1755 0
51 68 49 5.077 0
63 14 63 4.8158 0
81 17 55 4.5332 0
46 112 56 4.6086 0
53 85 74 4.4525 0
72 108 71 4.5032 0
82 93 60 4.4076 0
68 55 48 4.3689 0
66 99 48 4.3569 0
78 60 52 4.0771 0
71 38 73 4.1327 0
53 39 49 3.8212 0
45 16 67 3.8551 0
46 33 59 3.8447 0
82 102 63 3.781 0
82 33 63 3.781 0
53 18 70 3.601 0
82 110 66 3.6028 0
79 69 54 3.3951 0
81 25 60 3.4216 0
48 57 75 3.5436 0
79 69 75 3.4216 0
65 45 49 3.3431 0
65 37 61 3.3024 0
58 68 66 3.2556 0
54 51 74 3.1865 0
64 6 50 3.1043 0
46 25 62 3.0807 0
46 99 62 3.0807 0
58 59 67 3.0866 0
64 121 50 3.1043 0
48 75 56 2.6584 0
55 5 60 2.7408 0
46 91 63 2.8261 0
57 39 71 2.7696 0
52 122 61 2.7408 0
74 122 60 2.7408 0
81 74 69 2.5969 0
78 89 54 2.6723 0
80 49 59 2.6445 0
46 50 67 2.5693 0
58 37 64 2.459 0
68 103 62 2.4996 0
59 80 50 2.2995 0
67 90 61 2.4865 0
73 78 73 2.4548 0
62 92 50 2.3174 0
69 26 50 2.3591 0
70 16 67 2.3741 0
64 83 50 2.3293 0
70 10 66 2.3211 0
49 55 55 2.2422 0
61 89 61 2.263 0
63 24 50 2.3233 0
57 74 50 2.2875 0
60 19 50 2.3054 0
48 66 74 2.0823 0
78 58 74 2.2696 0
62 61 50 2.3174 0
58 44 50 2.2935 0
51 32 53 2.2324 0
53 109 51 2.2263 0
48 104 58 2.149 0
50 61 54 2.2354 0
70 117 65 2.1157 0
70 36 66 2.1689 0
71 87 71 2.0877 0
70 69 69 2.0388 0
79 39 71 2.1075 0
68 20 61 2.035 0
47 88 70 1.9787 0
78 53 55 1.9699 0
80 72 62 2.0179 0
55 75 73 2.054 0
63 101 60 1.9497 0
75 94 52 1.9087 0
75 84 52 1.9087 0
60 58 61 1.9419 0
78 97 55 1.9699 0
78 6 60 1.932 0
75 31 70 1.9516 0
75 22 52 1.9087 0
63 70 60 1.9497 0
70 57 70 1.8827 0
56 118 66 1.9012 0
51 94 70 1.6981 0
80 116 63 1.809 0
69 121 54 1.7329 0
80 86 63 1.809 0
59 6 55 1.7329 0
48 52 60 1.6397 0
57 19 64 1.6376 0
77 102 69 1.7603 0
0
