128
63 55 0 74.8553 0
127 0 127 63.4259 0
0 127 127 55.1641 0
0 3 127 62.2661 0
127 127 127 55.1641 0
64 69 115 29.3632 0
63 127 75 24.267 0
105 126 52 21.5117 0
20 125 52 21.3631 0
127 91 60 18.6954 0
0 90 61 18.4107 0
127 57 70 15.5348 0
0 56 68 15.2707 0
64 25 86 14.5894 0
105 68 97 12.9509 0
34 57 85 12.7007 0
11 71 90 11.82 0
94 51 82 11.1614 0
40 0 64 10.8777 0
87 0 63 10.8546 0
64 110 112 10.6902 0
87 74 81 10.5438 0
60 0 80 10.1445 0
44 79 81 9.8133 0
70 86 79 9.0565 0
117 34 62 8.9568 0
30 77 97 8.1161 0
11 34 63 7.9418 0
114 81 82 7.7261 0
88 32 76 7.0778 0
39 32 76 7.0778 0
22 18 62 6.9185 0
101 14 62 6.8192 0
68 0 61 6.3846 0
84 108 60 5.7952 0
43 108 60 5.7952 0
77 4 77 5.7633 0
16 87 82 5.7476 0
92 114 77 5.5026 0
109 105 71 5.5897 0
35 114 77 5.5026 0
18 104 72 5.2518 0
102 98 57 5.3653 0
24 98 57 5.3653 0
93 84 99 5.2816 0
57 90 87 5.106 0
30 43 73 5.0867 0
32 72 73 4.929 0
56 90 75 4.9011 0
110 94 78 4.6209 0
98 65 73 4.7501 0
16 52 82 4.53 0
53 112 100 4.5726 0
49 22 72 4.5516 0
110 56 83 4.4243 0
75 112 99 4.2733 0
79 22 72 4.1491 0
13 74 73 4.3907 0
85 107 72 4.1095 0
79 88 90 4.2538 0
48 11 80 4.0502 0
114 74 71 4.0745 0
56 3 61 3.9113 0
83 86 71 4.0953 0
114 71 60 4.0583 0
38 88 101 3.9964 0
106 24 66 4.0205 0
112 68 80 3.7934 0
51 102 107 3.9707 0
14 42 74 3.8115 0
105 85 90 3.8114 0
113 43 75 3.8231 0
97 39 71 3.544 0
76 101 107 3.5965 0
41 108 71 3.7034 0
81 18 80 3.6096 0
43 86 94 3.565 0
86 112 85 3.4869 0
13 71 61 3.5136 0
81 112 92 3.4869 0
41 112 86 3.4869 0
92 100 59 3.3496 0
34 100 59 3.3496 0
33 13 69 3.3876 0
26 110 75 3.3636 0
101 110 75 3.3636 0
48 89 70 3.3516 0
18 95 76 3.3052 0
22 45 80 3.2572 0
23 86 90 3.1094 0
26 55 70 3.201 0
70 92 91 3.1308 0
27 64 71 3.041 0
43 21 79 2.8807 0
31 74 85 3.0557 0
57 18 70 3.0511 0
33 14 61 2.8214 0
93 13 70 2.918 0
71 18 70 2.8852 0
109 48 80 2.9022 0
44 106 78 2.8989 0
20 28 69 2.9528 0
41 10 75 2.8399 0
90 82 69 2.8357 0
46 96 106 2.851 0
49 90 92 2.8419 0
95 76 69 2.7596 0
36 81 70 2.7811 0
90 111 67 2.7521 0
74 105 61 2.6765 0
86 10 74 2.6042 0
86 90 101 2.5479 0
87 85 92 2.606 0
101 49 69 2.7005 0
64 17 69 2.6017 0
52 105 61 2.6765 0
16 82 74 2.6513 0
110 36 73 2.6564 0
15 62 78 2.6257 0
63 93 71 2.6302 0
81 106 81 2.4436 0
36 111 66 2.5058 0
102 89 60 2.3417 0
98 37 78 2.495 0
14 45 61 2.5659 0
83 88 81 2.3558 0
31 35 69 2.4683 0
106 42 79 2.4957 0
0
