128
0 127 0 76.53 0
0 0 127 74.4488 0
127 0 0 72.0846 0
127 127 127 70.9302 0
108 105 24 34.9861 0
104 25 102 34.2344 0
32 98 99 30.3948 0
32 29 31 29.5912 0
69 65 35 20.7941 0
64 60 90 18.842 0
39 64 63 17.1151 0
68 97 56 15.398 0
127 64 61 14.4138 0
76 36 62 14.4806 0
58 127 76 13.7106 0
0 51 52 13.3635 0
0 75 77 13.0624 0
75 127 53 12.8836 0
73 0 75 12.6746 0
57 0 51 12.4681 0
93 66 84 10.0009 0
77 84 77 9.4904 0
92 89 64 9.4996 0
99 65 44 9.2779 0
55 37 75 8.5774 0
65 22 78 8.213 0
117 61 82 7.829 0
92 52 71 7.4805 0
88 70 57 7.3675 0
64 20 51 7.2077 0
122 42 68 6.6612 0
122 86 60 6.5639 0
90 51 49 6.5857 0
18 64 76 6.5565 0
48 26 65 6.4038 0
98 45 59 6.0199 0
111 78 68 5.9662 0
48 86 56 5.9462 0
16 64 53 5.971 0
72 112 73 6.0257 0
109 52 58 5.9871 0
61 86 79 5.6922 0
47 100 63 5.561 0
59 77 58 5.5071 0
59 43 51 5.398 0
100 78 55 5.1653 0
79 79 62 5.267 0
3 69 59 5.1275 0
73 8 57 4.9711 0
112 72 48 4.9501 0
88 10 67 4.892 0
90 118 60 4.9356 0
58 118 58 4.9058 0
56 33 58 4.8257 0
45 10 61 4.8223 0
4 57 70 4.7303 0
53 78 77 4.7717 0
79 54 71 4.657 0
85 102 68 4.6272 0
21 53 55 4.4348 0
55 4 69 4.3118 0
79 18 72 4.3714 0
14 86 70 4.1354 0
43 44 73 4.2919 0
22 75 73 4.2313 0
92 81 77 4.2056 0
108 71 79 4.1564 0
62 48 69 4.1372 0
14 40 59 3.9976 0
101 64 64 2.3941 0
57 94 73 3.8943 0
78 17 57 3.7638 0
61 65 60 3.6862 0
85 108 57 3.8031 0
102 56 78 3.7003 0
55 53 53 3.6621 0
94 63 66 3.6248 0
52 17 56 3.5214 0
111 62 51 3.5344 0
95 36 64 3.4156 0
119 51 74 3.4264 0
79 119 69 3.3751 0
22 54 72 3.3802 0
102 56 65 3.2948 0
58 111 66 3.3516 0
101 82 72 3.3448 0
59 28 66 3.1817 0
61 67 68 3.3027 0
60 11 74 3.3103 0
106 87 66 3.2113 0
82 62 75 3.0651 0
69 77 57 3.264 0
117 79 53 3.1031 0
102 72 62 3.1925 0
34 45 72 3.1594 0
49 46 55 3.1125 0
56 24 58 3.1018 0
81 10 61 3.058 0
69 74 72 2.9936 0
108 61 63 2.8858 0
90 102 59 2.8905 0
38 85 58 2.852 0
53 49 68 2.9787 0
101 54 52 2.8743 0
86 61 67 2.8717 0
109 69 64 2.8514 0
101 79 65 2.8577 0
73 54 57 2.7341 0
54 22 73 2.8547 0
80 53 54 2.6695 0
21 73 57 2.8361 0
70 52 69 2.7769 0
58 56 67 2.82 0
100 77 77 2.7954 0
37 29 64 2.764 0
114 70 73 2.6739 0
113 87 65 2.705 0
115 94 61 2.6493 0
43 34 71 2.585 0
80 71 77 2.5911 0
27 49 71 2.6405 0
37 98 65 2.6242 0
12 55 72 2.5162 0
65 50 54 2.5102 0
99 41 68 2.535 0
63 77 75 2.4371 0
108 42 60 2.5469 0
57 72 71 2.4521 0
0
