128
127 127 127 67.367 0
0 127 0 67.367 0
127 0 0 67.3463 0
0 0 127 67.3463 0
14 112 112 45.3726 0
113 112 15 45.3726 0
15 14 15 45.3303 0
112 14 112 45.3303 0
63 64 34 24.5077 0
63 63 101 23.0128 0
67 94 75 16.3904 0
95 67 76 16.1818 0
48 41 72 15.3165 0
37 72 71 15.062 0
80 40 67 14.3246 0
99 60 47 12.551 0
61 127 79 12.3583 0
26 63 46 12.4772 0
127 61 79 12.233 0
63 104 47 12.3813 0
66 28 46 12.3603 0
0 61 48 12.233 0
127 65 48 12.3407 0
0 65 79 12.3407 0
62 0 48 12.216 0
65 0 79 12.216 0
70 127 50 10.7402 0
0 43 62 9.5493 0
127 43 65 9.5492 0
84 0 65 9.375 0
43 0 62 9.3749 0
0 84 65 9.353 0
127 84 62 9.353 0
43 127 65 9.3939 0
88 80 54 8.8009 0
65 22 74 8.741 0
42 86 50 8.5428 0
20 54 76 8.5243 0
86 125 62 8.1137 0
30 43 57 6.7063 0
81 102 56 6.3923 0
26 83 55 6.1997 0
41 51 53 5.9177 0
51 17 53 5.9591 0
50 17 74 5.841 0
104 42 63 4.3079 0
50 110 74 5.8444 0
53 122 53 5.8194 0
32 92 63 5.7567 0
106 77 53 5.7469 0
73 70 70 5.6215 0
45 106 55 5.4916 0
15 76 74 5.3699 0
75 89 54 5.4348 0
43 93 72 5.3353 0
90 89 74 5.4203 0
57 85 56 5.4 0
96 42 53 5.3019 0
109 49 74 5.378 0
15 77 53 5.3356 0
46 29 54 5.3518 0
78 15 53 5.3119 0
26 41 71 5.1676 0
76 117 74 5.3058 0
116 50 53 5.3019 0
14 49 53 5.3019 0
116 77 74 5.3019 0
73 58 74 5.0796 0
58 73 74 5.0796 0
42 104 67 4.6191 0
96 96 61 4.5146 0
82 65 58 4.5267 0
73 21 62 4.6416 0
89 99 69 4.5754 0
84 24 55 4.4704 0
51 95 57 4.4828 0
79 19 73 4.423 0
18 57 61 4.4312 0
99 44 73 4.2941 0
80 115 54 4.2969 0
55 18 64 4.2206 0
65 53 68 4.0354 0
84 83 67 4.0866 0
31 52 68 4.0354 0
34 32 59 3.9934 0
54 61 73 3.9241 0
68 81 58 4.0314 0
16 66 71 3.9058 0
11 95 64 3.9234 0
116 95 63 3.9233 0
116 32 65 3.8374 0
59 42 55 3.9318 0
11 32 63 3.8374 0
95 11 64 3.8072 0
32 11 63 3.8072 0
72 124 66 3.8387 0
105 88 64 2.2966 0
100 93 69 3.639 0
10 46 72 3.5944 0
91 30 55 3.6024 0
105 86 72 3.636 0
96 115 63 3.5798 0
107 56 63 3.6279 0
105 46 55 3.6172 0
31 115 65 3.5798 0
78 73 61 3.4632 0
57 3 64 3.476 0
70 3 63 3.476 0
77 10 72 3.4506 0
62 76 65 3.3283 0
3 57 64 3.4277 0
124 57 63 3.4277 0
101 35 58 3.3475 0
116 78 55 3.4182 0
83 107 72 3.4267 0
41 22 72 3.3146 0
89 94 55 3.318 0
51 7 72 3.3965 0
84 54 55 3.3177 0
36 97 55 3.302 0
60 124 61 3.3274 0
112 68 55 3.2862 0
68 14 55 3.2862 0
45 116 55 3.2862 0
26 88 70 3.2857 0
101 35 67 3.2712 0
123 70 64 2.9079 0
4 70 62 2.9079 0
0
