128
0 127 127 84.7684 0
0 0 0 81.735 0
127 127 0 79.4562 0
127 0 127 79.4544 0
88 41 41 22.3237 0
89 85 85 21.226 0
48 43 81 20.4398 0
47 83 42 19.9243 0
122 50 50 11.3728 0
122 77 77 11.371 0
60 73 74 10.5899 0
78 56 74 10.5899 0
105 64 66 10.1144 0
58 52 50 9.6415 0
76 72 50 9.5471 0
19 74 51 8.5469 0
21 53 72 8.5818 0
33 64 68 6.3267 0
127 66 62 6.1583 0
36 61 54 6.0474 0
3 69 56 5.8758 0
93 68 54 5.5156 0
6 57 68 5.6601 0
72 79 64 5.0056 0
68 48 63 4.912 0
45 67 68 4.7826 0
25 63 58 4.5135 0
47 63 58 4.5068 0
63 64 58 4.502 0
89 78 58 4.3304 0
44 51 56 4.1586 0
84 63 59 4.1875 0
92 49 67 4.1466 0
43 77 66 4.0494 0
71 59 56 3.5385 0
62 59 67 3.5736 0
53 62 65 3.6163 0
74 70 67 3.5348 0
107 53 56 3.4998 0
117 64 56 3.4998 0
93 57 71 3.4976 0
30 77 59 3.0337 0
108 45 59 3.2185 0
64 77 59 3.0337 0
108 82 68 3.2179 0
31 50 64 3.0436 0
19 65 66 3.1821 0
87 67 67 3.1317 0
70 62 63 3.0814 0
81 77 62 2.8962 0
122 61 70 2.9294 0
37 50 60 2.8962 0
122 56 64 2.6007 0
12 64 66 2.527 0
36 74 66 2.5498 0
81 71 66 2.527 0
96 79 62 2.5245 0
11 64 57 2.4919 0
29 70 57 2.4919 0
17 63 57 2.5206 0
100 73 57 2.4919 0
101 46 63 2.4471 0
55 66 59 2.2571 0
41 61 63 2.0832 0
102 81 64 2.2191 0
40 66 61 2.0835 0
88 60 65 2.0514 0
51 76 64 2.0936 0
76 66 62 2.0716 0
76 61 60 2.0716 0
4 61 60 2.0595 0
75 51 61 1.8883 0
120 73 62 1.8171 0
58 76 61 1.8884 0
113 79 66 1.6585 0
113 48 61 1.6585 0
32 53 58 1.5187 0
28 56 58 1.4841 0
86 71 58 1.4841 0
110 76 69 1.4818 0
6 65 65 1.5799 0
88 55 65 1.5191 0
24 68 65 1.5988 0
62 53 65 1.5532 0
61 72 58 1.4841 0
72 53 58 1.5187 0
30 73 65 1.5191 0
112 57 58 1.5849 0
90 60 58 1.5937 0
118 65 69 1.4818 0
30 56 65 1.5191 0
36 56 65 1.5191 0
95 61 58 1.4841 0
116 58 69 1.4879 0
115 70 58 1.4841 0
68 57 65 1.5191 0
90 62 69 1.5112 0
34 71 58 1.4841 0
97 57 58 1.4841 0
105 77 69 1.4818 0
89 72 65 1.5191 0
101 52 69 1.4818 0
15 60 65 1.5191 0
101 55 58 1.5111 0
76 56 58 1.4841 0
39 70 65 1.5191 0
93 67 69 1.4818 0
68 54 58 1.4841 0
38 70 58 1.4841 0
20 58 58 1.4841 0
49 55 58 1.4841 0
12 69 58 1.4841 0
67 71 58 1.4841 0
54 60 59 1.3496 0
117 76 64 1.4368 0
97 53 69 1.4818 0
117 51 63 1.4368 0
66 67 64 1.365 0
70 67 59 1.3451 0
13 53 64 1.223 0
35 75 59 1.1908 0
21 60 63 1.082 0
86 75 64 1.2112 0
92 75 64 1.2112 0
86 52 64 1.2112 0
99 48 67 1.1587 0
89 67 61 1.0594 0
35 67 60 1.0773 0
0
