128
63 63 127 69.3482 0
127 127 0 61.1706 0
0 0 0 60.7779 0
127 0 0 61.1706 0
0 127 0 60.7779 0
60 65 28 28.6276 0
104 127 79 19.5185 0
127 24 78 18.9058 0
0 102 77 18.8018 0
0 26 77 18.1444 0
29 127 76 17.9945 0
29 0 75 17.9945 0
99 0 78 16.8503 0
127 97 78 16.6917 0
103 63 37 14.331 0
63 22 36 13.8752 0
64 107 37 13.4867 0
18 63 37 12.9274 0
86 39 50 12.9945 0
0 77 56 12.2617 0
0 50 55 12.2617 0
38 39 52 11.8586 0
57 0 49 11.3565 0
57 127 64 11.288 0
127 64 48 11.0487 0
80 127 56 10.8884 0
80 0 56 10.8884 0
127 63 77 10.8243 0
49 96 54 10.3234 0
79 97 55 10.0875 0
59 0 77 9.9683 0
0 72 79 9.3047 0
74 127 80 8.929 0
126 46 59 8.891 0
25 59 58 8.4421 0
124 83 55 7.9177 0
3 53 77 8.004 0
92 83 42 7.8299 0
102 55 59 7.7431 0
104 20 63 7.1526 0
29 81 43 6.8201 0
51 123 46 6.772 0
87 63 53 6.5406 0
103 73 62 6.5668 0
106 106 62 6.4187 0
25 75 61 6.3193 0
74 25 61 6.3193 0
50 26 61 6.3894 0
94 90 62 6.1368 0
33 90 62 6.1368 0
17 29 59 5.7478 0
41 121 55 5.6996 0
75 4 80 5.7142 0
63 105 58 5.6786 0
21 108 62 5.5077 0
40 7 54 5.2754 0
64 124 48 5.3245 0
22 45 45 5.2375 0
17 97 59 5.1914 0
99 41 64 5.1361 0
116 34 57 5.0864 0
62 22 62 4.986 0
123 77 68 4.9749 0
52 121 80 4.872 0
116 77 45 4.8043 0
45 24 45 4.8367 0
38 65 56 4.899 0
32 112 57 4.7179 0
79 14 45 4.8083 0
118 49 45 4.8665 0
23 18 60 4.8666 0
36 92 45 4.8043 0
16 80 45 4.8043 0
94 116 58 4.6634 0
106 82 45 4.8043 0
104 45 46 4.7884 0
33 15 57 4.6917 0
80 118 70 4.6904 0
114 97 59 4.5607 0
94 11 59 4.6634 0
87 28 65 4.5444 0
3 63 67 4.455 0
25 45 62 4.4721 0
122 48 73 4.47 0
51 5 64 4.3797 0
55 43 55 4.2503 0
102 22 76 4.4157 0
77 78 55 4.3399 0
69 45 54 4.3597 0
81 10 69 4.1626 0
46 111 46 3.7965 0
81 114 46 4.1346 0
39 99 66 4.0169 0
39 28 65 4.0216 0
115 41 66 4.0717 0
71 106 65 3.9876 0
54 37 46 3.8761 0
71 4 69 3.93 0
46 12 46 3.7965 0
32 66 48 3.8279 0
106 102 80 3.8825 0
120 61 62 3.8639 0
55 106 67 3.8219 0
91 96 46 3.7965 0
68 37 46 3.7965 0
49 81 56 3.8069 0
114 88 62 3.705 0
29 37 66 3.6607 0
62 120 79 3.4617 0
23 22 80 3.5879 0
115 42 51 3.5323 0
107 63 67 3.5984 0
102 84 66 3.5362 0
63 5 63 3.5148 0
92 71 59 3.5304 0
20 67 67 3.5366 0
80 84 47 3.3621 0
89 99 68 3.4524 0
21 22 69 3.3579 0
80 104 68 3.4218 0
70 37 58 3.2956 0
47 104 67 3.4027 0
119 77 80 3.1384 0
24 105 80 3.2172 0
56 35 59 3.2774 0
35 80 54 2.647 0
8 81 71 3.27 0
101 83 58 3.2956 0
0
