128
63 63 0 61.4777 0
127 127 127 57.2965 0
0 0 127 57.2965 0
0 127 127 57.2988 0
127 0 127 57.2941 0
127 109 43 26.8006 0
127 19 43 26.0906 0
19 127 43 26.0906 0
0 19 44 26.0211 0
74 53 84 22.8252 0
63 127 79 20.703 0
63 0 79 20.692 0
0 63 79 20.6895 0
127 64 79 20.6895 0
52 65 127 18.2165 0
45 83 77 18.3991 0
89 0 39 15.5557 0
38 0 39 15.2756 0
88 127 38 15.3955 0
0 89 39 15.2269 0
89 63 124 15.2019 0
39 41 71 15.0325 0
87 87 70 15.0325 0
127 67 42 13.749 0
64 34 121 12.9653 0
59 126 42 12.8312 0
1 59 43 12.6148 0
63 94 120 12.4248 0
94 120 65 11.7833 0
25 64 109 11.7985 0
7 93 66 11.5203 0
32 8 65 11.3938 0
96 9 65 11.1656 0
104 66 102 10.2492 0
97 43 61 10.0438 0
64 4 47 9.5172 0
71 86 90 9.5706 0
42 58 92 9.5121 0
98 65 63 9.4073 0
58 104 100 9.3018 0
64 23 100 9.2995 0
62 29 64 9.1807 0
81 28 60 8.9765 0
28 64 62 8.6521 0
67 99 62 8.4945 0
116 37 72 8.2532 0
26 83 57 7.7113 0
12 36 73 7.5883 0
36 115 73 7.5883 0
115 91 73 7.5784 0
48 101 57 7.589 0
47 40 93 7.2619 0
54 72 100 7.0881 0
24 105 69 6.7457 0
75 104 95 6.9274 0
88 80 92 6.8463 0
22 24 70 6.7457 0
47 25 56 6.6462 0
105 103 69 6.7457 0
32 97 52 6.6833 0
77 118 56 6.5383 0
118 50 56 6.4177 0
23 76 94 6.4529 0
23 52 94 6.4526 0
105 50 92 6.3902 0
31 61 78 6.3606 0
9 77 56 6.4177 0
31 29 52 6.2902 0
78 21 90 6.3291 0
96 98 52 6.2902 0
74 78 115 6.1221 0
48 117 57 6.0292 0
117 80 58 6.1173 0
79 10 58 6.1582 0
81 44 115 6.1221 0
71 53 115 6.1221 0
47 43 115 6.1221 0
95 29 51 6.0005 0
106 26 68 6.033 0
50 22 91 5.9154 0
86 111 80 6.027 0
86 16 80 6.0257 0
10 48 57 5.924 0
81 103 56 6.0408 0
24 50 55 5.9198 0
103 79 56 5.8961 0
49 10 57 5.7299 0
106 79 89 5.8542 0
92 32 73 5.7677 0
18 84 83 5.6738 0
67 97 78 5.4711 0
47 106 88 5.3805 0
41 17 81 5.6125 0
56 86 99 5.3062 0
19 43 84 5.2589 0
42 78 101 5.2479 0
56 30 79 4.998 0
67 76 102 5.0723 0
96 52 106 5.0365 0
52 31 106 5.0365 0
47 85 114 5.1142 0
97 70 79 4.9983 0
75 96 106 5.0397 0
105 55 53 4.7817 0
51 49 102 4.8 0
81 84 102 4.8 0
108 42 83 4.7841 0
84 73 102 4.8 0
36 50 113 4.7649 0
95 110 50 4.6077 0
76 31 105 4.5617 0
32 17 50 4.6077 0
20 98 56 4.6159 0
116 51 41 4.5615 0
37 78 113 4.3575 0
20 94 41 4.4011 0
24 64 91 4.1391 0
82 27 75 4.2246 0
94 77 108 4.2082 0
86 92 90 4.2329 0
95 105 41 4.2781 0
101 52 73 4.1944 0
79 89 113 4.1371 0
99 42 77 4.1658 0
50 94 108 4.2117 0
71 65 113 4.1063 0
54 59 103 4.0645 0
58 21 52 3.9789 0
0
