128
127 127 0 68.5958 0
0 127 127 68.5955 0
127 0 127 68.5219 0
0 0 0 68.5217 0
108 18 19 41.5014 0
19 18 108 41.5013 0
18 108 19 41.52 0
109 108 108 41.52 0
64 63 82 25.923 0
84 66 44 15.7701 0
42 61 44 15.7701 0
61 37 46 13.7544 0
64 90 46 13.7544 0
24 65 78 12.9113 0
62 103 78 12.91 0
65 23 77 12.6914 0
104 62 77 12.6893 0
61 127 49 12.5872 0
126 61 49 12.303 0
67 0 50 11.7857 0
0 67 50 11.7859 0
0 57 76 11.1394 0
69 127 76 11.1599 0
127 70 75 10.5604 0
57 0 75 10.3606 0
42 125 61 8.0926 0
125 41 61 8.1751 0
85 2 61 7.8819 0
2 85 61 7.8823 0
107 70 52 7.8598 0
19 57 52 7.7608 0
3 40 66 7.5025 0
86 124 66 7.3545 0
124 86 65 7.2922 0
83 35 74 7.0353 0
41 3 66 7.2099 0
35 83 74 7.0358 0
73 110 53 6.6993 0
85 89 53 6.6993 0
54 15 53 6.6993 0
82 44 53 6.6993 0
44 83 53 6.6993 0
107 54 53 6.6993 0
54 108 53 6.6993 0
40 38 53 6.6993 0
71 19 53 6.702 0
23 72 53 6.7016 0
95 44 72 6.3837 0
43 97 72 6.3837 0
74 5 73 6.1738 0
124 53 71 6.1441 0
6 74 73 5.8677 0
93 78 73 5.7269 0
49 34 73 5.7267 0
34 48 73 5.7952 0
79 93 73 5.7954 0
28 45 54 5.6914 0
97 83 54 5.6914 0
52 122 72 5.544 0
4 50 56 5.3605 0
119 77 55 4.9104 0
94 49 55 4.6835 0
45 26 55 4.6835 0
47 96 55 4.6835 0
15 49 72 4.6835 0
78 112 72 4.6835 0
83 102 55 4.6835 0
80 31 55 4.6835 0
83 22 71 4.6344 0
22 83 71 4.6329 0
78 121 56 4.3602 0
48 20 71 4.4458 0
107 79 71 4.4452 0
52 3 59 4.2376 0
38 38 70 4.3679 0
89 89 70 4.3679 0
107 45 71 4.0028 0
27 63 60 3.8277 0
46 108 71 3.8175 0
100 62 59 3.7872 0
54 76 56 3.799 0
14 46 56 3.6757 0
12 77 56 3.6757 0
34 78 56 3.6757 0
108 82 56 3.6757 0
59 23 60 3.5316 0
24 45 69 3.3601 0
52 89 71 3.6757 0
68 103 61 3.4449 0
84 103 69 3.3601 0
95 33 69 3.3601 0
33 116 62 3.434 0
29 93 69 3.3601 0
41 29 69 3.3601 0
60 101 60 3.31 0
99 86 69 3.3601 0
11 93 63 3.3131 0
63 109 60 3.2008 0
32 13 64 3.0806 0
95 13 63 3.0779 0
48 46 57 2.6678 0
115 32 62 3.0192 0
95 115 65 3.0207 0
18 65 62 3.0241 0
109 62 61 3.002 0
12 32 64 3.0199 0
59 123 65 3.0061 0
44 117 70 2.9613 0
115 94 65 2.9581 0
84 111 57 2.6678 0
91 26 69 2.6842 0
102 43 57 2.6678 0
44 9 57 2.8358 0
35 88 57 2.6678 0
97 93 57 2.6678 0
83 10 70 2.6688 0
37 57 70 2.6678 0
82 84 70 2.6678 0
10 83 70 2.6804 0
123 72 61 2.7989 0
44 16 57 2.6678 0
81 20 57 2.6678 0
91 99 57 2.6678 0
15 77 70 2.6678 0
46 114 57 2.6678 0
79 81 57 2.6678 0
65 28 61 2.6623 0
72 77 57 2.767 0
0
