128
62 64 20 36.4395 0
127 0 127 65.6307 0
0 127 127 65.8243 0
127 127 104 61.6134 0
0 0 119 60.103 0
127 0 0 52.8057 0
0 0 0 52.8057 0
0 127 0 52.8057 0
127 108 0 43.0459 0
63 62 127 22.3353 0
0 63 66 20.8602 0
64 0 66 20.8609 0
127 50 56 19.884 0
50 127 56 19.9052 0
70 126 21 18.6609 0
63 3 27 14.6278 0
3 63 27 14.6278 0
62 38 99 13.4695 0
14 93 56 12.6852 0
63 87 99 12.5883 0
62 62 70 12.4773 0
95 13 56 11.7297 0
25 62 89 11.4211 0
36 13 53 11.5025 0
11 34 55 11.0475 0
118 80 48 11.0379 0
90 114 41 10.9793 0
59 108 80 10.5627 0
119 59 25 10.452 0
108 60 83 10.1157 0
83 68 62 9.6583 0
67 84 62 9.2377 0
64 41 61 9.1768 0
47 77 62 8.9652 0
42 58 62 8.301 0
32 104 63 8.3172 0
81 49 62 7.9328 0
80 12 41 8.0221 0
55 24 82 7.8564 0
72 24 82 7.8559 0
94 67 121 7.9203 0
43 50 98 7.8674 0
108 29 51 7.8342 0
81 50 97 7.6041 0
76 114 57 7.3765 0
13 46 39 7.4127 0
33 61 118 7.0877 0
13 80 39 7.0731 0
22 81 73 6.8735 0
100 63 99 7.0151 0
106 95 45 6.8747 0
112 72 64 6.7025 0
34 107 46 6.5117 0
68 60 98 6.1545 0
47 14 37 6.1241 0
45 83 90 6.0977 0
76 23 23 5.9412 0
93 55 90 5.8817 0
48 113 33 5.7845 0
48 43 62 5.8102 0
83 102 23 5.7628 0
52 22 23 5.7802 0
50 94 85 5.7586 0
26 28 47 5.6212 0
52 106 23 5.6672 0
21 51 23 5.6631 0
44 18 72 5.6329 0
43 102 73 5.633 0
88 79 51 5.5256 0
32 79 83 5.4516 0
103 51 24 5.3793 0
32 57 105 5.4796 0
105 69 24 5.1812 0
84 18 71 5.2417 0
111 44 36 5.2462 0
72 114 44 5.1611 0
72 108 69 5.0821 0
56 57 97 5.0476 0
95 70 85 4.9586 0
24 24 60 5.0712 0
30 92 71 4.9134 0
70 96 84 4.8426 0
59 68 99 4.8886 0
109 31 65 4.8371 0
79 79 111 4.8266 0
19 77 24 4.727 0
79 38 90 4.7406 0
19 49 79 4.5513 0
91 21 41 4.5376 0
86 56 111 4.5673 0
114 67 38 4.557 0
82 84 62 4.4558 0
21 36 41 4.5376 0
37 78 51 4.3052 0
78 82 90 4.388 0
50 78 108 4.3517 0
45 38 90 4.2727 0
42 56 110 4.3376 0
39 93 78 4.2812 0
26 97 43 4.2262 0
97 42 27 4.181 0
110 47 75 4.255 0
16 42 71 4.0629 0
85 30 27 4.181 0
55 14 45 4.1653 0
60 34 49 4.0523 0
112 76 33 4.0262 0
71 71 102 3.9456 0
54 90 62 4.0688 0
95 102 51 3.9953 0
16 49 51 3.95 0
14 57 45 3.8649 0
102 72 76 3.9083 0
86 107 55 3.8951 0
101 78 27 3.8973 0
105 36 40 3.6731 0
64 23 27 3.6824 0
79 80 101 3.779 0
14 69 45 3.7158 0
58 113 37 3.7108 0
90 94 27 3.7593 0
33 48 89 3.7014 0
80 19 60 3.689 0
75 76 71 3.6163 0
110 39 71 3.665 0
21 89 39 3.5014 0
34 75 93 3.5413 0
102 61 29 3.6182 0
0
