128
0 0 0 86.9075 0
127 127 0 71.5111 0
127 0 127 71.219 0
0 127 127 71.1752 0
99 98 98 33.4482 0
34 107 34 28.4088 0
107 34 35 27.7269 0
50 50 91 26.3931 0
72 67 43 19.338 0
124 64 65 16.6935 0
68 127 72 15.0615 0
87 57 77 12.2828 0
57 89 77 12.2828 0
84 6 54 12.0396 0
15 79 59 11.8086 0
63 17 75 11.3753 0
69 98 52 10.2671 0
43 72 52 10.2671 0
73 38 53 9.2592 0
100 70 53 9.2592 0
32 76 73 8.2514 0
78 37 73 8.2514 0
72 72 73 8.2514 0
26 61 68 6.8693 0
55 86 56 6.2356 0
87 87 56 6.2356 0
53 109 71 6.2356 0
68 104 71 6.2356 0
52 55 56 6.2356 0
72 22 57 5.2277 0
47 119 65 5.3963 0
106 49 70 5.3311 0
100 69 70 5.2277 0
38 90 70 5.2277 0
92 57 57 5.2277 0
94 41 70 5.2277 0
60 114 57 5.2284 0
47 75 70 5.2277 0
76 113 57 5.2435 0
86 116 65 4.9757 0
85 47 58 4.2199 0
86 74 69 4.2199 0
59 43 58 4.2199 0
113 85 64 4.4626 0
29 68 58 4.3757 0
79 15 69 4.2815 0
44 99 69 4.2199 0
73 90 69 4.2199 0
58 73 69 4.2199 0
32 83 58 4.2199 0
100 84 58 4.2199 0
85 99 58 4.2199 0
83 25 69 4.2199 0
73 50 69 4.2199 0
82 25 58 4.2199 0
90 32 68 3.212 0
54 29 68 3.2779 0
104 58 59 3.212 0
80 84 68 3.212 0
56 100 59 3.212 0
68 85 59 3.212 0
76 87 59 3.212 0
61 34 59 3.212 0
26 87 68 3.212 0
74 26 68 3.212 0
90 21 59 3.212 0
54 65 59 3.212 0
101 58 68 3.212 0
85 33 59 3.212 0
70 58 68 3.212 0
57 76 59 3.212 0
37 59 59 3.212 0
65 51 59 3.212 0
76 50 59 3.212 0
90 77 59 3.212 0
107 76 68 3.212 0
63 31 68 3.212 0
45 85 59 3.212 0
43 108 68 3.212 0
64 27 59 3.212 0
78 111 68 3.212 0
73 14 63 2.9391 0
22 93 62 2.682 0
33 53 66 2.7541 0
96 15 60 2.535 0
108 52 61 2.6976 0
93 95 60 2.2041 0
105 39 67 2.6141 0
40 66 67 2.2041 0
109 77 60 2.3745 0
84 107 60 2.2041 0
62 66 67 2.2041 0
79 104 67 2.2041 0
48 94 60 2.2041 0
38 88 60 2.2041 0
44 83 67 2.2041 0
80 93 60 2.2041 0
83 78 60 2.2041 0
83 56 60 2.2041 0
52 68 67 2.2041 0
69 42 67 2.2041 0
76 97 67 2.2041 0
98 92 60 2.2041 0
52 46 60 2.2041 0
86 18 67 2.2041 0
33 97 67 2.2041 0
53 106 60 2.2041 0
96 78 67 2.2041 0
68 111 60 2.2041 0
42 53 60 2.2041 0
80 47 67 2.2041 0
89 39 60 2.2041 0
45 61 60 2.2041 0
59 101 67 2.2041 0
29 93 67 2.2041 0
64 78 67 2.2041 0
86 43 67 2.2041 0
98 52 67 2.2041 0
52 100 67 2.2041 0
96 50 60 2.2041 0
59 106 60 2.2041 0
52 114 60 2.2457 0
63 79 60 2.2041 0
92 45 60 2.2041 0
30 76 60 2.2041 0
90 67 60 2.2041 0
46 67 67 2.2041 0
76 63 67 2.2041 0
0
