128
63 127 127 85.3164 0
38 0 0 85.3164 0
127 22 90 41.763 0
127 89 23 41.1708 0
0 87 50 20.4302 0
0 51 86 19.8983 0
84 49 71 11.2812 0
127 74 76 10.9951 0
103 52 53 10.5086 0
85 69 49 10.4399 0
26 75 58 7.6652 0
26 58 75 7.6652 0
110 66 75 6.3973 0
0 61 60 6.3952 0
99 74 60 5.9803 0
67 69 54 5.8866 0
7 74 73 5.8873 0
99 59 73 5.4118 0
126 62 63 5.5008 0
65 55 69 5.0116 0
111 75 66 4.9823 0
121 54 55 4.8073 0
44 57 71 4.8286 0
46 71 57 4.8286 0
18 69 73 4.7282 0
56 69 56 4.1894 0
54 57 70 4.0715 0
79 57 57 4.0715 0
11 64 58 3.9697 0
11 63 67 3.8881 0
116 64 65 3.8881 0
88 57 58 3.4101 0
16 73 65 3.1991 0
16 54 68 3.1991 0
106 56 67 3.1587 0
37 71 60 3.1587 0
99 68 70 2.7762 0
114 61 56 2.7931 0
27 69 69 2.6461 0
71 56 61 2.7943 0
103 66 56 2.7943 0
36 62 71 2.5155 0
16 70 56 2.5888 0
96 56 65 2.5155 0
90 71 62 2.5155 0
73 62 56 2.5155 0
91 63 71 2.4014 0
4 66 68 2.3665 0
8 54 64 2.3617 0
96 64 56 2.4014 0
119 73 64 2.3617 0
75 70 60 2.2698 0
108 69 58 2.2898 0
104 70 67 2.2698 0
74 60 70 2.2698 0
114 54 61 2.1133 0
32 70 66 1.8303 0
32 66 70 1.8303 0
20 66 57 1.8304 0
121 62 70 1.8534 0
120 62 57 1.7021 0
34 58 67 1.3813 0
93 69 67 1.3813 0
82 70 62 1.5373 0
21 57 65 1.5373 0
79 62 70 1.5373 0
5 70 65 1.4721 0
33 67 58 1.3813 0
84 63 70 1.3983 0
61 63 57 1.3983 0
108 64 57 1.3983 0
111 56 64 1.4367 0
76 57 63 1.3983 0
122 69 62 1.3539 0
18 62 70 1.3609 0
61 57 63 1.3983 0
57 57 64 1.3983 0
94 60 58 1.3813 0
112 66 57 1.3599 0
42 70 63 1.3983 0
22 69 67 1.3813 0
41 64 70 1.3983 0
38 58 67 1.3813 0
111 58 70 1.3949 0
36 69 67 1.3813 0
65 58 60 1.3813 0
69 60 58 1.3813 0
121 56 62 1.3537 0
118 66 59 1.2179 0
93 68 59 1.2208 0
93 59 68 1.2208 0
9 72 65 1.1041 0
19 59 68 1.2208 0
18 69 61 0.9058 0
72 58 66 0.9058 0
62 69 61 0.9058 0
59 61 69 0.9058 0
112 71 60 0.9462 0
38 66 69 0.9058 0
23 66 69 0.9058 0
41 66 58 0.9058 0
49 58 66 0.9058 0
76 66 58 0.9058 0
94 66 69 0.9058 0
115 72 61 0.9748 0
37 66 58 0.9058 0
94 58 61 0.9058 0
65 61 58 0.9058 0
52 69 61 0.9058 0
69 61 69 0.9058 0
30 58 66 0.9058 0
7 56 60 0.8752 0
15 56 63 0.9462 0
104 66 69 0.9058 0
117 72 68 0.9601 0
89 69 66 0.9058 0
113 65 60 0.9514 0
51 66 58 0.9058 0
71 69 61 0.9058 0
107 61 69 0.9058 0
86 66 69 0.9058 0
40 69 66 0.9058 0
86 69 66 0.9058 0
11 55 67 0.8777 0
101 58 66 0.9058 0
73 66 58 0.9058 0
75 58 66 0.9058 0
107 69 63 0.8953 0
0
