128
0 127 127 80.8242 0
127 0 127 75.5638 0
127 127 47 67.8199 0
0 0 50 66.4389 0
109 3 0 51.5343 0
8 106 0 46.9002 0
44 40 110 16.7261 0
85 81 106 16.4668 0
98 47 52 15.7842 0
48 96 48 15.1929 0
91 68 0 14.5673 0
68 88 0 14.4253 0
52 39 0 14.4253 0
75 28 51 12.597 0
32 74 56 12.0777 0
90 63 78 10.9905 0
53 66 0 10.73 0
93 58 27 10.6497 0
63 87 73 10.2406 0
67 31 73 9.8189 0
59 93 24 9.7879 0
36 56 9 9.5084 0
65 36 29 9.2859 0
34 68 34 8.998 0
39 61 78 8.9147 0
60 53 127 8.6575 0
72 53 2 8.7143 0
75 69 127 8.464 0
78 79 82 7.4671 0
55 34 88 7.4688 0
47 79 68 6.7357 0
83 42 70 6.6919 0
83 43 34 6.016 0
67 81 91 5.7622 0
41 56 93 5.649 0
40 56 25 5.512 0
44 45 87 5.468 0
43 81 33 5.2839 0
40 68 19 5.0919 0
71 67 6 4.6828 0
65 88 38 4.4848 0
63 40 97 4.5681 0
49 60 101 4.4486 0
67 39 14 4.4675 0
77 78 69 4.4461 0
78 60 102 4.3081 0
85 62 95 4.4778 0
89 64 42 4.2314 0
52 77 79 4.3638 0
89 66 61 4.2925 0
54 45 33 4.1438 0
65 47 104 4.1089 0
53 39 21 4.1354 0
66 88 57 4.1254 0
86 72 22 4.1446 0
38 61 46 3.9593 0
43 77 43 4.0186 0
46 49 76 3.9367 0
72 88 19 3.9499 0
77 62 115 3.9156 0
86 53 13 3.8989 0
68 38 86 3.9148 0
72 82 62 3.7181 0
65 76 101 3.7139 0
61 67 124 3.628 0
83 49 79 3.6646 0
83 72 65 3.5029 0
68 75 117 3.6128 0
71 85 28 3.5159 0
39 61 64 3.4821 0
67 57 24 0.0289 0
61 36 61 3.4543 0
88 66 51 3.3429 0
43 68 67 3.2926 0
80 68 90 3.2154 0
52 80 8 3.1277 0
73 47 33 3.0585 0
39 59 56 3.2075 0
56 82 61 3.1372 0
42 48 19 3.1174 0
61 35 42 3.1648 0
42 76 25 3.1983 0
52 83 31 3.0865 0
47 70 83 3.0643 0
74 39 64 3.0474 0
65 48 113 3.0552 0
67 87 47 2.9516 0
51 60 116 3.0276 0
72 53 103 2.8228 0
83 53 87 2.967 0
46 66 90 2.9729 0
53 85 13 2.9893 0
57 79 86 2.8593 0
85 79 14 2.9524 0
77 41 25 2.8524 0
85 53 68 2.8829 0
72 58 122 2.8821 0
48 70 75 2.7759 0
86 70 32 2.8344 0
63 45 19 2.5525 0
80 42 44 2.7711 0
56 38 77 2.7526 0
57 38 67 2.755 0
40 56 35 2.6462 0
64 72 8 2.6637 0
79 54 94 2.6354 0
43 69 10 2.7031 0
58 55 8 2.667 0
64 61 8 2.6637 0
74 39 38 2.6483 0
84 65 17 2.4884 0
64 82 17 2.4823 0
77 39 78 2.5573 0
42 54 68 2.5887 0
61 36 50 2.542 0
78 42 59 2.3777 0
87 59 64 2.4424 0
61 52 26 0.9762 0
44 52 32 2.4679 0
66 46 10 2.464 0
48 85 26 2.396 0
50 60 109 2.3822 0
58 85 35 2.3368 0
62 40 82 2.3674 0
84 49 19 2.3225 0
78 71 74 2.1619 0
60 76 95 2.2211 0
75 45 11 2.2768 0
0
