128
0 127 127 68.7292 0
126 0 6 57.1894 0
127 127 0 68.724 0
0 0 0 61.9538 0
127 0 127 61.9532 0
6 0 126 57.1901 0
11 110 11 47.9775 0
116 110 116 47.977 0
64 52 64 22.63 0
64 2 63 25.8832 0
66 56 2 23.2328 0
63 59 118 23.3114 0
9 56 67 23.0351 0
118 60 64 23.0333 0
95 58 34 12.8446 0
47 127 59 12.8492 0
80 127 68 12.8462 0
31 58 37 11.95 0
91 58 95 11.8313 0
34 55 93 11.5783 0
103 28 64 9.8068 0
24 24 65 9.5268 0
24 86 63 9.4989 0
64 27 103 9.5015 0
63 84 21 9.4545 0
67 119 85 8.8407 0
60 119 42 8.8317 0
65 23 21 8.6636 0
102 89 64 8.5377 0
64 89 102 8.5379 0
97 43 80 7.3224 0
46 50 26 7.1806 0
29 74 50 7.0113 0
48 41 97 6.887 0
44 66 24 6.9102 0
79 42 97 6.8874 0
30 72 83 6.8262 0
97 9 64 6.7496 0
66 9 30 6.4448 0
99 41 49 6.4981 0
31 39 80 6.4219 0
45 73 97 6.3867 0
65 9 97 6.4106 0
97 77 49 6.4024 0
28 38 51 6.3319 0
81 71 24 6.2599 0
92 109 66 6.0637 0
35 109 61 6.062 0
31 9 67 5.957 0
83 45 25 5.994 0
62 106 33 5.9092 0
65 106 94 5.9129 0
79 74 97 5.8201 0
48 76 70 5.7702 0
80 76 58 5.7702 0
70 76 48 5.7702 0
58 76 80 5.7702 0
56 76 49 5.7702 0
79 76 72 5.5226 0
46 29 66 5.5309 0
97 79 75 5.4128 0
55 119 75 5.2578 0
76 54 30 5.402 0
72 119 52 5.2517 0
53 29 78 5.3016 0
53 29 49 5.2996 0
81 29 59 5.1381 0
68 29 46 5.1278 0
68 29 81 5.1288 0
80 29 71 5.0749 0
96 69 81 5.012 0
46 75 58 4.8574 0
55 35 20 4.9286 0
75 34 21 4.8445 0
70 77 79 4.7624 0
89 75 39 4.6718 0
52 83 96 4.5685 0
51 76 26 4.4106 0
38 74 40 4.2946 0
88 74 88 4.3036 0
62 125 69 4.2206 0
65 125 58 4.2201 0
64 71 28 4.1493 0
40 37 88 3.9018 0
32 82 76 3.897 0
67 96 31 3.8117 0
88 38 87 3.9016 0
76 30 95 3.8424 0
76 81 27 3.906 0
58 95 31 3.8057 0
95 31 76 3.8456 0
30 37 68 3.7548 0
32 99 67 3.8026 0
67 40 97 3.6351 0
56 78 60 3.7545 0
97 41 68 3.7522 0
32 98 58 3.7212 0
29 75 71 3.7335 0
49 113 48 3.6035 0
78 113 79 3.6076 0
46 33 55 3.7371 0
94 59 78 3.7249 0
49 63 94 3.7215 0
75 84 95 3.616 0
32 50 52 3.4828 0
43 113 69 3.6097 0
84 113 58 3.6034 0
55 58 28 3.4901 0
33 42 41 3.6607 0
52 30 95 3.4858 0
38 80 85 3.6421 0
33 28 77 3.3043 0
93 41 39 3.3991 0
94 66 50 3.3023 0
78 33 50 3.3756 0
56 68 25 3.4547 0
94 100 60 3.2396 0
50 52 94 3.3026 0
32 27 52 3.2426 0
60 34 44 3.3773 0
94 51 50 3.3022 0
68 77 97 3.198 0
56 18 31 3.3007 0
32 63 53 3.1496 0
95 27 52 3.2449 0
43 111 53 3.2659 0
84 111 74 3.267 0
83 78 33 3.3204 0
0
