128
63 63 127 66.4465 0
63 127 0 57.801 0
64 0 0 57.8008 0
0 63 38 38.2004 0
127 64 38 38.2003 0
1 127 76 35.1563 0
126 0 76 35.1559 0
125 127 77 34.4331 0
3 0 75 33.7629 0
52 63 31 12.3815 0
85 104 63 11.5881 0
66 53 49 11.0267 0
41 23 62 10.9096 0
43 102 62 10.9409 0
86 23 62 10.8751 0
77 64 33 10.2567 0
73 87 55 8.7005 0
51 40 55 8.676 0
50 83 55 8.2607 0
47 59 53 8.2605 0
83 72 54 7.915 0
85 48 56 7.8115 0
103 90 69 7.3458 0
102 38 68 7.3924 0
25 89 68 7.3581 0
91 84 61 6.7753 0
107 106 44 6.8237 0
35 43 61 6.6987 0
63 74 53 6.6602 0
24 36 67 6.5989 0
27 104 51 6.5042 0
103 26 51 6.356 0
24 26 51 6.3559 0
35 84 59 5.6571 0
74 37 52 5.7316 0
65 75 38 5.1719 0
82 49 38 5.2671 0
42 78 38 5.1719 0
43 47 38 5.1719 0
84 80 38 5.1719 0
105 98 56 5.0408 0
41 73 51 4.6882 0
96 102 49 4.3373 0
21 101 41 4.1056 0
81 59 48 4.0607 0
53 46 42 3.8593 0
33 102 75 3.7859 0
95 40 58 3.8265 0
40 47 51 3.7877 0
41 33 49 3.7829 0
42 93 49 3.7829 0
84 35 49 3.7483 0
90 42 40 3.7388 0
25 94 56 3.7482 0
88 96 49 3.7487 0
52 71 50 3.6366 0
23 26 40 3.6884 0
104 27 40 3.4632 0
35 88 40 3.4141 0
91 87 40 3.4265 0
36 40 40 3.4141 0
89 82 48 3.0699 0
73 80 40 3.1658 0
94 26 75 3.1329 0
94 101 76 3.2174 0
51 81 40 3.1865 0
32 25 75 3.0702 0
98 95 40 3.1561 0
28 95 40 3.1561 0
98 33 40 3.1561 0
30 33 40 3.1561 0
92 28 48 3.0369 0
92 42 48 3.0702 0
98 91 56 3.0698 0
83 90 47 3.0359 0
31 89 51 3.0356 0
28 35 55 3.0356 0
98 36 51 3.0701 0
35 28 48 3.0714 0
36 98 48 3.0702 0
94 87 51 3.0698 0
38 82 50 3.0356 0
34 41 50 3.0356 0
104 29 61 2.9441 0
33 32 71 2.9106 0
27 94 48 2.9163 0
62 84 49 2.7892 0
73 67 49 2.6287 0
63 38 49 2.6287 0
58 90 49 2.7819 0
100 95 47 2.7275 0
57 65 49 2.6287 0
73 75 49 2.6287 0
58 81 41 2.4428 0
65 66 41 2.1483 0
85 90 55 2.4606 0
24 100 60 2.4859 0
44 38 44 2.3575 0
102 96 79 2.357 0
101 32 77 2.4418 0
26 95 77 2.4082 0
100 33 58 2.3574 0
26 32 76 2.3594 0
86 36 56 2.299 0
30 36 48 2.3229 0
100 103 61 2.191 0
33 96 71 2.2563 0
47 49 47 2.2157 0
86 57 41 2.1483 0
94 31 71 2.2566 0
42 55 41 2.1485 0
85 72 41 2.1485 0
75 44 42 2.1046 0
42 86 41 2.1483 0
54 75 41 2.1483 0
41 69 41 2.1483 0
24 27 61 2.1909 0
100 24 61 2.1909 0
45 73 44 2.1844 0
78 75 41 2.1483 0
67 83 42 2.1044 0
95 96 72 2.0033 0
29 103 61 1.9793 0
82 51 46 1.9711 0
78 47 45 1.9689 0
82 39 43 1.9437 0
46 89 45 1.8573 0
90 47 45 1.8641 0
0
