128
127 127 127 77.1638 0
0 0 0 73.7738 0
0 61 127 64.8546 0
61 127 0 64.7442 0
127 25 14 55.321 0
100 0 115 51.1545 0
38 126 84 20.4767 0
63 54 43 18.3912 0
74 58 87 17.2475 0
11 80 47 17.0905 0
44 12 79 15.2475 0
71 5 54 14.4646 0
106 53 76 13.8371 0
102 81 51 13.7141 0
17 107 63 13.2075 0
53 96 83 11.1925 0
56 36 77 10.6404 0
36 66 51 10.4844 0
78 77 53 8.3029 0
58 28 53 8.3198 0
88 61 53 8.3039 0
55 75 79 8.1189 0
70 83 79 7.8584 0
77 31 54 7.315 0
35 99 74 7.4042 0
52 76 54 7.3009 0
35 85 54 7.2985 0
92 71 73 6.9641 0
77 36 74 6.7675 0
50 54 75 6.5364 0
18 57 55 6.3539 0
43 43 55 6.3187 0
84 45 55 6.2893 0
38 33 73 5.6924 0
90 40 74 5.4816 0
64 121 72 5.4293 0
31 49 56 5.3461 0
64 18 73 5.4083 0
41 86 74 5.2874 0
64 83 56 5.2792 0
92 98 57 5.2249 0
60 112 79 4.9447 0
84 81 72 4.7395 0
28 28 69 4.759 0
102 35 69 4.6751 0
42 45 72 4.6214 0
44 66 72 4.631 0
52 13 59 4.5337 0
89 14 61 4.5736 0
32 97 57 4.3266 0
70 96 76 4.3057 0
49 88 57 4.2892 0
78 90 57 4.2842 0
72 25 72 4.1264 0
100 59 59 4.0583 0
26 92 69 4.0329 0
42 76 72 3.8568 0
40 57 70 3.8377 0
100 67 65 3.7896 0
45 55 58 3.5938 0
30 38 68 3.4155 0
89 59 71 3.5477 0
80 72 71 3.3825 0
19 89 65 3.484 0
67 105 76 3.4356 0
60 50 72 3.3086 0
80 24 69 3.402 0
82 20 58 3.2685 0
41 95 58 3.3106 0
66 37 58 3.2798 0
53 40 58 3.295 0
43 30 58 3.295 0
30 84 69 3.3081 0
86 86 58 3.2691 0
49 64 58 3.2781 0
93 50 58 3.2642 0
48 22 58 3.295 0
94 81 68 3.2538 0
80 46 70 3.2434 0
77 91 73 3.2713 0
88 35 58 3.2657 0
62 71 58 3.2683 0
76 65 58 3.2658 0
58 61 73 3.1707 0
33 46 68 3.0125 0
45 105 72 2.9854 0
57 116 68 3.031 0
86 50 71 2.9895 0
75 18 69 2.9463 0
12 50 60 2.8651 0
73 117 67 2.8636 0
87 31 71 2.7567 0
53 25 68 2.8276 0
28 76 59 2.6556 0
66 73 74 2.6934 0
32 115 63 2.7816 0
25 92 59 2.5402 0
58 13 66 2.6993 0
52 108 74 2.7207 0
50 84 73 2.723 0
36 67 69 2.6576 0
33 77 69 2.6002 0
84 65 69 2.486 0
101 27 67 2.5518 0
20 31 68 2.558 0
47 28 69 2.4297 0
52 64 72 2.5256 0
61 67 73 2.5369 0
18 47 59 2.3224 0
22 67 59 2.3224 0
61 91 59 2.2849 0
30 40 59 2.3805 0
24 44 59 2.3224 0
95 31 70 2.4123 0
35 36 59 2.2872 0
67 91 59 2.2789 0
71 44 72 2.4175 0
78 58 59 2.2582 0
42 20 62 2.2953 0
89 87 68 2.2934 0
55 93 59 2.2904 0
38 54 59 2.3224 0
42 76 59 2.2656 0
89 22 59 2.2572 0
34 106 59 2.3496 0
78 52 59 2.2585 0
74 75 72 2.3718 0
27 57 59 2.3224 0
0
