128
37 0 0 74.2253 0
0 127 127 70.6301 0
127 0 127 73.0365 0
127 127 0 70.6277 0
101 104 101 35.1511 0
28 105 28 33.4873 0
2 32 93 29.0724 0
58 60 91 23.908 0
121 39 37 23.8173 0
65 113 63 16.8436 0
69 75 43 16.7186 0
0 68 50 16.5177 0
127 70 73 14.0493 0
97 65 48 12.0271 0
24 64 78 10.8553 0
92 64 78 10.8553 0
92 35 57 10.1778 0
69 31 74 10.2194 0
42 69 52 9.7816 0
54 92 77 9.6632 0
80 51 51 8.6545 0
36 40 74 8.3489 0
83 46 75 7.731 0
39 81 74 7.3763 0
24 71 56 7.2529 0
79 77 74 6.696 0
116 69 54 6.6046 0
79 95 53 6.6786 0
71 89 74 6.641 0
89 83 54 6.1591 0
9 72 72 5.986 0
65 54 54 5.9144 0
84 71 61 5.7588 0
56 92 54 5.804 0
103 71 66 5.7594 0
44 103 67 5.7083 0
110 58 73 5.656 0
7 47 59 5.5523 0
52 37 71 5.4438 0
7 90 59 5.5536 0
8 59 70 5.5404 0
120 51 66 5.4532 0
120 89 67 5.4538 0
86 103 61 5.3876 0
61 63 61 5.1383 0
33 72 66 5.0623 0
77 39 62 4.9858 0
98 50 71 4.8782 0
25 80 72 4.7213 0
18 55 55 4.6209 0
29 59 55 4.6207 0
50 82 55 4.6227 0
107 78 55 4.6247 0
52 56 55 4.6207 0
37 54 71 4.3652 0
44 69 67 4.2131 0
62 81 71 4.0302 0
95 50 56 4.0653 0
91 79 71 3.8753 0
78 66 70 3.9112 0
24 41 68 3.8144 0
26 50 71 3.8936 0
118 59 60 3.7275 0
17 81 56 3.615 0
110 58 56 3.6462 0
103 41 65 3.6684 0
104 52 56 3.6143 0
52 73 64 3.3665 0
109 79 71 3.6135 0
118 79 59 3.5857 0
41 93 71 3.6166 0
79 57 71 3.6294 0
100 84 56 3.614 0
9 82 67 3.4383 0
41 83 57 3.5499 0
66 92 57 3.3836 0
85 85 69 3.4166 0
63 73 64 2.8718 0
112 63 64 3.1324 0
15 63 64 3.1324 0
44 49 69 3.1231 0
64 48 64 2.4008 0
34 101 65 3.1882 0
90 51 66 2.9569 0
63 92 64 3.1158 0
69 66 65 2.9982 0
75 74 64 3.0463 0
93 74 65 3.0464 0
63 43 69 3.0805 0
107 35 61 2.9823 0
38 64 70 3.0069 0
96 84 67 2.8858 0
49 99 59 2.7711 0
49 76 70 2.9809 0
21 74 67 2.9357 0
101 80 70 2.9099 0
78 96 70 2.8881 0
90 95 57 2.6709 0
33 83 58 2.8394 0
31 88 70 2.8572 0
71 44 57 2.6088 0
55 69 58 2.7807 0
43 53 57 2.764 0
32 51 65 2.6575 0
78 63 57 2.7351 0
46 42 66 2.6606 0
36 51 59 2.6757 0
72 60 57 2.6403 0
112 93 65 2.6663 0
93 43 69 2.5337 0
72 44 70 2.6364 0
102 45 57 2.612 0
17 54 70 2.609 0
16 82 70 2.6081 0
47 91 57 2.6048 0
95 91 57 2.6048 0
37 57 57 2.6045 0
106 47 70 2.6058 0
74 51 70 2.6073 0
69 78 70 2.6071 0
25 82 57 2.6076 0
63 81 63 2.4008 0
112 49 70 2.6071 0
64 43 59 2.5994 0
63 86 59 2.5986 0
63 38 63 2.4008 0
40 51 64 2.5017 0
63 54 64 2.4008 0
0
