128
0 62 0 87.1772 0
127 61 124 46.0921 0
42 127 127 60.1694 0
40 0 127 58.4043 0
127 127 19 54.8989 0
127 0 22 54.0299 0
84 76 71 22.6294 0
111 113 89 17.2447 0
127 64 55 16.3942 0
105 11 89 16.3174 0
65 3 56 15.5789 0
72 38 71 15.2896 0
65 123 54 14.5093 0
98 46 60 11.1497 0
85 118 70 10.5665 0
121 90 74 10.4611 0
94 36 85 9.7525 0
121 42 71 9.3987 0
85 11 71 9.0924 0
76 102 54 8.0661 0
60 99 66 7.7562 0
80 21 57 6.5409 0
88 105 83 5.9843 0
84 22 84 5.8279 0
100 52 77 5.8073 0
90 30 61 5.7272 0
110 80 57 5.4678 0
53 25 68 5.5157 0
113 29 77 5.4404 0
45 119 60 5.4203 0
105 90 86 5.4681 0
44 8 63 5.1926 0
116 74 74 5.1168 0
116 57 73 4.7992 0
98 32 70 4.4815 0
99 109 70 4.2022 0
89 101 58 4.1063 0
71 14 73 4.0453 0
106 61 60 4.0222 0
72 101 75 4.0555 0
61 23 61 3.7045 0
48 105 66 3.59 0
99 19 70 3.6923 0
114 48 60 3.5455 0
109 102 70 3.4361 0
116 79 65 3.4835 0
106 23 72 3.471 0
70 113 70 3.2969 0
90 29 73 3.4186 0
55 107 58 3.4159 0
105 90 61 3.407 0
99 97 62 3.3324 0
103 41 74 3.3316 0
109 33 85 3.1951 0
104 58 70 3.1794 0
72 102 66 2.9351 0
96 99 81 3.0679 0
78 106 78 2.9078 0
76 18 79 2.7321 0
115 87 61 2.8385 0
108 69 60 2.84 0
36 117 64 2.7267 0
85 108 59 2.7215 0
113 32 68 2.659 0
112 38 81 2.5664 0
53 115 65 2.6117 0
51 12 67 2.5354 0
69 22 61 2.5099 0
103 94 67 2.5473 0
112 81 81 2.5595 0
114 66 71 2.4969 0
113 40 61 2.488 0
90 19 62 2.422 0
50 14 61 2.4198 0
98 98 69 2.3961 0
104 33 64 2.2097 0
101 94 79 2.3458 0
53 19 61 2.3143 0
94 108 76 2.1583 0
83 101 63 2.2781 0
36 11 66 2.0941 0
43 20 68 2.1255 0
103 45 82 2.247 0
112 44 80 2.1678 0
78 102 70 1.9567 0
103 60 80 2.2414 0
60 23 73 2.1399 0
49 110 59 2.1221 0
76 111 62 2.0898 0
106 82 83 2.1291 0
111 54 61 2.0559 0
105 37 69 1.9829 0
74 16 66 2.0853 0
107 40 84 1.9795 0
59 14 70 1.9972 0
91 100 65 2.0144 0
78 102 65 2.0288 0
91 108 61 1.7429 0
95 99 74 2.0001 0
61 113 68 1.8998 0
64 15 72 1.907 0
112 96 66 1.9256 0
94 108 65 1.9383 0
112 49 78 1.7818 0
94 20 76 1.9106 0
103 93 73 1.9041 0
67 105 60 1.7942 0
114 52 67 1.6846 0
41 108 66 1.754 0
112 63 77 1.6285 0
103 35 76 1.7592 0
106 63 67 1.7383 0
47 20 65 1.7284 0
69 21 77 1.6512 0
86 101 75 1.6786 0
114 73 66 1.6174 0
112 68 77 1.659 0
110 94 80 1.6596 0
98 28 63 1.6231 0
85 26 67 1.5705 0
108 36 62 1.4706 0
81 102 74 1.454 0
109 98 76 1.6189 0
87 101 68 1.5973 0
100 97 74 1.4195 0
92 24 81 1.4221 0
73 110 75 1.4536 0
103 104 73 1.4061 0
0
