128
127 0 127 77.1785 0
0 0 0 69.9862 0
127 127 0 66.3853 0
0 127 127 65.9124 0
11 118 13 47.7082 0
112 121 111 44.7627 0
24 34 97 33.426 0
96 34 25 33.3576 0
66 73 93 22.535 0
63 78 36 20.7327 0
62 127 58 19.6187 0
7 68 59 19.2215 0
116 69 61 17.449 0
52 1 70 15.951 0
61 37 60 15.2117 0
83 90 64 13.2605 0
49 91 66 12.8998 0
75 1 51 12.4116 0
36 60 45 11.8212 0
89 59 71 10.7472 0
63 106 81 10.438 0
92 74 47 9.528 0
96 78 80 9.4509 0
32 76 80 9.4551 0
40 64 67 8.9154 0
36 82 49 7.5851 0
74 103 49 7.5212 0
88 116 63 7.315 0
31 44 57 7.3586 0
37 115 63 7.251 0
106 92 67 7.262 0
58 16 50 6.5241 0
71 43 80 6.6072 0
19 92 64 6.3777 0
50 104 50 6.4128 0
61 26 80 6.3661 0
62 66 64 6.0072 0
81 62 51 6.1624 0
88 42 65 5.8717 0
70 55 51 5.6173 0
54 56 51 5.4303 0
77 111 73 5.341 0
76 67 63 5.3183 0
48 111 73 5.341 0
58 47 79 5.086 0
76 22 58 5.078 0
63 99 56 4.9055 0
47 21 57 4.6078 0
71 12 67 4.6569 0
37 17 64 4.5911 0
67 80 65 4.5374 0
49 66 55 4.517 0
42 39 52 4.4715 0
33 90 75 4.3906 0
78 49 56 4.3082 0
22 85 73 4.3082 0
101 86 53 4.2422 0
103 104 64 4.2384 0
46 51 56 4.2189 0
37 95 53 4.2072 0
81 45 74 4.1649 0
49 57 78 4.1041 0
36 27 61 3.9977 0
24 85 53 3.796 0
67 100 67 3.8289 0
65 17 74 3.9211 0
89 11 55 3.8785 0
84 109 54 3.705 0
25 110 63 3.6603 0
87 30 62 3.5118 0
45 76 74 3.511 0
76 53 77 3.3576 0
94 67 59 3.4842 0
30 100 62 2.0357 0
43 73 53 3.398 0
39 48 65 3.3221 0
89 51 58 3.3787 0
86 69 59 3.1889 0
99 112 64 3.2519 0
68 18 55 3.2885 0
71 30 76 3.1989 0
53 65 70 3.1097 0
31 70 59 3.0226 0
93 103 57 3.168 0
41 108 54 3.0373 0
44 29 55 2.9564 0
31 80 63 1.2146 0
52 70 65 2.8745 0
93 76 64 2.9144 0
38 35 62 2.7287 0
88 21 59 2.9092 0
36 34 55 2.8803 0
36 101 73 2.8163 0
29 92 54 2.7557 0
79 72 54 2.6771 0
44 53 72 2.7722 0
67 63 55 2.759 0
38 78 65 2.5216 0
53 20 76 2.5924 0
60 62 55 2.6005 0
30 89 63 2.0357 0
37 53 60 2.6265 0
81 36 71 2.6837 0
73 24 67 2.6355 0
83 72 73 2.6771 0
81 16 54 2.6473 0
50 71 72 2.5094 0
42 78 58 2.5216 0
49 23 65 2.4389 0
40 107 73 2.5617 0
85 107 73 2.5617 0
74 102 72 2.4726 0
59 78 64 2.5216 0
46 109 59 2.2676 0
72 78 59 2.5216 0
96 94 54 2.4462 0
49 12 54 2.4024 0
79 32 58 2.4421 0
28 76 54 2.4215 0
96 96 73 2.4462 0
101 97 58 2.2227 0
66 11 60 2.2805 0
93 104 64 2.2051 0
30 98 71 2.1773 0
23 101 63 2.3462 0
78 12 62 2.3894 0
23 83 65 2.3462 0
97 90 73 2.3749 0
0
