128
97 0 127 98.2116 0
64 127 0 75.4421 0
0 113 109 50.6556 0
0 27 25 43.9912 0
119 110 80 22.0714 0
17 74 58 14.7278 0
124 83 54 14.3954 0
45 84 75 11.4826 0
41 59 51 11.5462 0
24 52 67 8.1957 0
93 92 71 7.7931 0
33 65 72 7.0789 0
65 85 72 6.7846 0
54 72 62 6.7233 0
103 79 56 6.067 0
106 89 65 5.7784 0
38 76 59 5.2016 0
80 86 69 5.1844 0
33 93 67 4.2146 0
34 45 58 4.2049 0
22 94 61 4.2178 0
90 77 58 4.2144 0
44 66 67 4.0309 0
29 85 69 3.816 0
70 78 64 3.7578 0
79 77 61 3.5313 0
35 85 62 3.2138 0
93 85 61 2.895 0
25 40 65 2.9275 0
33 77 68 2.7652 0
98 102 67 2.7213 0
109 80 64 2.6615 0
105 98 62 2.4266 0
99 83 67 2.3784 0
89 82 67 2.3337 0
38 57 67 2.3605 0
46 79 60 2.2551 0
87 84 62 2.2644 0
31 38 60 2.1351 0
40 72 67 2.1213 0
57 81 67 1.9884 0
63 80 63 1.9604 0
24 34 65 1.9551 0
28 88 60 1.9164 0
99 87 60 1.9116 0
102 97 67 1.9468 0
44 70 61 1.814 0
29 99 66 1.8082 0
32 65 62 1.8295 0
103 80 65 1.7089 0
34 69 60 1.6976 0
26 91 66 1.6738 0
33 60 63 1.6417 0
110 75 60 1.681 0
22 102 61 1.6641 0
73 83 67 1.672 0
94 82 66 1.545 0
37 51 64 1.5289 0
82 79 66 1.4996 0
40 61 65 1.4154 0
97 91 61 1.2618 0
45 73 66 1.1381 0
30 92 61 1.2141 0
56 85 65 1.2042 0
37 70 64 1.0955 0
28 43 62 1.1721 0
38 68 61 1.1539 0
85 78 62 1.0805 0
29 33 61 1.1311 0
96 77 61 0.94 0
32 72 66 1.0883 0
50 81 61 1.0556 0
33 54 61 1.0586 0
98 98 64 1.0197 0
76 80 65 1.0092 0
26 95 66 1.0091 0
29 103 65 1.0453 0
101 94 61 0.9469 0
23 28 65 1.0386 0
58 80 63 0.9872 0
35 51 61 1.0318 0
83 82 61 0.8801 0
98 83 61 1.0095 0
34 49 66 0.9144 0
45 74 61 0.8775 0
86 79 66 0.9909 0
34 55 66 0.8413 0
95 80 61 0.8028 0
34 80 64 0.7799 0
53 84 64 0.8545 0
26 36 62 0.847 0
32 50 61 0.9101 0
30 43 66 0.8088 0
32 81 61 0.8334 0
28 96 61 0.8382 0
98 95 62 0.6448 0
98 80 63 0.9183 0
42 75 65 0.6874 0
30 84 61 0.7089 0
27 87 64 0.7137 0
22 23 65 0.753 0
101 97 61 0.7206 0
32 46 66 0.6786 0
34 52 66 0.6696 0
31 89 62 0.6297 0
75 81 62 0.9288 0
53 81 61 0.6604 0
92 79 66 0.6636 0
35 74 65 0.626 0
32 69 64 0.5485 0
35 48 63 0.6382 0
24 99 64 0.5104 0
75 85 64 0.5247 0
113 77 64 0.5981 0
105 103 62 0.5125 0
37 54 63 0.5775 0
59 85 65 0.9884 0
32 41 62 0.5572 0
80 83 62 0.7178 0
89 78 65 0.9469 0
37 67 64 0.831 0
41 67 62 0.8379 0
99 79 65 0.7459 0
98 76 62 0.5063 0
33 56 63 0.8733 0
34 46 64 0.8521 0
71 85 65 0.8513 0
30 46 62 0.9621 0
0
