128
0 73 127 76.0829 0
127 0 0 85.2612 0
0 127 0 60.5175 0
127 127 127 56.9358 0
108 127 26 44.4562 0
0 0 29 43.9852 0
107 34 117 36.8503 0
61 0 99 21.1711 0
36 56 23 20.9042 0
73 78 63 20.0916 0
62 127 71 18.8912 0
119 79 68 17.9966 0
61 85 28 16.1142 0
49 1 64 14.2412 0
70 28 78 13.6004 0
94 76 91 12.4489 0
54 106 47 11.9368 0
57 42 54 11.578 0
75 100 87 11.5005 0
75 53 85 10.8282 0
36 23 65 10.0653 0
30 42 51 9.8982 0
31 79 46 9.778 0
36 116 61 9.3898 0
45 30 37 8.5436 0
99 78 47 8.1955 0
64 61 36 8.2056 0
108 55 76 8.196 0
85 77 36 7.925 0
53 22 55 7.4829 0
87 116 74 7.4897 0
46 18 81 7.3586 0
50 62 48 7.1925 0
103 101 72 7.1026 0
34 98 54 7.1936 0
91 61 77 6.5652 0
46 76 56 6.5153 0
89 38 76 6.5204 0
92 92 79 6.4152 0
34 63 51 6.2366 0
46 15 44 5.588 0
59 44 72 5.5629 0
100 66 58 5.553 0
73 41 63 5.4273 0
110 66 88 5.4377 0
49 88 47 5.3584 0
55 103 67 5.2638 0
82 54 69 5.1668 0
41 39 64 5.0482 0
71 109 56 5.0916 0
99 89 58 5.0285 0
80 118 86 4.8935 0
41 92 39 4.8614 0
85 99 72 4.6695 0
70 53 68 4.5755 0
46 31 74 4.509 0
62 58 76 4.4882 0
39 53 58 4.4499 0
40 87 57 4.4322 0
97 47 74 4.4657 0
79 111 64 4.4619 0
99 57 65 4.3682 0
75 60 45 4.3751 0
55 24 89 4.3739 0
61 96 78 4.278 0
48 73 40 4.1846 0
54 58 59 4.1083 0
52 94 59 4.118 0
36 28 50 3.9591 0
55 23 68 4.0349 0
55 33 68 4.0349 0
74 94 42 3.9912 0
61 110 88 3.8492 0
92 106 68 3.8258 0
55 53 67 3.6937 0
68 101 72 3.8367 0
44 82 40 3.835 0
58 14 76 3.7635 0
49 85 63 3.7537 0
95 71 73 3.7374 0
83 43 66 3.6938 0
44 43 44 3.6628 0
96 82 75 3.5969 0
64 42 88 3.6073 0
82 66 42 3.4207 0
42 101 64 3.5319 0
49 67 63 3.4631 0
45 51 47 3.3635 0
76 102 68 3.5137 0
82 88 42 3.3825 0
106 93 80 3.351 0
69 101 41 3.289 0
45 111 71 3.3951 0
76 54 59 3.4069 0
91 51 83 3.3817 0
96 97 63 3.1902 0
39 14 54 3.3159 0
95 108 78 3.2385 0
69 57 51 3.2591 0
42 65 58 3.1524 0
51 30 82 3.1556 0
91 102 83 3.1439 0
98 59 85 3.2013 0
102 64 69 3.1933 0
46 31 50 3.0643 0
108 84 87 3.0889 0
68 50 45 3.0152 0
55 63 69 3.0551 0
70 104 48 2.9794 0
60 71 43 2.8596 0
57 105 76 2.9766 0
92 49 66 2.9844 0
72 47 53 2.8855 0
89 60 65 2.9248 0
92 68 46 2.9571 0
53 77 48 2.8357 0
68 55 58 2.9304 0
100 91 67 2.7802 0
83 56 60 2.9155 0
37 108 50 2.878 0
79 57 52 2.7258 0
64 106 62 2.7743 0
63 62 48 2.7984 0
100 91 86 2.7578 0
59 55 46 2.7693 0
47 39 72 2.7728 0
42 94 61 2.7303 0
44 48 65 2.6893 0
0
