128
127 0 127 65.701 0
0 0 0 65.701 0
127 127 0 65.701 0
0 127 127 65.701 0
118 118 118 51.8153 0
118 9 9 51.8153 0
9 118 9 51.8153 0
9 9 118 51.8153 0
93 64 63 27.8745 0
30 63 63 26.5531 0
50 0 64 14.1578 0
77 127 64 14.1578 0
65 49 0 14.1872 0
62 49 127 14.1872 0
65 78 126 13.3245 0
63 78 1 13.3245 0
43 64 103 13.017 0
43 103 64 13.017 0
43 63 24 13.017 0
79 4 63 12.8951 0
83 64 22 12.0091 0
83 63 107 12.0091 0
44 26 60 11.7208 0
51 127 59 11.2272 0
65 0 43 10.2784 0
81 102 57 9.9934 0
81 27 70 9.9934 0
63 2 85 9.4698 0
64 125 85 9.4698 0
62 123 41 9.1321 0
79 30 51 7.9776 0
79 97 76 7.9776 0
79 47 94 7.9776 0
78 47 33 6.9698 0
48 83 92 7.0074 0
48 44 35 7.0074 0
49 31 79 6.9698 0
78 77 93 6.9698 0
78 85 38 6.9698 0
49 81 34 6.4802 0
49 46 93 6.4802 0
49 93 46 6.4802 0
64 30 22 6.4984 0
63 30 105 6.4984 0
63 97 22 6.4984 0
64 97 105 6.4984 0
49 93 81 6.4802 0
50 32 43 5.9619 0
77 35 85 5.9619 0
63 17 41 5.9493 0
61 58 75 5.7704 0
61 71 74 5.5233 0
61 50 64 5.3256 0
61 56 53 5.5233 0
51 121 76 5.3694 0
61 77 63 5.3256 0
59 110 87 5.3289 0
58 17 87 5.3289 0
70 109 41 5.1549 0
70 18 86 5.1549 0
61 71 52 5.0194 0
51 63 6 5.0151 0
71 110 85 5.1306 0
56 109 42 5.1203 0
76 81 22 4.954 0
51 65 121 5.0151 0
51 79 17 5.0358 0
51 48 110 5.0358 0
76 48 17 5.0358 0
76 89 88 4.954 0
51 17 75 4.954 0
76 80 106 4.954 0
76 99 42 4.954 0
51 46 21 4.954 0
51 81 106 4.954 0
51 14 49 4.954 0
64 114 97 4.8048 0
63 13 97 4.8048 0
60 113 64 4.6251 0
75 48 112 4.47 0
64 15 64 4.2952 0
46 43 82 4.2779 0
58 53 18 4.1553 0
58 74 109 4.1553 0
75 15 46 4.2281 0
75 34 38 3.9462 0
52 105 80 4.084 0
75 73 35 3.9462 0
75 116 47 4.1651 0
75 11 80 4.1651 0
64 14 28 3.9704 0
55 35 28 4.0159 0
72 35 99 4.0159 0
55 92 99 4.0159 0
72 92 28 4.0159 0
64 113 31 4.0622 0
75 60 92 3.9462 0
75 65 6 4.0209 0
75 110 73 3.9462 0
52 112 51 3.9462 0
75 90 50 3.9462 0
75 43 45 3.9462 0
52 35 91 3.9462 0
65 53 108 3.662 0
69 74 19 3.662 0
60 74 19 3.662 0
67 74 108 3.662 0
67 53 19 3.662 0
65 93 11 3.6288 0
63 93 116 3.6288 0
62 34 11 3.6288 0
65 34 116 3.6288 0
70 109 64 3.4391 0
72 36 28 3.4074 0
72 91 99 3.4074 0
55 91 28 3.4074 0
55 36 99 3.4073 0
74 63 122 3.3932 0
54 22 45 3.4432 0
72 23 43 3.2981 0
60 122 72 3.4327 0
47 82 45 3.27 0
47 88 56 3.27 0
47 72 88 3.27 0
47 56 88 3.27 0
47 39 50 3.2913 0
74 40 74 2.9383 0
53 101 89 2.9383 0
0
