128
127 127 0 85.4734 0
0 127 127 75.9611 0
127 0 127 69.4422 0
0 0 0 67.588 0
19 12 106 39.5554 0
98 13 28 33.1634 0
22 90 31 28.1415 0
84 79 92 25.5861 0
57 55 39 19.7012 0
61 3 65 18.6134 0
65 42 84 15.6697 0
0 47 69 13.7997 0
38 58 82 13.654 0
127 42 53 13.3889 0
114 61 72 12.0455 0
88 52 48 10.6304 0
47 117 54 10.3741 0
71 113 78 10.3427 0
0 71 58 10.0395 0
28 55 49 9.6225 0
56 84 49 9.6225 0
53 27 51 9.2117 0
22 40 64 8.8139 0
52 77 77 8.7707 0
96 51 76 7.7562 0
59 127 66 7.6275 0
70 86 62 7.1602 0
16 61 75 6.5989 0
96 65 64 6.7277 0
59 98 75 6.7305 0
10 56 52 6.6771 0
38 40 52 6.7242 0
108 52 52 6.6662 0
70 31 52 6.5989 0
78 67 52 6.5989 0
75 23 75 6.5989 0
50 27 74 6.3508 0
38 15 63 5.7412 0
56 100 53 5.8535 0
57 62 74 5.591 0
39 39 74 5.597 0
88 39 74 5.591 0
39 69 53 5.591 0
73 99 69 5.1793 0
39 101 59 5.1017 0
68 75 54 4.6719 0
86 16 65 4.7876 0
28 72 73 4.7289 0
80 76 61 4.6823 0
38 76 73 4.5831 0
82 38 54 4.5831 0
101 42 54 4.5831 0
58 29 65 4.5278 0
83 49 73 4.5831 0
68 60 73 4.5831 0
60 79 65 4.116 0
7 68 71 3.8941 0
51 90 72 3.8609 0
114 30 58 3.8007 0
62 86 72 3.7194 0
73 42 55 3.5753 0
47 94 55 3.5753 0
57 110 72 3.5753 0
99 55 59 3.6668 0
21 51 72 3.6246 0
43 86 72 3.5753 0
38 28 55 3.5753 0
14 67 55 3.5829 0
78 57 72 3.5753 0
43 82 55 3.5753 0
12 78 63 3.5609 0
50 72 55 3.5753 0
64 25 72 3.5753 0
92 39 55 3.5753 0
29 68 55 3.5753 0
63 70 72 3.5753 0
47 45 72 3.5753 0
109 37 55 3.5753 0
87 70 58 3.5534 0
85 27 72 3.5753 0
79 33 72 3.5753 0
37 92 64 3.3353 0
100 27 63 3.3711 0
54 116 67 3.3641 0
48 22 64 3.2713 0
56 97 64 3.0929 0
16 52 62 3.1381 0
35 43 65 2.8641 0
108 45 71 2.5674 0
74 20 56 2.7944 0
45 106 64 2.8702 0
75 52 56 2.5674 0
117 46 67 2.85 0
61 37 56 2.5674 0
19 27 64 2.6011 0
34 36 66 2.8072 0
59 72 56 2.5674 0
42 21 56 2.6161 0
40 54 56 2.5674 0
78 18 62 2.7176 0
30 47 71 2.7425 0
86 58 71 2.5674 0
31 32 56 2.6602 0
49 37 71 2.5674 0
59 109 56 2.5674 0
29 18 63 2.7176 0
44 20 70 2.6824 0
21 70 56 2.5674 0
14 72 71 2.6057 0
49 66 71 2.5674 0
27 74 59 2.5092 0
51 40 56 2.5674 0
29 91 62 2.6077 0
53 76 63 2.5488 0
17 84 62 2.5185 0
51 51 71 2.5674 0
25 64 71 2.5674 0
20 74 71 2.5674 0
20 63 56 2.5674 0
47 103 56 2.5674 0
48 97 71 2.5674 0
53 93 59 2.5448 0
73 59 56 2.5674 0
65 23 56 2.5674 0
66 94 56 2.5786 0
78 26 56 2.5674 0
40 26 71 2.5674 0
101 39 71 2.5674 0
0
