128
127 0 127 79.5043 0
0 127 0 73.9383 0
127 80 0 60.3257 0
0 103 127 54.1576 0
0 0 86 52.262 0
127 127 105 48.2409 0
47 0 0 44.2977 0
57 48 51 25.4481 0
68 87 91 23.2013 0
79 122 54 20.6965 0
47 52 100 17.4163 0
97 16 35 17.3028 0
17 66 67 16.8424 0
59 127 92 16.7137 0
12 41 31 16.3724 0
93 66 67 14.9354 0
63 3 58 13.5832 0
95 94 65 11.5271 0
75 86 55 11.0427 0
63 79 32 10.1453 0
38 118 76 9.9532 0
97 42 53 9.7069 0
54 89 60 9.6131 0
28 91 70 8.5974 0
41 71 82 8.2503 0
70 100 36 8.0319 0
52 112 63 7.9477 0
59 36 83 7.2894 0
80 16 54 7.0116 0
23 45 53 6.9448 0
35 74 52 6.7388 0
25 59 90 6.6701 0
86 39 36 6.5613 0
59 16 75 6.5582 0
36 47 77 6.4224 0
46 76 68 6.4144 0
78 58 84 6.2275 0
74 23 38 5.8136 0
88 28 54 5.8025 0
63 56 82 5.7474 0
46 97 73 5.7727 0
78 117 81 5.7754 0
32 31 38 5.5831 0
43 103 84 5.618 0
59 104 50 5.4107 0
41 86 79 5.3457 0
74 10 42 5.204 0
46 10 50 5.2137 0
53 26 90 5.2493 0
56 88 44 5.0056 0
86 46 67 5.0795 0
62 113 73 5.079 0
36 104 68 4.8129 0
36 85 58 4.7539 0
67 47 88 4.7167 0
46 75 39 4.654 0
73 19 64 4.4376 0
53 61 79 4.2903 0
75 71 40 4.2319 0
47 40 79 4.3117 0
81 50 76 4.2552 0
43 57 78 4.1414 0
72 74 66 4.2443 0
39 24 43 4.0837 0
67 97 64 4.1909 0
63 19 43 4.1803 0
84 73 49 4.1652 0
85 36 63 4.0316 0
76 98 66 4.0167 0
88 103 77 4.0087 0
51 16 65 3.7298 0
60 77 66 3.7997 0
92 55 49 3.6953 0
52 113 77 3.56 0
51 19 45 3.6434 0
52 30 75 3.5275 0
32 57 80 3.5966 0
80 30 43 3.6219 0
28 81 79 3.5185 0
80 26 62 3.4754 0
33 103 77 3.5148 0
38 95 61 3.4876 0
81 99 43 3.4009 0
27 22 41 3.5017 0
86 49 41 3.4486 0
30 43 63 3.4944 0
47 77 57 3.4474 0
69 42 78 3.3843 0
76 80 40 3.3907 0
43 87 69 3.2418 0
57 100 69 3.2888 0
75 66 74 3.3502 0
38 14 46 3.1378 0
88 93 50 3.2221 0
82 62 43 3.2365 0
51 81 49 3.2224 0
23 34 47 3.2402 0
64 30 74 3.0789 0
30 69 88 3.1155 0
47 15 58 3.1917 0
37 60 73 3.2111 0
34 79 65 2.971 0
82 101 71 3.1147 0
61 82 50 3.1107 0
65 90 41 3.1755 0
43 112 88 3.1221 0
47 34 88 3.1111 0
29 41 43 2.9886 0
85 112 76 3.0062 0
71 112 76 3.0062 0
68 21 71 2.8952 0
43 104 61 2.9906 0
51 108 87 2.9907 0
42 80 46 2.998 0
51 104 78 2.972 0
77 91 40 2.9624 0
70 50 78 2.7411 0
59 98 42 2.8483 0
50 103 55 2.7533 0
89 62 49 2.8285 0
51 23 81 2.8331 0
35 82 85 2.7682 0
63 92 48 2.7829 0
38 94 83 2.7344 0
37 68 61 2.7003 0
60 64 76 2.7695 0
41 85 51 2.7985 0
87 50 59 2.7171 0
0
