128
127 127 0 80.6655 0
0 0 0 80.6655 0
0 127 127 75.6092 0
127 0 127 67.3653 0
28 22 110 33.2548 0
101 93 104 30.7156 0
98 29 40 27.4689 0
33 94 37 24.1139 0
65 81 67 20.1425 0
62 36 71 19.0529 0
127 66 77 14.2149 0
11 52 78 12.5988 0
66 48 102 12.4684 0
2 78 53 12.0793 0
70 72 127 11.772 0
71 56 24 11.4199 0
91 49 75 11.4605 0
127 51 55 10.7754 0
32 73 66 10.2121 0
35 50 76 10.3075 0
62 46 126 10.2933 0
64 74 102 9.5084 0
102 72 68 9.2173 0
58 73 26 8.741 0
112 49 69 8.6255 0
65 46 44 8.5697 0
49 53 90 7.429 0
47 70 86 7.1885 0
46 57 124 6.9347 0
41 53 58 6.6045 0
89 70 57 6.4367 0
86 54 93 6.4211 0
68 101 86 6.1808 0
75 69 90 6.1806 0
44 69 54 6.1806 0
88 69 76 6.1806 0
59 57 55 6.0506 0
1 63 65 5.9458 0
85 62 121 5.8687 0
66 78 40 5.8788 0
47 66 35 5.7718 0
109 60 87 5.7036 0
15 71 68 5.5719 0
83 61 37 5.3792 0
85 55 58 5.4132 0
19 69 50 5.3863 0
76 55 83 5.4132 0
57 68 115 5.1727 0
50 55 110 5.1113 0
71 55 57 5.1707 0
60 68 44 5.0481 0
111 59 52 4.9937 0
21 61 65 4.7978 0
50 68 99 4.6314 0
50 50 50 4.7278 0
83 55 107 4.7002 0
76 54 123 4.4173 0
72 68 46 4.5103 0
22 67 77 4.4895 0
36 56 93 4.4054 0
19 77 58 4.387 0
65 56 86 4.4054 0
33 67 83 4.1649 0
108 61 76 4.3637 0
56 60 32 4.2672 0
77 67 111 4.1649 0
92 61 43 4.2016 0
45 67 74 4.1649 0
21 56 93 4.0833 0
24 51 65 4.0859 0
104 59 62 3.929 0
66 92 96 3.9414 0
57 82 91 3.898 0
38 65 42 3.7 0
30 66 46 3.8453 0
101 61 48 3.918 0
74 69 34 3.8746 0
54 58 65 3.694 0
11 64 56 3.7434 0
52 74 46 3.5667 0
50 56 76 3.603 0
42 57 103 3.3975 0
80 73 49 3.562 0
106 52 81 3.4172 0
96 57 89 3.3975 0
79 53 50 3.4035 0
57 57 81 3.3975 0
69 83 92 3.1988 0
121 66 59 3.3872 0
76 67 101 3.2678 0
50 67 108 3.2564 0
45 66 65 3.157 0
86 66 87 3.157 0
56 63 123 3.253 0
57 66 93 3.157 0
54 66 51 3.1657 0
72 57 68 3.0824 0
59 67 86 3.1859 0
102 66 80 3.157 0
80 66 53 3.157 0
85 66 66 3.157 0
40 66 94 3.157 0
75 57 113 3.0589 0
112 63 65 2.8896 0
58 52 34 3.0272 0
46 57 69 2.7771 0
67 63 51 2.9357 0
29 53 89 2.8288 0
38 58 115 2.8703 0
91 57 102 2.7399 0
76 52 38 2.8515 0
58 74 89 2.8321 0
69 90 89 2.8321 0
59 55 115 2.7164 0
26 56 59 2.6424 0
101 52 63 2.6818 0
76 58 93 2.3896 0
74 58 46 2.1711 0
91 61 113 2.5178 0
94 57 62 2.4022 0
50 57 37 2.588 0
80 52 65 2.5664 0
31 52 62 2.5919 0
21 62 86 2.558 0
75 75 43 2.5189 0
111 52 57 2.5482 0
60 95 86 2.455 0
79 58 100 2.3896 0
0
