128
0 127 0 69.2867 0
127 0 0 69.2799 0
0 0 127 67.7072 0
127 127 127 67.6946 0
111 16 112 43.9411 0
16 111 112 43.9294 0
110 110 19 41.8145 0
17 17 19 41.8053 0
64 64 92 25.0785 0
64 64 36 24.1718 0
65 3 66 20.228 0
62 124 66 20.217 0
127 50 67 12.87 0
0 77 67 12.8635 0
0 50 62 12.8703 0
127 77 62 12.8638 0
100 63 46 11.5893 0
25 64 46 11.5999 0
60 98 47 10.5894 0
61 29 47 10.5815 0
104 64 85 10.1189 0
23 63 85 10.1137 0
64 28 85 10.0724 0
68 98 84 9.0566 0
105 39 64 7.7688 0
22 88 64 7.7627 0
105 88 65 7.7627 0
22 39 65 7.7688 0
88 46 50 7.5578 0
44 86 50 7.5641 0
79 33 51 6.55 0
120 61 51 6.6449 0
77 91 51 6.5562 0
39 48 51 6.55 0
87 80 51 6.5542 0
47 36 81 6.0409 0
35 75 81 6.0355 0
92 52 81 6.0409 0
52 92 81 6.0347 0
38 8 63 6.0629 0
89 119 63 6.0515 0
39 47 81 6.0362 0
89 81 81 6.0353 0
110 50 55 5.8326 0
7 66 52 5.6623 0
16 50 74 5.4427 0
111 77 74 5.4332 0
108 77 55 5.3463 0
17 77 56 5.4126 0
19 78 74 5.4861 0
107 49 74 5.2137 0
21 49 55 5.1998 0
119 65 76 5.1685 0
8 62 76 5.1596 0
78 36 80 5.033 0
91 9 66 4.8608 0
36 118 66 4.8498 0
80 89 80 5.0269 0
46 37 53 4.5342 0
76 106 53 4.8005 0
27 81 53 4.5857 0
45 99 53 4.5453 0
36 76 53 4.5393 0
28 102 65 4.3798 0
50 24 79 4.2605 0
99 25 65 4.3771 0
52 104 79 4.2487 0
98 99 66 4.1435 0
29 28 65 4.1408 0
44 83 79 4.0205 0
26 49 79 4.0231 0
101 78 79 4.0228 0
37 60 79 4.0211 0
91 69 79 4.0234 0
48 18 54 3.8689 0
74 23 54 3.764 0
78 108 77 3.7254 0
100 45 54 3.6653 0
76 22 78 3.6375 0
53 44 54 3.5264 0
86 58 54 3.5264 0
39 61 54 3.5293 0
47 108 54 3.546 0
46 27 54 3.5264 0
42 69 54 3.5277 0
86 69 54 3.5264 0
73 42 54 3.5264 0
98 77 54 3.5264 0
56 85 54 3.5284 0
64 46 68 3.1946 0
31 95 59 3.177 0
81 100 78 3.122 0
20 51 65 3.2731 0
107 76 65 3.2624 0
49 73 68 3.1312 0
51 53 68 3.2557 0
82 114 56 3.2744 0
64 81 68 3.1964 0
78 54 68 3.1221 0
96 32 60 3.1742 0
83 46 78 3.0173 0
110 52 65 3.1275 0
31 95 69 3.177 0
96 32 69 3.1742 0
71 50 67 3.0276 0
57 59 64 3.1263 0
98 108 64 3.0976 0
29 19 64 3.1022 0
78 73 68 3.1238 0
66 56 64 3.1028 0
56 77 67 3.0276 0
58 39 78 3.0173 0
49 63 67 3.0276 0
79 65 67 3.0276 0
58 50 67 3.0276 0
87 40 78 3.0173 0
96 38 55 2.8421 0
31 89 55 2.8494 0
60 71 64 2.7528 0
18 75 65 2.8421 0
47 17 75 2.624 0
72 77 67 2.6562 0
67 71 64 2.7528 0
61 43 55 2.5185 0
114 57 75 2.7082 0
13 70 75 2.6977 0
28 43 55 2.6805 0
77 81 55 2.52 0
0
