128
0 127 127 77.7437 0
127 0 127 75.1489 0
0 0 0 73.0163 0
127 127 0 71.2421 0
29 98 25 31.0838 0
96 33 28 30.4821 0
32 30 93 28.6579 0
95 91 88 27.5973 0
57 84 63 16.8736 0
70 42 67 16.0155 0
60 70 0 15.3201 0
18 67 58 14.4022 0
52 50 127 13.9085 0
76 74 125 13.6192 0
108 60 62 13.3439 0
68 79 36 11.4973 0
58 47 41 10.9939 0
87 76 52 10.595 0
40 48 57 10.3104 0
61 75 91 8.9553 0
66 48 92 8.7759 0
62 51 18 8.0243 0
91 54 74 7.1648 0
63 71 108 6.7298 0
36 73 71 6.5093 0
65 52 110 6.4794 0
88 55 58 6.0903 0
79 61 9 6.1714 0
26 62 78 5.9194 0
81 53 84 5.8619 0
38 73 54 5.5551 0
100 67 45 5.472 0
74 73 20 5.4412 0
78 71 66 5.3882 0
58 74 22 5.3955 0
47 72 84 5.2799 0
73 54 48 4.9913 0
70 71 77 5.0707 0
87 71 36 5.0147 0
53 73 43 4.9737 0
27 63 40 4.9432 0
48 52 71 4.8436 0
75 69 104 4.9454 0
41 54 41 4.7354 0
32 56 69 4.6706 0
53 61 96 3.7648 0
58 67 119 4.744 0
57 52 81 4.5091 0
86 67 109 4.4085 0
71 71 51 4.2496 0
55 53 56 4.3011 0
51 54 25 4.3421 0
51 54 108 4.2831 0
41 66 11 4.2398 0
69 57 121 4.0977 0
68 55 29 4.1214 0
42 57 112 4.0524 0
33 57 46 4.0659 0
57 53 101 3.73 0
53 72 33 3.6156 0
62 61 96 3.3839 0
45 55 32 3.4458 0
54 69 101 3.5728 0
76 61 94 2.0155 0
92 68 65 3.4484 0
84 70 27 3.4729 0
74 55 104 3.3204 0
79 55 95 3.2941 0
58 70 79 3.3643 0
50 58 12 3.3125 0
82 57 49 3.2599 0
32 69 45 3.236 0
72 56 38 3.224 0
73 57 17 3.0728 0
45 61 96 3.1749 0
96 59 83 3.1325 0
74 68 95 3.0989 0
96 68 36 2.9656 0
95 60 50 3.0036 0
46 71 49 3.0201 0
53 67 109 2.9655 0
36 69 82 2.9817 0
53 54 64 2.9646 0
64 55 53 2.932 0
49 69 95 2.809 0
46 70 75 2.9283 0
41 71 44 2.891 0
40 55 73 2.8616 0
70 61 95 2.7453 0
74 57 113 2.8017 0
83 57 67 2.8197 0
73 68 88 2.7116 0
56 61 103 2.7667 0
72 69 59 2.6129 0
47 55 47 2.7334 0
80 69 41 2.6653 0
78 68 75 2.6945 0
35 58 36 2.6764 0
71 55 82 2.5742 0
69 61 102 2.2983 0
63 70 49 2.5481 0
60 56 29 2.4806 0
63 61 103 2.6035 0
90 58 86 2.6023 0
78 57 55 2.4094 0
86 57 91 2.5627 0
42 70 63 2.5069 0
38 62 95 2.306 0
48 61 102 2.4758 0
49 54 80 2.4644 0
82 69 14 2.4137 0
79 69 34 2.3401 0
51 65 115 2.3198 0
84 69 20 2.2233 0
36 69 62 2.3013 0
81 57 73 2.2665 0
91 63 13 2.2524 0
87 67 70 2.1899 0
92 68 30 2.2209 0
82 66 101 2.2276 0
56 54 89 2.1642 0
69 60 13 2.1295 0
65 55 81 2.0203 0
73 67 13 2.124 0
50 71 21 2.1219 0
53 54 95 2.0772 0
30 63 31 2.0343 0
52 69 76 2.085 0
0
