128
64 64 121 34.8326 0
0 0 0 54.825 0
127 127 0 53.2385 0
127 0 0 54.1266 0
0 127 0 53.2385 0
0 0 127 53.4798 0
0 127 127 53.4798 0
127 0 127 52.7637 0
127 127 127 52.7637 0
66 66 0 32.016 0
66 127 67 30.8432 0
0 73 62 27.5461 0
127 74 63 27.1833 0
64 0 76 27.2133 0
66 67 61 23.569 0
113 30 65 16.1573 0
15 31 65 16.0853 0
63 9 32 15.3344 0
109 64 23 15.1723 0
17 63 101 14.8432 0
64 108 23 14.8566 0
19 64 24 14.7753 0
111 62 101 14.6335 0
24 108 65 13.957 0
103 106 58 11.5988 0
89 19 51 11.2039 0
40 19 51 10.9187 0
107 46 42 10.0732 0
56 105 102 9.9319 0
22 47 43 9.2825 0
47 48 82 9.19 0
83 48 83 9.0365 0
53 31 23 8.8355 0
45 82 83 8.8198 0
75 30 23 8.9003 0
44 106 40 8.7044 0
83 83 85 8.4238 0
75 26 101 8.3462 0
35 23 79 8.26 0
53 26 101 8.256 0
23 49 81 8.2746 0
105 50 81 8.0574 0
75 104 100 8.1815 0
92 23 79 8.097 0
39 45 24 7.8271 0
36 82 24 7.8271 0
44 48 46 7.8119 0
97 104 78 7.6771 0
82 105 38 7.6658 0
38 104 83 7.6621 0
24 83 90 7.2667 0
44 84 45 7.416 0
84 46 45 7.1743 0
104 84 88 7.0496 0
43 65 83 6.804 0
82 93 25 6.8192 0
89 45 25 6.8192 0
94 82 25 6.8192 0
48 92 25 6.8192 0
43 46 65 6.804 0
70 23 49 6.6145 0
85 85 44 6.4081 0
67 45 83 6.1664 0
86 64 84 6.0129 0
22 96 48 5.9063 0
42 85 67 5.7961 0
98 80 103 5.6672 0
78 25 38 5.6463 0
85 102 89 5.6463 0
47 25 36 5.6463 0
31 46 103 5.5236 0
97 46 103 5.5018 0
57 23 52 5.4692 0
62 86 86 5.4002 0
42 68 43 5.4273 0
26 96 82 5.2518 0
26 51 66 5.251 0
103 50 61 5.2748 0
26 35 85 5.251 0
102 34 85 5.0338 0
43 25 67 5.2636 0
59 44 43 5.1585 0
85 44 63 5.1585 0
106 94 45 5.1064 0
87 86 71 5.005 0
108 81 36 5.0419 0
102 91 77 5.0338 0
102 73 41 5.0338 0
102 43 93 5.0338 0
26 32 45 4.9523 0
30 80 102 4.7624 0
40 59 27 4.8034 0
43 25 91 4.8499 0
89 90 102 4.813 0
19 82 36 4.8016 0
102 62 43 4.685 0
43 101 54 4.6385 0
87 26 92 4.6385 0
83 25 66 4.7052 0
102 30 46 4.6574 0
37 88 102 4.6298 0
89 101 49 4.6385 0
50 101 88 4.6385 0
34 101 49 4.6385 0
87 35 102 4.4735 0
71 45 42 4.4194 0
39 37 102 4.4735 0
87 59 42 4.4194 0
87 87 57 4.3924 0
57 87 42 4.3924 0
27 86 78 4.2431 0
64 29 93 4.1784 0
26 61 44 4.2998 0
27 44 93 4.2431 0
88 71 42 3.9971 0
27 73 40 4.2431 0
88 43 96 3.9971 0
42 43 95 4.1507 0
51 43 56 4.1507 0
41 70 28 3.7956 0
26 54 56 3.9856 0
63 40 28 3.7956 0
88 51 70 3.9971 0
40 60 50 3.7804 0
98 100 43 3.8953 0
75 26 60 3.7813 0
53 44 28 3.7956 0
89 58 28 3.7956 0
0
