128
0 59 127 68.7131 0
127 127 0 74.4527 0
127 0 127 67.0754 0
0 81 0 59.1582 0
110 0 0 52.103 0
112 127 127 52.2023 0
5 0 44 31.9631 0
99 51 56 22.7364 0
19 127 68 22.1348 0
82 70 92 19.7056 0
67 0 64 18.5889 0
70 54 23 17.8545 0
43 17 15 17.626 0
59 126 80 17.378 0
117 79 77 15.565 0
46 125 41 14.9224 0
39 51 54 12.6222 0
37 6 76 12.5416 0
64 98 94 11.7093 0
60 78 39 11.1566 0
54 8 94 10.964 0
51 35 68 10.4658 0
69 39 91 10.0826 0
93 85 67 10.0822 0
83 113 72 10.0243 0
33 32 38 9.9578 0
47 9 42 9.518 0
69 36 57 9.5709 0
75 75 63 9.5061 0
27 97 62 8.3696 0
28 32 57 8.3227 0
54 34 33 8.3164 0
93 11 58 8.2152 0
34 74 59 7.697 0
72 65 48 7.5283 0
58 78 79 7.4866 0
74 32 37 7.4565 0
57 97 33 7.3334 0
58 50 77 7.275 0
65 125 55 6.8826 0
39 111 85 6.6816 0
83 37 79 6.6649 0
64 12 37 6.4944 0
51 61 40 6.3113 0
79 78 45 6.4477 0
97 102 72 6.4417 0
61 25 97 6.0697 0
59 49 60 5.9956 0
69 104 76 5.8148 0
50 48 38 5.6241 0
42 13 57 5.4865 0
56 30 85 5.4264 0
81 30 68 5.4264 0
69 85 74 5.3944 0
110 100 75 5.3943 0
60 109 42 5.3482 0
45 73 47 5.2435 0
65 26 27 4.9692 0
31 107 52 5.0673 0
34 103 76 4.8596 0
52 90 82 4.8546 0
79 103 85 4.7812 0
70 54 58 4.8083 0
94 24 66 4.6753 0
56 64 78 4.8604 0
86 28 45 4.8501 0
48 100 87 4.8173 0
48 56 70 4.8078 0
76 14 45 4.4786 0
82 101 61 4.5987 0
99 88 86 4.5362 0
67 14 84 4.4786 0
63 29 44 4.4185 0
36 29 69 4.4185 0
35 86 65 4.4832 0
93 23 51 4.3279 0
25 18 70 4.4092 0
73 43 44 4.2955 0
42 65 66 4.1668 0
46 121 62 4.2672 0
67 101 46 4.1914 0
34 87 55 4.0529 0
74 98 52 4.2283 0
66 69 73 4.0337 0
81 95 91 4.0492 0
79 48 81 3.9561 0
67 93 40 3.8477 0
75 119 61 3.8069 0
69 51 82 3.7939 0
86 83 54 3.6761 0
67 114 50 3.7151 0
70 82 51 3.5256 0
76 28 84 3.6117 0
52 15 74 3.4708 0
48 15 66 3.4708 0
52 15 54 3.4708 0
83 15 72 3.4708 0
57 29 54 3.5256 0
60 15 47 3.4708 0
84 28 56 3.4107 0
72 52 49 3.4578 0
40 28 60 3.4107 0
33 15 62 3.4708 0
59 15 80 3.4708 0
75 15 80 3.4708 0
51 106 38 3.4365 0
77 28 48 3.4107 0
84 15 50 3.4708 0
50 70 74 3.3582 0
62 17 27 3.3138 0
71 95 71 3.1509 0
76 101 68 3.2569 0
79 85 72 3.2055 0
38 108 45 3.2753 0
41 113 74 3.0931 0
72 87 43 3.2177 0
40 79 69 3.1017 0
45 40 41 3.2178 0
62 63 42 3.1655 0
104 93 72 3.1134 0
36 18 36 2.9109 0
50 90 39 3.026 0
87 99 69 2.894 0
39 81 50 2.9772 0
86 26 75 3.0156 0
61 39 79 2.8784 0
46 81 75 2.9526 0
66 58 79 2.9173 0
0
