128
127 127 0 79.2908 0
0 0 0 79.2908 0
0 127 127 79.2908 0
127 0 127 77.1135 0
90 88 90 23.9738 0
89 38 40 23.814 0
41 39 87 23.3429 0
39 87 40 22.9058 0
127 78 80 12.873 0
58 71 79 12.7445 0
71 70 48 12.7187 0
125 48 50 12.3894 0
6 49 78 11.9112 0
4 77 50 11.441 0
78 55 77 10.7029 0
66 88 64 10.2506 0
50 56 51 10.0203 0
70 36 69 9.7669 0
57 39 56 7.7207 0
0 62 63 7.6646 0
21 66 54 6.6714 0
106 61 54 6.6714 0
92 68 54 6.6714 0
29 65 73 6.6714 0
126 65 61 6.6576 0
45 62 67 5.8579 0
33 59 55 5.6636 0
66 52 55 5.6636 0
40 73 72 5.6636 0
84 83 60 5.6125 0
95 54 72 5.2808 0
109 73 72 4.9764 0
62 53 71 4.6557 0
47 82 68 4.664 0
15 64 71 4.6557 0
91 65 71 4.6557 0
75 70 71 4.6557 0
21 55 71 4.6557 0
110 45 60 4.3358 0
54 70 57 4.2648 0
123 61 72 4.0873 0
111 69 83 4.0243 0
93 59 81 3.9279 0
42 46 59 3.7664 0
19 81 59 3.7664 0
90 46 68 3.7664 0
20 46 68 3.7664 0
56 62 64 3.7033 0
105 55 70 3.6478 0
11 61 57 3.6478 0
82 60 57 3.6478 0
96 81 63 3.4497 0
36 81 67 3.3627 0
98 46 66 3.1973 0
104 81 66 3.1988 0
34 46 61 3.1973 0
79 46 65 3.1954 0
42 66 58 3.0174 0
53 55 68 2.9925 0
115 80 68 2.9306 0
100 71 70 2.9606 0
113 56 70 2.9918 0
104 64 82 2.7796 0
122 54 66 2.6274 0
115 66 58 2.64 0
49 71 65 2.8696 0
76 55 58 2.64 0
105 71 58 2.64 0
58 78 58 2.711 0
21 56 58 2.64 0
21 71 69 2.64 0
96 58 58 2.64 0
61 61 58 2.64 0
116 59 58 2.64 0
29 75 69 2.64 0
69 63 69 2.64 0
34 68 58 2.64 0
112 53 58 2.64 0
5 72 65 2.6252 0
8 68 69 2.6416 0
83 69 69 2.64 0
122 74 64 2.6252 0
77 80 67 2.4132 0
72 47 60 2.4132 0
55 47 65 2.1876 0
26 47 64 2.1876 0
26 80 64 2.1876 0
49 47 61 2.1901 0
55 80 66 2.1901 0
103 47 62 2.1876 0
53 80 61 2.1901 0
117 70 70 1.9547 0
58 43 67 2.0141 0
67 44 59 1.9419 0
103 57 76 1.984 0
69 49 68 1.7354 0
35 57 68 1.6321 0
117 65 81 1.7717 0
100 60 81 1.7717 0
13 69 59 1.6321 0
92 78 59 1.7354 0
6 53 63 1.6173 0
61 60 68 1.6443 0
87 75 59 1.6321 0
104 53 59 1.6321 0
84 66 59 1.6321 0
82 72 59 1.6321 0
62 46 68 1.6345 0
104 49 68 1.7354 0
28 50 59 1.6321 0
22 75 59 1.6321 0
40 54 59 1.6321 0
30 72 59 1.6321 0
58 49 59 1.6927 0
121 67 69 1.6173 0
76 79 60 1.5212 0
70 59 59 1.6321 0
9 67 59 1.6321 0
67 58 68 1.6321 0
100 73 59 1.6321 0
81 74 68 1.6321 0
26 54 59 1.6321 0
17 73 59 1.6321 0
96 75 59 1.6321 0
100 67 59 1.6321 0
110 68 59 1.6321 0
37 66 68 1.6321 0
95 73 68 1.6321 0
0
