128
0 127 36 74.2158 0
127 0 36 74.2158 0
0 0 127 80.5323 0
127 127 127 80.5323 0
26 26 0 34.8354 0
101 101 0 34.8354 0
43 45 49 17.5506 0
84 82 48 17.5506 0
46 81 99 14.6466 0
81 46 101 14.6466 0
64 63 0 10.683 0
43 63 75 10.5041 0
61 43 73 10.5258 0
66 84 73 10.5258 0
84 66 73 10.5246 0
50 77 125 10.2935 0
76 51 126 9.6571 0
70 82 25 7.9823 0
57 45 25 7.9823 0
45 57 25 7.9354 0
82 69 25 7.6603 0
62 82 4 7.0416 0
45 66 4 7.0416 0
63 63 125 7.0075 0
63 63 26 4.8908 0
64 44 6 6.4627 0
83 63 6 6.4627 0
63 64 43 4.8908 0
63 63 67 4.8908 0
64 64 95 4.8908 0
75 52 80 6.0952 0
63 63 80 4.8908 0
63 48 90 5.4964 0
79 64 90 5.4955 0
64 64 54 4.8908 0
75 54 65 4.8345 0
52 73 65 4.8345 0
64 63 112 4.8908 0
60 78 57 4.7921 0
54 75 81 4.8279 0
66 78 89 4.5259 0
67 49 59 4.7921 0
53 53 83 4.6702 0
74 74 84 4.6702 0
49 61 90 4.5401 0
78 61 56 4.5401 0
49 66 57 4.5401 0
63 78 39 4.5021 0
64 49 37 4.5021 0
49 64 37 4.5012 0
75 52 5 4.2625 0
64 62 16 4.011 0
67 50 49 3.8635 0
61 81 16 3.6476 0
46 66 16 3.6204 0
77 61 45 3.5504 0
50 66 46 3.5504 0
77 61 34 3.5504 0
53 55 67 3.4664 0
62 77 48 3.4152 0
73 73 65 3.2455 0
55 52 6 3.2547 0
68 51 26 3.3204 0
59 76 26 3.3204 0
59 76 112 3.3204 0
68 51 114 3.3204 0
53 75 6 3.2547 0
51 68 26 3.3116 0
74 73 6 3.2547 0
51 68 112 3.3116 0
76 59 114 3.3116 0
80 60 17 3.2692 0
67 47 17 3.2027 0
74 56 50 3.0533 0
53 71 51 3.0533 0
76 59 25 2.7341 0
54 55 33 2.5926 0
73 72 32 2.5926 0
61 62 103 2.6733 0
52 52 17 2.7231 0
75 75 17 2.7231 0
66 65 35 2.6733 0
76 66 99 2.5725 0
54 55 93 2.5926 0
61 51 99 2.5592 0
58 75 33 2.5606 0
51 61 98 2.5725 0
76 63 106 2.5395 0
66 76 97 2.5592 0
73 72 92 2.5926 0
64 76 104 2.5403 0
51 63 104 2.5395 0
64 51 107 2.5403 0
68 80 13 2.3407 0
80 70 14 2.5357 0
52 68 86 2.3056 0
57 47 13 2.3407 0
59 52 62 2.3146 0
47 57 9 2.4325 0
68 75 60 2.3146 0
73 56 30 2.1591 0
75 68 61 2.3056 0
53 70 41 2.2582 0
74 57 40 2.2582 0
70 53 43 2.2625 0
56 76 18 2.174 0
51 71 18 2.1418 0
70 53 88 2.2625 0
74 57 88 2.2582 0
53 70 32 2.2582 0
57 74 42 2.2625 0
70 53 34 2.2625 0
67 64 104 2.0437 0
52 59 7 2.2468 0
60 63 34 2.0437 0
52 60 61 2.1912 0
75 55 18 2.0177 0
54 71 73 2.1591 0
60 63 88 2.0437 0
71 79 8 2.0259 0
67 63 87 2.0437 0
63 67 105 2.0426 0
63 67 87 2.0426 0
72 55 56 1.8207 0
71 51 20 1.8918 0
63 73 122 1.7015 0
73 63 122 1.7015 0
55 55 75 1.8207 0
0
