128
57 127 115 61.2255 0
72 1 3 64.7244 0
0 0 127 77.1781 0
127 127 0 71.6946 0
0 102 4 56.4606 0
127 35 125 53.4234 0
0 85 78 17.5148 0
127 48 45 17.3802 0
62 78 39 17.2952 0
126 94 84 17.3012 0
80 60 77 17.0672 0
8 38 41 16.1476 0
49 60 78 12.8324 0
34 56 44 12.2869 0
66 33 74 12.2324 0
2 60 59 11.6928 0
126 69 67 11.5279 0
95 63 45 11.3495 0
26 70 77 11.0831 0
101 81 76 10.931 0
90 30 72 10.2835 0
112 29 61 10.0024 0
47 97 51 8.5569 0
69 56 52 7.8692 0
77 96 55 7.781 0
103 51 69 7.6819 0
85 82 52 7.4198 0
21 93 65 7.3552 0
50 63 57 7.1099 0
92 94 64 6.8845 0
39 79 50 6.8627 0
29 32 53 6.8279 0
48 33 65 6.8487 0
33 84 67 6.1098 0
102 47 51 5.8614 0
108 65 71 5.8014 0
55 50 53 5.602 0
30 53 69 5.6966 0
30 66 60 5.7291 0
89 45 57 5.5602 0
62 96 55 5.4833 0
118 51 67 5.4153 0
62 65 63 5.1716 0
113 66 51 5.1899 0
79 67 51 5.1048 0
62 84 63 4.9031 0
35 94 60 4.9203 0
109 94 68 4.9087 0
99 69 64 4.8215 0
47 82 66 4.8571 0
39 41 53 4.9031 0
19 63 52 4.7883 0
71 73 60 4.7699 0
90 76 64 4.7991 0
34 42 64 4.7241 0
83 82 72 4.6453 0
53 44 68 4.4203 0
98 79 53 4.3978 0
61 44 61 4.3213 0
25 73 53 4.3012 0
42 76 73 4.3056 0
72 80 69 3.9887 0
98 35 59 4.256 0
107 78 61 4.1558 0
82 52 52 4.1131 0
62 74 75 4.1456 0
14 59 71 4.0474 0
12 74 62 3.956 0
106 73 53 3.8649 0
20 51 53 3.6706 0
118 83 62 3.6499 0
20 51 66 3.6636 0
19 80 67 3.6745 0
79 78 64 3.5654 0
110 49 59 3.6178 0
53 77 72 3.491 0
49 77 57 3.4153 0
107 56 53 3.4954 0
45 50 56 3.3674 0
44 90 62 3.4873 0
118 41 68 3.4617 0
108 40 70 3.4002 0
20 40 58 3.1862 0
40 63 63 3.277 0
69 90 62 3.3109 0
13 68 68 3.1967 0
45 47 64 2.9481 0
45 43 74 3.1632 0
117 76 56 3.249 0
18 63 65 3.1668 0
27 44 53 3.1203 0
78 35 63 3.1368 0
33 88 53 3.089 0
62 49 75 3.1203 0
48 42 53 3.089 0
63 55 65 2.9337 0
79 47 58 2.9411 0
108 86 63 2.987 0
105 62 62 2.9828 0
95 56 62 3.0082 0
80 40 69 2.9331 0
101 38 67 2.9054 0
25 44 63 2.7889 0
106 42 62 2.7742 0
102 90 64 2.8583 0
94 44 72 2.7106 0
27 81 54 2.7094 0
82 90 67 2.5585 0
27 57 59 2.7354 0
40 88 56 2.71 0
116 79 73 2.6643 0
104 38 54 2.5584 0
7 45 60 2.5562 0
73 65 58 2.6269 0
84 37 60 2.5537 0
38 48 58 2.5382 0
22 58 69 2.5452 0
94 87 56 2.6007 0
56 79 59 2.6007 0
38 49 72 2.4808 0
98 79 61 2.5287 0
65 73 66 2.4687 0
113 63 62 2.4828 0
94 63 61 2.5223 0
111 75 67 2.3895 0
51 89 62 2.424 0
37 67 68 2.4341 0
58 71 68 2.3425 0
0
