128
65 52 127 62.8944 0
0 127 0 58.2406 0
127 0 0 53.3774 0
0 0 0 55.8996 0
127 127 0 55.6696 0
64 62 27 35.7271 0
9 127 94 35.1769 0
121 125 91 34.5478 0
0 20 78 23.2018 0
127 20 75 22.7577 0
65 127 48 21.1963 0
127 63 42 19.7484 0
0 62 45 19.0405 0
65 0 39 18.31 0
93 0 63 16.8778 0
34 0 66 16.6204 0
69 127 98 16.3579 0
0 81 74 14.5991 0
127 80 72 13.5994 0
0 55 88 11.8902 0
64 93 64 11.2762 0
127 55 79 11.0737 0
41 84 63 10.98 0
87 84 63 10.6648 0
37 112 58 10.5931 0
31 60 61 10.692 0
111 94 57 10.4658 0
93 110 56 10.4112 0
17 95 60 10.2212 0
65 109 19 10.1018 0
97 63 61 10.1417 0
52 121 77 9.9559 0
16 62 19 9.8541 0
54 29 58 9.5717 0
92 43 59 9.5168 0
61 0 68 9.3708 0
74 29 58 9.3627 0
37 40 59 9.1721 0
113 37 50 8.963 0
79 119 75 8.7797 0
14 37 53 8.482 0
103 22 54 7.7779 0
24 22 56 7.5133 0
6 50 69 7.373 0
108 54 23 7.2783 0
72 19 21 7.0409 0
42 14 47 7.0116 0
87 16 44 7.0083 0
107 71 23 6.7592 0
57 19 22 6.79 0
119 47 63 6.7219 0
18 83 46 6.6808 0
108 83 42 6.6303 0
49 97 75 6.6668 0
27 75 72 6.4958 0
11 83 94 6.5676 0
80 97 75 6.3689 0
118 81 91 6.3423 0
83 105 39 6.1028 0
101 76 72 5.9834 0
107 45 35 5.9313 0
74 3 78 5.9037 0
49 114 99 5.8218 0
46 106 41 5.7118 0
19 45 39 5.4593 0
31 74 51 5.4909 0
61 102 79 5.4054 0
34 90 78 5.372 0
26 45 70 5.3081 0
103 49 69 5.2909 0
51 94 52 5.1877 0
97 97 46 5.0956 0
53 106 31 5.0599 0
88 29 65 5.1774 0
41 27 67 5.0558 0
77 94 52 4.9815 0
8 71 91 5.0927 0
95 89 77 5.0662 0
48 18 36 5.0638 0
29 97 49 5.0554 0
14 78 59 4.9242 0
120 69 89 4.9847 0
96 76 51 4.716 0
21 61 75 4.6892 0
30 50 48 4.6256 0
85 33 48 4.5387 0
96 26 43 4.5194 0
113 78 58 4.4951 0
81 17 33 4.5163 0
29 102 68 4.4375 0
119 62 66 4.4788 0
17 75 33 4.4639 0
8 63 70 4.4536 0
51 10 56 4.4486 0
72 103 82 4.4418 0
98 15 79 4.3515 0
98 52 48 4.4225 0
84 111 97 4.409 0
64 19 67 4.3436 0
107 62 74 4.3213 0
51 5 79 4.3391 0
43 32 48 4.2179 0
25 32 46 4.2782 0
76 108 30 4.2619 0
102 35 40 4.3221 0
29 16 81 4.0623 0
33 23 47 4.2172 0
30 35 71 4.1547 0
72 8 61 3.947 0
90 109 72 4.1603 0
40 110 74 3.9748 0
66 115 72 4.0511 0
17 51 30 3.8495 0
17 91 75 4.0103 0
64 25 48 4.0086 0
25 74 24 4.0077 0
77 101 24 4.0077 0
99 101 67 3.9591 0
111 90 72 3.9359 0
83 113 87 3.8278 0
64 97 48 3.8801 0
104 79 31 3.9243 0
100 38 70 3.8883 0
99 90 39 3.8888 0
39 87 47 3.8875 0
86 89 48 3.8596 0
26 83 80 3.861 0
28 63 46 3.8314 0
0
