128
127 127 127 76.5964 0
127 0 0 70.7921 0
0 127 0 70.3585 0
0 0 127 70.065 0
25 27 27 35.0319 0
99 23 99 33.1896 0
24 98 98 33.0429 0
89 89 32 30.0847 0
63 62 82 21.1016 0
63 7 64 18.1074 0
8 62 64 17.3556 0
69 48 46 15.9266 0
116 63 60 15.3593 0
55 122 67 15.3699 0
47 71 47 14.8753 0
63 95 75 10.6492 0
93 69 71 9.7528 0
33 53 75 9.4187 0
54 32 75 9.4187 0
94 52 53 8.8272 0
57 101 53 8.8683 0
77 114 59 7.2256 0
81 83 71 6.8496 0
77 27 55 6.8114 0
38 89 58 6.6531 0
38 37 70 6.5354 0
89 52 72 6.2714 0
116 41 67 6.214 0
26 79 56 5.8044 0
82 63 58 5.9954 0
87 37 56 5.9079 0
63 82 58 5.846 0
48 49 56 5.8036 0
71 37 72 5.977 0
31 59 56 5.929 0
38 72 71 5.8644 0
55 32 56 5.8036 0
78 96 67 5.1642 0
51 84 70 5.0676 0
102 51 71 4.9691 0
69 71 57 4.9369 0
81 43 69 4.6273 0
40 12 62 4.4584 0
13 85 62 4.3005 0
45 21 70 4.3793 0
87 12 64 4.3468 0
53 88 58 4.129 0
49 102 69 4.0675 0
31 65 66 4.1252 0
13 40 64 4.023 0
64 31 62 4.0461 0
26 39 68 3.9174 0
113 84 59 3.9639 0
43 63 65 3.8746 0
106 45 58 3.7878 0
42 103 58 3.7887 0
27 73 69 3.7887 0
37 50 58 3.7878 0
99 40 58 3.7878 0
94 83 66 3.4553 0
36 114 66 3.4689 0
40 82 68 3.5281 0
71 89 62 3.2948 0
63 42 66 3.4432 0
46 48 69 3.3714 0
68 83 67 3.2527 0
75 105 66 3.2932 0
44 92 67 3.2962 0
28 69 59 3.2389 0
79 30 68 3.1372 0
19 44 68 3.1084 0
25 89 59 3.078 0
89 40 67 3.0006 0
37 26 68 2.8996 0
101 76 62 2.8944 0
82 18 59 2.8648 0
71 27 69 2.9679 0
96 43 67 2.6116 0
42 57 59 2.78 0
47 95 59 2.7808 0
80 73 67 2.8181 0
47 23 59 2.78 0
89 89 66 2.8033 0
88 24 59 2.7995 0
28 49 59 2.78 0
48 38 59 2.78 0
54 42 59 2.78 0
42 41 59 2.8056 0
84 47 59 2.78 0
50 59 61 2.7678 0
84 35 67 2.6116 0
47 76 67 2.4034 0
31 30 67 2.5621 0
56 53 60 2.608 0
62 92 61 2.584 0
78 77 62 2.4014 0
60 82 67 2.4269 0
51 95 67 2.4034 0
42 105 67 2.4034 0
56 43 68 2.3635 0
44 55 68 2.3635 0
50 42 68 2.3635 0
102 43 68 2.2656 0
87 108 60 2.1194 0
19 36 66 2.1899 0
18 80 67 2.1567 0
77 103 60 2.1296 0
83 59 68 2.0502 0
30 79 67 2.1618 0
40 111 60 1.9762 0
57 75 62 1.9624 0
80 51 68 1.9534 0
107 88 60 2.0492 0
36 79 60 1.7729 0
34 84 66 2.0675 0
54 90 65 2.0078 0
97 60 62 1.8247 0
92 29 60 1.7721 0
33 15 63 1.9818 0
92 61 61 2.0438 0
108 46 68 1.9494 0
82 53 60 1.7721 0
34 73 60 1.7729 0
77 71 60 1.7729 0
72 80 60 1.7729 0
80 19 68 2.0014 0
77 24 68 1.9455 0
111 32 66 2.0077 0
0
