128
0 127 127 79.6269 0
127 0 0 60.8984 0
70 127 0 64.3477 0
127 0 127 60.8984 0
0 0 0 60.8984 0
127 112 99 49.7308 0
13 0 111 47.9108 0
67 14 63 24.3461 0
0 82 28 22.383 0
67 54 104 21.0546 0
64 46 25 19.0388 0
127 74 33 19.0595 0
0 50 69 15.4291 0
127 53 69 15.4291 0
33 62 30 13.9995 0
67 91 71 13.7315 0
95 60 32 11.9837 0
95 61 81 11.9837 0
32 27 60 11.2438 0
102 28 63 10.2359 0
37 52 92 9.7026 0
44 87 59 9.7 0
89 87 60 8.8246 0
75 81 91 8.9173 0
25 57 77 8.4174 0
7 55 44 8.2927 0
7 71 58 8.2841 0
47 31 42 7.5786 0
53 32 87 7.5307 0
80 33 88 7.3689 0
22 96 45 7.2123 0
13 32 62 6.7415 0
82 33 40 6.7106 0
118 51 46 6.2683 0
37 68 74 6.2298 0
115 94 46 6.3171 0
118 72 58 6.2683 0
92 32 77 6.2044 0
43 32 76 6.2044 0
112 53 87 6.0863 0
90 44 89 5.9365 0
77 65 38 5.9365 0
28 83 38 5.9434 0
89 78 74 6.0348 0
53 66 38 5.9365 0
38 43 38 5.9365 0
117 36 58 5.8504 0
14 51 88 5.8539 0
60 79 88 5.3341 0
94 33 49 5.1965 0
102 77 39 4.9286 0
93 43 39 4.9286 0
50 69 88 4.9286 0
65 68 39 4.9286 0
39 56 74 4.9286 0
115 35 70 4.7508 0
76 82 54 4.6606 0
49 82 73 4.6606 0
38 82 44 4.6753 0
103 82 59 4.6606 0
58 82 55 4.6606 0
25 82 59 4.6606 0
11 41 53 4.2526 0
11 84 54 4.2529 0
30 93 55 4.3081 0
116 62 52 4.2526 0
101 93 54 4.189 0
116 83 53 4.2526 0
108 68 72 4.2141 0
21 34 71 4.1887 0
103 47 40 3.9207 0
101 46 87 3.9207 0
83 45 40 3.9207 0
46 52 40 3.9207 0
68 35 85 3.8968 0
42 38 87 3.9693 0
81 69 87 3.9207 0
47 75 40 3.9207 0
49 45 87 3.9207 0
81 54 40 3.9207 0
25 48 40 3.9207 0
17 64 40 3.9207 0
87 73 40 3.9207 0
24 47 87 3.9207 0
109 54 40 3.9207 0
14 65 71 3.5896 0
41 64 85 3.6751 0
91 81 48 3.6528 0
34 91 47 3.5308 0
103 35 76 3.4459 0
87 35 58 3.1808 0
40 78 71 3.3744 0
31 35 74 3.1808 0
107 52 74 3.3209 0
25 69 71 3.2062 0
86 78 84 3.3567 0
100 74 71 3.2062 0
47 35 62 3.1808 0
12 67 47 3.2447 0
12 59 56 3.2447 0
83 35 51 3.1808 0
115 46 55 3.2447 0
108 59 71 3.2062 0
44 35 54 3.1808 0
59 35 45 3.1808 0
23 35 50 3.1808 0
104 35 50 3.1808 0
36 35 44 3.2013 0
72 35 44 3.2013 0
82 35 76 3.1808 0
90 35 67 3.1808 0
108 87 41 2.9128 0
50 60 86 2.9128 0
86 52 71 2.9129 0
102 45 75 2.2948 0
66 72 86 2.9128 0
109 62 41 2.9128 0
24 73 41 2.9128 0
106 69 41 2.9128 0
20 54 41 2.9128 0
59 70 86 2.9128 0
34 80 66 2.6449 0
83 80 49 2.6449 0
97 80 68 2.7181 0
80 80 79 2.6449 0
51 80 46 2.6449 0
14 91 51 2.6834 0
13 37 75 2.7035 0
0
