128
64 64 5 33.4624 0
0 0 127 55.4918 0
127 127 127 55.4918 0
127 0 127 55.4918 0
0 127 127 55.4918 0
0 0 0 54.4984 0
0 127 0 54.4984 0
127 0 0 54.4984 0
127 127 0 54.4984 0
64 127 71 27.4824 0
64 0 71 27.4824 0
0 62 70 27.3741 0
127 65 70 27.3741 0
63 81 127 21.0379 0
64 41 124 18.0143 0
26 100 63 16.8603 0
101 27 63 16.8603 0
27 26 63 16.7859 0
100 101 62 16.5304 0
64 19 24 14.3128 0
19 64 24 14.3128 0
31 64 120 13.9828 0
94 64 120 13.9828 0
64 115 25 13.3081 0
115 64 25 13.3051 0
63 112 109 10.2275 0
64 15 109 10.2275 0
94 46 30 8.2656 0
110 58 102 8.2461 0
51 97 30 8.2656 0
34 82 30 8.2656 0
17 69 102 8.2461 0
80 96 30 8.2656 0
96 80 30 8.2656 0
46 33 30 8.2656 0
33 46 30 8.2656 0
50 6 38 7.4382 0
41 102 84 7.2466 0
77 6 38 7.4382 0
81 33 31 7.2577 0
101 87 83 7.1584 0
41 25 84 7.2466 0
6 77 38 7.2445 0
24 84 85 7.2317 0
103 43 85 7.2317 0
86 102 84 7.2466 0
86 25 84 7.2466 0
26 40 84 7.0785 0
39 116 48 6.8646 0
117 40 47 6.755 0
7 49 38 6.6003 0
20 53 98 6.351 0
107 74 98 6.351 0
39 11 47 6.5306 0
88 11 47 6.5306 0
88 116 47 6.5306 0
48 102 52 6.4211 0
11 88 47 6.327 0
95 62 32 6.2498 0
51 21 96 6.0634 0
51 106 96 6.0633 0
79 26 52 5.9556 0
76 21 96 6.0634 0
76 106 96 6.0634 0
119 79 39 5.9184 0
51 60 112 5.9198 0
40 46 112 5.9198 0
12 38 47 5.9732 0
115 89 47 5.9732 0
49 26 52 5.5471 0
26 48 52 5.8471 0
101 79 52 5.8471 0
75 60 112 5.9198 0
101 49 52 5.5367 0
26 78 52 5.5367 0
87 46 112 5.9198 0
78 101 52 5.5471 0
48 119 38 5.8932 0
77 119 40 5.4354 0
65 93 33 5.2419 0
119 51 39 4.984 0
41 83 111 4.9119 0
74 100 111 4.9119 0
85 85 111 4.9119 0
37 64 34 4.2341 0
69 37 34 4.2341 0
83 83 34 4.2341 0
38 95 34 4.2341 0
47 84 34 4.2341 0
46 18 34 4.2341 0
109 46 34 4.2341 0
19 81 34 4.2341 0
81 109 34 4.2341 0
94 35 89 4.1773 0
33 92 89 4.1773 0
82 20 34 4.2341 0
58 38 34 4.2341 0
109 80 34 4.2341 0
18 47 34 4.2341 0
68 25 50 4.1384 0
67 102 50 4.0436 0
46 36 110 3.904 0
93 93 90 4.023 0
62 60 110 3.904 0
52 26 110 3.9552 0
52 101 110 3.9552 0
75 26 110 3.9552 0
82 75 110 3.904 0
45 72 110 3.904 0
47 93 110 3.904 0
99 82 72 3.7858 0
104 54 90 3.8134 0
23 73 90 3.8134 0
25 80 97 3.516 0
102 47 97 3.516 0
100 47 72 3.6562 0
27 80 72 3.6562 0
102 61 49 3.3975 0
100 49 63 3.7019 0
27 78 63 3.7019 0
28 45 73 3.7059 0
63 105 95 3.4606 0
65 22 95 3.4606 0
81 46 35 3.2262 0
79 28 63 3.2407 0
81 28 71 3.4185 0
46 99 71 3.4185 0
59 23 49 3.3975 0
0
