128
127 127 127 89.2034 0
0 82 0 66.6095 0
127 0 0 65.7348 0
0 0 127 65.7348 0
106 0 110 39.5459 0
90 81 27 25.3102 0
27 81 90 25.3102 0
25 0 37 25.2178 0
35 127 66 19.5576 0
64 48 64 12.4825 0
99 41 68 17.2976 0
63 122 41 17.0621 0
64 46 98 16.2897 0
31 34 60 14.2834 0
59 32 31 14.2739 0
58 79 67 12.0191 0
54 0 62 11.8177 0
80 0 63 11.8177 0
63 2 83 9.9367 0
62 4 40 9.5592 0
65 57 36 9.2346 0
45 98 64 9.1816 0
36 48 80 9.2346 0
56 27 61 9.1244 0
69 97 52 9.0615 0
90 50 44 8.3853 0
37 58 62 8.2267 0
62 21 90 8.2267 0
90 66 59 8.2305 0
77 77 59 7.3521 0
89 18 63 7.2188 0
59 69 88 6.9695 0
84 37 88 6.7261 0
70 26 70 6.4353 0
39 12 64 6.2147 0
76 45 39 6.2109 0
53 72 50 5.8033 0
84 51 87 5.8012 0
71 31 56 5.4274 0
57 107 59 5.573 0
41 30 42 5.47 0
61 72 40 5.2951 0
59 98 40 5.3577 0
61 86 40 5.2031 0
75 27 87 5.2031 0
87 36 48 5.2031 0
44 22 71 5.1146 0
44 71 58 5.053 0
74 71 71 4.7954 0
41 41 44 4.4839 0
49 85 53 4.4516 0
52 48 41 4.1952 0
52 30 86 4.1952 0
45 37 86 4.2419 0
41 49 50 4.1952 0
72 19 41 4.1952 0
41 34 77 4.1952 0
86 26 52 4.1952 0
70 63 86 4.1952 0
79 34 41 4.1952 0
52 15 41 4.1952 0
51 60 86 4.1952 0
86 23 74 4.1952 0
86 58 75 4.1952 0
42 19 54 3.8652 0
70 21 59 3.8521 0
72 8 50 3.7547 0
49 8 76 3.7547 0
76 8 78 3.7547 0
67 8 70 3.7547 0
67 70 78 3.7876 0
49 30 73 3.4117 0
44 69 68 3.1811 0
58 21 73 3.4117 0
58 35 73 3.4117 0
73 36 73 3.4117 0
85 27 82 3.2466 0
85 53 56 3.1873 0
71 82 50 3.2482 0
85 12 73 3.1941 0
42 60 75 3.1873 0
73 17 85 3.1873 0
52 58 42 3.1873 0
48 52 85 3.1873 0
46 21 42 3.1873 0
77 58 85 3.1873 0
77 58 42 3.1873 0
42 47 68 3.1873 0
57 94 58 2.9477 0
71 66 50 1.1175 0
68 70 58 2.9477 0
42 116 46 2.7971 0
54 58 73 2.8114 0
54 58 55 2.8114 0
73 58 54 2.8114 0
45 20 62 2.9095 0
82 69 68 2.8462 0
52 69 78 2.7797 0
78 69 51 2.7797 0
39 106 55 2.6263 0
66 9 57 2.7469 0
50 9 49 2.7469 0
56 79 43 2.7648 0
53 42 53 2.4038 0
58 103 49 2.4838 0
74 35 65 2.4038 0
60 28 74 2.4038 0
73 11 43 2.4487 0
68 85 56 2.5046 0
73 40 53 2.4038 0
74 56 74 2.4038 0
53 40 74 2.4038 0
48 105 50 1.0569 0
43 11 73 2.4487 0
64 21 53 2.4038 0
65 35 74 2.4038 0
74 23 53 2.4038 0
60 37 53 2.4038 0
53 52 53 2.4038 0
84 18 53 2.1795 0
53 37 68 2.4038 0
47 31 53 2.4038 0
46 25 53 2.4038 0
47 93 52 2.1658 0
43 40 72 2.1795 0
61 69 55 2.0756 0
84 29 59 2.1795 0
72 29 43 2.1795 0
0
