128
0 0 0 70.1838 0
127 127 127 61.6067 0
127 127 0 62.3591 0
0 127 127 61.6067 0
127 0 127 57.5833 0
0 127 8 56.0045 0
2 1 127 55.7973 0
124 10 15 53.618 0
64 61 123 28.3032 0
67 66 24 25.3653 0
13 61 71 23.1188 0
114 61 73 23.1188 0
64 127 72 20.9319 0
66 77 79 17.2062 0
64 0 90 14.2999 0
68 0 54 14.2424 0
29 70 38 13.5021 0
62 104 36 13.2708 0
44 0 71 12.0829 0
66 30 39 10.8142 0
64 21 107 10.7545 0
106 94 64 10.6311 0
21 95 64 10.6036 0
99 73 43 10.405 0
41 69 91 10.4559 0
87 4 71 10.1155 0
27 29 71 10.0584 0
93 117 64 9.5514 0
35 117 64 9.3423 0
93 53 98 9.2375 0
99 29 71 9.1362 0
44 89 40 9.2393 0
55 100 89 9.1023 0
34 52 100 8.9774 0
92 84 83 7.8114 0
73 103 88 7.7618 0
33 84 81 7.6278 0
54 56 70 7.46 0
75 54 88 7.236 0
54 55 88 7.3418 0
82 92 42 7.2235 0
50 118 48 7.2566 0
41 52 42 7.2236 0
75 117 47 6.6126 0
93 55 43 6.69 0
71 55 69 6.4522 0
52 41 43 6.2157 0
81 43 43 6.2157 0
88 66 88 6.2275 0
30 88 49 6.0321 0
30 40 85 5.9849 0
97 39 85 5.9849 0
97 89 50 5.3962 0
37 18 78 5.3131 0
85 110 76 5.3067 0
57 18 48 5.2283 0
43 110 76 5.2766 0
96 80 58 4.9771 0
46 88 85 4.8871 0
31 82 61 4.9771 0
96 39 59 4.9771 0
31 40 57 4.9771 0
75 19 48 4.9643 0
90 19 64 4.9053 0
38 17 64 4.7944 0
90 19 79 4.9033 0
81 92 89 4.6082 0
47 11 86 4.5956 0
53 16 95 4.6163 0
51 10 57 4.5064 0
48 39 96 2.3477 0
42 38 69 3.5403 0
46 91 63 1.2957 0
63 53 79 4.4364 0
86 38 67 3.5403 0
89 99 56 2.718 0
49 68 67 4.3274 0
48 36 107 4.353 0
49 87 68 4.3274 0
69 89 45 4.1999 0
64 101 76 4.2854 0
58 88 45 4.1999 0
76 32 107 4.1926 0
81 10 85 4.1553 0
85 80 45 4.1999 0
46 74 45 4.1999 0
79 106 45 4.1999 0
95 83 69 3.9692 0
44 106 45 4.1999 0
32 52 51 3.9692 0
84 12 58 4.1398 0
82 39 96 2.3477 0
32 105 72 3.9695 0
75 18 96 4.0691 0
95 50 55 3.9692 0
95 95 77 3.9692 0
39 99 55 1.9866 0
95 105 72 3.9695 0
32 96 75 3.9692 0
52 27 47 3.8249 0
44 75 77 3.7794 0
88 73 78 3.7859 0
72 5 73 3.5967 0
80 113 57 3.5775 0
42 50 89 3.7292 0
47 49 96 3.6427 0
85 43 105 3.696 0
59 37 96 1.9489 0
61 5 71 3.5967 0
34 29 84 3.6146 0
70 39 96 2.3477 0
33 102 56 3.4058 0
80 32 46 3.4774 0
96 102 56 3.4685 0
62 45 46 3.1921 0
34 50 86 3.2468 0
79 51 77 3.2256 0
79 59 78 3.3195 0
48 65 76 3.3195 0
46 65 46 3.1921 0
79 62 66 3.3195 0
56 96 75 3.2775 0
48 78 67 3.3195 0
92 28 83 3.0877 0
70 43 46 3.1921 0
52 52 46 3.1921 0
87 64 46 3.1921 0
79 87 65 3.1831 0
0
