128
0 0 0 68.3418 0
126 127 124 60.2572 0
127 0 127 65.7352 0
0 127 127 63.0231 0
127 127 0 61.8209 0
6 127 3 57.8061 0
10 12 120 50.9368 0
119 14 10 50.5745 0
63 68 26 26.1407 0
65 67 112 24.6466 0
0 63 66 21.7994 0
127 64 63 21.4177 0
63 127 67 19.6473 0
80 0 61 13.6565 0
48 0 68 13.072 0
100 66 91 12.6587 0
65 106 38 12.6096 0
32 66 92 12.3522 0
24 68 38 11.8788 0
101 68 38 11.8146 0
65 32 39 10.8067 0
64 101 98 10.5024 0
91 113 63 10.2375 0
66 53 60 10.0839 0
65 34 97 9.5968 0
36 112 64 9.3082 0
62 2 87 9.4087 0
67 8 42 9.251 0
19 38 66 8.1354 0
108 38 65 8.1356 0
94 24 64 8.063 0
117 93 62 8.0358 0
10 92 60 8.0721 0
33 25 66 8.0368 0
85 50 90 7.8556 0
47 86 91 7.8249 0
84 84 90 7.6003 0
49 46 90 7.4814 0
59 70 63 7.5144 0
38 85 43 6.7752 0
48 42 43 6.7752 0
36 52 43 6.7752 0
84 93 43 6.7752 0
80 44 43 6.7752 0
21 104 63 6.6982 0
80 114 49 5.8899 0
61 18 93 5.9079 0
74 68 63 5.6874 0
90 54 44 5.7674 0
88 80 44 5.7674 0
46 97 44 5.7674 0
106 103 61 5.7263 0
13 82 49 5.6615 0
20 77 82 5.6752 0
108 48 76 5.5259 0
71 113 88 5.5011 0
56 113 88 5.5016 0
50 59 63 5.4137 0
44 57 80 5.3185 0
66 86 81 2.7408 0
48 114 50 5.2917 0
111 79 80 5.1731 0
22 53 82 5.1912 0
55 73 81 4.0049 0
78 97 89 5.0912 0
83 57 78 5.002 0
34 83 85 5.0122 0
66 7 73 4.8799 0
61 7 56 4.8799 0
72 73 81 4.0049 0
20 47 55 4.8013 0
56 19 45 4.7595 0
96 83 84 4.8058 0
35 49 85 4.7728 0
64 27 83 4.6022 0
99 84 45 4.7595 0
76 46 79 4.1849 0
99 49 83 4.6166 0
80 37 88 4.6528 0
63 87 89 4.5384 0
81 112 78 4.5286 0
72 46 90 4.5423 0
107 48 54 4.532 0
46 112 78 4.5402 0
113 83 50 4.4189 0
83 71 87 4.4017 0
100 78 71 2.5241 0
84 15 72 4.3564 0
48 73 88 4.3515 0
43 15 58 4.3335 0
14 85 74 4.2951 0
75 8 79 4.2438 0
52 54 52 4.236 0
49 99 88 4.1152 0
19 55 48 4.2447 0
65 106 82 3.9959 0
60 45 47 4.1236 0
53 31 89 4.1105 0
41 17 73 4.0369 0
107 55 47 4.0635 0
29 86 70 1.0361 0
51 9 52 4.0306 0
56 92 46 3.7516 0
86 17 56 4.0075 0
77 23 46 3.7516 0
90 31 75 3.856 0
90 32 54 3.8004 0
69 45 47 3.8466 0
44 74 75 1.9778 0
38 73 46 3.7516 0
37 31 55 3.8257 0
72 90 46 3.7516 0
26 86 46 3.7516 0
51 31 46 3.7525 0
80 62 87 3.7117 0
79 32 46 3.7518 0
38 63 46 3.7516 0
87 64 46 3.7516 0
49 87 46 3.7516 0
88 75 75 1.531 0
77 59 52 3.6351 0
72 22 89 3.6212 0
72 89 89 3.5393 0
62 46 90 3.5062 0
52 49 63 3.4166 0
32 74 70 0.7694 0
50 46 78 3.4857 0
79 13 48 3.4492 0
0
