128
0 127 127 97.2216 0
127 0 0 54.1924 0
127 0 127 56.682 0
0 0 0 55.8137 0
127 127 0 55.4245 0
123 86 85 37.8941 0
40 4 86 37.2359 0
37 112 0 34.5151 0
65 58 0 24.9736 0
65 21 37 19.249 0
10 71 22 18.1065 0
113 35 62 17.1637 0
75 77 56 16.4658 0
115 62 34 16.4393 0
69 49 81 15.5227 0
19 42 55 14.4111 0
69 102 37 14.3756 0
90 60 117 13.4361 0
84 24 64 12.6766 0
67 48 53 10.7749 0
38 71 42 10.4214 0
96 70 14 9.9527 0
92 97 49 9.641 0
74 90 15 9.346 0
33 56 15 9.0052 0
82 43 103 8.7423 0
38 29 44 8.1064 0
25 51 34 8.0211 0
84 30 86 8.0158 0
93 29 45 7.7984 0
54 64 61 7.6094 0
67 57 36 7.3832 0
84 61 96 7.3318 0
52 83 46 7.2754 0
30 86 34 7.2055 0
97 52 17 7.0699 0
103 44 86 6.9796 0
103 57 55 6.9825 0
38 73 17 6.9291 0
106 84 42 6.7701 0
50 35 18 6.4117 0
44 92 37 6.3911 0
57 64 46 6.2203 0
79 35 18 6.2092 0
102 42 38 5.9786 0
84 66 75 6.0018 0
34 46 71 5.8868 0
54 36 59 5.8909 0
60 76 30 3.5351 0
28 61 52 5.3375 0
88 93 34 5.3048 0
92 76 31 4.2367 0
91 63 65 5.2209 0
98 32 81 5.0232 0
101 50 98 4.9704 0
76 77 30 3.2846 0
64 45 29 4.9419 0
88 83 19 4.9134 0
51 79 19 4.9134 0
86 45 19 4.9157 0
41 44 19 4.9135 0
85 62 32 1.9535 0
48 47 83 4.6282 0
91 62 54 4.5108 0
86 32 30 4.4516 0
98 76 51 4.4125 0
92 76 41 4.2305 0
51 76 34 4.2304 0
42 65 56 4.309 0
60 76 39 4.2311 0
83 76 35 4.2307 0
69 76 35 4.2278 0
84 62 43 4.1913 0
80 76 20 3.9055 0
56 52 65 4.1784 0
43 33 28 4.0799 0
103 79 28 4.0984 0
100 49 74 3.9521 0
30 63 31 4.0002 0
33 54 63 3.9569 0
29 39 38 3.9896 0
52 57 72 3.8923 0
44 33 55 4.0126 0
100 51 45 3.9624 0
72 45 38 3.8261 0
53 41 70 3.9093 0
100 53 66 3.955 0
100 46 27 3.9647 0
59 86 20 3.9055 0
54 91 30 3.289 0
44 62 21 3.3712 0
85 91 24 3.3085 0
58 61 29 3.3517 0
102 68 50 3.3385 0
75 39 64 3.2095 0
85 63 21 3.3625 0
70 39 22 3.3609 0
90 35 76 3.2065 0
99 77 36 3.2867 0
82 34 47 3.2233 0
42 50 76 3.2278 0
75 57 64 3.1943 0
55 39 49 2.9161 0
76 34 53 3.0721 0
61 44 40 3.0814 0
49 34 48 3.058 0
30 46 24 3.0039 0
86 54 21 2.8999 0
45 54 21 2.8991 0
99 43 48 2.9535 0
30 54 46 2.982 0
93 62 29 1.9594 0
101 74 43 2.9792 0
90 36 95 2.9485 0
58 39 24 2.938 0
66 78 21 2.8977 0
49 70 21 2.8976 0
36 35 59 2.8673 0
43 77 29 2.5272 0
50 45 21 2.8988 0
56 61 36 2.8218 0
86 62 84 2.7235 0
92 36 56 2.7163 0
51 49 74 2.7027 0
83 35 40 2.6971 0
31 76 29 2.5421 0
98 62 47 2.6753 0
53 72 41 2.5068 0
0
