128
64 64 102 35.0115 0
0 0 0 56.0474 0
127 127 0 56.0665 0
0 127 0 56.0665 0
127 0 0 56.0474 0
0 0 127 56.2431 0
127 0 127 56.2431 0
0 127 127 56.2234 0
127 127 127 56.2234 0
64 64 9 31.5284 0
64 127 58 9.8366 0
63 0 58 9.8224 0
127 63 69 9.8322 0
0 63 69 9.8322 0
37 127 63 15.179 0
0 90 63 15.1763 0
127 90 63 15.1763 0
90 0 64 15.1785 0
37 0 64 15.1785 0
90 127 63 15.179 0
127 37 64 15.1765 0
0 37 64 15.1765 0
46 47 58 14.4 0
81 46 58 13.9808 0
46 81 58 13.9808 0
81 81 58 13.9808 0
63 127 33 13.8126 0
127 64 33 13.8094 0
0 64 33 13.8094 0
64 0 33 13.7913 0
0 63 94 13.8094 0
127 63 94 13.8094 0
64 127 94 13.7913 0
64 0 94 13.7885 0
24 59 26 10.244 0
69 103 26 10.244 0
69 25 26 10.244 0
103 69 26 10.244 0
108 108 61 9.2581 0
19 108 61 9.2581 0
108 19 66 9.2581 0
19 19 66 9.2581 0
53 21 94 8.1587 0
74 21 94 8.1587 0
21 73 94 8.1587 0
21 53 94 8.1587 0
74 106 93 7.4723 0
56 106 93 7.4723 0
97 50 29 7.2204 0
106 76 93 7.4723 0
106 51 93 7.4723 0
51 32 29 7.2204 0
51 96 29 7.2204 0
31 76 29 7.2204 0
64 107 70 4.3397 0
35 45 30 6.2125 0
64 20 66 4.3397 0
6 46 44 6.4276 0
121 46 44 6.4276 0
6 81 83 6.4259 0
121 81 83 6.4259 0
46 6 44 6.4108 0
46 121 83 6.4104 0
85 38 30 6.2125 0
57 123 74 6.1643 0
84 91 30 6.2125 0
4 70 53 6.1628 0
123 70 53 6.1628 0
70 4 74 6.1444 0
47 6 83 6.1123 0
80 121 44 6.1123 0
64 53 46 6.0218 0
53 64 46 6.0207 0
65 37 69 5.831 0
82 7 44 5.7387 0
62 90 69 5.831 0
90 65 69 5.831 0
37 63 69 5.831 0
82 120 83 5.7388 0
64 75 47 5.7154 0
75 63 47 5.7101 0
44 37 77 5.831 0
64 90 50 5.831 0
64 37 50 5.831 0
90 64 50 5.831 0
81 7 84 5.4615 0
7 46 84 5.4392 0
120 46 84 5.4392 0
84 37 77 5.4287 0
46 120 42 5.5168 0
7 81 42 5.4944 0
120 81 42 5.4944 0
41 88 77 5.4287 0
52 17 31 5.2603 0
72 122 76 5.399 0
91 80 31 5.2047 0
56 5 74 5.2621 0
38 64 49 5.3291 0
17 75 31 5.2629 0
52 110 31 5.2629 0
5 56 52 5.2827 0
122 56 52 5.2827 0
40 86 31 5.2047 0
110 53 31 5.2348 0
63 20 78 4.3397 0
64 20 54 4.3397 0
82 91 76 4.8232 0
99 17 53 4.8029 0
28 17 53 4.8029 0
36 47 77 4.8232 0
110 28 53 4.7814 0
17 28 53 4.7814 0
99 110 74 4.8026 0
28 110 74 4.8026 0
36 77 75 4.8232 0
110 99 74 4.7814 0
17 99 74 4.7814 0
91 49 75 4.8232 0
91 83 75 4.8232 0
44 99 93 4.659 0
60 107 51 1.4949 0
63 107 60 4.3397 0
63 107 80 4.3397 0
103 64 89 4.3445 0
14 50 34 4.3933 0
77 114 35 4.3638 0
112 95 50 4.1246 0
15 95 50 4.1246 0
0
