128
127 127 0 64.3764 0
0 0 127 61.3372 0
0 0 0 61.3372 0
126 124 127 61.5222 0
0 127 127 57.2764 0
127 0 0 57.8668 0
127 0 127 57.8668 0
0 127 0 57.2764 0
18 66 64 30.5269 0
66 3 64 28.7253 0
59 118 64 28.1178 0
126 60 64 26.7868 0
69 59 127 22.9594 0
69 59 0 22.9593 0
74 59 47 16.4266 0
74 59 82 16.4266 0
39 69 23 14.5946 0
40 69 104 13.9465 0
95 92 65 13.7959 0
60 98 102 12.4015 0
60 98 27 12.4012 0
98 30 59 12.4059 0
66 21 27 10.8592 0
49 49 38 10.9088 0
65 21 101 10.6842 0
47 48 91 10.4287 0
40 33 51 9.8115 0
40 33 76 9.8115 0
109 60 29 9.6584 0
109 60 98 9.6584 0
55 48 62 8.8663 0
53 86 10 8.427 0
81 92 46 8.4194 0
80 92 83 8.2195 0
88 29 81 7.8775 0
101 40 80 7.6992 0
100 60 11 7.6608 0
99 60 116 7.4923 0
51 85 116 7.4185 0
84 28 43 7.3601 0
101 77 46 7.0646 0
101 77 82 7.0646 0
104 47 40 6.964 0
35 96 46 6.6541 0
35 96 81 6.6541 0
62 31 12 6.5993 0
61 32 115 6.4338 0
64 89 84 6.3576 0
65 47 28 6.1238 0
65 89 44 6.0591 0
49 44 19 6.0267 0
49 44 108 6.0267 0
82 66 26 5.929 0
49 65 85 5.8896 0
82 52 26 5.8429 0
61 46 101 5.8312 0
48 73 42 5.6757 0
68 86 14 5.5441 0
52 24 38 5.4315 0
34 85 92 5.5335 0
75 28 88 5.4862 0
34 85 36 5.5335 0
52 24 89 5.4315 0
59 60 28 5.354 0
54 61 71 5.4569 0
70 86 113 5.3416 0
84 64 102 5.3804 0
57 60 97 5.231 0
82 51 102 5.1452 0
44 98 90 5.1827 0
44 98 37 5.1827 0
95 37 42 5.1157 0
55 44 77 4.896 0
77 89 32 4.8218 0
76 89 98 4.7331 0
74 33 113 4.6799 0
102 48 91 4.7214 0
68 69 28 4.7201 0
76 89 60 4.7331 0
43 79 87 4.6292 0
54 62 58 4.6817 0
74 33 14 4.6792 0
74 71 101 4.4645 0
52 64 48 4.4337 0
69 46 65 4.4312 0
52 90 88 4.3441 0
80 30 30 4.3943 0
54 92 43 4.3418 0
79 30 98 4.201 0
103 65 42 4.2071 0
91 83 87 4.0151 0
101 71 35 4.1369 0
70 88 74 3.9708 0
91 83 40 4.0151 0
72 46 100 3.9062 0
72 29 40 3.9686 0
63 86 56 3.8864 0
62 64 64 3.9272 0
46 34 34 3.8748 0
100 72 94 3.6536 0
100 46 52 3.7118 0
61 86 72 3.7849 0
84 67 64 3.7335 0
70 71 65 3.7595 0
83 50 65 3.7201 0
50 74 79 3.6078 0
46 32 91 3.6995 0
64 28 87 3.5612 0
74 88 23 3.6731 0
65 68 99 3.6091 0
84 32 69 3.5374 0
87 59 65 3.5341 0
63 28 41 3.3862 0
98 75 58 3.4307 0
102 66 86 3.4478 0
90 83 49 3.4504 0
86 33 93 3.3736 0
63 44 72 3.4961 0
90 49 15 3.387 0
51 73 52 3.3509 0
92 51 112 3.387 0
79 80 112 3.387 0
98 75 71 3.4307 0
88 72 15 3.387 0
91 68 112 3.387 0
58 43 49 3.3785 0
79 80 15 3.387 0
102 53 83 3.2443 0
0
