128
127 127 127 77.8509 0
127 0 0 77.8509 0
0 0 127 75.0608 0
0 127 0 75.0607 0
29 31 31 28.3407 0
29 96 96 28.3407 0
93 33 94 26.3538 0
92 93 34 26.1171 0
61 63 88 16.6727 0
61 29 64 16.1634 0
64 61 40 15.7819 0
62 97 65 15.2188 0
126 78 49 12.5981 0
126 49 78 12.5981 0
0 74 78 10.9806 0
0 53 49 10.9806 0
26 63 76 9.0501 0
39 67 47 8.7268 0
101 62 75 8.0422 0
88 61 48 7.7189 0
54 82 48 7.72 0
21 62 49 6.711 0
127 61 61 6.5346 0
74 81 78 6.2336 0
1 70 60 6.2166 0
1 57 67 6.2166 0
39 38 65 6.2175 0
41 89 63 6.2628 0
85 41 62 6.1415 0
85 65 86 6.0644 0
84 86 66 6.0213 0
107 66 50 5.7031 0
74 43 51 5.7964 0
51 43 79 5.5599 0
11 83 68 5.1064 0
11 44 59 5.1064 0
38 58 84 4.6644 0
45 54 51 4.6953 0
68 80 51 4.6953 0
53 45 51 4.6961 0
110 81 58 4.546 0
110 46 69 4.5437 0
53 81 77 4.64 0
95 83 64 4.3408 0
101 45 65 4.179 0
114 63 75 3.9942 0
12 63 75 3.7727 0
42 83 52 3.7541 0
83 49 52 3.6874 0
73 48 75 3.6874 0
122 72 65 3.6703 0
31 57 52 3.6874 0
28 73 52 3.6874 0
8 67 52 3.6874 0
77 73 52 3.6874 0
44 51 82 3.5836 0
94 73 74 3.5866 0
74 63 71 3.5577 0
22 86 65 3.4577 0
22 41 62 3.4577 0
124 65 72 3.5611 0
63 83 79 3.4787 0
71 71 71 3.4541 0
67 44 79 3.4787 0
39 68 82 3.4663 0
77 43 69 3.3296 0
76 84 59 3.2388 0
40 45 75 3.3036 0
17 73 75 3.2304 0
82 75 82 3.2629 0
31 86 62 3.1747 0
119 52 63 3.1262 0
84 80 75 3.0762 0
69 54 71 3.1219 0
108 71 70 3.0028 0
101 74 70 3.0028 0
91 67 70 3.0028 0
109 53 74 3.0316 0
63 73 70 3.0028 0
119 63 53 2.6795 0
50 71 53 2.6795 0
116 77 63 2.8325 0
17 52 53 2.6795 0
77 71 77 2.6721 0
78 55 53 2.6795 0
56 72 70 2.7391 0
30 74 70 2.7157 0
75 56 74 2.7813 0
49 62 53 2.6795 0
59 53 70 2.6388 0
35 80 53 2.6795 0
104 80 64 2.6367 0
65 46 53 2.6795 0
17 71 53 2.6795 0
90 60 79 2.7081 0
91 51 53 2.6795 0
100 56 53 2.6795 0
107 75 53 2.6795 0
85 71 53 2.6795 0
30 50 74 2.7016 0
78 65 53 2.6795 0
97 66 53 2.6795 0
48 85 71 2.4607 0
24 75 72 2.6679 0
18 55 70 2.6204 0
15 68 70 2.4576 0
37 66 70 2.4814 0
49 85 58 2.4885 0
54 57 70 2.5411 0
90 66 77 2.4819 0
24 52 70 2.4464 0
52 65 70 2.4638 0
36 58 70 2.4015 0
48 42 57 2.4566 0
47 42 71 2.4289 0
37 50 79 2.3849 0
91 58 71 2.3975 0
95 46 59 2.3395 0
8 51 64 2.3346 0
8 76 63 2.3346 0
60 45 78 2.1829 0
96 53 70 2.2877 0
80 57 82 2.2536 0
93 46 65 2.0992 0
76 44 60 2.235 0
31 42 61 2.1669 0
47 75 80 2.217 0
103 52 69 1.9949 0
0
