128
127 0 127 67.8631 0
0 0 0 67.8631 0
127 127 0 67.8631 0
0 127 127 67.8631 0
16 16 111 44.3805 0
111 16 16 44.3805 0
111 111 111 44.3805 0
16 111 16 44.3805 0
63 63 41 25.9053 0
66 57 90 22.3403 0
61 93 82 13.8378 0
65 102 51 13.3477 0
29 65 81 13.266 0
63 23 49 13.2631 0
23 63 49 13.2631 0
104 64 49 13.2631 0
102 62 79 12.9862 0
62 0 78 11.8614 0
0 62 78 11.8614 0
65 127 78 11.8614 0
59 127 50 10.9924 0
127 65 77 11.0345 0
68 24 79 10.8142 0
72 0 52 9.7322 0
127 55 52 9.7322 0
0 72 52 9.7322 0
87 87 55 9.6533 0
43 0 66 9.3663 0
127 84 66 9.3663 0
0 43 66 9.3663 0
84 127 66 9.3663 0
42 32 58 9.2018 0
43 97 61 8.5344 0
84 30 61 8.5344 0
87 78 76 7.7906 0
41 84 76 7.8822 0
46 126 65 7.8744 0
37 80 57 7.4871 0
92 45 57 7.4871 0
28 43 57 7.4871 0
3 87 62 7.5156 0
87 3 62 7.5156 0
124 40 62 7.5156 0
81 99 69 7.2277 0
51 33 75 7.0658 0
87 39 75 7.0973 0
42 45 75 6.7855 0
123 73 53 6.6 0
54 4 53 6.6 0
4 54 53 6.6 0
52 16 74 5.7748 0
72 109 74 5.7748 0
13 75 74 5.7748 0
51 114 74 5.7748 0
103 82 58 5.628 0
38 53 59 5.4714 0
23 81 57 5.4057 0
46 71 73 5.1249 0
76 121 54 5.1082 0
77 9 73 5.0646 0
118 50 73 5.0646 0
15 50 73 4.767 0
73 79 73 4.8817 0
27 83 73 4.767 0
84 104 56 4.7933 0
114 76 73 4.767 0
49 113 54 4.767 0
27 47 73 4.767 0
103 44 73 4.767 0
105 47 58 4.5703 0
91 73 60 4.5195 0
30 91 60 4.4635 0
38 67 60 4.4635 0
60 38 60 4.4635 0
44 58 72 4.4594 0
71 36 60 4.4636 0
72 87 60 4.4635 0
35 118 63 4.1278 0
3 75 67 4.1566 0
80 18 55 3.9216 0
45 105 72 4.022 0
46 18 55 3.8349 0
83 22 72 3.9414 0
15 46 55 3.7591 0
89 90 72 3.912 0
99 83 72 3.7591 0
61 109 72 3.7591 0
58 76 72 3.7591 0
74 38 72 3.7591 0
85 66 72 3.7591 0
113 80 55 3.7591 0
13 79 55 3.7591 0
87 55 72 3.7591 0
114 47 55 3.7591 0
62 37 72 3.7591 0
77 88 72 3.7591 0
97 33 60 3.7634 0
53 89 55 3.7767 0
32 92 72 3.7591 0
45 24 70 3.6343 0
93 116 64 3.5116 0
34 11 64 3.5116 0
116 93 64 3.5116 0
92 99 61 3.5426 0
80 47 61 3.4556 0
89 57 56 3.5145 0
59 88 61 3.4556 0
71 124 62 3.5581 0
24 56 66 3.37 0
37 35 71 3.511 0
11 34 63 3.5116 0
99 92 61 3.4556 0
24 71 65 3.3892 0
3 62 62 3.409 0
62 3 62 3.409 0
12 95 63 3.2555 0
95 12 63 3.2555 0
94 56 62 3.3479 0
115 32 62 3.2555 0
124 67 62 3.1896 0
123 52 65 3.1726 0
75 4 65 3.1726 0
92 29 71 2.9953 0
44 45 60 3.0273 0
76 79 63 2.9463 0
18 84 71 2.7512 0
19 51 61 2.86 0
31 57 64 2.9533 0
0
