128
127 127 127 105.737 0
0 0 127 71.7349 0
127 0 0 55.5412 0
0 29 0 57.3104 0
36 127 4 45.6951 0
0 118 73 31.5437 0
95 0 83 31.073 0
75 57 28 25.1439 0
61 6 44 19.9052 0
7 68 66 18.0931 0
15 84 104 14.9665 0
49 84 46 13.4993 0
66 34 84 12.1125 0
12 87 40 11.9761 0
54 61 60 11.6408 0
109 34 57 11.0349 0
41 26 59 10.7766 0
72 46 63 9.9304 0
25 45 62 9.6124 0
37 108 57 8.5316 0
50 51 87 8.1602 0
90 43 56 8.1614 0
56 20 71 8.2715 0
31 78 33 7.9105 0
36 65 95 7.8511 0
43 78 67 7.28 0
43 65 35 7.2407 0
88 16 48 6.6767 0
86 36 70 6.6725 0
101 41 41 6.4534 0
19 67 89 6.4673 0
46 64 77 6.2361 0
58 49 74 6.036 0
80 23 35 5.8954 0
57 31 35 5.8947 0
18 85 81 5.7059 0
25 54 75 5.1672 0
42 93 62 5.1172 0
20 69 45 5.1067 0
19 89 58 4.9852 0
47 29 43 4.8047 0
24 57 52 4.7983 0
22 102 47 4.7607 0
100 20 52 4.6388 0
32 80 92 4.5066 0
37 38 70 4.4173 0
48 57 44 4.4114 0
68 20 64 4.3955 0
43 66 48 4.2789 0
59 46 54 4.1426 0
35 41 51 3.9091 0
25 98 92 3.9032 0
89 31 37 3.879 0
40 76 81 4.0355 0
41 71 57 3.9699 0
20 87 70 3.8361 0
47 30 73 3.9397 0
68 29 37 3.879 0
49 40 37 3.879 0
76 19 59 3.898 0
45 51 37 3.879 0
76 29 71 3.7916 0
95 31 65 3.7398 0
34 104 72 3.7295 0
53 50 48 3.4879 0
25 58 84 3.4831 0
79 38 52 3.4242 0
49 39 83 3.4073 0
57 25 59 3.2722 0
39 86 75 3.3458 0
38 54 89 3.3558 0
32 46 75 3.1522 0
41 100 47 3.2441 0
41 36 46 3.0607 0
31 90 38 2.8711 0
66 41 51 3.1208 0
85 28 58 1.3755 0
29 91 91 3.1167 0
21 75 82 3.0597 0
91 38 44 2.9836 0
21 77 50 2.9233 0
57 46 64 3.0163 0
31 48 50 2.9169 0
31 93 77 1.2266 0
31 66 38 2.8711 0
71 23 72 2.9224 0
41 67 66 2.8186 0
22 94 50 2.764 0
49 53 73 2.6881 0
23 98 55 2.6855 0
79 20 52 2.6287 0
84 37 47 2.658 0
22 93 87 2.5992 0
39 101 67 2.5491 0
42 47 73 1.3031 0
39 91 70 2.6143 0
53 28 49 2.4855 0
40 69 84 2.5357 0
101 31 45 2.4537 0
85 28 50 1.3687 0
24 64 80 2.3936 0
84 20 57 2.4768 0
38 84 59 2.4391 0
34 86 87 2.3977 0
30 104 47 2.4024 0
26 72 95 2.3013 0
40 96 54 2.3533 0
50 31 80 2.3031 0
42 36 76 2.3315 0
41 62 85 2.3783 0
37 41 58 2.3437 0
30 92 70 1.0457 0
72 38 52 2.187 0
36 74 87 2.1923 0
25 62 45 2.128 0
43 48 66 0.9552 0
26 104 54 2.0732 0
53 43 79 2.2272 0
27 57 67 2.0547 0
26 59 62 2.1654 0
32 103 79 2.1143 0
30 51 81 2.1746 0
24 65 53 2.0881 0
92 21 56 2.0722 0
39 71 76 2.0568 0
96 32 39 1.8632 0
39 56 39 1.8632 0
39 71 44 2.001 0
0
