128
127 127 127 88.8211 0
0 0 127 83.3053 0
0 127 0 72.0454 0
127 0 0 68.9994 0
104 102 7 34.1361 0
28 26 16 32.7464 0
16 106 98 26.5402 0
92 30 81 22.1969 0
89 66 46 18.4211 0
65 36 50 17.196 0
67 93 48 14.9862 0
27 59 52 14.7452 0
45 95 69 14.0334 0
23 80 69 11.4035 0
74 65 0 10.232 0
51 60 0 10.2398 0
64 44 76 8.1894 0
39 85 116 8.0823 0
40 63 32 7.865 0
64 46 3 7.8731 0
78 44 105 7.8441 0
67 88 24 7.4297 0
46 87 91 7.2983 0
66 42 22 6.9825 0
66 81 4 6.9556 0
73 75 65 6.9266 0
78 52 66 6.8673 0
87 63 18 6.6372 0
43 47 62 6.5926 0
36 81 54 6.4974 0
45 62 16 5.9566 0
34 64 73 5.8506 0
63 84 69 5.8403 0
47 84 47 5.7929 0
47 52 39 5.7275 0
40 74 43 5.3745 0
86 58 75 5.4033 0
47 80 104 5.139 0
77 83 32 5.2516 0
79 47 34 5.077 0
56 81 84 5.0475 0
67 46 90 4.9319 0
55 83 34 4.8684 0
77 66 74 4.5907 0
46 49 50 4.5352 0
48 75 122 4.4483 0
22 76 86 4.4566 0
52 49 70 4.5352 0
71 61 61 4.4868 0
67 51 99 4.3053 0
37 73 63 4.2162 0
46 75 34 4.2292 0
57 73 6 4.1848 0
71 52 115 4.0376 0
83 53 27 3.9613 0
57 53 85 3.8613 0
84 73 24 3.8728 0
42 55 72 3.7945 0
70 70 79 3.8718 0
57 45 31 3.7772 0
54 76 98 3.7305 0
28 70 81 3.6372 0
47 71 25 3.7011 0
49 55 28 3.7172 0
31 80 107 3.6545 0
49 77 113 3.5283 0
66 55 20 2.5816 0
38 83 101 3.237 0
60 56 95 3.102 0
75 52 7 3.1769 0
82 51 96 3.1475 0
57 82 25 3.1288 0
68 77 75 3.0716 0
49 58 83 2.9739 0
83 58 9 3.0221 0
64 74 83 2.9739 0
67 53 63 3.0112 0
54 69 122 2.979 0
43 62 83 2.9739 0
64 59 120 2.9752 0
72 52 37 2.9634 0
64 81 33 2.7693 0
69 70 56 2.8639 0
25 77 94 2.8047 0
76 46 25 2.7693 0
35 67 83 2.7281 0
76 81 23 2.7693 0
60 70 97 2.7156 0
37 87 83 2.7629 0
55 81 74 2.7693 0
55 81 64 2.7693 0
46 81 58 2.7693 0
72 46 14 2.7693 0
60 46 14 2.7693 0
73 81 13 2.7693 0
69 46 32 2.7693 0
59 64 122 2.7134 0
67 53 108 2.5596 0
86 56 84 2.7152 0
83 69 10 2.6737 0
56 72 104 2.6916 0
75 65 82 2.7099 0
74 49 95 2.5234 0
47 81 80 2.5652 0
60 83 15 2.509 0
28 78 100 2.4799 0
53 51 78 2.5194 0
28 82 83 2.5316 0
57 51 38 2.5194 0
52 83 56 2.3903 0
57 51 64 2.5194 0
62 56 103 2.4608 0
69 56 54 2.4681 0
41 58 64 2.3692 0
39 64 65 2.4248 0
85 53 90 2.3679 0
52 78 91 2.3175 0
69 68 86 2.3048 0
69 68 72 2.3048 0
51 79 28 2.3191 0
51 79 40 2.269 0
69 55 8 2.169 0
42 65 43 2.1789 0
81 61 82 2.2422 0
62 56 8 2.169 0
40 72 52 2.1259 0
54 61 97 2.128 0
55 72 110 2.1877 0
0
