128
0 127 127 74.0799 0
127 0 0 58.6626 0
127 0 127 58.6626 0
0 0 0 58.6626 0
127 127 0 58.3124 0
14 0 122 52.7631 0
15 123 0 52.7114 0
126 111 111 52.2316 0
65 15 60 27.507 0
67 62 7 26.6993 0
67 56 113 22.9728 0
70 119 59 22.2291 0
0 53 67 19.604 0
127 53 66 19.4058 0
68 86 84 15.0523 0
4 66 34 13.4986 0
122 64 35 12.4902 0
24 28 62 11.7586 0
105 28 62 11.7586 0
28 62 22 11.7164 0
120 81 53 10.4745 0
7 82 54 10.4745 0
101 67 24 9.7007 0
69 98 24 9.6862 0
41 103 57 9.3599 0
52 34 30 9.2262 0
77 32 92 9.2136 0
36 55 101 9.0204 0
97 56 100 8.58 0
97 102 57 8.3645 0
49 70 90 8.3693 0
56 35 91 8.3657 0
77 35 30 8.3186 0
87 68 91 8.0481 0
92 32 78 7.7418 0
82 86 28 7.4167 0
64 81 53 3.1559 0
37 33 46 6.7766 0
50 95 70 6.782 0
40 33 78 6.7441 0
40 46 27 6.7236 0
92 33 46 6.7766 0
86 95 69 6.6369 0
94 51 27 6.6771 0
42 76 27 6.6159 0
116 55 91 6.5252 0
11 54 92 6.6023 0
84 97 40 6.4168 0
59 103 37 6.1031 0
54 85 28 5.534 0
46 81 79 5.6467 0
115 48 43 5.4351 0
12 50 43 5.4351 0
64 65 85 5.3424 0
25 99 56 5.2204 0
88 80 79 5.0686 0
113 97 56 4.9102 0
34 65 89 4.7458 0
14 97 54 4.6979 0
89 43 97 4.6543 0
23 58 94 4.7345 0
45 43 97 4.6543 0
88 74 29 4.6194 0
45 97 43 4.655 0
14 37 51 4.5996 0
114 75 67 4.4272 0
13 75 67 4.4272 0
65 38 36 4.3258 0
96 80 30 4.2596 0
111 36 76 4.0544 0
16 36 76 4.0544 0
100 64 89 4.0777 0
73 101 38 4.0874 0
53 101 47 4.0874 0
113 38 51 4.0512 0
55 50 88 3.9119 0
63 91 53 3.1559 0
28 36 78 3.7795 0
67 42 88 3.9828 0
39 36 62 3.8058 0
90 36 62 3.8058 0
89 38 35 3.8442 0
74 64 87 3.8476 0
37 38 35 3.8442 0
25 36 46 3.8342 0
83 47 30 3.6507 0
39 93 67 3.7862 0
46 56 30 3.6534 0
38 72 83 3.7462 0
14 66 50 3.4194 0
89 61 30 3.6534 0
104 36 47 3.6572 0
109 53 30 3.6534 0
46 88 34 3.616 0
43 65 30 3.6534 0
113 67 50 3.4194 0
20 74 30 3.624 0
70 84 30 3.5182 0
31 76 30 3.6289 0
113 79 39 3.4194 0
95 73 82 3.5811 0
56 95 30 3.5182 0
61 94 66 3.3725 0
51 48 30 3.5182 0
113 63 83 3.4194 0
54 73 78 3.264 0
95 96 45 3.2309 0
14 45 86 3.4194 0
47 57 93 3.3309 0
43 37 89 3.3566 0
113 43 83 3.4194 0
14 80 41 3.4194 0
71 39 81 3.318 0
85 97 57 3.3872 0
90 37 89 3.3566 0
55 59 86 3.1916 0
63 39 81 3.318 0
55 39 79 3.318 0
16 53 31 3.1767 0
75 92 67 3.2375 0
111 69 73 3.178 0
112 56 48 3.2038 0
92 87 34 3.156 0
53 84 72 3.1124 0
97 93 66 3.1015 0
73 49 87 2.904 0
80 37 78 2.8151 0
93 85 73 3.0054 0
0
