128
127 127 127 68.1662 0
0 0 127 68.1662 0
0 127 0 65.147 0
127 0 0 65.147 0
119 119 5 53.0552 0
8 8 5 53.0552 0
116 11 114 47.7438 0
11 116 114 47.7438 0
7 65 63 22.1637 0
120 62 63 22.1637 0
62 8 59 21.7872 0
65 119 59 21.7872 0
59 72 0 12.1685 0
64 47 0 12.1685 0
87 62 97 11.9919 0
67 46 127 12.0448 0
46 67 127 12.0448 0
40 65 98 11.9919 0
65 40 98 11.9896 0
62 87 98 11.9896 0
82 64 1 11.1606 0
28 37 60 11.0592 0
99 90 60 11.0592 0
37 99 62 10.7716 0
90 28 62 10.7716 0
103 64 34 9.8795 0
24 63 34 9.8795 0
81 63 121 9.7292 0
63 81 121 9.7292 0
63 25 32 9.0684 0
64 102 32 9.0684 0
62 107 89 8.3511 0
65 20 89 8.3511 0
38 63 4 8.1835 0
30 84 52 7.2774 0
97 43 52 7.2774 0
85 99 70 6.9229 0
42 28 70 6.9229 0
99 42 71 6.7886 0
28 85 71 6.7886 0
64 92 6 6.6477 0
45 30 48 6.7113 0
82 97 48 6.7113 0
22 63 89 6.6215 0
105 64 89 6.6215 0
79 80 91 6.583 0
49 49 91 6.583 0
79 29 47 6.4856 0
48 98 47 6.4856 0
99 77 45 6.4946 0
28 50 45 6.4946 0
96 64 14 6.0605 0
76 75 106 6.0417 0
75 51 110 6.0417 0
51 75 110 6.0417 0
52 51 108 6.0417 0
63 31 13 6.035 0
65 65 126 5.8761 0
31 62 18 5.8284 0
49 103 77 5.5993 0
78 24 77 5.5993 0
81 45 90 5.5752 0
45 81 90 5.5752 0
26 47 75 5.3707 0
101 80 75 5.3707 0
75 79 7 5.1134 0
48 53 7 5.1134 0
62 95 19 4.812 0
96 50 40 4.6677 0
31 77 40 4.6677 0
52 24 79 4.6441 0
75 103 79 4.6441 0
90 88 46 4.4423 0
37 39 46 4.4423 0
26 77 80 4.3787 0
101 50 80 4.3787 0
52 32 38 4.0557 0
75 95 38 4.0557 0
98 58 47 4.042 0
29 69 47 4.042 0
40 90 45 3.9614 0
87 37 45 3.9614 0
53 53 120 3.8771 0
51 95 36 3.8935 0
76 32 36 3.8935 0
52 63 111 3.5942 0
74 94 88 3.5594 0
38 51 88 3.5594 0
54 30 88 3.5594 0
50 38 88 3.5594 0
97 72 88 3.6148 0
30 55 88 3.6148 0
62 52 112 3.5942 0
98 53 88 3.6259 0
29 74 88 3.6259 0
53 97 88 3.5594 0
75 31 88 3.5594 0
94 70 23 3.4931 0
75 53 88 3.5594 0
51 73 88 3.5594 0
90 78 88 3.5594 0
58 30 44 3.5035 0
69 97 44 3.5035 0
70 33 23 3.4931 0
59 98 44 3.5318 0
68 29 44 3.5318 0
93 77 35 3.407 0
34 50 35 3.407 0
82 94 59 3.4163 0
45 33 59 3.4163 0
33 73 29 3.4335 0
94 54 29 3.4335 0
41 94 76 3.351 0
86 33 76 3.351 0
57 33 22 3.3754 0
102 72 81 3.2587 0
25 55 81 3.2587 0
34 56 26 3.2058 0
98 75 56 3.289 0
29 52 56 3.289 0
56 93 26 3.2058 0
44 73 9 3.0977 0
71 94 24 3.1878 0
34 38 74 3.1608 0
93 89 74 3.1608 0
94 60 24 3.1392 0
69 62 9 3.0977 0
29 60 49 3.0236 0
0
