128
127 127 127 69.8535 0
0 127 0 69.9072 0
127 0 0 69.9072 0
0 0 127 69.8535 0
103 103 24 37.4772 0
103 24 103 37.4772 0
24 103 103 37.4772 0
24 24 24 37.4772 0
69 69 86 20.3442 0
69 58 41 20.3433 0
123 63 64 18.9414 0
4 63 63 18.9413 0
64 4 64 18.9364 0
63 123 64 18.9364 0
56 38 78 12.3393 0
39 72 49 12.3175 0
36 57 78 12.291 0
60 92 49 12.2806 0
96 62 74 8.5936 0
62 96 74 8.5718 0
96 65 53 8.4394 0
65 31 53 8.4564 0
92 45 54 7.2894 0
96 79 73 7.3766 0
79 96 73 7.3111 0
74 45 72 6.6373 0
45 74 72 6.4971 0
41 91 55 6.2336 0
80 36 55 6.2737 0
80 80 55 6.2733 0
47 47 55 6.2733 0
29 56 55 6.2331 0
72 28 71 6.0509 0
38 39 71 5.3661 0
26 73 71 5.4206 0
47 104 56 5.2252 0
47 22 71 5.3413 0
79 23 56 5.2272 0
50 86 71 5.227 0
23 79 56 5.2299 0
85 52 71 5.2259 0
113 86 63 5.1322 0
86 112 64 4.6119 0
21 46 70 4.6578 0
15 86 64 4.6841 0
39 15 64 4.6119 0
83 84 70 4.6376 0
86 15 64 4.6119 0
40 112 64 4.6119 0
112 40 63 4.3145 0
15 39 64 4.54 0
86 41 67 4.489 0
53 56 70 4.4937 0
91 91 70 4.2441 0
76 93 57 4.2583 0
104 49 57 4.2231 0
52 34 57 4.2639 0
54 77 57 4.2599 0
52 24 57 4.2174 0
48 59 57 4.2174 0
92 78 57 4.2174 0
30 88 57 4.2212 0
67 78 57 4.2174 0
73 102 57 4.2174 0
41 85 66 3.9995 0
63 52 68 3.934 0
38 29 69 3.8226 0
49 98 69 3.5901 0
28 38 69 3.5832 0
107 80 68 3.5976 0
88 28 58 3.2977 0
98 49 69 3.399 0
36 47 58 3.2894 0
87 86 61 3.4704 0
47 64 67 3.3774 0
64 85 67 3.4504 0
40 41 61 3.4705 0
105 77 58 3.3628 0
84 63 67 3.3774 0
88 56 58 3.2625 0
60 42 58 3.2494 0
53 67 58 3.2095 0
83 70 58 3.2114 0
95 34 58 3.2274 0
71 88 69 3.245 0
39 54 58 3.2895 0
87 70 69 3.2138 0
48 83 58 3.2616 0
35 77 69 3.2108 0
87 104 69 3.2126 0
21 48 58 3.2095 0
101 39 58 3.2097 0
80 35 69 3.215 0
56 63 66 3.0547 0
106 48 68 3.0143 0
79 21 68 2.963 0
30 46 67 2.785 0
55 72 66 2.8449 0
72 55 66 2.8449 0
46 106 68 2.963 0
92 99 67 2.7216 0
81 28 66 2.6629 0
99 90 68 2.6967 0
46 53 66 2.7074 0
30 82 68 2.6967 0
54 79 67 2.6401 0
61 72 59 2.5387 0
61 26 68 2.6163 0
22 81 68 2.4724 0
47 18 59 2.6011 0
80 109 59 2.6011 0
85 63 59 2.3257 0
36 70 68 2.3602 0
64 32 65 2.5086 0
28 64 66 2.4513 0
97 54 59 2.2016 0
44 35 59 2.2372 0
105 88 68 2.4086 0
78 106 67 2.25 0
63 62 64 2.4423 0
34 97 59 2.286 0
45 31 68 2.423 0
44 45 68 2.3071 0
43 93 68 2.3213 0
65 45 67 2.394 0
80 47 59 2.33 0
54 28 66 2.3484 0
100 71 67 2.3431 0
0
