128
127 57 127 83.5165 0
0 127 0 90.1839 0
82 0 2 59.6053 0
0 0 110 54.8612 0
107 125 44 24.4786 0
33 63 83 18.6563 0
22 29 45 18.243 0
76 126 75 15.4916 0
62 2 75 14.9886 0
72 61 45 14.049 0
47 47 47 11.4419 0
85 96 50 11.0681 0
48 34 79 10.434 0
52 88 78 10.1168 0
41 6 59 9.704 0
62 105 76 8.6779 0
30 40 69 7.2336 0
72 82 52 6.5987 0
47 28 52 6.4025 0
37 58 58 6.0364 0
74 42 55 5.9466 0
54 50 74 5.3947 0
62 24 74 5.3947 0
60 36 53 5.3947 0
52 65 53 5.3947 0
55 71 74 5.3947 0
79 115 54 5.2131 0
46 15 73 4.4976 0
77 13 66 4.3515 0
46 77 68 4.3019 0
61 77 54 4.3868 0
75 31 59 4.2406 0
35 46 59 4.1068 0
93 115 69 4.0219 0
76 22 63 3.747 0
43 68 61 3.7519 0
57 60 72 3.3789 0
68 110 65 3.5742 0
70 93 55 3.3789 0
54 12 60 3.429 0
62 34 72 3.3789 0
63 48 55 3.3789 0
39 24 72 3.3789 0
69 94 72 3.3789 0
49 17 55 3.3789 0
60 42 72 3.3789 0
62 79 72 3.3789 0
77 104 72 3.3789 0
77 90 62 3.2897 0
31 28 68 2.9795 0
72 72 60 2.9259 0
29 14 60 3.015 0
72 112 59 2.8164 0
83 100 65 2.6355 0
65 86 71 2.371 0
58 24 56 2.371 0
72 101 56 2.371 0
73 80 62 2.5938 0
97 104 60 2.5801 0
46 46 71 2.371 0
60 69 56 2.371 0
59 54 56 2.371 0
38 50 65 2.4514 0
50 13 66 2.4916 0
86 110 71 2.3823 0
65 29 56 2.371 0
30 22 65 2.4606 0
64 87 56 2.371 0
86 110 56 2.3823 0
42 36 56 2.371 0
88 116 63 2.2488 0
73 18 71 2.4199 0
76 107 56 2.371 0
71 52 60 2.4084 0
39 21 56 2.371 0
37 31 71 2.371 0
54 74 56 2.371 0
88 103 63 2.3181 0
62 94 71 2.371 0
40 43 71 2.371 0
54 57 56 2.371 0
68 34 56 2.371 0
53 18 71 2.371 0
61 13 60 2.2981 0
57 95 67 2.2605 0
91 107 58 2.2305 0
47 74 61 2.22 0
51 83 65 2.0391 0
70 13 63 2.1398 0
72 37 63 2.0697 0
79 96 66 2.0848 0
64 104 64 1.9847 0
39 14 69 1.8393 0
33 31 63 1.8109 0
73 28 66 1.7829 0
35 38 59 1.784 0
61 100 65 1.7377 0
52 37 57 1.3632 0
97 108 64 1.6406 0
70 60 62 1.5923 0
43 62 64 1.6301 0
46 70 67 1.6594 0
51 57 70 1.3632 0
73 85 65 1.3014 0
45 63 57 1.4548 0
48 71 57 1.4758 0
72 109 70 1.5401 0
64 73 70 1.3632 0
60 61 57 1.3632 0
83 115 62 1.3605 0
55 90 65 1.4918 0
52 25 70 1.3632 0
67 72 57 1.3632 0
57 49 57 1.3632 0
71 106 57 1.3632 0
50 79 62 1.3621 0
72 23 70 1.4175 0
52 63 70 1.3632 0
52 22 57 1.3632 0
68 19 70 1.3632 0
70 65 63 1.4715 0
48 36 57 1.3632 0
41 48 70 1.3632 0
48 57 57 1.3632 0
56 17 57 1.3632 0
61 49 70 1.3632 0
49 21 70 1.3632 0
58 29 57 1.3632 0
0
