128
127 0 127 70.0437 0
0 0 0 70.0437 0
127 127 0 70.0437 0
0 127 127 70.0437 0
25 103 25 36.603 0
102 103 102 36.603 0
102 24 25 36.603 0
25 24 102 36.603 0
64 63 85 19.4512 0
65 64 42 19.4512 0
64 121 64 18.7954 0
63 6 64 18.7954 0
125 66 66 18.8346 0
6 63 65 18.2227 0
33 59 49 12.3961 0
96 68 50 11.3882 0
95 60 77 11.3882 0
57 34 50 11.3882 0
34 64 76 10.3803 0
56 94 76 10.3803 0
71 34 76 10.3803 0
71 93 51 10.3803 0
37 83 73 7.3567 0
89 42 72 6.3488 0
40 41 55 6.3488 0
75 42 55 6.3488 0
44 75 55 6.3488 0
86 84 55 6.3488 0
55 86 55 6.3488 0
86 52 55 6.3488 0
51 43 72 6.3488 0
76 84 72 6.3488 0
112 44 63 5.7156 0
55 30 71 5.6837 0
85 19 65 5.693 0
42 108 65 5.693 0
23 80 71 5.5532 0
72 98 71 5.4297 0
87 77 71 5.3409 0
19 42 61 5.1772 0
82 104 57 4.7944 0
45 23 57 4.7944 0
111 87 63 4.7077 0
86 30 70 4.7421 0
41 97 70 4.7421 0
73 30 57 4.7421 0
55 98 57 4.44 0
106 80 57 4.336 0
17 89 64 4.4649 0
31 76 57 4.3331 0
49 52 57 4.3331 0
41 49 70 4.3331 0
98 75 70 4.3331 0
82 52 70 4.3331 0
98 87 57 4.3331 0
101 42 70 4.3331 0
106 54 57 4.336 0
49 80 70 4.3331 0
89 97 58 3.8305 0
38 30 58 3.8305 0
90 106 62 3.6773 0
37 21 62 3.6773 0
21 80 60 3.5332 0
107 51 69 3.502 0
29 41 58 3.3252 0
75 80 58 3.3252 0
24 49 69 3.3691 0
62 44 69 3.3252 0
32 50 69 3.3252 0
65 81 69 3.3252 0
47 63 58 3.3252 0
57 48 58 3.3252 0
73 47 69 3.3252 0
96 49 58 3.3252 0
80 74 58 3.3252 0
45 89 58 3.3252 0
81 68 69 3.3252 0
83 64 58 3.3252 0
65 45 58 3.3252 0
106 79 69 3.3289 0
46 69 69 3.3252 0
27 89 69 3.3252 0
48 54 69 3.3252 0
46 22 67 3.1495 0
81 105 67 3.1495 0
49 104 59 3.051 0
78 23 59 3.051 0
23 50 59 2.7344 0
81 96 68 2.7125 0
46 31 68 2.7125 0
64 81 59 2.3173 0
46 96 59 2.7125 0
109 34 64 2.692 0
85 88 68 2.3173 0
42 39 68 2.3173 0
86 40 59 2.3173 0
77 24 68 2.5444 0
33 94 68 2.3173 0
81 29 59 2.497 0
45 89 68 2.3173 0
80 61 68 2.3173 0
91 44 59 2.3173 0
58 82 68 2.3173 0
47 61 68 2.3173 0
98 56 59 2.3173 0
26 70 59 2.3173 0
95 35 68 2.3173 0
53 77 59 2.3173 0
37 85 59 2.3173 0
93 83 68 2.3173 0
49 43 59 2.3173 0
96 48 68 2.3173 0
45 32 59 2.3678 0
30 75 68 2.3173 0
77 75 68 2.3173 0
80 41 68 2.3173 0
94 29 68 2.3173 0
75 51 59 2.3173 0
30 32 59 2.3173 0
97 95 59 2.3173 0
103 69 68 2.3173 0
35 44 68 2.3173 0
102 46 59 2.3173 0
43 75 68 2.3173 0
83 93 59 2.3173 0
94 80 59 2.3173 0
50 104 67 2.3189 0
60 37 68 2.3173 0
0
