128
0 127 127 63.5574 0
125 2 2 60.3146 0
0 0 0 63.5574 0
127 0 127 63.5142 0
127 127 0 63.5142 0
2 125 2 60.3583 0
2 2 125 60.3583 0
125 125 125 60.3146 0
62 11 64 24.5231 0
62 116 63 24.5226 0
116 65 63 24.5022 0
11 65 64 24.4856 0
63 64 127 14.5019 0
64 81 0 13.1485 0
59 51 0 13.1485 0
92 35 64 12.2056 0
84 63 1 12.1407 0
63 65 85 4.3855 0
91 92 67 11.5012 0
35 36 60 11.4804 0
36 91 68 10.7348 0
64 100 30 9.8038 0
63 27 30 9.8038 0
65 26 96 9.3923 0
65 101 96 9.3923 0
101 65 96 9.3795 0
101 62 31 9.3795 0
39 64 4 9.117 0
26 62 96 9.3673 0
26 65 31 9.3673 0
63 39 123 9.117 0
88 63 123 9.117 0
64 89 123 9.117 0
38 63 123 9.117 0
64 70 30 4.5175 0
33 44 79 8.0364 0
83 94 48 8.0322 0
34 84 49 7.7771 0
96 49 84 7.4257 0
31 49 43 7.4145 0
78 96 84 7.4168 0
78 31 43 7.4168 0
80 32 82 7.3998 0
95 47 45 7.3861 0
50 96 86 7.0129 0
94 81 45 7.0037 0
46 33 44 6.9853 0
95 79 84 6.934 0
46 94 45 6.9841 0
46 33 82 6.9841 0
31 76 87 6.6381 0
64 32 8 6.2763 0
64 64 97 5.7269 0
63 46 30 4.5366 0
64 97 12 5.5541 0
97 62 15 5.377 0
77 49 119 5.0855 0
47 51 119 5.0855 0
39 86 84 5.0888 0
75 79 119 5.0855 0
49 78 119 5.0855 0
64 81 30 4.5366 0
63 57 30 4.5175 0
34 78 36 4.6828 0
60 96 110 4.5296 0
31 60 16 4.5202 0
60 31 111 4.5309 0
31 60 110 4.5189 0
96 60 111 4.5047 0
52 33 94 4.417 0
94 75 32 4.4076 0
76 49 9 4.0777 0
34 50 93 4.2486 0
68 65 9 4.0777 0
77 93 33 4.2623 0
32 71 43 4.1813 0
47 75 9 4.0777 0
53 66 9 4.0777 0
70 95 43 3.9635 0
72 40 9 4.0777 0
34 51 31 3.8589 0
93 51 96 3.8401 0
76 34 31 3.8406 0
78 35 94 3.7724 0
51 93 31 3.8412 0
32 69 107 3.785 0
58 32 43 3.7748 0
58 32 85 3.7904 0
92 49 33 3.7933 0
95 69 42 3.7707 0
85 40 49 3.661 0
84 88 36 3.7577 0
87 42 37 3.6616 0
40 42 90 3.6578 0
88 43 91 3.7395 0
39 43 36 3.7452 0
40 85 38 3.659 0
87 85 90 3.6616 0
87 42 80 3.6491 0
46 90 56 3.5832 0
59 95 43 3.6092 0
65 66 108 3.5141 0
55 33 103 3.4651 0
95 67 83 3.5 0
52 93 99 3.4827 0
91 79 57 3.3899 0
34 75 99 3.4692 0
94 72 23 3.4501 0
32 61 44 3.4105 0
66 95 83 3.4058 0
77 92 96 3.3506 0
92 77 96 3.3413 0
33 55 85 3.4651 0
48 36 71 3.3513 0
35 77 75 3.3487 0
48 36 32 3.38 0
50 92 74 3.3593 0
32 65 84 3.3419 0
92 50 57 3.3382 0
92 50 71 3.3369 0
77 35 71 3.3194 0
77 35 54 3.3219 0
38 82 93 3.2943 0
33 71 20 3.2264 0
78 76 10 3.0698 0
56 94 20 3.2261 0
71 33 20 3.1901 0
94 71 108 3.2124 0
0
