128
0 127 0 85.5028 0
127 0 0 71.2885 0
127 127 127 70.502 0
0 0 77 61.2409 0
109 1 127 55.7241 0
0 95 127 44.3331 0
109 97 31 30.5794 0
56 88 83 20.62 0
119 55 73 18.6611 0
49 38 24 17.6891 0
58 70 127 17.41 0
74 28 66 16.6898 0
48 38 124 14.149 0
43 61 62 13.683 0
74 80 54 12.557 0
86 75 0 12.8499 0
25 72 80 12.5699 0
95 78 69 10.5412 0
66 56 3 10.2775 0
57 43 51 9.13 0
55 45 75 8.5684 0
74 76 31 8.5255 0
96 44 60 8.2516 0
104 61 50 8.136 0
83 61 118 8.0898 0
30 51 117 7.9304 0
95 41 78 7.8038 0
63 28 90 7.6334 0
72 75 104 7.5176 0
82 75 88 7.5176 0
83 45 49 7.4539 0
76 40 88 6.9451 0
67 48 117 7.0819 0
103 58 98 7.0704 0
48 58 41 6.6897 0
44 74 106 6.5097 0
70 36 43 6.5927 0
56 28 106 6.2537 0
79 73 74 5.5019 0
24 61 96 5.4887 0
55 73 51 5.506 0
73 73 15 5.5028 0
38 63 115 5.0662 0
94 72 53 4.7281 0
35 72 97 4.494 0
36 57 81 4.6501 0
98 49 90 4.7047 0
59 72 62 4.4937 0
57 72 104 4.494 0
62 72 38 4.494 0
95 72 84 4.494 0
84 72 22 4.494 0
84 72 40 4.4938 0
93 53 47 4.3374 0
94 68 15 4.1988 0
26 55 105 4.1462 0
103 66 88 3.9053 0
47 55 114 4.0583 0
57 58 16 4.0244 0
66 45 83 3.8876 0
44 51 81 3.7083 0
55 37 86 3.793 0
69 47 16 3.729 0
99 59 110 3.7172 0
102 62 37 3.4118 0
90 44 89 3.5633 0
84 71 101 3.4861 0
71 45 53 3.3381 0
67 71 68 3.4861 0
79 45 98 3.3754 0
59 51 62 3.3796 0
70 40 31 3.4157 0
80 47 37 3.2413 0
103 69 60 3.355 0
64 38 112 3.3387 0
96 57 39 3.331 0
80 59 7 3.2025 0
56 53 113 3.0504 0
30 57 89 3.1562 0
72 58 113 3.0504 0
103 70 81 3.1219 0
88 51 40 2.9802 0
78 51 113 3.0504 0
83 42 79 2.927 0
65 46 61 2.9956 0
52 59 29 2.8741 0
99 56 60 2.7854 0
41 65 79 2.7622 0
91 70 94 2.4783 0
72 70 92 2.4782 0
56 51 40 2.6509 0
87 62 14 2.7202 0
66 70 23 2.4783 0
49 42 86 2.6227 0
40 70 89 2.4783 0
95 64 23 2.6423 0
66 67 12 2.593 0
82 70 110 2.5245 0
36 43 111 2.6474 0
98 67 94 2.5636 0
100 57 87 2.4529 0
63 44 39 2.6317 0
88 70 59 2.4782 0
97 66 41 2.3494 0
63 70 98 2.4782 0
69 70 42 2.4782 0
53 32 97 2.4512 0
62 70 30 2.4783 0
97 50 71 2.4459 0
74 67 8 2.508 0
70 44 23 2.3411 0
64 31 101 2.4813 0
45 70 95 2.4782 0
88 70 30 2.4782 0
83 70 63 2.4782 0
44 58 79 2.4973 0
74 70 81 2.4782 0
74 70 67 2.4782 0
62 70 46 2.4782 0
87 70 49 2.4782 0
51 70 99 2.4782 0
71 35 96 2.3926 0
70 70 75 2.4782 0
54 70 42 2.4787 0
86 70 79 2.4782 0
92 70 43 2.4751 0
50 56 77 2.406 0
88 44 69 2.2904 0
0
