128
64 9 64 31.2113 0
0 127 0 56.997 0
127 127 127 56.997 0
127 127 0 56.997 0
0 127 127 56.997 0
0 0 0 56.997 0
127 0 0 56.997 0
0 0 127 56.997 0
127 0 127 56.997 0
63 119 63 30.9428 0
65 64 121 30.4463 0
65 64 6 30.4463 0
0 58 66 18.908 0
127 72 70 18.908 0
123 37 63 15.0351 0
88 55 75 11.7186 0
41 61 75 11.7186 0
122 64 35 13.971 0
6 92 64 13.5144 0
6 63 33 13.3726 0
22 26 64 12.8035 0
104 101 63 12.8011 0
65 73 75 11.7186 0
22 63 103 12.3046 0
107 64 103 12.3046 0
90 69 50 9.966 0
65 53 50 9.966 0
31 77 48 7.8757 0
94 37 50 10.5264 0
62 50 77 10.3879 0
29 57 26 10.2888 0
53 96 97 10.1732 0
37 39 50 10.0666 0
65 74 50 9.966 0
39 60 50 9.966 0
97 33 75 9.9004 0
75 96 96 9.5654 0
52 32 30 9.4136 0
37 38 78 9.4534 0
52 95 30 9.4136 0
74 32 30 9.4136 0
53 32 97 9.4136 0
75 32 97 9.4136 0
99 72 27 9.281 0
95 76 73 8.8835 0
28 97 56 8.7696 0
30 97 75 8.7696 0
72 95 31 8.7561 0
97 53 28 8.2731 0
34 77 28 8.2731 0
11 79 82 7.8214 0
116 49 84 7.8214 0
91 96 80 7.7617 0
91 96 46 7.7617 0
37 47 99 7.6297 0
37 78 98 7.2652 0
30 78 79 6.8678 0
47 77 53 6.9424 0
83 52 53 6.9424 0
39 95 42 6.7538 0
12 39 51 6.8162 0
115 88 51 6.8162 0
12 79 48 6.8135 0
91 46 99 6.7758 0
87 85 30 6.2574 0
91 82 98 6.4309 0
98 54 46 6.3564 0
77 41 46 6.3564 0
39 43 30 6.2574 0
114 46 44 5.8056 0
47 79 75 5.8599 0
13 38 77 5.92 0
114 55 54 5.8056 0
13 55 88 5.8056 0
43 94 83 5.746 0
28 48 69 5.6714 0
82 79 82 5.3485 0
81 38 82 5.4717 0
52 44 45 5.3485 0
88 39 31 5.2529 0
27 51 81 4.7924 0
81 80 69 4.8521 0
112 91 77 4.8653 0
113 77 91 4.8451 0
50 49 55 4.9266 0
79 80 55 4.8521 0
14 47 41 4.7978 0
37 80 68 4.6635 0
113 75 49 4.7978 0
27 70 69 4.7924 0
27 51 55 4.7924 0
89 34 89 4.7381 0
76 44 68 4.6635 0
49 47 68 4.6635 0
79 80 44 4.3407 0
100 66 83 4.3407 0
52 67 44 4.3407 0
92 58 95 4.2416 0
73 60 83 4.3407 0
80 68 83 4.3407 0
28 51 44 4.3407 0
99 80 44 4.3407 0
76 65 44 4.3407 0
51 39 83 4.3447 0
38 63 95 4.2416 0
47 81 32 4.2416 0
92 69 95 4.2416 0
19 77 32 4.2486 0
112 81 40 3.7899 0
54 62 56 3.9188 0
99 80 56 3.9188 0
16 91 48 4.0995 0
26 66 82 3.7845 0
77 64 56 3.9188 0
27 67 56 3.9188 0
23 35 46 3.9141 0
100 59 56 3.9188 0
17 77 94 3.8718 0
78 92 44 3.7302 0
86 39 67 3.9029 0
23 35 80 3.9141 0
26 65 44 3.7845 0
78 92 82 3.7302 0
87 92 65 3.7302 0
15 55 47 3.7899 0
64 92 87 3.7302 0
101 47 68 3.7845 0
101 63 68 3.7845 0
0
