128
63 63 127 75.0051 0
0 0 0 70.9507 0
127 127 0 66.9146 0
0 127 22 56.646 0
127 0 15 55.9256 0
127 62 56 17.0344 0
89 60 37 16.9758 0
62 89 38 16.2007 0
67 0 56 15.289 0
67 127 57 14.7624 0
38 67 40 14.4052 0
67 37 40 13.8617 0
0 65 53 11.1052 0
122 89 69 10.5383 0
44 1 69 9.7577 0
3 48 67 9.4764 0
120 38 69 8.7191 0
88 116 65 8.6478 0
46 124 70 8.3312 0
5 79 68 8.232 0
106 107 70 7.6291 0
87 12 64 7.4035 0
85 84 46 7.1602 0
41 47 49 6.5888 0
77 19 49 6.1551 0
108 24 70 6.0133 0
74 108 48 5.9643 0
16 70 46 5.9032 0
107 73 47 5.4228 0
88 38 46 5.7055 0
108 50 48 5.1884 0
57 111 47 5.2692 0
16 37 66 5.2706 0
34 14 68 5.1536 0
113 82 56 5.0234 0
43 85 49 5.0041 0
50 38 51 4.9726 0
60 18 47 4.9156 0
21 58 47 4.6976 0
5 63 69 4.7723 0
97 79 47 4.6976 0
12 53 54 4.6566 0
113 44 57 4.4936 0
98 19 66 4.274 0
84 107 55 4.0151 0
38 113 69 4.0327 0
12 76 57 4.0749 0
77 90 53 3.9489 0
82 97 48 3.6897 0
30 51 48 3.6897 0
86 21 55 3.7295 0
53 25 48 3.6897 0
97 43 48 3.6897 0
24 29 66 3.5543 0
83 28 48 3.6897 0
16 87 66 3.5605 0
15 45 60 3.4281 0
80 38 53 3.3118 0
92 74 53 3.3145 0
96 106 61 3.1997 0
51 116 54 3.1407 0
87 44 54 3.1485 0
52 12 53 3.12 0
29 23 66 3.0643 0
47 9 58 3.034 0
77 110 58 3.0171 0
37 79 54 3.0154 0
48 100 49 2.6818 0
107 34 68 2.8328 0
115 76 66 2.8626 0
109 96 68 2.855 0
56 11 68 2.8328 0
77 16 60 2.7727 0
55 116 68 2.8328 0
34 54 54 2.7263 0
75 113 67 2.7133 0
22 77 49 2.7892 0
114 49 67 2.6236 0
16 82 60 2.7345 0
93 22 59 2.6492 0
29 80 49 2.6818 0
34 85 49 2.6818 0
44 95 49 2.6818 0
95 87 49 2.6818 0
49 91 53 2.5933 0
112 91 59 2.5765 0
57 33 54 2.5353 0
107 62 51 2.5287 0
47 118 59 2.4839 0
110 74 56 2.4514 0
65 109 52 2.2017 0
76 102 57 1.6509 0
76 14 66 2.3519 0
106 82 50 2.3429 0
91 104 57 2.3637 0
19 49 53 2.347 0
31 40 57 1.4399 0
71 94 55 2.2744 0
19 79 54 2.3211 0
92 50 55 2.1528 0
21 40 59 2.316 0
112 97 62 2.1555 0
68 19 52 2.1811 0
27 98 67 2.2079 0
43 15 67 1.8249 0
48 112 67 1.8416 0
112 36 60 2.0466 0
14 62 50 2.152 0
107 42 52 1.9988 0
75 34 55 2.0124 0
90 81 55 1.9176 0
22 92 66 1.8207 0
41 11 61 1.9982 0
95 67 55 2.0146 0
34 107 67 2.0358 0
32 60 55 2.0146 0
76 25 57 1.6509 0
12 67 67 1.8249 0
31 102 67 1.8773 0
98 100 67 1.8249 0
110 51 57 1.9215 0
108 90 67 1.8249 0
98 27 67 1.8249 0
95 105 67 1.9519 0
48 15 67 1.8416 0
112 30 64 1.742 0
101 96 67 1.8249 0
85 87 56 1.8532 0
0
