128
127 127 127 89.8181 0
0 0 0 89.8181 0
57 127 6 48.5076 0
69 0 121 48.1625 0
0 78 112 45.5356 0
127 42 21 44.3202 0
15 127 65 22.459 0
104 0 63 18.0646 0
110 31 80 16.1691 0
74 70 31 14.5057 0
14 96 42 14.5384 0
55 57 96 13.9015 0
91 50 66 12.7533 0
27 79 60 11.8033 0
48 112 64 10.7363 0
62 94 56 10.5121 0
49 40 79 9.8249 0
91 72 50 9.6977 0
36 112 86 8.8891 0
36 56 76 8.7332 0
77 49 92 8.2078 0
76 7 63 8.0235 0
88 13 44 7.7694 0
47 79 36 7.4247 0
78 85 51 7.3545 0
82 54 47 7.0705 0
50 78 91 7.1973 0
71 23 63 6.7482 0
19 97 65 6.7326 0
39 72 74 6.6053 0
34 87 38 6.5354 0
60 27 72 6.4705 0
89 42 85 6.3311 0
83 31 64 5.8161 0
42 69 54 5.7971 0
43 98 89 5.7021 0
97 31 61 5.5867 0
54 96 71 5.4492 0
79 40 38 5.3178 0
60 84 40 5.3467 0
65 42 86 5.1651 0
73 50 38 5.1184 0
47 104 79 4.9348 0
42 91 63 4.1342 0
62 85 70 4.8838 0
55 68 39 4.5021 0
83 26 40 4.4939 0
79 55 79 4.4015 0
37 78 46 4.4253 0
37 63 62 4.3548 0
44 66 83 4.1446 0
87 41 51 3.9568 0
30 110 49 4.0019 0
48 101 52 3.8448 0
86 11 72 3.813 0
34 83 75 3.6613 0
72 61 87 3.6664 0
44 50 67 3.6218 0
78 14 52 3.4485 0
27 92 72 3.5492 0
95 16 77 3.3928 0
25 105 78 3.5511 0
48 89 87 3.4829 0
63 35 79 3.5014 0
82 78 60 3.4602 0
61 72 87 3.4323 0
36 114 54 3.4343 0
44 71 64 3.29 0
48 97 62 3.293 0
90 67 64 3.2878 0
90 36 76 3.1927 0
68 81 45 3.1422 0
101 22 60 3.1061 0
45 70 44 3.0794 0
56 36 67 2.9249 0
51 96 81 3.0807 0
41 76 84 3.063 0
77 55 58 2.9939 0
73 16 71 2.9696 0
92 33 69 2.8926 0
49 54 79 2.8265 0
92 33 53 2.8922 0
57 88 78 2.8056 0
76 38 86 2.8253 0
97 18 50 2.7362 0
59 60 41 2.7473 0
64 55 41 2.6392 0
67 68 86 2.7243 0
91 32 86 2.7002 0
41 108 52 2.7038 0
79 20 46 2.6465 0
42 84 86 2.5348 0
84 12 56 2.6527 0
36 113 73 2.4986 0
49 89 41 2.5867 0
50 44 66 2.5207 0
26 95 56 2.4592 0
59 75 41 2.4723 0
51 95 47 2.4542 0
81 46 80 2.3523 0
70 34 82 2.4321 0
30 90 48 2.4337 0
82 60 56 2.3336 0
31 102 44 2.3788 0
77 31 43 2.3144 0
76 54 71 2.3681 0
69 26 76 2.376 0
21 103 57 2.3595 0
81 46 54 2.3523 0
69 86 65 2.2979 0
83 61 75 2.1706 0
63 82 49 2.2793 0
43 91 41 2.1319 0
40 90 86 2.2503 0
78 73 49 2.2129 0
25 106 53 2.127 0
76 84 62 2.2275 0
24 98 74 2.1586 0
99 23 66 2.1536 0
79 14 72 2.069 0
56 84 85 2.1813 0
71 43 42 2.1813 0
43 65 68 2.0076 0
34 100 85 2.1313 0
83 43 45 2.0518 0
88 36 57 1.9069 0
41 56 65 1.9801 0
60 48 82 1.8988 0
0
