128
127 0 0 71.4811 0
0 127 0 71.4809 0
127 127 127 70.395 0
0 0 127 70.395 0
25 102 102 35.3959 0
102 25 102 35.3958 0
99 99 29 34.2717 0
28 28 29 34.2717 0
56 71 45 18.1457 0
65 65 109 17.7104 0
87 57 50 13.1063 0
68 0 76 12.7309 0
59 127 76 12.7309 0
127 59 76 12.7274 0
0 68 76 12.7274 0
69 37 51 12.0984 0
44 61 86 11.4784 0
73 81 84 11.3645 0
123 66 52 11.3514 0
4 61 52 11.3514 0
66 123 52 11.3436 0
61 4 52 11.3435 0
27 68 53 10.0827 0
60 99 53 10.0827 0
102 66 79 9.9802 0
61 26 81 9.2274 0
23 61 79 9.099 0
66 104 79 9.0701 0
70 50 83 8.415 0
60 42 95 7.7373 0
88 66 95 7.2898 0
84 124 60 7.1894 0
43 3 60 7.1893 0
124 84 60 7.1709 0
3 43 60 7.1706 0
107 53 56 7.0591 0
75 19 57 6.0512 0
37 87 57 6.0512 0
80 75 57 6.0512 0
58 22 57 6.0512 0
88 38 57 6.0512 0
105 67 57 6.0512 0
53 49 57 6.0512 0
41 122 67 5.8403 0
86 5 67 5.8403 0
5 86 67 5.8382 0
122 41 67 5.8382 0
41 55 58 5.0433 0
53 12 72 5.2143 0
48 24 72 5.3969 0
115 74 72 5.2088 0
48 35 78 5.232 0
71 86 58 5.0433 0
51 115 58 5.0433 0
74 115 72 5.2143 0
44 99 58 5.0433 0
13 75 58 5.0433 0
69 55 58 5.0433 0
79 96 76 5.0329 0
109 53 72 4.9696 0
73 19 73 4.9854 0
122 50 59 4.9126 0
77 5 59 4.8977 0
9 51 71 4.8558 0
91 78 81 4.8382 0
30 48 76 4.6535 0
52 110 72 4.49 0
17 75 72 4.482 0
58 73 88 4.3207 0
75 62 88 4.3437 0
19 49 72 4.2868 0
49 42 87 4.1962 0
23 82 59 4.0354 0
53 36 59 4.0354 0
82 28 59 4.0354 0
100 43 59 4.0354 0
73 105 59 4.0354 0
74 39 76 4.1047 0
50 89 59 4.0354 0
25 54 59 4.0354 0
99 81 74 4.0784 0
93 74 59 4.0354 0
41 45 82 4.0079 0
50 14 59 4.0354 0
15 51 59 4.0354 0
113 77 59 4.0354 0
79 106 72 3.9443 0
40 33 72 3.8882 0
59 92 82 3.7951 0
86 88 77 3.7782 0
34 71 78 3.5614 0
90 59 84 3.4093 0
62 16 71 3.4237 0
108 81 71 3.4723 0
79 12 70 3.4074 0
58 53 87 3.3475 0
36 40 75 3.4116 0
123 74 66 3.3501 0
53 4 66 3.3548 0
74 123 66 3.3548 0
54 100 74 3.2785 0
73 96 60 3.0276 0
27 73 74 3.2651 0
57 80 93 3.314 0
73 29 75 3.2115 0
82 57 89 3.1491 0
80 46 76 3.0715 0
80 113 60 3.0276 0
18 59 60 3.0276 0
40 76 60 3.0276 0
73 68 60 3.0276 0
101 76 60 3.0276 0
81 85 60 3.0276 0
42 108 60 3.0276 0
35 97 60 3.0276 0
41 64 60 3.0276 0
45 43 60 3.0276 0
33 51 60 3.0276 0
86 21 60 3.0276 0
27 89 60 3.0276 0
99 53 74 2.9294 0
114 44 60 3.0276 0
83 13 60 3.0276 0
67 38 81 2.9886 0
13 59 70 2.9408 0
5 77 62 2.8186 0
48 101 70 2.8654 0
89 69 84 2.7487 0
0
