128
63 63 0 68.7185 0
127 127 127 52.9907 0
0 0 127 52.9907 0
127 0 127 52.9907 0
0 127 127 52.9907 0
127 114 49 25.0568 0
127 13 49 25.0568 0
13 127 49 25.0568 0
0 14 50 24.2313 0
66 73 90 20.742 0
52 40 81 15.168 0
64 127 98 15.0388 0
127 63 98 15.0388 0
63 0 98 15.0388 0
0 64 98 15.0388 0
98 63 127 14.8241 0
29 64 127 14.8241 0
63 29 127 14.8241 0
64 98 127 14.8241 0
82 43 79 13.707 0
33 0 68 13.5661 0
94 0 68 13.5661 0
0 94 68 13.5661 0
94 127 68 13.5661 0
35 71 77 11.8341 0
127 41 76 11.4381 0
127 86 76 11.4363 0
0 41 76 11.4363 0
41 127 76 11.4363 0
78 127 48 10.7503 0
0 78 48 10.7503 0
78 0 48 10.7503 0
94 66 75 10.6938 0
127 50 48 10.5915 0
127 77 48 10.5915 0
50 127 48 10.5915 0
0 50 49 9.9693 0
49 0 49 10.1374 0
47 91 73 9.2161 0
60 63 127 6.0078 0
77 77 127 8.7653 0
50 77 127 8.7653 0
50 50 127 8.7653 0
77 50 127 8.7653 0
87 86 72 8.7476 0
70 96 71 8.1336 0
72 0 75 7.9896 0
72 127 75 7.9898 0
0 72 75 7.9898 0
55 0 75 7.9898 0
40 59 94 7.8619 0
69 44 98 7.6069 0
33 49 70 7.5008 0
127 61 74 7.3044 0
33 11 49 6.9604 0
53 50 102 6.9916 0
94 11 49 6.9604 0
11 94 49 6.9604 0
94 116 49 6.9604 0
0 58 67 6.7734 0
58 127 67 6.7734 0
82 7 86 6.3397 0
91 59 92 6.4938 0
65 0 61 6.5475 0
68 29 68 6.4711 0
7 82 86 6.3388 0
45 7 86 6.3388 0
82 120 86 6.3388 0
109 73 107 6.253 0
18 54 107 6.253 0
54 109 107 6.253 0
73 18 107 6.253 0
108 54 108 6.2141 0
54 19 108 6.2141 0
73 108 108 6.2141 0
19 73 108 6.2141 0
93 81 86 6.2109 0
30 53 84 6.1523 0
40 86 88 6.0369 0
105 110 73 5.9211 0
17 105 73 5.9211 0
22 17 73 5.9211 0
105 17 73 5.9205 0
82 52 99 5.8112 0
114 99 75 5.6639 0
13 28 75 5.6639 0
28 114 75 5.6638 0
114 28 75 5.6616 0
55 98 85 5.7247 0
126 64 60 5.5254 0
46 90 118 5.5609 0
81 37 118 5.5609 0
90 81 118 5.5609 0
37 46 118 5.5609 0
97 51 67 5.4986 0
39 74 95 5.2091 0
79 96 83 5.2476 0
70 28 85 5.1639 0
81 89 118 5.1312 0
46 38 118 5.1312 0
89 46 118 5.1312 0
38 81 118 5.1312 0
10 46 90 4.9262 0
46 117 90 4.9262 0
117 81 90 4.9262 0
117 46 90 4.9254 0
111 84 59 2.702 0
34 85 65 4.7456 0
67 100 84 4.583 0
114 52 63 2.7556 0
27 60 66 4.5819 0
13 75 64 2.7556 0
52 13 64 2.7556 0
75 114 64 2.7556 0
46 64 105 4.5601 0
124 53 64 4.4208 0
43 111 58 2.7042 0
58 100 65 4.3359 0
38 37 66 4.463 0
124 74 64 4.4208 0
30 24 59 2.7607 0
97 79 64 4.3344 0
99 53 85 4.2262 0
18 41 63 1.7154 0
99 78 112 4.3498 0
78 28 112 4.3498 0
28 49 112 4.3498 0
49 99 112 4.3498 0
0
