128
63 63 127 56.7478 0
127 127 0 52.9087 0
0 0 0 52.9087 0
0 127 0 52.9087 0
127 0 0 52.9087 0
127 117 88 34.5327 0
127 12 87 33.2489 0
12 127 87 33.2489 0
66 65 0 32.6805 0
0 14 85 31.9897 0
0 84 59 18.0922 0
84 0 59 18.0922 0
43 0 61 18.0922 0
83 127 59 17.7948 0
127 79 52 16.7236 0
48 126 51 15.7435 0
64 64 53 15.5707 0
1 49 50 15.5085 0
73 127 92 15.6398 0
63 0 29 15.3498 0
69 0 90 15.0839 0
0 74 92 14.9092 0
21 64 18 14.5388 0
124 46 51 14.3152 0
71 35 61 14.2819 0
35 71 61 14.2819 0
75 91 62 13.9395 0
93 58 62 13.6459 0
127 68 95 13.6429 0
43 43 60 13.6101 0
64 112 19 13.5328 0
112 64 19 13.5328 0
49 93 65 10.8532 0
43 8 91 10.4928 0
61 27 22 10.5073 0
122 60 72 9.9072 0
6 55 75 9.4291 0
53 120 76 8.7614 0
36 46 24 8.4915 0
48 95 24 8.4915 0
26 21 53 7.9658 0
55 89 46 8.054 0
95 80 56 8.1428 0
21 101 53 7.9659 0
101 21 54 7.9658 0
100 107 53 8.0773 0
7 69 37 8.0556 0
36 81 25 7.4837 0
84 46 45 7.5077 0
94 46 25 7.4837 0
81 33 25 7.4837 0
97 77 73 7.5804 0
96 80 25 7.4837 0
80 96 25 7.4837 0
90 38 73 6.9183 0
68 119 39 6.9666 0
28 53 73 6.6726 0
53 28 72 6.6726 0
83 80 45 6.7095 0
117 78 75 6.7114 0
57 39 44 6.4998 0
39 57 44 6.4998 0
86 13 82 6.5667 0
52 117 93 6.5082 0
10 52 92 6.1966 0
14 87 80 6.0704 0
18 33 48 6.0528 0
109 94 47 6.0528 0
92 69 44 5.9264 0
33 109 48 6.0528 0
45 12 39 5.9932 0
34 87 75 5.9689 0
41 82 44 5.8226 0
81 12 37 5.666 0
108 32 47 5.7975 0
64 93 28 5.6939 0
81 115 37 5.666 0
86 113 79 5.6488 0
77 19 27 5.4679 0
63 102 76 5.1783 0
53 27 52 5.4142 0
27 53 52 5.4142 0
91 37 55 5.4932 0
48 37 27 5.4679 0
90 91 76 5.4932 0
116 50 91 5.5051 0
109 93 60 5.4987 0
36 90 52 5.4621 0
13 83 38 5.4059 0
94 64 28 5.3282 0
16 88 93 5.3372 0
69 87 43 5.2906 0
108 33 59 5.2175 0
12 49 31 5.1118 0
115 49 32 4.8483 0
114 45 70 5.0491 0
65 10 71 4.7868 0
35 109 60 4.9555 0
32 41 77 4.9672 0
41 32 77 4.9672 0
49 115 32 4.8483 0
61 10 48 4.8273 0
90 110 43 4.7897 0
117 60 38 4.8777 0
83 28 41 3.1647 0
90 17 43 4.7897 0
17 37 60 4.7897 0
37 17 77 4.7897 0
90 94 43 3.1526 0
115 78 33 4.7671 0
76 102 42 3.1919 0
93 57 42 4.484 0
99 47 78 4.5304 0
49 16 28 4.6538 0
37 33 41 3.1526 0
39 64 28 4.4623 0
54 11 79 4.6206 0
100 46 42 3.1876 0
45 26 28 4.46 0
80 28 78 4.5304 0
94 107 66 4.3933 0
28 43 41 2.6669 0
57 101 53 4.5539 0
36 18 44 4.4307 0
87 111 92 4.5287 0
41 70 42 4.484 0
72 41 42 4.484 0
18 91 44 4.4307 0
0
