128
0 127 127 74.6163 0
127 127 0 73.9354 0
127 0 127 73.9354 0
0 0 0 73.9354 0
94 32 33 29.4686 0
33 32 94 29.4686 0
33 94 33 29.2833 0
94 94 93 29.0862 0
55 71 80 15.8283 0
56 55 46 15.7603 0
127 72 72 14.4901 0
0 72 54 14.4445 0
66 102 60 12.7269 0
61 25 60 12.7269 0
81 55 77 12.4275 0
76 77 50 11.7288 0
2 50 71 11.7785 0
125 50 56 11.6672 0
104 61 74 9.0357 0
21 64 74 8.9688 0
30 58 53 8.7052 0
95 66 53 8.7052 0
63 44 73 7.9952 0
77 34 71 6.8521 0
113 66 55 6.6894 0
48 95 68 6.6888 0
79 58 55 6.6894 0
33 75 72 6.3945 0
56 76 56 5.6816 0
45 37 56 5.7551 0
37 61 71 5.3117 0
77 72 70 5.3566 0
83 93 58 5.2616 0
97 48 70 4.9337 0
40 85 69 4.9585 0
50 52 70 4.984 0
68 85 69 4.8938 0
94 81 57 4.6737 0
12 55 57 4.6892 0
36 45 57 4.6737 0
40 69 57 4.6737 0
21 71 57 4.6737 0
105 56 57 4.6737 0
70 42 57 4.6737 0
90 69 69 4.7161 0
89 41 69 4.0076 0
107 76 58 3.6658 0
16 76 68 3.8294 0
19 51 69 3.8678 0
108 76 68 3.7486 0
62 85 58 3.6658 0
21 49 58 3.6658 0
59 88 68 3.6049 0
116 57 68 3.3305 0
116 87 67 3.108 0
65 58 68 3.1831 0
70 65 68 3.1849 0
36 35 60 3.1684 0
109 50 68 3.0837 0
11 88 59 2.9581 0
11 37 68 3.0879 0
116 37 59 3.0879 0
52 42 68 3.0215 0
30 86 67 2.9427 0
54 90 59 2.7996 0
27 54 68 2.84 0
17 79 59 2.658 0
98 74 67 2.9192 0
92 90 59 2.7996 0
77 83 67 2.8438 0
27 44 59 2.658 0
31 73 59 2.658 0
41 52 68 2.6163 0
23 82 67 2.7956 0
18 63 59 2.658 0
41 55 59 2.658 0
87 52 59 2.658 0
47 74 59 2.658 0
63 70 59 2.658 0
96 53 59 2.658 0
115 77 59 2.6833 0
75 49 59 2.658 0
69 76 67 2.6453 0
51 84 59 2.658 0
85 76 67 2.7009 0
84 67 59 2.658 0
54 40 59 2.658 0
102 83 59 2.658 0
110 48 59 2.658 0
67 65 59 2.658 0
49 68 59 2.658 0
24 75 67 2.3984 0
49 35 65 2.4753 0
86 35 65 2.4753 0
75 36 60 2.4123 0
34 53 68 2.3755 0
58 57 67 2.2964 0
41 69 67 2.2964 0
35 91 66 2.268 0
76 91 66 2.268 0
104 44 67 2.0836 0
42 77 67 2.1393 0
18 44 67 2.1348 0
75 44 67 2.0136 0
10 62 65 2.0659 0
115 48 67 2.072 0
48 85 66 1.952 0
45 46 67 2.0677 0
94 62 67 2.0731 0
93 55 67 2.0665 0
61 42 60 1.6501 0
95 37 67 1.8532 0
54 84 66 1.9752 0
92 76 66 1.9349 0
68 52 67 1.9086 0
80 43 67 1.9431 0
79 44 60 1.6501 0
87 73 60 1.6501 0
31 67 67 1.8521 0
110 86 66 1.9341 0
71 54 60 1.6501 0
61 82 66 1.946 0
113 81 66 1.8136 0
87 84 60 1.6501 0
43 62 60 1.6501 0
89 58 60 1.6501 0
10 83 63 1.917 0
99 41 67 1.9035 0
0
