128
127 50 127 66.2921 0
0 77 0 66.3073 0
127 127 0 69.1011 0
0 0 127 69.0679 0
103 0 3 59.165 0
24 127 124 59.1461 0
32 5 42 20.7864 0
95 122 85 20.7803 0
52 126 49 18.9582 0
75 1 78 18.9275 0
50 62 87 18.9477 0
77 65 40 18.3656 0
71 88 82 13.8007 0
53 34 45 13.3345 0
61 32 81 12.5426 0
64 94 46 12.3183 0
105 55 50 11.9664 0
20 59 74 11.416 0
106 76 57 8.6018 0
106 97 70 8.5284 0
21 29 57 8.507 0
23 80 73 8.371 0
59 9 56 8.3266 0
68 118 71 8.3419 0
54 56 51 7.6555 0
55 76 51 7.365 0
73 41 51 7.2789 0
42 39 75 6.91 0
28 116 57 6.7991 0
99 11 70 6.7654 0
40 84 75 6.8633 0
71 49 75 6.7925 0
91 94 76 6.8529 0
74 64 75 6.7636 0
89 85 52 6.2713 0
79 117 59 6.3528 0
48 10 68 6.3287 0
89 44 52 6.2712 0
79 27 75 5.9692 0
23 41 67 5.7937 0
51 93 74 5.8044 0
103 38 58 5.3711 0
42 49 53 5.2629 0
78 105 53 5.2634 0
32 39 53 5.2627 0
44 100 53 5.263 0
69 25 53 5.2631 0
59 102 74 5.0638 0
76 106 74 4.8774 0
79 39 73 4.7596 0
82 74 73 4.7067 0
24 93 67 4.7398 0
103 22 65 4.5558 0
24 105 62 4.5337 0
49 88 54 4.2551 0
83 95 54 4.2554 0
36 29 54 4.2548 0
77 85 54 4.2553 0
46 67 54 4.255 0
83 34 54 4.2608 0
31 46 73 4.212 0
44 26 73 4.0821 0
102 89 59 4.1317 0
89 81 73 4.1042 0
102 84 68 4.0475 0
57 16 72 3.9354 0
90 19 73 3.9601 0
51 81 72 3.8032 0
64 74 72 3.7643 0
69 110 55 3.5496 0
82 51 72 3.7265 0
25 50 61 3.634 0
55 113 70 3.586 0
72 14 57 3.5753 0
62 46 55 3.2473 0
41 59 55 3.2471 0
92 75 55 3.2477 0
37 109 55 3.283 0
50 18 55 3.2546 0
53 103 55 3.2473 0
96 68 55 3.2826 0
60 66 55 3.2473 0
65 53 55 3.2475 0
69 81 55 3.2474 0
31 90 72 3.1574 0
31 70 72 3.1848 0
84 102 72 3.0443 0
50 20 72 3.06 0
89 114 62 2.9157 0
37 114 63 2.9516 0
90 13 64 2.9304 0
38 13 65 2.895 0
39 49 71 2.8775 0
89 27 72 2.9092 0
57 45 71 2.8167 0
83 59 71 2.7054 0
101 29 60 2.7919 0
39 94 71 2.8234 0
39 74 71 2.8474 0
50 45 71 2.8422 0
66 58 71 2.7684 0
44 99 71 2.7992 0
72 74 71 2.7273 0
57 86 71 2.7677 0
86 33 71 2.7256 0
92 34 56 2.2751 0
84 66 71 2.6933 0
26 70 65 2.5466 0
45 80 56 2.2394 0
101 107 65 2.6262 0
89 54 56 2.2398 0
101 66 62 2.5826 0
30 36 71 2.5275 0
79 25 56 2.2793 0
40 92 56 2.2393 0
63 60 57 2.3993 0
79 113 68 2.4636 0
45 23 56 2.253 0
40 36 56 2.2768 0
61 21 56 2.2394 0
34 52 56 2.2392 0
30 106 56 2.3922 0
30 47 56 2.3565 0
75 31 56 2.2396 0
83 51 56 2.2396 0
89 70 71 2.2887 0
43 18 71 2.2966 0
97 21 71 2.32 0
0
