128
0 127 127 79.7669 0
127 1 9 56.4387 0
0 0 0 69.7347 0
127 127 0 66.1021 0
127 0 127 57.3417 0
25 5 113 44.4441 0
114 94 101 39.7963 0
34 96 23 32.6974 0
76 59 32 22.7651 0
74 6 68 21.032 0
69 53 103 19.8584 0
126 49 66 16.9911 0
79 127 69 16.4595 0
0 46 74 16.0264 0
0 71 47 13.7362 0
30 52 77 13.1903 0
54 69 77 12.5201 0
110 62 44 11.8969 0
65 27 43 11.6752 0
69 96 73 11.3321 0
92 42 82 11.0581 0
55 123 53 11.2509 0
42 57 44 11.2855 0
79 67 74 10.9866 0
73 92 44 10.6673 0
36 30 65 9.3337 0
51 41 81 9.0716 0
75 26 92 8.8715 0
22 64 47 7.8606 0
98 64 66 7.6425 0
70 111 47 7.6437 0
113 26 68 7.6211 0
72 38 79 7.5456 0
48 18 60 7.0246 0
90 83 48 6.6358 0
46 85 65 6.8968 0
99 20 64 6.8773 0
98 44 48 6.6358 0
110 48 86 6.6602 0
50 40 48 6.6358 0
116 76 57 6.6299 0
83 34 48 6.6358 0
33 71 69 6.2252 0
42 61 63 6.1935 0
15 63 68 5.8288 0
20 39 63 5.8393 0
46 56 89 5.8571 0
85 96 64 5.6711 0
57 77 49 5.6279 0
53 98 64 5.3347 0
94 23 77 5.4081 0
66 63 63 5.4435 0
52 22 73 5.262 0
109 36 77 5.2709 0
77 42 61 3.5088 0
62 112 68 5.1795 0
60 25 82 5.0315 0
103 80 50 4.62 0
26 51 50 4.62 0
76 81 59 3.4499 0
95 70 50 4.62 0
89 58 87 4.4348 0
60 51 75 4.5614 0
71 51 76 4.4287 0
94 60 78 4.5159 0
60 101 51 4.3542 0
38 41 51 4.3783 0
46 107 58 4.3679 0
97 114 64 4.2646 0
87 23 51 4.2736 0
6 54 54 4.1292 0
85 100 51 4.237 0
42 73 62 4.1665 0
43 96 60 4.0809 0
40 72 52 4.0583 0
87 24 85 4.0884 0
97 101 60 4.0273 0
111 43 51 3.9912 0
61 33 75 3.9206 0
60 47 61 1.4508 0
56 63 51 3.8688 0
22 72 66 3.8131 0
105 74 62 3.8983 0
8 71 64 3.881 0
79 79 51 3.7405 0
107 59 74 3.7384 0
36 90 60 3.797 0
10 89 52 3.734 0
49 70 51 3.6122 0
73 39 51 3.7285 0
59 48 51 3.6122 0
15 54 51 3.6122 0
92 37 61 1.4508 0
94 32 51 3.6122 0
96 56 51 3.6122 0
19 76 51 3.6122 0
65 42 51 3.6122 0
70 78 51 3.6122 0
50 29 51 3.6122 0
58 90 51 3.6122 0
70 80 72 3.5725 0
82 32 75 3.5518 0
81 83 72 3.275 0
80 51 75 3.5712 0
41 50 63 3.4959 0
25 64 64 3.3711 0
56 62 61 3.4359 0
89 108 66 3.1842 0
105 47 75 3.5139 0
79 42 70 3.5088 0
81 114 52 3.4805 0
87 62 61 3.4359 0
101 42 64 1.1179 0
60 34 61 1.4508 0
81 106 66 3.1438 0
92 48 61 1.4508 0
39 43 60 3.3588 0
112 34 59 3.3105 0
9 61 60 3.3481 0
108 60 60 3.3459 0
42 32 52 3.2923 0
57 25 65 3.1164 0
57 86 71 3.2085 0
51 43 63 1.0314 0
92 28 69 3.1095 0
71 42 68 3.1181 0
77 100 60 3.0873 0
103 26 76 3.0816 0
0
