128
127 127 127 79.8596 0
127 0 0 79.8596 0
48 127 0 68.303 0
48 0 127 68.303 0
0 108 113 47.9941 0
0 19 14 47.9941 0
0 56 72 16.904 0
53 50 40 16.9389 0
53 77 87 16.9389 0
107 44 83 15.1447 0
107 83 44 15.1447 0
0 83 54 14.5378 0
79 61 82 11.9062 0
78 66 45 11.9062 0
26 64 46 10.8916 0
27 65 81 10.8916 0
43 99 74 9.3157 0
43 28 53 9.3157 0
66 33 57 8.7592 0
66 94 70 8.7592 0
86 89 57 8.5365 0
86 38 70 8.5365 0
127 72 53 8.0399 0
127 55 74 8.0399 0
8 31 69 7.1529 0
61 55 76 6.7802 0
60 72 51 6.4848 0
97 64 51 6.2441 0
43 57 76 5.8522 0
45 71 51 5.8522 0
32 44 51 5.8852 0
32 83 76 5.8852 0
74 47 51 5.8522 0
74 80 76 5.8522 0
15 74 70 5.4212 0
96 63 75 5.3684 0
14 100 61 5.2809 0
26 100 66 5.2784 0
26 27 61 5.2784 0
16 52 54 5.2583 0
22 50 75 5.0078 0
21 79 52 4.8444 0
124 65 65 4.4683 0
63 74 67 4.479 0
63 53 60 4.479 0
16 72 59 4.3036 0
72 88 58 4.2758 0
72 39 69 4.2758 0
69 73 59 4.0557 0
21 53 65 4.0068 0
12 64 55 3.9864 0
107 63 74 3.8458 0
30 74 63 1.8969 0
91 74 53 3.8365 0
70 54 68 3.8217 0
88 55 53 3.9716 0
33 52 74 3.8948 0
89 72 74 3.9204 0
53 35 62 3.7522 0
16 41 74 3.8365 0
90 51 74 3.8365 0
73 80 53 3.8365 0
110 64 53 3.8433 0
35 75 53 3.8434 0
72 48 74 3.8365 0
78 86 68 3.7188 0
78 41 59 3.7188 0
53 92 64 3.7522 0
98 81 62 3.496 0
98 46 65 3.496 0
46 81 62 1.4695 0
25 86 63 1.4476 0
55 63 61 1.9241 0
37 63 64 1.3436 0
38 44 64 1.5045 0
72 73 67 3.3538 0
72 54 60 3.3538 0
40 62 54 3.1174 0
24 74 65 3.3035 0
46 64 62 1.9241 0
11 41 61 3.0781 0
50 47 67 1.427 0
68 70 73 3.1681 0
68 57 54 3.1681 0
23 40 64 1.0923 0
65 63 66 1.9241 0
25 53 57 3.082 0
78 55 65 2.9305 0
77 72 61 3.0568 0
34 54 54 3.0572 0
117 51 68 3.0392 0
117 76 61 3.0392 0
90 64 65 1.9241 0
36 74 73 2.9728 0
52 61 73 2.8536 0
19 88 54 2.8286 0
118 64 54 2.9494 0
118 63 73 2.9494 0
65 81 54 2.8286 0
50 79 54 2.9607 0
50 48 73 2.9607 0
87 71 62 1.8053 0
38 83 63 1.5045 0
31 93 73 2.85 0
31 34 54 2.85 0
64 63 55 2.8559 0
84 48 54 2.8286 0
40 66 73 2.8536 0
19 28 67 2.8965 0
40 48 73 2.8286 0
79 72 70 2.7111 0
87 83 68 2.8832 0
87 44 59 2.8832 0
23 78 73 2.8307 0
31 82 54 2.8286 0
26 74 58 2.8346 0
22 45 54 2.8286 0
84 78 73 2.8286 0
29 44 73 2.8286 0
65 45 73 2.8286 0
80 63 63 1.9241 0
80 55 56 2.7405 0
123 56 62 2.7208 0
35 32 63 2.4822 0
30 42 64 1.4154 0
111 50 65 2.6159 0
89 56 64 1.3374 0
52 65 55 2.2187 0
0
