128
64 59 36 35.8486 0
0 127 127 56.4727 0
64 0 127 63.9391 0
127 127 127 56.4849 0
0 127 0 59.3371 0
127 127 0 59.3371 0
0 0 0 56.6059 0
127 0 0 56.6059 0
0 52 97 22.6064 0
127 52 96 22.1133 0
61 83 127 17.2487 0
0 62 42 16.7841 0
127 62 42 16.784 0
118 23 70 16.126 0
9 23 71 16.224 0
1 87 65 15.8724 0
126 87 65 15.8723 0
64 68 86 13.8798 0
36 127 65 13.4902 0
91 127 65 13.4701 0
63 127 39 13.5492 0
63 127 94 13.1494 0
63 0 33 13.1494 0
41 56 79 11.4064 0
87 55 79 11.4211 0
29 66 111 11.4135 0
87 72 115 11.0858 0
43 0 54 10.767 0
83 0 53 10.5246 0
64 106 25 10.2867 0
64 107 112 9.9493 0
108 108 65 9.6104 0
19 108 65 9.6063 0
6 48 64 8.8793 0
88 37 68 8.4324 0
121 50 65 8.5071 0
39 38 68 8.306 0
98 11 60 8.1266 0
116 40 51 7.377 0
52 68 105 7.4605 0
30 11 63 7.4561 0
98 60 104 7.3889 0
84 63 97 7.3514 0
57 127 73 7.2057 0
21 69 28 7.2329 0
69 127 60 7.2383 0
115 78 86 7.0349 0
12 78 86 7.035 0
12 39 51 6.8076 0
62 0 54 6.8035 0
72 126 75 6.7806 0
78 26 61 6.7291 0
7 64 70 6.6946 0
107 54 29 6.5212 0
107 70 29 6.6041 0
20 54 29 6.5213 0
54 24 60 6.5559 0
70 71 107 6.3392 0
47 74 73 6.3356 0
82 73 73 6.2842 0
81 120 48 6.333 0
46 121 83 6.3158 0
41 62 97 6.1999 0
107 73 99 6.0346 0
41 80 112 5.9821 0
119 65 71 5.8864 0
46 119 47 5.8301 0
82 120 83 5.7803 0
13 81 47 5.3323 0
114 81 47 5.3322 0
54 124 57 5.3903 0
54 18 30 5.0536 0
20 75 97 5.0092 0
73 18 30 5.0536 0
30 54 97 5.0275 0
66 22 56 5.0758 0
80 88 113 5.1142 0
24 21 54 4.9088 0
33 51 63 4.8846 0
70 81 71 4.8901 0
79 9 39 4.8499 0
59 81 72 4.8313 0
18 96 76 4.7276 0
109 96 76 4.7275 0
47 9 40 4.7449 0
18 96 55 4.6438 0
109 96 55 4.6437 0
16 45 40 4.6604 0
111 45 40 4.6603 0
43 29 58 4.5771 0
98 51 94 4.5681 0
54 111 100 4.3963 0
21 36 85 4.3147 0
95 53 63 4.5254 0
92 65 66 4.5435 0
104 23 53 4.5087 0
38 69 67 4.4615 0
73 112 99 4.4349 0
96 111 55 4.2784 0
30 111 75 4.3735 0
52 97 110 4.2199 0
97 111 75 4.3092 0
106 36 85 4.3147 0
31 111 55 4.1735 0
45 71 87 4.3019 0
17 76 38 4.1879 0
83 71 86 4.3094 0
34 13 51 4.2966 0
50 100 31 4.0457 0
32 42 82 3.9939 0
76 113 37 4.07 0
95 40 80 4.1 0
27 46 91 4.0138 0
52 111 35 3.9356 0
78 99 31 4.0457 0
109 78 38 3.7963 0
33 61 63 3.7621 0
113 43 74 3.8231 0
17 88 82 3.8328 0
110 88 82 3.8327 0
73 95 111 3.7573 0
20 30 50 3.7061 0
87 31 55 3.6141 0
10 69 60 3.5705 0
117 69 60 3.5704 0
98 78 104 3.5361 0
102 43 89 3.6099 0
50 115 92 3.6209 0
0
