128
64 60 30 34.3265 0
0 0 127 62.0385 0
127 127 127 56.4626 0
127 0 127 62.0397 0
0 127 0 59.0594 0
127 127 0 59.0594 0
0 127 127 56.4627 0
0 0 0 56.467 0
127 0 0 56.4669 0
64 52 91 25.3079 0
72 76 127 17.2351 0
0 62 42 16.7705 0
127 62 42 16.7703 0
0 66 83 16.2021 0
127 66 83 16.2021 0
64 1 80 15.2312 0
38 67 118 13.7878 0
122 92 65 13.7804 0
5 92 65 13.7804 0
36 127 65 13.4843 0
91 127 65 13.443 0
63 127 39 13.5258 0
64 127 94 13.1495 0
63 0 33 13.1495 0
5 37 60 13.0173 0
122 37 60 13.0172 0
90 0 60 12.9335 0
37 0 60 12.9335 0
64 27 63 11.1838 0
96 66 113 11.054 0
63 102 116 10.6 0
84 37 64 10.0581 0
64 106 23 10.0213 0
43 38 64 9.9234 0
20 65 24 9.2468 0
19 67 103 9.088 0
48 23 77 8.8455 0
79 22 77 8.8441 0
105 17 60 8.6368 0
22 17 60 8.6368 0
39 57 66 8.2966 0
89 56 66 8.2395 0
22 109 62 8.1244 0
105 109 62 8.1065 0
107 67 26 7.5658 0
57 127 73 7.2058 0
81 71 68 7.2103 0
48 72 68 7.2308 0
69 127 60 7.2364 0
50 87 117 7.2058 0
58 0 54 7.0867 0
109 72 98 6.9531 0
62 78 68 6.5971 0
46 121 83 6.3159 0
81 121 83 6.3158 0
81 120 48 6.2656 0
70 18 26 6.3102 0
56 18 26 6.3102 0
80 6 43 6.2708 0
37 36 81 6.0884 0
91 37 81 5.9069 0
46 119 47 5.7865 0
108 53 30 5.6941 0
72 125 74 5.6586 0
46 7 43 5.7124 0
115 81 49 5.7621 0
12 81 49 5.7622 0
14 85 82 5.518 0
113 85 82 5.5179 0
12 47 78 5.4374 0
115 47 78 5.4374 0
71 110 103 5.4498 0
50 28 52 5.3822 0
109 58 95 5.3882 0
54 124 57 5.4321 0
34 55 101 5.4125 0
56 111 102 5.399 0
35 48 77 5.1286 0
71 2 56 5.1712 0
18 51 33 5.16 0
78 28 51 4.9982 0
15 44 42 5.1209 0
112 44 42 5.1208 0
9 73 60 5.0124 0
118 73 60 5.0122 0
95 54 100 4.9252 0
118 55 66 4.947 0
9 55 66 4.9448 0
98 111 74 4.8998 0
29 111 74 4.8997 0
17 78 91 4.8053 0
93 48 77 4.8354 0
35 48 55 4.7255 0
88 81 111 4.5948 0
77 93 112 4.6187 0
110 76 37 4.6265 0
18 75 35 4.6556 0
106 101 74 4.3533 0
21 101 74 4.3366 0
18 56 93 4.5111 0
74 112 34 4.5465 0
93 48 55 4.4349 0
34 46 88 4.4291 0
19 29 69 4.373 0
108 29 69 4.3729 0
51 99 28 4.2952 0
88 65 77 4.2121 0
94 46 88 4.1467 0
20 98 54 4.1498 0
107 98 54 4.1498 0
52 112 35 4.1256 0
41 67 77 4.1491 0
92 113 52 4.1651 0
35 113 52 4.1651 0
50 115 93 4.1492 0
73 81 63 3.7578 0
19 31 50 3.9822 0
108 31 50 3.9821 0
73 77 76 3.9644 0
90 68 59 3.8167 0
36 58 79 3.974 0
54 76 113 3.9262 0
32 15 70 3.9861 0
95 15 70 3.986 0
39 70 59 3.7538 0
64 24 47 3.8216 0
48 24 63 3.7618 0
33 15 50 3.5781 0
0
