128
127 127 0 77.0489 0
0 127 127 75.2875 0
127 0 127 71.6025 0
0 0 0 70.8931 0
22 19 104 36.07 0
103 19 24 34.7973 0
25 97 27 31.0239 0
98 94 98 29.3165 0
62 53 59 27.272 0
67 107 68 14.4271 0
59 0 73 14.0184 0
127 51 53 13.0578 0
0 54 76 12.0522 0
0 68 50 12.0373 0
127 71 77 12.1724 0
26 60 77 11.1537 0
98 59 76 10.4564 0
25 61 50 10.304 0
99 58 49 10.3004 0
66 8 49 10.1702 0
60 84 82 9.977 0
62 90 46 9.2866 0
64 23 80 8.3933 0
80 6 62 7.5133 0
46 102 60 7.3226 0
38 75 73 7.1401 0
42 11 66 6.34 0
35 74 56 6.0612 0
9 39 67 5.8183 0
93 68 62 5.8013 0
88 74 52 5.3668 0
10 82 58 5.4111 0
87 72 72 5.4259 0
40 88 63 4.4276 0
51 10 57 5.2253 0
113 38 60 4.9875 0
80 84 63 3.863 0
78 82 50 5.171 0
4 71 68 5.1501 0
120 54 71 4.9517 0
29 84 63 4.6338 0
85 24 64 4.2507 0
56 21 50 5.0247 0
4 51 58 4.8678 0
85 94 65 4.9506 0
32 45 71 4.8438 0
91 43 72 4.8239 0
113 71 64 4.362 0
74 93 55 4.8544 0
74 79 76 4.7372 0
29 46 54 4.6986 0
75 19 63 4.1901 0
43 24 63 3.892 0
48 82 52 4.4756 0
124 69 59 4.4419 0
58 18 63 3.9632 0
13 66 63 4.1017 0
94 81 63 3.6057 0
100 38 64 3.831 0
115 82 70 4.4161 0
73 23 51 4.3474 0
51 95 73 4.3863 0
17 47 63 4.0607 0
28 35 63 3.89 0
70 86 63 3.9129 0
93 44 54 4.3248 0
77 27 75 4.216 0
107 47 64 3.6548 0
21 78 64 4.2101 0
60 88 64 3.8053 0
13 56 63 3.9734 0
50 89 63 3.9926 0
46 85 76 4.1171 0
94 49 62 4.1065 0
28 70 64 3.9813 0
51 27 75 4.0131 0
109 70 76 4.0422 0
74 13 73 3.9717 0
29 50 63 4.018 0
84 34 73 3.9762 0
92 30 63 3.9287 0
113 64 51 3.907 0
109 47 52 3.8431 0
89 15 62 3.6249 0
51 18 75 3.73 0
11 67 75 3.765 0
74 89 74 3.6763 0
11 54 52 3.6994 0
36 29 62 3.7269 0
106 77 64 3.6289 0
113 61 76 3.6714 0
114 62 63 3.6095 0
50 93 53 3.5586 0
103 65 63 3.4672 0
16 47 75 3.3844 0
34 19 65 3.3141 0
78 15 54 3.3614 0
100 72 54 3.2587 0
116 45 66 3.119 0
66 18 66 3.18 0
43 78 63 3.2591 0
49 80 69 3.1967 0
50 20 64 3.1957 0
111 55 65 3.1378 0
23 41 65 3.1515 0
34 96 61 3.1319 0
18 87 60 3.0934 0
96 89 65 3.0266 0
16 74 52 3.0031 0
48 25 52 2.8878 0
87 82 67 2.7331 0
56 96 58 2.8928 0
106 32 61 2.7525 0
38 37 71 2.8625 0
20 31 66 2.8086 0
97 73 72 2.644 0
65 22 53 2.7173 0
112 52 74 2.7836 0
87 82 60 2.658 0
107 85 67 2.5659 0
27 75 73 2.6507 0
121 76 63 2.5661 0
44 31 73 2.5985 0
17 72 60 2.6107 0
25 27 65 2.6243 0
83 90 57 2.4753 0
44 96 69 2.5594 0
77 92 68 2.5702 0
0
