128
127 127 127 84.2014 0
0 127 0 84.2014 0
127 30 0 74.493 0
0 30 127 74.493 0
91 1 91 26.5675 0
36 1 36 26.5675 0
44 45 43 17.1253 0
83 45 84 17.1253 0
48 91 79 13.7324 0
79 91 48 13.714 0
64 69 48 11.832 0
63 69 78 11.6602 0
69 0 56 10.4199 0
86 69 64 9.6626 0
41 69 63 9.6626 0
60 24 51 8.8083 0
59 4 73 8.2115 0
66 26 75 8.1448 0
73 111 54 6.9517 0
54 111 73 6.9517 0
60 50 74 6.9272 0
67 50 53 6.7926 0
67 88 72 4.9613 0
58 123 69 4.9526 0
69 124 58 4.9402 0
68 36 55 4.7768 0
80 25 72 4.7768 0
61 85 55 4.7768 0
41 26 56 4.5146 0
63 98 69 4.5689 0
47 5 66 4.5115 0
63 38 69 4.478 0
76 79 71 4.2095 0
51 79 56 4.2095 0
83 54 63 4.0577 0
44 54 65 4.0577 0
71 16 56 3.769 0
78 59 56 3.7948 0
49 59 71 3.7948 0
62 95 56 3.769 0
64 15 68 3.8161 0
55 18 71 3.769 0
58 11 56 3.769 0
82 6 61 3.5036 0
86 31 68 3.2213 0
76 88 66 3.0651 0
51 88 61 3.0651 0
54 37 70 2.8899 0
51 60 57 2.7611 0
70 9 70 2.9052 0
75 17 70 2.7611 0
64 112 67 2.8605 0
69 55 70 2.8299 0
58 55 57 2.7611 0
64 81 67 2.8082 0
50 81 64 2.8316 0
77 81 63 2.8316 0
54 28 70 2.821 0
75 63 70 2.8601 0
65 104 57 2.7611 0
75 76 57 2.7949 0
77 51 57 2.7611 0
59 40 57 2.7611 0
63 58 67 2.8082 0
74 42 57 2.7611 0
71 26 57 2.7611 0
51 31 57 2.7611 0
50 18 57 2.7611 0
50 50 70 2.7611 0
83 46 63 2.6565 0
44 46 64 2.6564 0
87 22 68 2.6771 0
42 34 61 2.5397 0
73 102 60 2.549 0
74 96 64 2.4813 0
53 96 63 2.4813 0
54 102 67 2.5489 0
56 7 62 2.4958 0
64 114 59 2.226 0
51 77 69 2.286 0
84 37 65 2.0726 0
40 20 61 2.0726 0
71 37 69 1.9359 0
61 106 67 1.9432 0
66 46 67 2.114 0
79 58 69 2.0954 0
62 123 62 2.0957 0
61 90 67 1.9765 0
66 106 67 1.9432 0
75 32 58 1.7532 0
50 25 58 1.7532 0
61 31 66 1.8003 0
57 81 69 1.8875 0
65 121 66 1.8824 0
53 67 58 1.7532 0
68 99 58 1.7532 0
44 40 63 1.6055 0
59 47 58 1.7532 0
55 92 58 1.7725 0
66 52 66 1.8003 0
63 58 58 1.7532 0
76 23 58 1.7532 0
53 45 69 1.7634 0
76 31 69 1.7532 0
57 33 58 1.7532 0
44 19 58 1.7532 0
71 80 58 1.7532 0
70 42 69 1.7532 0
50 14 69 1.7532 0
51 23 69 1.7532 0
69 79 69 1.7532 0
62 21 66 1.8003 0
75 70 58 1.7532 0
81 18 69 1.7532 0
66 80 58 1.7532 0
58 78 58 1.7532 0
52 66 69 1.7532 0
68 59 58 1.7532 0
74 65 58 1.7532 0
64 13 58 1.7532 0
60 101 58 1.7532 0
77 18 58 1.7532 0
50 41 69 1.7532 0
71 94 69 1.7532 0
55 57 69 1.7532 0
54 73 58 1.7532 0
70 48 69 1.7532 0
76 11 58 1.7532 0
0
