128
127 39 0 74.1133 0
0 39 127 74.1133 0
0 127 0 79.3693 0
127 127 127 79.3693 0
29 0 29 34.2521 0
98 0 98 34.2521 0
83 50 86 17.2798 0
44 50 41 17.2557 0
44 105 83 15.5544 0
83 105 44 15.5544 0
63 79 79 12.7618 0
62 75 46 11.9415 0
57 0 75 11.1754 0
70 0 52 10.9833 0
55 127 72 10.049 0
41 83 67 9.3635 0
86 83 60 9.3635 0
73 127 54 9.3862 0
67 26 77 9.3527 0
58 28 49 8.9179 0
61 57 74 7.6684 0
64 107 69 7.2004 0
64 42 71 6.8116 0
82 73 74 6.6632 0
42 68 59 6.6587 0
66 55 52 5.8943 0
88 31 71 6.0308 0
63 97 52 5.8943 0
39 31 56 5.9126 0
84 66 63 5.4301 0
85 5 60 5.0624 0
42 5 67 5.0624 0
65 43 53 4.8864 0
73 88 53 4.8864 0
59 13 53 4.8864 0
70 20 53 4.8864 0
64 111 54 4.8203 0
67 13 69 4.6446 0
67 94 69 4.6446 0
49 83 54 4.254 0
56 17 73 4.0149 0
78 72 54 3.9198 0
48 98 64 4.0567 0
79 98 63 4.0567 0
73 5 68 3.999 0
55 5 58 4.0123 0
74 64 54 3.8785 0
72 65 73 3.8795 0
56 89 54 3.8785 0
51 66 73 3.8785 0
67 119 68 3.788 0
78 86 72 3.521 0
44 58 64 3.5202 0
57 94 72 3.4762 0
87 21 67 3.4083 0
40 21 60 3.3244 0
83 56 65 3.2931 0
69 33 55 2.8707 0
56 32 72 3.046 0
43 45 62 3.0454 0
84 45 65 3.0454 0
46 23 55 2.8707 0
79 21 72 2.9506 0
54 25 72 2.8707 0
51 18 55 2.8707 0
65 67 67 2.7801 0
52 64 55 2.8707 0
77 35 72 2.8707 0
58 60 55 2.8707 0
49 13 72 2.8707 0
77 15 55 2.8707 0
59 123 59 2.7613 0
57 40 55 2.8707 0
77 116 61 2.6397 0
68 51 67 2.7801 0
59 23 67 2.7801 0
40 15 64 2.643 0
49 91 57 2.5749 0
87 15 63 2.643 0
49 114 66 2.5994 0
69 61 67 2.6172 0
58 67 69 2.6364 0
78 93 69 2.5075 0
47 72 70 2.4368 0
43 39 59 2.3641 0
84 39 68 2.364 0
73 48 56 1.8628 0
61 105 59 2.2473 0
46 64 68 2.1986 0
52 89 71 2.0609 0
49 75 56 2.0442 0
53 50 71 2.1515 0
54 40 71 2.1022 0
73 99 71 2.1361 0
50 35 56 1.8628 0
64 123 63 2.1179 0
68 104 56 1.9329 0
56 102 56 1.8628 0
50 59 71 1.9042 0
79 64 71 1.9631 0
63 7 64 1.9964 0
51 7 64 1.9832 0
58 48 56 1.8628 0
77 7 62 1.9832 0
74 57 56 1.8628 0
47 7 61 1.9832 0
80 7 66 1.9832 0
74 16 71 1.8628 0
65 86 56 1.8628 0
50 20 71 1.9724 0
43 35 63 1.9098 0
69 32 66 1.7722 0
52 96 56 1.8849 0
48 30 56 1.8628 0
79 27 71 1.8628 0
59 29 66 1.7722 0
65 63 56 1.8628 0
58 17 66 1.7722 0
84 35 64 1.9098 0
73 77 56 1.8628 0
52 70 56 1.8628 0
61 118 56 1.8628 0
72 114 56 1.8628 0
74 36 56 1.8628 0
74 30 56 1.8628 0
80 10 56 1.8628 0
57 99 68 1.9115 0
74 41 56 1.8628 0
0
