128
64 63 112 36.4441 0
0 127 0 52.8608 0
127 0 0 52.8609 0
127 127 0 52.8615 0
0 0 0 52.8611 0
0 127 127 52.8607 0
127 127 127 52.861 0
0 0 127 52.8608 0
127 0 127 52.86 0
64 63 15 36.443 0
42 127 63 21.3998 0
42 0 63 21.3985 0
0 85 64 21.37 0
127 85 63 21.3682 0
1 41 64 20.7786 0
126 41 63 20.7783 0
86 1 64 20.7513 0
86 126 63 20.7513 0
125 64 96 15.8181 0
125 64 31 15.819 0
65 125 95 15.8268 0
65 2 32 15.8248 0
2 63 97 15.8204 0
2 62 32 15.8208 0
64 125 30 15.7799 0
63 2 95 15.7806 0
44 67 63 14.696 0
75 47 63 14.3274 0
78 77 63 14.2504 0
50 43 71 10.0728 0
55 87 73 9.1779 0
58 88 54 9.023 0
102 102 74 8.6973 0
102 102 52 8.6973 0
102 25 75 8.6962 0
102 25 52 8.6966 0
26 24 75 8.7294 0
26 103 75 8.7297 0
25 102 55 8.6969 0
25 25 54 8.6973 0
51 40 52 7.9799 0
90 61 75 7.5046 0
90 61 52 7.5042 0
39 50 49 6.6228 0
44 112 88 6.5092 0
44 15 88 6.5073 0
15 83 39 6.5064 0
112 44 88 6.505 0
112 83 88 6.505 0
22 75 22 6.2831 0
52 105 105 6.281 0
15 82 89 6.1537 0
53 106 22 6.2832 0
45 15 38 6.1116 0
21 74 105 6.2808 0
53 21 22 6.2825 0
53 21 105 6.2815 0
106 74 105 6.2819 0
74 106 105 6.2819 0
106 75 22 6.2821 0
21 52 105 6.2817 0
74 105 22 6.2824 0
22 53 22 6.2822 0
106 53 22 6.2819 0
74 21 22 6.2818 0
106 53 105 6.282 0
74 21 105 6.2818 0
15 45 90 6.1524 0
112 45 39 6.1516 0
84 16 40 5.9769 0
82 112 39 6.1111 0
82 15 88 6.1105 0
45 112 37 6.1119 0
112 82 37 6.1514 0
16 43 40 5.933 0
37 53 79 6.0529 0
84 111 88 5.9768 0
43 83 48 5.9962 0
64 35 77 6.0128 0
73 90 79 5.8683 0
41 81 80 5.821 0
74 90 47 5.5009 0
35 106 44 5.4089 0
35 21 43 5.4081 0
90 75 80 5.1376 0
88 48 80 5.2462 0
88 48 47 5.2455 0
70 35 47 5.2274 0
22 93 43 5.1502 0
34 64 45 4.9788 0
34 65 82 4.9411 0
21 91 83 4.8237 0
21 36 84 4.8222 0
13 61 78 4.7555 0
106 91 43 4.8224 0
80 39 81 4.8224 0
66 114 76 4.7954 0
66 114 50 4.7947 0
66 13 51 4.7941 0
90 76 46 4.7002 0
13 61 51 4.7553 0
114 61 50 4.7531 0
114 61 76 4.7526 0
62 13 76 4.7489 0
92 105 42 4.5667 0
92 22 85 4.5658 0
105 35 42 4.5572 0
105 92 84 4.5574 0
66 93 65 4.4521 0
23 34 42 4.3345 0
93 104 85 4.2891 0
45 87 61 4.3112 0
84 85 46 4.2646 0
85 84 82 4.2957 0
81 39 46 4.2619 0
38 47 62 4.2071 0
63 33 56 4.0167 0
35 74 43 4.0058 0
105 36 83 3.9654 0
60 33 44 3.8291 0
35 104 86 3.7275 0
35 23 86 3.7256 0
62 33 66 3.9714 0
52 35 84 3.8318 0
74 15 46 3.8457 0
74 112 81 3.8459 0
112 53 81 3.8201 0
15 53 46 3.8204 0
0
