128
127 0 127 75.0337 0
0 127 127 75.0336 0
127 127 0 74.8237 0
0 0 0 74.8237 0
101 26 25 31.3089 0
26 101 25 31.3089 0
101 101 101 31.1755 0
26 26 101 31.1755 0
97 64 64 18.5353 0
30 63 64 18.4573 0
64 98 64 18.2878 0
63 29 64 18.2878 0
64 69 87 10.6237 0
64 81 39 10.7932 0
63 46 39 10.7932 0
80 74 127 10.7876 0
47 53 127 10.7875 0
80 54 0 10.4073 0
47 73 0 10.4073 0
65 47 87 9.7213 0
64 63 63 7.7393 0
63 63 17 4.9429 0
65 61 127 7.6789 0
62 61 0 7.679 0
87 62 36 7.4096 0
40 65 36 7.4096 0
40 64 89 7.3118 0
87 63 89 7.3117 0
59 82 15 6.9364 0
68 45 15 6.9364 0
69 81 113 6.7031 0
58 46 113 6.703 0
65 86 94 6.7416 0
82 59 17 6.1044 0
45 68 17 6.1044 0
63 63 110 4.9429 0
84 42 56 5.8744 0
60 64 43 5.9798 0
43 85 57 5.813 0
45 58 110 5.9268 0
82 69 110 5.9268 0
84 42 70 5.8744 0
43 85 71 5.813 0
43 42 56 5.8129 0
64 64 31 5.4291 0
84 84 54 5.2585 0
85 73 44 5.2929 0
84 84 71 5.2585 0
43 43 71 5.1903 0
42 54 44 5.2107 0
56 85 84 4.9639 0
64 76 2 5.1597 0
63 75 125 5.0119 0
62 41 101 4.7192 0
71 85 83 4.6773 0
84 49 79 4.2851 0
43 75 45 4.2029 0
84 74 83 4.2851 0
84 50 48 4.285 0
43 75 83 4.2029 0
43 51 80 4.2029 0
72 69 3 3.9949 0
54 67 124 3.9949 0
61 75 66 3.9592 0
52 42 80 3.7114 0
49 42 47 3.7114 0
77 42 47 3.7114 0
83 69 99 3.6615 0
44 58 99 3.6615 0
71 67 39 3.7388 0
63 49 5 3.6573 0
76 42 79 3.7114 0
76 85 48 3.7115 0
52 85 48 3.7114 0
44 66 101 3.5352 0
83 61 101 3.5351 0
71 59 41 3.4873 0
82 60 47 3.4411 0
44 61 25 3.2844 0
83 66 25 3.2843 0
60 52 66 3.2215 0
49 65 117 3.0542 0
78 62 117 3.0542 0
65 51 59 3.1707 0
46 66 48 3.164 0
65 49 121 3.2046 0
63 61 101 3.0868 0
54 64 70 2.9455 0
54 63 56 2.9455 0
81 56 27 2.975 0
46 71 28 2.9751 0
56 57 91 2.9325 0
77 67 12 2.9727 0
50 60 12 2.9727 0
56 57 84 2.9811 0
76 51 20 2.8879 0
51 76 20 2.8879 0
68 74 62 3.0013 0
82 72 34 2.9253 0
45 55 34 2.9253 0
47 84 80 2.7732 0
77 63 54 2.8229 0
65 84 24 2.7035 0
62 43 24 2.7035 0
62 84 104 2.8111 0
57 84 26 2.7036 0
70 43 26 2.7035 0
77 63 74 2.7955 0
45 54 92 2.7938 0
82 73 92 2.7937 0
81 66 80 2.7501 0
46 61 80 2.75 0
78 84 78 2.7036 0
64 81 79 2.7779 0
82 58 80 2.6006 0
53 73 13 2.6761 0
74 54 13 2.676 0
56 60 35 2.7172 0
56 68 35 2.7172 0
78 60 109 2.6335 0
49 67 109 2.6335 0
51 60 5 2.5625 0
54 51 54 0.7934 0
67 52 67 2.5342 0
75 63 67 2.5953 0
67 58 47 2.5401 0
68 76 11 2.4152 0
81 55 94 2.4333 0
0
