128
127 127 127 74.7284 0
9 4 1 55.4668 0
0 0 127 69.1671 0
0 127 0 66.2411 0
127 0 0 61.3613 0
124 116 0 51.779 0
108 14 101 41.3315 0
17 104 102 37.9405 0
71 63 0 21.1811 0
62 16 57 21.3279 0
0 59 57 21.06 0
62 106 59 20.4434 0
125 63 54 20.4493 0
56 67 126 17.0651 0
47 60 85 16.6519 0
93 92 53 12.7067 0
32 35 60 11.7993 0
62 85 85 11.3393 0
80 51 127 10.6926 0
69 101 28 10.5711 0
91 34 55 10.5537 0
62 36 84 10.4724 0
34 89 58 9.5948 0
57 47 63 9.4691 0
41 61 11 9.4495 0
58 76 66 8.9445 0
66 27 25 8.7808 0
107 60 78 8.6869 0
65 43 116 8.4925 0
81 84 71 8.4733 0
18 61 32 7.7095 0
63 87 16 7.4564 0
96 77 68 7.31 0
112 63 26 7.1931 0
99 63 15 6.9789 0
63 78 104 6.9035 0
60 41 16 6.9537 0
104 46 63 6.9121 0
76 38 72 6.5385 0
21 78 52 6.6658 0
59 44 100 6.5829 0
40 78 70 6.4815 0
80 31 40 6.5217 0
50 75 16 6.5025 0
59 63 56 6.442 0
23 77 66 5.9358 0
9 63 84 5.7639 0
83 92 35 5.742 0
89 45 69 5.7063 0
107 81 44 5.7156 0
23 47 72 5.6343 0
44 33 44 5.6006 0
28 60 21 5.3263 0
74 40 16 5.2784 0
106 43 50 5.3546 0
24 44 46 5.2372 0
60 60 104 4.9889 0
77 86 16 4.9637 0
44 91 46 4.8656 0
89 74 79 4.8729 0
49 49 17 4.729 0
21 70 42 4.7499 0
79 78 84 4.745 0
108 73 35 4.6435 0
53 30 35 4.6337 0
90 54 17 4.4591 0
91 56 116 4.4504 0
107 50 40 4.3588 0
89 74 17 4.46 0
100 59 91 4.4022 0
48 39 54 4.1663 0
52 95 38 4.2818 0
61 62 68 4.1448 0
104 78 57 4.0354 0
41 48 67 4.0305 0
49 60 63 4.0341 0
30 73 75 4.1133 0
49 84 58 4.0166 0
83 47 17 3.9912 0
78 35 28 3.9907 0
22 50 38 3.9226 0
29 63 98 3.8943 0
97 51 75 3.6234 0
71 42 104 3.6464 0
77 92 44 3.6221 0
97 69 77 3.6892 0
14 69 77 3.6864 0
88 63 20 3.4172 0
53 58 18 3.555 0
28 51 81 3.5063 0
16 53 77 3.4051 0
107 58 36 3.5234 0
33 39 44 3.4397 0
33 49 71 3.4596 0
23 48 55 3.4991 0
103 67 67 3.2802 0
78 89 26 3.3884 0
45 69 66 3.4059 0
74 78 94 3.2969 0
61 68 99 3.3284 0
91 38 40 3.2833 0
83 45 78 3.1991 0
70 40 96 3.2349 0
77 66 121 3.2644 0
93 86 37 3.2152 0
77 86 59 3.2108 0
77 38 61 3.099 0
29 81 45 3.1503 0
77 42 82 3.1236 0
27 68 28 3.0653 0
70 40 63 2.9961 0
62 32 37 3.0305 0
33 68 20 3.0751 0
98 41 42 3.0899 0
80 78 19 3.0833 0
89 49 79 3.0713 0
97 58 103 2.9814 0
74 42 90 2.9761 0
69 78 73 2.8705 0
87 78 61 2.8955 0
96 54 83 2.8441 0
26 72 35 2.9168 0
94 69 85 2.8248 0
55 95 30 2.8099 0
69 83 65 2.7877 0
70 74 112 2.8735 0
70 32 36 2.8302 0
63 52 107 2.7107 0
0
