128
0 56 127 87.3261 0
127 127 0 71.7988 0
60 0 0 62.8333 0
127 0 102 52.0412 0
110 81 91 29.7178 0
36 127 42 27.2624 0
80 127 90 23.5213 0
113 47 46 20.0911 0
64 72 42 19.1517 0
68 6 74 10.7305 0
89 46 80 10.4514 0
82 49 51 10.0809 0
67 101 51 10.0809 0
94 71 52 9.4341 0
50 122 76 8.8229 0
70 126 58 8.4646 0
78 28 77 8.3951 0
75 96 81 8.0009 0
63 46 55 7.3556 0
82 89 54 7.0573 0
50 97 57 6.6973 0
97 25 55 6.0494 0
76 79 76 6.0095 0
51 108 67 5.9863 0
80 62 77 5.7306 0
96 108 70 5.7791 0
104 51 71 5.6347 0
85 32 56 5.0415 0
86 112 65 4.8472 0
82 9 65 4.7099 0
58 110 78 4.7352 0
101 38 67 4.6937 0
96 85 58 4.5758 0
87 102 74 4.421 0
66 22 71 4.315 0
100 62 63 4.0757 0
75 113 57 4.0336 0
57 87 60 4.0754 0
82 64 57 4.0386 0
82 101 57 4.0336 0
62 114 57 4.0336 0
75 37 57 4.0336 0
90 32 72 3.9472 0
57 15 67 3.9005 0
61 124 68 3.8207 0
73 40 73 3.7465 0
93 13 58 3.5415 0
83 18 70 3.618 0
67 105 77 3.5474 0
57 35 58 3.5349 0
74 49 73 3.4995 0
79 118 63 3.4421 0
65 56 61 3.4677 0
95 57 72 3.2989 0
95 35 58 3.027 0
64 38 64 3.149 0
69 87 75 3.0465 0
87 23 58 3.0258 0
88 71 67 3.0186 0
70 88 58 3.0258 0
72 57 58 3.0309 0
92 59 58 3.0258 0
68 33 58 3.0258 0
81 72 58 3.028 0
89 62 72 2.7745 0
68 32 71 2.8628 0
103 31 61 2.6381 0
99 100 65 2.6506 0
64 96 76 2.727 0
74 69 74 2.5373 0
56 106 59 2.6528 0
82 88 74 2.5331 0
83 71 74 2.5421 0
60 102 76 2.4857 0
55 21 63 2.4433 0
65 63 63 2.3339 0
74 29 59 2.0179 0
90 25 69 2.3539 0
88 81 59 2.0179 0
82 79 59 2.0179 0
62 108 62 2.1707 0
79 105 74 2.167 0
76 17 69 2.2367 0
100 92 61 2.2265 0
85 94 73 2.1117 0
93 45 59 2.0179 0
68 77 71 2.2282 0
93 99 69 2.1314 0
80 53 72 2.0838 0
94 52 59 2.0179 0
88 96 59 2.0179 0
82 108 59 2.1053 0
62 30 59 2.0179 0
88 40 59 2.0179 0
78 24 59 2.0179 0
53 99 67 2.0547 0
61 117 74 2.0385 0
84 78 71 2.0538 0
77 106 59 2.0179 0
96 68 64 2.0947 0
86 14 59 2.0638 0
74 93 59 2.0179 0
59 22 67 1.934 0
64 88 59 2.0438 0
93 92 59 2.0179 0
77 80 59 2.0179 0
89 101 59 2.0179 0
81 39 71 1.7934 0
72 63 72 1.7347 0
71 49 61 1.9137 0
67 71 68 1.7764 0
94 38 70 1.9069 0
68 83 61 1.7788 0
89 12 64 1.8602 0
55 92 65 1.8019 0
73 58 74 1.8469 0
87 68 62 1.817 0
65 46 65 1.8366 0
61 87 66 1.6709 0
97 31 68 1.7673 0
88 56 71 1.646 0
67 82 72 1.672 0
70 96 63 1.491 0
65 111 75 1.6215 0
60 122 61 1.7034 0
89 19 67 1.5563 0
55 122 65 1.5256 0
55 103 73 1.6101 0
0
