128
0 69 127 71.8514 0
127 127 0 76.4619 0
127 0 127 69.18 0
0 0 0 67.0796 0
7 126 24 44.7804 0
108 10 17 41.6806 0
102 100 106 34.5844 0
49 71 33 23.5562 0
47 0 80 22.4608 0
59 127 84 19.6012 0
119 63 68 16.1629 0
78 59 86 15.706 0
63 20 52 14.4701 0
85 56 42 14.3095 0
64 33 82 12.9963 0
56 120 53 11.0587 0
32 47 54 9.8224 0
87 26 63 9.2946 0
124 39 58 8.9645 0
78 110 69 8.6889 0
62 44 48 8.2622 0
108 51 48 8.2843 0
58 99 48 8.2622 0
64 95 84 8.2294 0
32 120 72 8.0891 0
34 92 56 8.0004 0
77 77 49 7.4987 0
46 56 62 7.611 0
98 51 75 7.4423 0
46 36 49 7.2544 0
25 20 69 6.8699 0
65 78 81 6.7303 0
58 56 74 6.7113 0
80 34 50 6.2705 0
105 82 68 5.901 0
87 96 67 5.7664 0
98 67 77 5.8058 0
83 36 76 5.6785 0
41 115 61 5.6161 0
103 66 51 5.5812 0
46 29 75 5.3535 0
46 70 63 5.4003 0
45 105 51 5.2386 0
69 88 51 5.2386 0
68 107 55 5.1535 0
79 80 79 4.9603 0
41 80 60 4.9947 0
22 36 60 4.8692 0
43 17 57 4.689 0
58 69 75 4.5211 0
112 30 60 4.4371 0
29 106 65 4.3667 0
67 57 52 4.2308 0
64 110 66 4.4162 0
90 75 77 4.4176 0
73 30 66 4.3904 0
51 46 73 4.335 0
49 48 52 4.2467 0
93 71 52 4.2308 0
91 37 52 4.2806 0
71 66 52 4.2308 0
52 101 80 4.1255 0
97 91 67 3.895 0
50 24 66 3.9436 0
36 25 75 3.636 0
75 89 79 3.6592 0
47 92 53 3.2229 0
17 28 64 3.4664 0
70 42 58 3.4995 0
104 76 59 3.3716 0
41 111 78 3.4895 0
45 39 73 3.4969 0
101 39 53 3.2229 0
66 48 73 3.4351 0
56 86 78 3.4632 0
67 106 75 3.464 0
94 35 71 3.3467 0
41 46 67 3.3364 0
96 45 53 3.2229 0
109 39 53 3.2229 0
89 79 53 3.2229 0
73 103 80 3.243 0
87 46 73 3.064 0
51 65 70 3.1591 0
80 88 53 3.2229 0
44 25 53 3.223 0
76 44 53 3.2229 0
74 97 53 3.2229 0
36 32 53 3.2229 0
76 43 74 3.0756 0
40 93 67 3.0413 0
44 113 70 3.0508 0
98 31 57 2.9413 0
53 113 66 2.9448 0
57 29 67 2.9173 0
110 45 71 2.749 0
32 13 62 2.8715 0
100 77 75 2.7745 0
53 93 78 2.6907 0
47 78 68 2.7018 0
69 103 63 2.8188 0
55 77 75 2.657 0
80 101 60 2.595 0
102 41 72 2.7126 0
35 99 67 2.6748 0
116 43 69 2.6375 0
98 33 64 2.5913 0
45 105 78 2.6078 0
30 38 64 2.5225 0
98 20 60 2.5378 0
86 91 59 2.419 0
72 50 54 2.215 0
106 23 61 2.3421 0
92 61 73 2.4743 0
54 54 54 2.308 0
81 99 74 2.3513 0
35 41 66 2.3806 0
54 88 54 2.215 0
64 64 72 2.414 0
103 56 58 2.1125 0
75 73 59 2.3361 0
87 52 70 2.2179 0
66 74 54 2.215 0
30 22 60 2.2683 0
71 36 54 2.215 0
84 42 54 2.215 0
59 57 54 2.215 0
66 69 74 2.2981 0
0
