128
127 0 0 73.336 0
127 127 127 71.306 0
0 127 0 71.0072 0
0 0 127 67.9293 0
105 20 109 38.2822 0
21 23 26 36.7606 0
26 99 101 35.5105 0
98 100 29 33.0872 0
70 64 84 21.8285 0
56 67 42 20.0077 0
3 63 66 18.6769 0
63 11 68 18.0288 0
63 118 64 17.9177 0
118 59 69 16.534 0
34 55 76 13.1395 0
92 60 52 12.4318 0
67 37 50 11.8615 0
57 34 85 9.3087 0
28 72 53 9.3325 0
76 94 73 8.874 0
94 79 69 8.6447 0
52 94 54 8.7523 0
94 49 71 8.2006 0
50 81 68 7.577 0
71 86 58 7.3291 0
49 43 55 6.6303 0
27 55 56 6.3584 0
114 82 62 6.2066 0
60 92 72 6.2702 0
39 23 67 6.2202 0
85 23 67 5.9423 0
52 52 65 5.8487 0
85 40 56 5.6735 0
79 74 56 5.7307 0
36 86 56 5.6367 0
16 41 66 5.6824 0
105 40 66 5.6494 0
75 53 58 5.5451 0
34 73 68 5.3784 0
51 45 75 5.3371 0
72 31 81 5.2885 0
42 105 61 4.9656 0
50 29 57 4.9236 0
38 49 57 4.8549 0
46 67 66 4.7318 0
106 74 57 4.6718 0
42 37 79 4.723 0
86 104 66 4.6482 0
14 85 64 4.53 0
80 39 77 4.4249 0
46 28 75 4.3976 0
37 61 58 4.3624 0
90 93 69 4.2618 0
80 28 58 4.2126 0
102 47 58 3.9103 0
30 82 64 3.8407 0
65 50 61 3.7484 0
31 94 61 3.7388 0
77 29 71 3.7337 0
39 96 58 3.6077 0
95 42 58 3.6059 0
21 83 58 3.6079 0
78 101 61 3.5138 0
97 26 67 3.4599 0
81 46 68 3.357 0
47 98 67 3.423 0
37 36 65 2.0047 0
32 31 70 3.1863 0
67 39 77 3.1901 0
60 46 68 3.1937 0
54 35 66 1.9708 0
21 77 68 3.1198 0
98 93 66 3.0102 0
25 69 67 2.9566 0
38 40 59 2.9964 0
45 59 62 2.9198 0
60 41 74 2.9537 0
65 84 68 2.9759 0
78 81 66 2.842 0
99 67 66 2.7604 0
75 42 71 2.8819 0
21 47 59 2.788 0
68 97 61 2.8337 0
58 47 59 2.7239 0
52 31 70 2.7251 0
92 31 69 2.7525 0
43 79 59 2.6926 0
86 80 59 2.6685 0
85 48 61 2.7574 0
73 46 66 2.7171 0
40 73 59 2.5995 0
30 45 59 2.5993 0
106 77 67 2.683 0
88 39 74 2.5732 0
89 32 59 2.598 0
45 45 68 2.6063 0
44 36 65 1.9724 0
27 87 59 2.6131 0
67 44 68 2.4886 0
40 32 71 2.6046 0
82 86 59 2.5989 0
102 31 68 2.5981 0
60 83 59 2.5993 0
23 43 72 2.6224 0
84 53 65 2.5576 0
44 35 59 2.5989 0
28 36 65 1.929 0
86 69 64 2.5056 0
54 98 66 2.5403 0
104 87 68 2.5585 0
63 35 66 1.9377 0
65 77 62 2.2295 0
83 31 75 2.4242 0
83 85 68 2.4673 0
60 32 72 2.4754 0
56 38 61 2.3581 0
38 82 68 2.4223 0
92 37 62 2.3978 0
32 38 62 2.396 0
72 34 67 1.9273 0
27 64 63 2.3644 0
78 94 60 2.3532 0
67 32 69 2.3677 0
42 29 60 2.2972 0
21 49 66 2.1581 0
30 39 75 2.3147 0
112 92 62 2.1501 0
36 78 61 2.1655 0
0
