128
127 0 0 74.3432 0
0 127 0 74.2537 0
0 0 127 70.2969 0
127 127 127 69.2551 0
107 21 110 38.4063 0
23 105 108 37.0735 0
103 103 28 33.7486 0
25 25 28 33.3038 0
65 64 99 21.2031 0
64 64 37 20.9298 0
66 18 69 18.2653 0
63 110 68 17.8311 0
126 59 75 15.1727 0
0 56 52 11.9522 0
0 69 80 11.5395 0
127 70 50 10.6427 0
33 64 48 9.8895 0
95 63 86 9.7896 0
94 64 48 9.8206 0
24 64 84 9.1771 0
53 41 80 8.898 0
51 71 73 7.9723 0
71 90 84 7.9795 0
60 37 50 7.8422 0
56 91 50 7.7984 0
120 84 62 7.5507 0
43 32 69 7.409 0
76 41 51 7.1797 0
90 32 67 7.0822 0
70 40 83 7.0161 0
90 95 67 6.9777 0
55 86 82 6.8778 0
44 80 51 6.7782 0
63 53 72 6.6067 0
4 86 71 6.5473 0
38 97 66 6.5692 0
48 56 67 5.7979 0
39 56 90 6.1818 0
79 77 68 2.5585 0
75 85 52 5.8852 0
6 40 61 5.868 0
4 53 71 5.8948 0
112 76 71 5.8804 0
110 61 52 5.862 0
17 67 52 5.832 0
44 52 52 5.7684 0
4 75 62 5.7629 0
103 44 65 5.0881 0
89 48 53 5.5244 0
115 41 69 5.3633 0
103 83 65 5.0881 0
80 38 74 5.2995 0
39 69 89 5.2127 0
79 62 69 2.5255 0
65 74 72 5.2941 0
91 81 64 4.58 0
83 76 53 4.9503 0
86 72 76 4.7785 0
18 55 53 4.9235 0
36 83 61 4.7481 0
87 78 86 4.8547 0
18 76 67 3.3319 0
84 88 79 4.8274 0
94 57 67 2.7733 0
110 73 53 4.8717 0
18 50 67 3.2984 0
86 55 76 4.7785 0
25 91 67 4.6067 0
91 46 64 4.58 0
108 69 80 4.5731 0
93 69 65 3.6213 0
36 43 66 4.3859 0
85 51 86 4.4168 0
107 50 76 4.3819 0
76 40 64 4.3761 0
37 57 65 4.3663 0
50 31 57 4.2244 0
19 75 76 4.2413 0
24 36 65 4.1694 0
41 70 64 4.0264 0
51 56 78 4.1421 0
78 96 57 4.0597 0
19 53 75 3.975 0
16 64 72 3.897 0
15 89 69 3.9865 0
45 95 57 3.9498 0
78 85 65 3.4145 0
31 51 81 3.8614 0
48 42 54 3.7804 0
7 63 66 3.7761 0
26 70 68 2.9952 0
26 57 68 2.9859 0
80 96 75 3.826 0
82 56 54 3.7526 0
29 77 54 3.8187 0
48 87 65 2.4276 0
100 52 54 3.7821 0
53 38 64 3.5673 0
40 65 77 3.6071 0
66 64 73 3.7835 0
25 82 63 3.5574 0
96 78 81 3.7526 0
25 45 63 3.5574 0
40 45 82 3.6573 0
63 88 73 3.698 0
11 57 79 3.6454 0
110 91 64 3.5909 0
104 35 69 3.5262 0
38 73 75 3.47 0
46 96 74 3.4961 0
82 31 57 3.5369 0
43 87 76 3.4555 0
47 78 86 3.2503 0
34 85 70 3.3592 0
106 67 63 2.0536 0
63 88 62 3.1747 0
97 50 80 3.3237 0
103 61 70 1.7103 0
17 47 58 3.1571 0
81 50 67 2.1348 0
78 70 70 3.011 0
29 51 55 3.1527 0
116 71 63 3.1152 0
90 39 58 3.1374 0
25 69 59 2.9962 0
46 64 55 3.0188 0
82 63 78 3.071 0
30 76 79 2.992 0
0
