128
127 127 127 82.7022 0
0 0 127 82.846 0
127 0 0 72.8271 0
0 127 0 72.4179 0
96 96 23 28.8338 0
34 34 25 27.9957 0
36 91 84 22.9156 0
89 38 82 22.7047 0
62 91 54 15.7439 0
68 61 27 14.176 0
0 52 44 13.0569 0
127 75 44 12.7903 0
60 17 53 12.5942 0
120 51 69 11.9662 0
7 76 69 11.5834 0
47 48 60 10.6847 0
81 49 51 10.0227 0
76 51 110 8.9502 0
81 77 64 8.7943 0
52 75 112 8.6345 0
47 69 34 8.1451 0
102 76 55 7.977 0
26 76 58 7.6964 0
27 52 57 7.4189 0
101 53 57 7.2102 0
59 45 74 6.9224 0
76 32 55 6.7865 0
45 75 59 6.6597 0
66 84 76 6.685 0
69 58 124 6.1861 0
79 75 47 6.1764 0
45 62 79 6.0389 0
67 41 35 6.1132 0
88 63 35 6.113 0
81 67 79 5.8131 0
25 66 71 5.5218 0
64 28 70 5.6431 0
59 68 124 5.4253 0
102 62 71 5.4294 0
50 69 98 5.0179 0
42 78 45 5.1892 0
54 32 63 5.034 0
91 85 56 5.0882 0
120 67 60 5.027 0
7 61 60 4.8026 0
68 45 64 4.7761 0
7 69 53 4.7203 0
120 59 52 4.5666 0
38 84 54 4.5423 0
78 63 90 4.5209 0
62 76 39 4.4583 0
14 54 57 4.4064 0
57 78 99 4.3002 0
109 67 37 4.0971 0
29 65 37 4.1245 0
18 61 37 4.0971 0
99 65 37 4.1352 0
65 30 37 4.0976 0
55 77 68 4.0913 0
55 49 46 4.0326 0
73 75 81 3.9598 0
53 34 53 3.9212 0
50 67 88 3.8471 0
76 58 98 3.9209 0
18 53 48 3.5986 0
53 53 81 3.7161 0
48 56 45 3.812 0
63 46 86 3.6359 0
98 71 66 3.6301 0
33 55 67 3.6114 0
75 53 64 3.5735 0
27 71 46 3.2871 0
74 38 43 3.2793 0
95 54 47 3.4914 0
62 83 88 3.4281 0
52 75 44 3.4314 0
49 70 72 3.384 0
101 70 44 3.3301 0
40 56 71 3.3408 0
68 47 99 3.3507 0
52 58 38 3.1919 0
60 48 38 3.2235 0
15 73 54 3.1595 0
101 58 44 3.1385 0
70 48 42 3.1568 0
51 56 73 3.0585 0
114 72 55 3.0635 0
51 59 88 3.024 0
90 54 41 2.955 0
69 75 44 3.004 0
109 74 44 2.9748 0
70 27 44 3.0407 0
26 58 45 2.9195 0
88 71 73 2.93 0
58 76 88 2.9037 0
112 55 55 2.8303 0
89 55 61 2.8373 0
22 58 66 2.7973 0
38 54 50 2.8273 0
47 71 48 2.8884 0
72 75 73 2.7978 0
80 60 41 2.6811 0
83 57 64 2.7245 0
42 70 68 2.7476 0
111 72 62 2.7901 0
55 41 50 2.7317 0
57 76 77 2.7 0
37 73 39 2.634 0
20 72 49 2.5411 0
79 68 40 2.583 0
74 71 88 2.5827 0
31 65 79 2.5654 0
69 43 55 2.4235 0
52 74 51 2.5484 0
87 78 52 2.4835 0
70 32 64 2.4271 0
69 77 67 2.4937 0
105 69 66 2.4463 0
57 54 40 2.4859 0
68 78 86 2.3573 0
96 58 39 2.3575 0
86 72 53 2.4033 0
58 40 65 2.4075 0
95 77 64 2.361 0
52 71 78 2.3497 0
63 78 68 2.3252 0
32 71 67 2.1971 0
77 58 70 2.2006 0
0
