128
127 127 127 83.4916 0
0 127 0 81.4982 0
127 0 0 74.5316 0
0 0 127 70.3403 0
97 19 100 30.5621 0
28 22 31 30.2194 0
32 84 94 24.2062 0
89 84 37 22.2258 0
63 13 66 16.7976 0
64 54 95 16.57 0
63 54 41 16.305 0
61 85 65 14.9551 0
0 49 57 13.6961 0
0 69 77 12.9605 0
124 45 76 12.0114 0
120 72 48 11.0206 0
37 58 48 9.194 0
60 34 80 7.4764 0
127 59 61 7.3827 0
90 56 50 7.1782 0
20 55 50 7.1789 0
68 32 51 6.8361 0
73 71 80 6.2938 0
48 70 51 6.1703 0
105 62 51 6.1703 0
41 54 89 6.1482 0
18 40 62 5.9241 0
88 55 89 5.5956 0
107 39 69 5.2584 0
62 66 75 5.4831 0
42 24 67 5.3215 0
33 33 66 5.4055 0
80 43 52 5.1648 0
93 33 66 5.2613 0
107 51 83 5.179 0
82 79 65 4.9812 0
55 36 52 5.1626 0
40 80 65 5.0707 0
17 60 82 4.862 0
84 22 66 4.9542 0
49 41 84 4.5821 0
16 75 69 4.6766 0
73 39 81 4.3045 0
44 46 53 4.1546 0
79 64 53 4.1546 0
53 67 81 4.0481 0
113 47 63 4.0548 0
15 48 69 4.0395 0
48 27 75 3.9464 0
69 70 54 3.8706 0
28 56 85 3.8902 0
9 53 74 3.6714 0
27 78 66 3.7921 0
107 77 56 3.7047 0
63 35 68 3.6338 0
73 30 76 3.4927 0
80 64 85 3.6341 0
97 52 85 3.416 0
117 53 58 3.3757 0
101 52 54 3.1467 0
43 78 56 3.2487 0
29 48 54 3.1467 0
79 32 54 3.1501 0
35 70 54 3.147 0
90 44 54 3.1468 0
79 54 54 3.1467 0
63 50 68 0.4093 0
24 65 54 3.1478 0
49 73 74 3.0798 0
83 47 85 3.1202 0
17 67 76 3.0289 0
81 74 74 3.0435 0
63 36 60 3.0009 0
91 78 63 2.8962 0
64 44 76 2.879 0
108 45 76 2.8692 0
63 66 65 2.7238 0
58 69 55 2.7202 0
4 66 60 2.6866 0
75 73 70 2.5518 0
117 54 65 2.6754 0
76 76 58 2.6526 0
52 27 56 2.6001 0
76 26 55 2.5653 0
100 78 60 2.4603 0
48 33 80 2.4189 0
25 37 68 2.4891 0
79 28 72 2.3539 0
41 44 84 2.4907 0
121 68 63 2.4747 0
78 28 66 2.4315 0
38 36 75 2.4366 0
63 67 58 2.3704 0
109 48 70 2.1273 0
48 62 84 2.2644 0
62 40 55 2.3532 0
97 67 55 2.1388 0
70 69 71 2.3023 0
22 45 55 2.2044 0
122 60 71 2.0545 0
16 64 55 2.1415 0
43 37 80 2.2905 0
49 52 55 2.1388 0
103 71 55 2.1394 0
113 56 79 2.2167 0
10 63 55 2.1444 0
85 36 55 2.1414 0
117 59 55 2.211 0
50 59 55 2.1388 0
39 31 72 2.1558 0
46 37 55 2.1421 0
68 39 75 2.18 0
101 57 82 2.0971 0
21 43 71 2.1177 0
109 52 55 2.1391 0
85 29 70 2.1695 0
71 43 55 2.1438 0
50 42 55 2.1388 0
37 45 55 2.1388 0
97 46 55 2.1392 0
76 71 55 2.1399 0
112 57 55 2.1388 0
17 47 56 2.0916 0
91 65 55 2.1388 0
74 29 61 2.09 0
63 57 75 1.9051 0
77 45 83 2.0993 0
50 28 64 2.1054 0
0
