128
0 0 127 75.3974 0
127 110 0 55.8373 0
0 127 0 71.0988 0
127 127 127 63.1905 0
127 0 93 54.9788 0
9 0 0 50.6602 0
21 117 113 43.0331 0
103 7 0 40.3133 0
34 52 48 22.8601 0
60 54 6 22.2564 0
73 119 60 22.0976 0
79 57 115 21.2898 0
114 70 65 20.3247 0
62 0 46 18.1831 0
111 49 36 13.9646 0
36 70 82 13.8134 0
58 53 88 11.3083 0
50 71 104 11.0481 0
92 55 18 9.8692 0
93 94 69 10.1473 0
66 87 108 10.0615 0
94 71 90 10.0063 0
39 18 51 9.9004 0
34 92 66 9.8973 0
68 84 18 9.8692 0
58 93 47 9.5187 0
79 92 42 9.4146 0
86 19 46 9.102 0
89 52 85 8.7325 0
61 25 20 8.5529 0
66 4 73 7.9404 0
45 107 68 7.6448 0
98 32 44 7.6978 0
42 83 52 7.4533 0
93 85 52 7.3868 0
80 78 31 7.1979 0
67 115 90 7.0527 0
73 32 99 6.9975 0
59 26 41 6.499 0
103 45 56 6.6021 0
100 69 40 6.405 0
47 43 74 6.2283 0
96 49 70 6.1399 0
65 96 31 6.1195 0
58 20 71 5.9365 0
75 44 90 6.0275 0
81 67 22 5.8377 0
59 78 40 5.6531 0
47 37 26 5.7207 0
65 29 86 5.72 0
54 54 70 5.6021 0
75 22 35 5.4285 0
64 69 93 5.4728 0
89 86 85 5.4144 0
77 14 60 5.177 0
67 40 34 3.4119 0
90 78 40 5.1706 0
82 101 80 5.0877 0
73 34 23 5.0931 0
61 54 35 4.7614 0
50 97 60 5.008 0
45 68 26 4.8366 0
43 29 63 4.971 0
68 73 34 4.7913 0
53 76 23 4.8298 0
49 11 63 4.8664 0
58 34 31 4.8056 0
80 44 23 4.8298 0
81 32 32 4.7701 0
57 86 32 4.7627 0
68 12 84 4.6465 0
55 18 31 4.5531 0
40 76 64 4.5757 0
82 93 57 4.5322 0
75 56 88 4.3153 0
54 110 78 4.4447 0
85 79 100 4.3669 0
54 64 76 4.3958 0
48 20 39 4.1602 0
58 30 77 3.9077 0
70 20 90 4.0981 0
92 80 76 3.9429 0
91 36 34 4.0739 0
44 79 40 3.9766 0
63 98 98 4.0773 0
64 39 95 4.0781 0
41 26 38 4.016 0
58 38 42 3.7537 0
75 106 86 3.8259 0
41 88 79 3.7032 0
93 63 77 3.806 0
67 102 106 3.6307 0
89 70 33 3.6536 0
92 30 55 3.7428 0
54 69 88 3.4053 0
48 64 69 3.5773 0
71 22 76 2.1396 0
76 91 28 3.5254 0
65 20 79 3.5254 0
72 21 45 3.3402 0
59 74 30 3.5227 0
97 61 33 3.4863 0
65 21 33 3.4537 0
44 96 77 3.3898 0
46 82 92 3.2327 0
53 70 39 3.389 0
82 39 84 3.3269 0
54 21 50 3.2145 0
54 33 49 3.1543 0
68 75 100 3.2747 0
89 43 75 3.2307 0
66 64 33 3.129 0
72 52 81 3.2167 0
95 41 63 3.0553 0
80 82 108 2.9486 0
55 8 69 3.1015 0
79 56 25 2.814 0
85 85 94 3.0833 0
95 74 48 2.9965 0
72 80 39 2.9786 0
81 62 90 2.9672 0
66 72 25 3.0069 0
84 94 86 2.9933 0
73 93 54 3.0097 0
102 62 27 2.903 0
46 83 75 3.004 0
87 31 39 2.9637 0
91 42 25 2.814 0
0
