128
127 127 127 81.6217 0
0 0 0 61.355 0
0 127 0 60.1227 0
0 0 127 58.2094 0
127 0 0 55.5668 0
111 0 103 47.5764 0
0 119 108 46.0198 0
101 98 6 43.9811 0
0 60 65 25.9112 0
60 17 57 21.9687 0
66 45 22 20.4187 0
122 55 54 20.0088 0
39 68 127 18.7878 0
64 127 48 17.0147 0
70 46 127 16.2597 0
35 64 26 14.8788 0
55 64 69 7.4085 0
20 64 99 11.8989 0
39 120 63 11.7472 0
26 24 65 11.5677 0
56 24 91 11.42 0
23 94 60 11.0715 0
59 53 53 10.6576 0
51 86 30 10.8473 0
49 97 86 10.2102 0
97 75 56 9.6738 0
95 50 32 9.3965 0
76 101 55 9.0915 0
101 52 80 9.1262 0
83 50 102 8.524 0
92 18 52 8.2154 0
58 30 111 7.7369 0
55 112 74 7.7304 0
39 28 80 7.6792 0
47 88 110 7.5563 0
108 29 55 7.3117 0
56 47 71 7.2198 0
18 73 39 7.2516 0
39 91 71 7.0091 0
55 66 38 7.0372 0
58 107 34 6.8158 0
80 24 36 6.5713 0
84 86 60 6.555 0
22 76 84 6.2387 0
53 78 73 5.9752 0
67 97 69 6.0554 0
63 66 117 5.9625 0
21 48 88 5.9335 0
100 63 68 5.8797 0
51 53 95 0.9488 0
34 91 46 5.9405 0
70 69 35 5.808 0
42 43 35 5.808 0
21 52 39 5.7906 0
89 35 35 5.808 0
46 45 118 5.7387 0
22 37 78 5.4075 0
104 39 66 5.5791 0
88 57 89 5.3528 0
53 70 52 5.1819 0
35 30 50 5.547 0
73 60 108 5.4612 0
22 37 53 5.4075 0
34 104 70 5.3156 0
64 109 63 5.1593 0
34 88 83 5.0782 0
87 44 44 5.0168 0
74 39 106 4.9369 0
63 91 79 4.9828 0
51 62 87 2.4236 0
46 32 38 4.9642 0
35 84 36 4.9078 0
54 42 83 4.8578 0
53 56 80 4.8357 0
84 62 36 4.8001 0
20 85 74 4.8076 0
20 84 46 4.4444 0
92 71 70 4.5833 0
101 65 43 4.5397 0
35 107 52 4.4255 0
70 26 81 4.4539 0
89 46 87 4.2398 0
39 88 58 4.0833 0
68 31 102 4.3064 0
68 103 43 4.283 0
91 63 80 4.0669 0
29 49 99 4.2221 0
51 74 62 4.0893 0
53 34 77 4.1757 0
52 67 81 4.1 0
70 41 49 3.9518 0
45 115 48 3.9852 0
30 53 109 3.9189 0
53 41 44 3.7821 0
36 82 108 3.9869 0
85 25 64 3.8612 0
75 90 66 3.9661 0
39 74 89 0.9754 0
86 73 46 3.7712 0
48 101 37 3.7922 0
65 83 37 3.7922 0
107 44 37 3.8529 0
62 95 37 3.7922 0
31 48 37 3.7922 0
23 46 48 3.7699 0
53 50 89 3.6345 0
30 43 92 3.806 0
48 33 102 3.7745 0
22 62 43 3.6514 0
53 53 115 3.6611 0
36 59 81 0.3574 0
80 62 95 3.7084 0
80 88 49 3.6226 0
27 66 84 3.6435 0
40 32 67 3.6787 0
43 106 74 3.649 0
71 73 53 0.1663 0
85 78 69 3.4055 0
57 78 115 3.6479 0
65 43 63 3.6211 0
86 81 49 3.6205 0
28 56 87 3.5635 0
30 76 106 3.4737 0
83 52 40 3.3196 0
21 79 54 3.4627 0
62 33 78 3.4234 0
96 27 61 3.398 0
51 75 44 3.4316 0
0
