128
127 44 127 65.1243 0
0 35 0 62.629 0
126 127 0 61.1218 0
0 0 127 68.0254 0
127 0 0 64.7542 0
6 127 127 57.9405 0
12 127 32 34.4547 0
108 127 89 26.9126 0
23 70 74 20.5147 0
75 66 23 20.3837 0
63 39 68 17.6507 0
51 70 102 17.4646 0
101 69 51 16.8456 0
56 99 27 16.6871 0
64 127 68 14.6753 0
64 81 68 14.6086 0
74 103 104 16.0735 0
88 0 72 14.2201 0
41 0 55 13.3672 0
98 97 63 12.6929 0
68 0 52 12.4189 0
32 101 67 11.1732 0
68 36 34 11.2021 0
93 39 57 11.0749 0
31 85 46 11.0183 0
63 123 41 10.7103 0
61 2 75 10.4032 0
61 13 34 9.2971 0
38 27 63 9.1136 0
39 121 68 8.6036 0
44 49 85 8.6937 0
87 121 59 8.4232 0
70 11 91 8.3727 0
49 75 35 8.2892 0
77 83 88 8.0703 0
40 50 60 7.7694 0
93 94 84 7.7034 0
87 73 72 7.6449 0
62 120 90 7.4145 0
89 19 60 7.2467 0
89 48 40 6.8383 0
53 94 94 6.8052 0
64 52 90 6.4777 0
48 119 54 6.3383 0
62 25 89 6.45 0
77 90 37 6.2735 0
63 73 47 6.1889 0
41 88 88 6.0759 0
37 67 50 5.8717 0
89 55 66 5.7852 0
46 72 59 5.7284 0
42 85 60 5.7662 0
91 90 45 5.737 0
83 85 59 5.7284 0
68 101 47 5.3661 0
62 102 67 5.4425 0
76 118 85 5.3304 0
51 118 82 5.3304 0
54 55 38 5.3099 0
84 26 72 4.9795 0
71 70 89 5.1358 0
83 101 74 4.9622 0
63 86 89 4.931 0
60 28 47 4.9247 0
80 71 60 4.8755 0
80 52 58 4.7205 0
44 86 74 4.7568 0
85 86 75 4.7586 0
52 86 84 4.7568 0
77 117 48 4.5335 0
73 107 39 4.3665 0
56 107 93 4.3696 0
81 117 72 4.3225 0
61 81 39 4.2577 0
37 100 48 4.2341 0
57 45 42 4.0903 0
82 104 58 3.8996 0
83 9 55 3.8443 0
51 70 78 3.8676 0
75 25 84 3.9493 0
80 53 74 3.8003 0
45 104 58 3.8996 0
70 29 49 3.8839 0
43 53 72 3.877 0
86 26 50 3.8796 0
46 103 75 3.804 0
80 70 82 3.8676 0
73 53 83 3.8003 0
90 109 53 3.7875 0
80 29 57 3.7126 0
49 116 42 3.6903 0
50 9 42 3.7208 0
42 13 68 3.5181 0
57 104 48 3.5469 0
86 81 40 3.597 0
81 14 83 3.466 0
86 104 87 3.4809 0
38 96 81 3.426 0
41 37 54 3.5139 0
45 25 75 3.3575 0
86 36 43 3.4507 0
52 25 83 3.5304 0
55 24 40 3.5003 0
54 32 40 3.489 0
81 99 65 3.4653 0
56 65 40 3.2499 0
72 9 66 3.3481 0
89 100 48 3.2274 0
56 9 60 3.3481 0
48 63 40 3.2499 0
40 57 50 3.348 0
70 99 72 3.322 0
50 9 68 3.3481 0
85 18 77 3.2698 0
64 50 40 3.2499 0
50 25 57 3.312 0
42 17 49 3.3196 0
75 116 57 3.3147 0
76 48 40 3.2499 0
79 100 40 3.2499 0
74 23 40 3.2664 0
38 107 54 3.0831 0
49 69 69 2.8598 0
58 13 86 3.024 0
71 44 48 2.8761 0
50 87 48 0.9421 0
69 98 62 2.9988 0
89 108 73 2.8368 0
0
