128
127 39 63 59.7621 0
0 127 127 64.4444 0
0 0 0 69.1068 0
36 127 0 61.7987 0
21 2 127 58.615 0
112 127 122 46.2205 0
116 126 45 28.7189 0
66 70 127 21.4188 0
50 67 65 21.1861 0
66 115 75 18.7727 0
99 77 0 17.6106 0
0 52 72 17.6009 0
70 54 0 17.0897 0
0 80 51 14.8923 0
86 38 126 14.2366 0
56 0 62 13.2229 0
80 24 8 13.0423 0
66 95 100 12.0744 0
42 66 102 11.9755 0
21 63 90 10.9402 0
71 0 40 10.868 0
99 70 121 10.5537 0
100 97 22 10.3301 0
67 66 38 9.6024 0
37 29 65 9.4681 0
75 86 57 9.4868 0
46 60 25 9.3844 0
20 67 38 9.1989 0
74 83 78 9.2023 0
58 40 51 9.2377 0
40 104 68 9.0836 0
58 38 74 8.9287 0
66 58 91 8.9766 0
72 0 81 8.8978 0
94 110 72 8.3264 0
82 108 51 8.1927 0
14 97 61 8.0135 0
27 48 77 7.794 0
64 48 36 7.7267 0
18 54 53 7.6271 0
51 94 86 7.366 0
7 77 74 7.3567 0
73 13 25 7.3094 0
79 81 39 7.2571 0
76 72 94 7.2155 0
65 39 90 6.6909 0
86 92 69 6.4967 0
51 82 95 6.3752 0
89 102 37 6.3981 0
57 47 20 6.3152 0
61 26 63 6.2324 0
33 57 39 6.154 0
48 19 57 5.9693 0
81 24 110 5.8824 0
81 85 107 5.8531 0
78 74 14 5.8086 0
37 53 89 5.8749 0
66 35 17 5.8874 0
49 18 70 5.8517 0
112 103 74 5.8398 0
70 45 114 5.7747 0
65 81 45 5.7206 0
31 46 52 5.624 0
75 58 26 5.6081 0
62 66 19 5.5025 0
12 31 68 5.4514 0
89 92 51 5.4494 0
65 30 41 5.4518 0
57 52 106 5.4747 0
79 70 28 5.4416 0
87 87 86 5.3597 0
78 60 102 5.2548 0
64 24 76 5.2292 0
81 99 90 5.1742 0
74 49 101 5.2111 0
87 85 19 5.1253 0
36 69 36 4.9436 0
88 42 10 5.0937 0
55 48 85 4.9566 0
63 74 88 4.9452 0
34 77 90 4.9301 0
93 55 9 4.9934 0
56 14 48 4.9588 0
64 23 51 4.7053 0
89 57 119 4.8418 0
77 12 96 4.8277 0
87 80 95 4.8501 0
73 46 26 4.7697 0
58 74 101 4.7686 0
38 40 77 4.7531 0
90 88 40 4.5947 0
67 101 55 4.6523 0
54 58 40 4.6278 0
41 85 88 4.4825 0
91 80 111 4.5418 0
69 35 32 4.5707 0
67 27 87 4.4305 0
67 25 23 4.4411 0
53 99 59 4.4779 0
39 38 52 4.4152 0
87 103 82 4.4378 0
44 49 35 4.434 0
65 89 68 4.284 0
23 52 65 4.3058 0
22 25 67 4.1934 0
87 78 29 4.1778 0
32 87 57 3.5024 0
62 14 39 4.2018 0
50 51 98 4.1746 0
94 93 78 4.118 0
29 85 73 2.948 0
73 37 99 4.1153 0
27 102 62 3.9992 0
40 94 79 3.8474 0
86 71 102 4.0444 0
62 9 77 4.075 0
49 40 63 3.8861 0
14 87 70 3.8534 0
45 29 52 3.7658 0
34 88 66 3.8505 0
31 80 52 3.8694 0
18 38 73 3.8783 0
38 47 44 3.8414 0
86 93 29 3.6644 0
27 71 53 3.7476 0
83 92 98 3.6805 0
50 50 45 3.7863 0
73 35 111 3.706 0
0
