128
127 127 93 74.8788 0
0 0 127 83.5235 0
0 127 37 62.7303 0
127 0 37 62.6662 0
23 4 0 44.4972 0
113 83 0 27.3766 0
71 105 0 18.9306 0
53 35 47 17.3342 0
86 43 93 17.3806 0
42 88 97 17.1285 0
30 64 0 14.8725 0
71 41 0 14.3951 0
26 53 35 14.3716 0
66 71 0 14.3951 0
81 57 127 14.3316 0
55 84 127 14.0627 0
64 82 47 14.1041 0
33 62 60 11.8511 0
90 66 42 11.3745 0
75 98 30 10.5306 0
54 85 71 10.32 0
68 39 71 10.2318 0
88 55 67 9.2881 0
51 53 6 8.3478 0
90 54 6 8.3479 0
90 85 29 8.3437 0
42 69 41 7.782 0
75 49 40 7.2973 0
46 80 7 7.34 0
39 73 76 7.2534 0
76 45 55 6.6484 0
64 28 23 6.6037 0
98 62 23 5.8282 0
63 57 39 5.7852 0
47 74 58 5.6729 0
46 49 67 5.3493 0
85 92 17 5.3983 0
70 53 108 5.232 0
79 62 107 4.9902 0
44 58 74 5.0573 0
62 65 123 4.9216 0
60 78 86 4.9588 0
81 72 56 4.7864 0
51 72 111 4.6952 0
60 97 22 4.5416 0
42 42 28 4.6802 0
64 46 85 4.5796 0
46 55 37 4.5174 0
81 82 10 4.3164 0
48 67 10 4.3163 0
45 57 48 4.3261 0
56 48 77 4.4446 0
72 75 122 4.2809 0
52 92 10 4.4171 0
81 61 79 4.1649 0
82 55 52 4.3766 0
85 69 10 4.3164 0
77 57 10 4.3163 0
62 77 96 4.1939 0
30 68 21 4.1328 0
93 72 26 4.112 0
65 54 50 4.0207 0
59 93 31 3.9974 0
71 38 34 3.9912 0
61 83 108 3.7841 0
32 50 16 3.9514 0
54 70 36 3.8946 0
79 77 36 3.8048 0
51 74 81 3.7985 0
48 79 36 3.652 0
68 66 36 3.483 0
42 68 88 3.5223 0
51 36 25 3.4859 0
78 71 65 3.4844 0
68 79 65 3.5023 0
64 55 11 3.3085 0
62 86 11 3.3085 0
35 69 31 3.3868 0
80 66 72 3.3026 0
91 56 28 3.2479 0
53 41 11 3.3085 0
40 49 11 3.3085 0
77 52 75 3.1475 0
75 70 37 3.2848 0
86 53 34 3.1768 0
77 69 113 3.1875 0
66 58 115 3.1453 0
64 63 47 3.1196 0
83 63 56 2.9342 0
46 53 57 2.9352 0
58 76 104 3.0015 0
50 56 81 2.8024 0
55 46 68 2.848 0
61 31 13 2.7932 0
52 85 34 2.8102 0
31 58 18 2.6437 0
49 69 103 2.6313 0
72 36 26 2.6228 0
42 63 81 2.7015 0
37 46 21 2.4363 0
71 85 12 2.3006 0
54 54 35 2.6007 0
68 75 88 2.5635 0
47 73 68 2.5135 0
74 70 105 2.5152 0
59 66 40 2.6209 0
67 50 99 2.5589 0
60 47 63 2.5646 0
73 74 61 2.5568 0
73 75 69 2.4132 0
36 77 12 2.4009 0
65 81 79 2.4866 0
71 50 79 2.417 0
95 55 17 2.2835 0
66 48 57 2.3742 0
66 49 93 2.4157 0
82 66 62 2.349 0
50 70 49 2.3434 0
80 57 34 2.1738 0
77 70 49 2.3517 0
78 65 12 2.3006 0
72 32 18 2.2811 0
96 61 14 2.3711 0
56 62 12 2.3006 0
85 45 12 2.3006 0
79 74 12 2.3006 0
82 63 97 2.3336 0
55 85 12 2.3006 0
0
