128
0 127 127 87.0189 0
127 127 0 69.128 0
127 0 127 67.8176 0
50 0 0 64.9441 0
122 104 105 37.2975 0
30 95 15 32.2542 0
127 37 38 27.1563 0
53 37 83 24.7848 0
1 33 67 23.0644 0
64 91 52 16.6496 0
6 61 40 15.1446 0
80 66 104 14.991 0
126 71 64 14.1249 0
75 69 32 13.7447 0
86 31 64 12.4801 0
81 92 77 12.1944 0
27 56 65 9.9156 0
99 87 63 9.5159 0
40 78 53 8.9249 0
98 63 37 8.8337 0
50 65 37 8.7067 0
106 59 60 8.3452 0
105 43 67 7.6278 0
30 61 38 7.734 0
43 66 67 7.7371 0
70 76 85 7.4891 0
41 51 54 7.5041 0
69 45 55 7.4064 0
60 77 72 7.0707 0
93 46 39 6.9868 0
124 63 85 6.6215 0
85 43 81 6.6558 0
117 52 70 6.5767 0
29 42 55 5.9333 0
57 51 50 5.7817 0
74 52 43 5.4905 0
101 65 99 5.4216 0
109 77 54 5.4653 0
87 95 56 5.4126 0
19 68 57 5.4208 0
89 79 88 5.2294 0
95 36 48 5.3389 0
12 80 47 4.7893 0
80 52 88 4.7243 0
52 75 62 4.6982 0
62 66 81 4.5756 0
63 57 42 4.4407 0
99 71 59 4.5067 0
99 44 55 4.3083 0
109 79 71 4.2692 0
83 84 61 4.3011 0
119 68 46 4.2449 0
90 53 92 4.1447 0
69 62 87 4.0689 0
55 65 72 3.9011 0
76 46 66 3.9206 0
91 77 42 3.6653 0
24 50 42 3.6723 0
96 43 77 3.8004 0
29 70 59 3.8372 0
60 71 44 3.8389 0
110 68 42 3.6897 0
84 82 42 3.6969 0
14 43 43 3.7686 0
85 57 42 3.6917 0
95 83 80 3.6963 0
72 79 71 3.6451 0
113 64 96 3.6351 0
41 57 43 3.5653 0
96 72 94 3.421 0
53 73 50 3.4151 0
107 71 65 3.3192 0
18 54 54 3.3462 0
33 51 44 3.0207 0
28 85 51 3.0405 0
102 82 76 3.0196 0
48 56 46 3.0751 0
77 43 47 3.0596 0
96 58 95 3.0513 0
52 53 59 3.0225 0
38 70 43 2.9442 0
100 81 51 2.9358 0
35 65 58 2.8575 0
78 37 51 2.8156 0
20 74 43 2.7006 0
78 80 66 2.7867 0
95 46 62 2.7175 0
31 72 43 2.6574 0
118 55 82 2.7435 0
83 48 43 2.6596 0
101 75 44 2.6812 0
27 77 56 2.6035 0
81 74 86 2.6948 0
114 75 77 2.6538 0
93 48 86 2.5948 0
80 45 58 2.5887 0
89 70 43 2.6574 0
25 70 43 2.6644 0
110 49 77 2.6113 0
79 47 73 2.5933 0
60 51 59 2.4568 0
93 87 51 2.2897 0
118 71 81 2.385 0
111 68 54 2.3746 0
100 52 44 2.3649 0
17 73 50 2.4052 0
66 54 49 2.2036 0
97 51 59 2.2857 0
21 47 56 2.2218 0
105 69 54 2.1985 0
95 63 59 2.1689 0
99 47 48 2.196 0
94 45 68 2.1028 0
115 63 53 2.1356 0
67 72 47 2.2061 0
88 63 44 2.15 0
15 48 50 1.9955 0
93 63 91 1.9216 0
78 50 79 2 0
103 46 78 1.9384 0
80 77 80 2.1168 0
120 60 76 2.0524 0
93 82 73 2.0479 0
51 59 65 2.0496 0
95 83 48 2.0343 0
69 77 65 2.0163 0
116 66 90 1.9177 0
61 64 44 1.9957 0
0
