128
93 127 127 80.3585 0
127 0 0 80.0551 0
0 121 0 76.1414 0
0 0 121 75.7051 0
41 41 41 21.5208 0
77 78 40 19.1143 0
78 38 80 19.1961 0
21 82 81 15.088 0
126 82 49 14.168 0
122 49 81 13.5131 0
43 65 78 11.3571 0
4 50 50 9.7629 0
53 83 57 9.2428 0
70 47 52 9.0633 0
0 71 73 8.4864 0
104 73 50 8.5112 0
51 45 70 8.2577 0
101 54 76 7.5033 0
127 68 70 7.2321 0
62 62 75 6.4955 0
56 64 52 6.4955 0
39 68 52 6.4955 0
20 58 52 6.4955 0
39 80 67 6.0661 0
86 56 53 5.4876 0
26 63 72 5.3099 0
89 60 72 5.1689 0
2 62 61 4.9648 0
95 48 64 5.0129 0
75 62 73 4.4797 0
94 64 54 4.4797 0
15 64 73 4.4797 0
124 64 57 4.3673 0
38 49 69 4.1037 0
24 49 61 4.005 0
52 77 71 4.0842 0
124 57 64 3.9569 0
67 78 62 4.005 0
107 64 71 3.9768 0
68 61 55 3.4719 0
76 59 55 3.4719 0
116 64 72 3.4719 0
32 55 72 3.4719 0
115 68 55 3.4719 0
10 62 55 3.4719 0
28 65 55 3.4719 0
104 60 55 3.4719 0
98 64 70 3.2941 0
94 77 58 3.1234 0
63 50 66 2.9971 0
27 77 63 2.9971 0
16 50 58 3.1234 0
86 50 61 2.9971 0
109 50 68 2.9971 0
35 77 58 3.1234 0
58 50 58 3.1234 0
60 77 67 2.9971 0
114 77 62 2.9971 0
31 50 65 2.9971 0
47 61 56 2.464 0
54 57 71 2.464 0
58 72 71 2.464 0
30 58 56 2.464 0
29 72 56 2.464 0
111 61 56 2.464 0
94 53 56 2.5016 0
60 53 71 2.5016 0
62 56 56 2.464 0
49 70 56 2.464 0
64 71 71 2.464 0
62 71 56 2.464 0
20 68 56 2.464 0
70 69 71 2.464 0
121 76 65 2.3724 0
80 67 69 2.2863 0
42 76 58 2.1637 0
30 70 69 2.2863 0
5 61 69 2.1189 0
80 51 58 2.1637 0
17 76 64 2.0818 0
5 71 62 1.9412 0
115 51 65 1.9893 0
12 76 66 1.9893 0
69 51 64 1.9893 0
43 51 64 2.0084 0
87 76 61 1.9893 0
7 76 65 2.0253 0
102 51 61 1.9893 0
103 51 66 1.9893 0
76 51 62 1.9893 0
75 76 62 1.9893 0
11 51 62 1.9893 0
122 70 61 1.9412 0
5 53 63 1.9867 0
82 76 62 1.9893 0
104 76 62 1.9893 0
16 58 64 0.6278 0
109 69 63 0.8486 0
83 62 63 0.763 0
109 57 63 0.8486 0
88 68 57 1.4561 0
81 58 70 1.4561 0
17 65 63 0.685 0
112 69 70 1.4561 0
83 63 57 1.4561 0
93 71 57 1.4561 0
113 74 57 1.5126 0
86 68 68 1.2784 0
11 70 70 1.4561 0
42 58 63 0.8577 0
117 70 70 1.4561 0
81 62 69 1.5788 0
53 55 57 1.4561 0
26 55 70 1.4561 0
92 53 70 1.5126 0
114 58 70 1.4561 0
7 67 57 1.5018 0
34 62 57 1.4561 0
21 57 70 1.4561 0
42 60 57 1.4561 0
116 62 57 1.4561 0
99 53 57 1.5126 0
79 64 57 1.4561 0
65 67 57 1.4561 0
108 65 57 1.4561 0
57 56 57 1.4561 0
24 72 57 1.4561 0
27 54 57 1.4561 0
0
