128
0 0 0 86.8012 0
0 127 127 81.6052 0
127 127 0 74.1665 0
127 0 127 67.9775 0
115 103 109 36.2 0
110 29 34 29.7555 0
41 30 102 25.0623 0
47 92 41 21.0066 0
74 63 44 17.7036 0
126 66 70 17.4344 0
76 66 113 15.5237 0
82 125 77 13.2277 0
85 0 56 12.9082 0
66 12 75 12.0444 0
62 117 57 11.1245 0
27 53 78 9.5995 0
103 65 53 8.6328 0
26 74 57 8.9267 0
76 103 82 8.6771 0
76 36 53 8.6328 0
76 89 54 7.6249 0
49 62 54 7.6249 0
90 104 72 7.3652 0
56 60 100 7.2637 0
71 45 100 7.1831 0
75 89 96 6.9522 0
109 64 89 6.775 0
97 64 100 6.6667 0
79 20 55 6.617 0
70 28 86 6.3842 0
112 45 68 6.0994 0
63 103 69 6.2027 0
110 86 69 5.8964 0
53 28 72 5.8227 0
89 79 56 5.6092 0
61 44 56 5.6092 0
93 53 56 5.6092 0
73 103 56 5.6092 0
12 59 72 5.3677 0
9 73 58 5.3837 0
43 59 90 5.1587 0
102 95 69 4.8296 0
38 43 73 4.5963 0
57 73 57 4.6013 0
67 78 98 4.4844 0
79 26 78 4.3735 0
74 109 69 4.0919 0
110 52 78 4.2792 0
2 62 68 4.1629 0
83 12 70 3.876 0
83 79 98 3.7428 0
75 37 91 3.7939 0
30 67 72 3.7363 0
82 50 99 3.8391 0
68 23 58 3.5934 0
45 36 73 3.7686 0
109 54 58 3.7419 0
110 77 59 3.7148 0
89 43 58 3.5934 0
37 61 58 3.5934 0
58 54 58 3.5934 0
64 32 58 3.5934 0
88 90 58 3.5934 0
53 96 66 3.5747 0
62 29 78 3.5574 0
60 71 97 3.5779 0
91 69 58 3.5934 0
39 70 58 3.5934 0
63 80 58 3.5934 0
51 49 58 3.5934 0
66 95 58 3.5934 0
100 81 58 3.5934 0
71 13 59 3.5237 0
68 93 86 3.4876 0
89 56 99 3.456 0
105 37 67 3.4998 0
108 73 82 3.4311 0
96 12 62 3.439 0
65 97 78 3.3433 0
79 102 68 3.2801 0
90 73 98 3.2096 0
108 79 77 3.1893 0
17 69 66 3.1789 0
66 38 89 3.1334 0
36 63 81 3.1324 0
29 58 65 2.9356 0
36 82 63 2.8194 0
82 92 88 3.015 0
66 55 98 2.9547 0
76 122 60 2.9264 0
62 50 95 2.8158 0
87 96 81 2.8553 0
52 68 93 2.7931 0
71 79 59 2.5855 0
40 51 81 2.8165 0
86 31 59 2.5855 0
95 87 59 2.5855 0
80 78 59 2.5855 0
76 112 59 2.605 0
66 86 91 2.6523 0
83 101 59 2.587 0
102 50 59 2.5855 0
89 16 59 2.5855 0
44 53 59 2.5855 0
79 33 85 2.5689 0
46 75 59 2.5855 0
88 25 59 2.5855 0
97 74 59 2.5855 0
70 45 59 2.5855 0
66 87 59 2.5855 0
83 47 59 2.5855 0
76 48 59 2.5855 0
89 61 59 2.5855 0
59 65 59 2.5855 0
83 20 74 2.5099 0
32 74 68 2.5695 0
71 27 76 2.5024 0
60 98 61 2.5638 0
63 27 71 2.4109 0
102 56 90 2.4571 0
80 43 94 2.3784 0
101 31 68 2.4584 0
51 55 91 2.3129 0
100 70 92 2.3141 0
59 23 66 2.2604 0
106 55 84 2.3888 0
75 78 97 2.3365 0
64 44 92 2.3462 0
0
