128
127 127 127 68.0867 0
127 0 0 68.0891 0
0 127 0 68.089 0
0 0 127 68.0867 0
16 111 111 44.1525 0
111 16 111 44.1524 0
110 111 17 43.0439 0
16 17 17 43.0439 0
63 63 77 29.6223 0
94 62 45 13.3965 0
61 94 45 13.3965 0
64 32 45 13.3965 0
31 65 45 13.3965 0
60 0 49 12.4697 0
127 78 60 12.487 0
0 66 78 12.3192 0
66 0 78 12.3096 0
49 127 66 12.3089 0
127 49 66 12.2983 0
78 127 61 12.316 0
0 61 49 12.2995 0
63 112 80 10.9194 0
112 64 80 10.9192 0
45 13 63 10.2088 0
12 48 65 10.0722 0
12 79 62 10.0254 0
79 12 62 10.0248 0
59 23 80 9.6213 0
23 59 80 9.6213 0
117 60 50 8.4481 0
60 117 50 8.4483 0
84 42 50 8.3572 0
43 83 51 7.3493 0
80 85 51 7.3811 0
108 88 63 7.2864 0
88 108 64 7.287 0
39 108 63 7.287 0
108 39 63 7.2854 0
98 76 77 6.5977 0
77 100 77 6.5977 0
74 109 53 6.3277 0
42 43 52 6.3414 0
108 76 53 6.1384 0
75 28 76 5.5898 0
99 52 76 5.5898 0
26 75 76 5.5898 0
45 31 76 5.5898 0
31 45 76 5.5898 0
50 97 76 5.5898 0
82 27 53 5.3335 0
43 97 53 5.3335 0
29 83 53 5.3335 0
93 81 53 5.3335 0
91 23 61 5.1533 0
23 36 66 5.1655 0
23 91 61 5.1376 0
107 49 54 5.0733 0
49 107 54 5.0737 0
87 90 75 4.5819 0
110 76 68 4.5974 0
76 110 70 4.5977 0
48 108 73 4.5768 0
81 98 54 4.3257 0
47 26 54 4.3257 0
109 49 71 4.3329 0
97 45 54 4.3257 0
23 48 54 4.3293 0
55 111 62 4.0683 0
111 55 62 4.0591 0
60 17 55 4.0494 0
16 60 56 3.6983 0
35 25 68 3.8156 0
71 18 73 3.7679 0
39 88 74 3.5741 0
83 35 74 3.5741 0
94 43 74 3.5741 0
96 88 74 3.5741 0
37 37 74 3.5741 0
60 97 74 3.5741 0
34 81 74 3.5741 0
49 35 55 3.3178 0
30 18 63 3.2345 0
32 50 55 3.3178 0
93 33 55 3.3178 0
58 13 70 3.275 0
17 68 71 3.3232 0
32 92 55 3.3178 0
31 41 55 3.3178 0
40 32 55 3.3178 0
88 93 55 3.3178 0
71 112 63 3.22 0
34 25 60 3.1723 0
87 74 56 3.0264 0
83 22 72 2.9294 0
22 83 72 2.9302 0
57 5 65 2.7887 0
112 69 59 2.8749 0
68 19 56 2.7458 0
18 98 64 2.7757 0
98 18 64 2.7645 0
87 101 73 2.7541 0
18 29 63 2.7656 0
123 65 69 2.7488 0
68 96 73 2.6181 0
103 44 73 2.7147 0
100 93 69 2.6134 0
99 37 56 2.5524 0
94 100 69 2.5818 0
105 82 72 2.5638 0
96 61 73 2.66 0
39 53 56 2.5724 0
33 100 58 2.5177 0
41 96 73 2.5662 0
90 37 73 2.5662 0
109 99 63 2.5174 0
24 40 58 2.4741 0
109 28 64 2.4522 0
28 109 64 2.4514 0
99 109 63 2.4514 0
91 83 73 2.5662 0
65 15 70 2.5213 0
14 61 70 2.2478 0
54 22 56 2.3099 0
77 34 56 2.3099 0
107 66 56 2.3099 0
24 76 56 2.3099 0
18 68 57 2.3803 0
63 107 56 2.3099 0
0
