128
0 127 127 110.873 0
127 0 108 68.2583 0
127 120 0 67.6884 0
2 0 0 67.4849 0
105 17 6 36.0476 0
41 84 4 23.9528 0
46 15 75 19.4824 0
113 81 77 18.4668 0
70 17 47 15.6057 0
63 55 22 15.6047 0
105 52 45 14.8651 0
51 40 53 12.88 0
88 74 55 12.8265 0
83 39 55 9.8321 0
90 63 76 9.5956 0
50 19 105 9.0428 0
86 63 33 8.6237 0
68 33 67 8.2395 0
71 67 2 8.0072 0
30 65 29 7.8206 0
59 86 31 7.1502 0
38 53 41 7.0446 0
63 35 85 7.1391 0
56 107 23 6.8946 0
67 28 26 6.7406 0
75 87 44 6.7002 0
78 51 81 6.2952 0
81 56 49 6.2005 0
87 47 33 6.1895 0
53 73 33 5.9336 0
82 34 38 5.7966 0
57 37 34 5.5191 0
81 62 11 5.295 0
70 66 55 5.115 0
111 59 64 5.2371 0
67 82 20 4.8119 0
54 60 48 4.8732 0
43 61 27 4.7927 0
65 46 74 4.7133 0
76 64 65 4.6751 0
59 26 95 4.6314 0
73 39 43 4.4245 0
80 68 21 4.4156 0
102 65 63 4.4143 0
44 65 39 4.354 0
40 73 32 4.3159 0
93 49 61 4.2797 0
83 49 21 4.2824 0
72 84 32 4.2028 0
59 28 112 4.2153 0
69 97 38 4.1781 0
47 45 35 4.126 0
70 75 13 3.9 0
61 53 61 3.9648 0
76 35 29 3.9197 0
70 76 50 3.9337 0
77 53 37 3.9264 0
60 51 42 3.8659 0
82 44 70 3.7004 0
62 96 25 3.8392 0
56 70 43 3.7852 0
61 60 55 3.7023 0
71 54 72 3.6764 0
62 66 49 3.6746 0
83 76 37 3.6835 0
71 47 39 3.6586 0
75 56 58 3.3013 0
70 64 40 2.7535 0
64 106 33 3.1756 0
64 43 38 3.3115 0
59 99 32 3.3217 0
70 73 28 3.1638 0
72 42 82 3.1536 0
85 53 67 3.0257 0
68 39 51 3.2387 0
49 38 70 3.2259 0
62 33 103 3.1436 0
59 39 75 3.086 0
72 34 36 3.0772 0
62 113 31 3.0019 0
74 38 21 2.9824 0
73 42 33 3.0391 0
65 83 43 2.9842 0
58 79 40 2.9096 0
43 55 20 2.9687 0
49 28 95 2.8711 0
101 51 64 2.9014 0
74 41 14 2.889 0
56 37 69 2.8481 0
80 74 29 2.6771 0
86 52 58 2.8204 0
47 56 33 2.7772 0
83 49 42 2.7295 0
84 60 64 2.5517 0
54 48 38 2.6244 0
71 73 21 2.5765 0
58 76 25 2.5425 0
59 64 39 2.4024 0
89 47 68 2.3485 0
77 59 75 2.4816 0
68 50 51 0.8795 0
67 41 58 2.3026 0
66 90 39 2.4601 0
75 68 30 2.2846 0
79 56 67 2.3403 0
63 51 49 2.2932 0
75 67 48 2.3383 0
48 56 44 2.3652 0
99 55 70 2.1051 0
79 64 44 2.3094 0
78 46 30 2.3396 0
91 56 64 2.2117 0
61 50 68 2.2417 0
103 61 79 2.238 0
61 33 41 2.1986 0
46 48 28 2.2118 0
54 54 39 2.1533 0
73 37 77 2.03 0
35 55 31 2.0477 0
78 81 36 2.0612 0
96 60 65 2.1459 0
67 92 28 2.1736 0
70 74 39 0.6485 0
61 36 25 2.0939 0
78 38 71 1.9352 0
60 34 95 2.0004 0
66 61 61 1.9379 0
60 27 103 2.0463 0
0
