128
0 127 127 64.6593 0
121 5 6 55.5423 0
127 127 0 64.6308 0
0 0 0 64.6593 0
127 0 127 64.6308 0
5 121 6 55.559 0
5 6 121 55.559 0
121 122 121 55.5423 0
63 63 94 28.2786 0
64 65 33 28.2786 0
63 23 42 13.0234 0
63 21 85 13.0234 0
22 63 42 13.0234 0
63 105 85 13.0234 0
107 64 85 13.0234 0
107 63 42 13.0234 0
63 107 42 13.0234 0
0 63 82 12.1168 0
57 37 63 11.277 0
70 91 64 11.277 0
24 67 83 11.0077 0
85 127 64 10.1211 0
85 0 63 10.1211 0
127 42 63 10.1131 0
127 85 64 10.1131 0
0 42 64 10.0843 0
0 85 63 10.0843 0
42 0 64 10.0604 0
42 127 62 10.0604 0
69 0 48 9.9048 0
57 127 78 9.3053 0
0 57 49 9.2636 0
57 0 77 8.6718 0
127 70 51 8.1268 0
127 57 76 8.1268 0
70 127 51 8.1071 0
44 36 47 7.9841 0
74 35 73 7.3762 0
94 47 79 6.9762 0
80 35 48 7.1666 0
94 81 48 6.9762 0
85 89 79 6.9762 0
47 94 48 7.1666 0
81 96 48 7.008 0
34 82 48 6.9762 0
46 34 79 7.008 0
4 74 49 7.0724 0
34 83 79 6.9762 0
74 123 78 7.0456 0
33 45 79 6.9762 0
46 94 79 7.008 0
96 46 48 6.9762 0
74 3 77 6.8266 0
124 73 77 6.7066 0
124 54 50 6.7066 0
52 4 50 6.346 0
52 87 60 6.2377 0
75 45 62 6.2376 0
96 80 78 5.9683 0
35 48 49 5.9683 0
55 124 51 5.8868 0
20 50 78 5.9683 0
1 68 62 5.6966 0
68 1 65 5.6425 0
68 126 66 5.6426 0
81 103 77 4.9604 0
29 115 63 5.0304 0
29 12 64 5.0304 0
115 98 64 5.0064 0
115 29 63 5.0064 0
23 45 50 4.9604 0
12 29 64 5.0129 0
12 98 63 5.0129 0
11 77 77 4.9604 0
76 31 60 5.0947 0
98 115 64 4.9563 0
98 12 63 4.9563 0
54 97 67 5.069 0
48 12 77 4.9604 0
107 46 77 4.9604 0
80 17 77 4.9604 0
78 13 50 4.9604 0
85 27 77 4.9604 0
19 80 50 4.9604 0
46 20 50 4.9604 0
110 80 50 4.9604 0
80 110 50 4.9604 0
125 69 65 4.7802 0
125 58 62 4.7802 0
50 55 63 4.2219 0
50 73 64 4.2219 0
112 47 51 3.9526 0
77 69 64 4.2219 0
77 57 64 4.2219 0
50 84 71 4.2219 0
12 48 51 3.9526 0
20 83 76 3.9526 0
8 47 76 4.1622 0
83 23 51 3.9526 0
44 22 76 3.9526 0
113 79 76 3.9526 0
35 57 76 3.9526 0
94 35 76 3.9526 0
118 47 76 3.9742 0
44 108 76 3.9526 0
92 69 51 3.9526 0
57 3 62 3.8546 0
30 37 51 3.9526 0
92 35 51 3.9526 0
92 57 51 3.9526 0
81 113 76 3.9526 0
57 124 63 3.8546 0
91 61 76 3.9526 0
83 43 76 3.9526 0
36 70 51 3.9526 0
44 110 51 3.9526 0
92 70 76 3.9526 0
93 94 51 3.9526 0
47 117 76 3.9526 0
3 57 65 3.8127 0
105 19 63 3.8814 0
105 108 64 3.8814 0
19 105 63 3.867 0
19 22 64 3.867 0
57 99 57 3.7864 0
37 59 52 2.9447 0
78 78 69 3.214 0
78 78 60 3.214 0
0
