128
0 127 127 88.1829 0
0 0 0 88.1829 0
127 127 0 83.0207 0
127 0 127 83.0207 0
83 48 48 17.9111 0
84 79 79 17.9111 0
52 80 48 16.3503 0
52 47 79 16.3503 0
112 74 74 7.9472 0
109 53 53 7.9472 0
59 71 74 7.4793 0
75 55 73 7.1723 0
76 73 55 7.0481 0
58 54 54 6.6559 0
125 57 57 5.8515 0
63 64 62 5.9146 0
126 68 68 5.7877 0
31 55 71 5.518 0
31 72 56 5.518 0
89 70 57 5.083 0
89 57 70 5.083 0
46 67 71 4.4557 0
99 64 56 4.4557 0
47 59 56 4.4956 0
100 63 71 4.4557 0
98 55 64 3.9483 0
65 78 65 3.9284 0
68 49 65 3.7054 0
99 72 63 3.4828 0
40 65 57 3.4478 0
39 61 70 3.4478 0
41 55 63 3.2366 0
21 69 58 3.3441 0
21 58 69 3.3441 0
41 72 65 3.2366 0
110 64 58 2.4399 0
69 66 69 2.5111 0
116 63 58 2.4399 0
109 64 69 2.4399 0
33 63 58 2.4399 0
117 65 69 2.4399 0
54 63 58 2.4399 0
51 70 66 2.1461 0
52 57 62 2.0315 0
103 71 68 1.7887 0
67 75 59 1.7867 0
65 58 68 1.7487 0
62 52 63 1.5646 0
34 65 68 1.432 0
14 67 60 1.6299 0
14 60 67 1.6299 0
82 59 67 1.6417 0
122 66 60 1.6597 0
105 54 64 1.584 0
27 62 68 1.432 0
106 68 59 1.432 0
105 73 64 1.584 0
74 64 68 1.432 0
39 59 59 1.5323 0
52 64 68 1.432 0
66 53 59 1.4545 0
75 64 59 1.432 0
57 63 68 1.5429 0
117 54 60 1.4919 0
69 61 68 1.5353 0
107 59 68 1.432 0
93 64 68 1.432 0
92 63 59 1.432 0
71 63 59 1.432 0
26 64 59 1.432 0
105 67 68 1.432 0
101 58 59 1.4671 0
38 68 68 1.4344 0
67 72 68 1.432 0
81 68 62 1.432 0
105 62 59 1.432 0
95 68 65 1.432 0
93 59 62 1.432 0
30 65 68 1.432 0
122 62 64 1.452 0
49 65 59 1.432 0
34 56 63 1.3198 0
34 71 64 1.3198 0
117 58 59 1.432 0
112 60 68 1.432 0
68 58 59 1.432 0
77 68 63 1.432 0
81 65 59 1.432 0
119 73 66 1.2646 0
60 74 64 1.2329 0
110 73 64 1.2646 0
44 69 61 1.1382 0
10 66 61 1.2413 0
10 61 66 1.2413 0
47 69 64 1.1382 0
25 69 62 1.1669 0
25 58 65 1.1669 0
72 54 64 1.129 0
48 58 63 1.1382 0
72 73 64 1.129 0
45 58 65 1.1382 0
39 70 60 0.9394 0
58 54 63 1.1143 0
70 75 62 0.9992 0
55 71 64 0.9302 0
95 60 67 0.807 0
61 58 67 0.8579 0
77 60 64 0.9242 0
98 68 67 0.7709 0
78 63 67 0.9242 0
7 65 62 0.8613 0
7 62 65 0.8613 0
104 71 60 0.6975 0
47 61 67 0.9242 0
95 67 60 0.807 0
104 56 67 0.6975 0
96 60 60 0.7966 0
17 67 62 0.8117 0
17 60 65 0.8117 0
121 61 67 0.8212 0
103 56 61 0.727 0
116 60 67 0.9242 0
91 67 64 0.9242 0
114 67 60 0.9242 0
35 59 60 0.9242 0
68 71 60 0.9242 0
37 71 62 0.7125 0
37 56 66 0.7125 0
0
