128
127 127 127 93.8493 0
1 7 0 55.897 0
0 0 127 69.9858 0
127 0 0 62.5242 0
0 127 0 62.3571 0
99 98 0 38.3764 0
107 0 100 36.2795 0
29 77 71 28.0018 0
63 52 13 19.6726 0
55 0 54 19.178 0
91 48 56 17.163 0
36 35 57 14.6207 0
57 52 92 13.5312 0
68 123 36 13.1045 0
83 18 60 12.4506 0
74 35 111 12.0401 0
45 114 59 11.689 0
34 63 21 11.2993 0
56 82 22 10.7109 0
81 74 48 10.2025 0
67 62 70 10.2192 0
19 60 37 9.4854 0
65 11 80 9.3966 0
79 46 82 9.4695 0
96 59 30 9.39 0
61 23 23 9.2827 0
64 83 57 9.0581 0
65 45 44 7.6269 0
72 22 41 8.236 0
50 36 76 7.8974 0
53 50 69 6.8713 0
89 33 76 6.7853 0
53 21 71 6.7495 0
56 98 60 6.3427 0
61 99 26 6.3889 0
75 91 48 6.2116 0
56 36 36 6.1219 0
75 24 77 6.1261 0
33 53 45 6.0436 0
84 37 95 5.8981 0
66 10 32 5.7801 0
60 62 48 3.9697 0
80 107 40 5.7814 0
41 47 27 5.7593 0
73 73 27 5.5818 0
64 80 38 5.0772 0
64 47 58 5.2767 0
85 48 27 5.2722 0
67 18 94 5.1583 0
55 26 59 5.1421 0
41 100 48 5.1706 0
89 88 43 5.1538 0
49 84 44 5.0068 0
60 64 38 5.0468 0
44 20 43 4.9737 0
48 52 57 4.873 0
52 16 34 4.9232 0
66 99 53 4.7995 0
68 26 67 4.744 0
24 75 37 4.7869 0
59 68 57 4.6076 0
51 110 42 4.7141 0
57 100 39 4.0022 0
71 39 94 4.6487 0
61 116 52 4.5642 0
70 103 33 4.5165 0
84 39 36 4.3658 0
69 28 53 4.4989 0
70 19 105 4.4988 0
56 35 48 4.2858 0
72 32 28 4.3397 0
80 63 28 4.3758 0
50 68 28 4.2592 0
45 48 38 4.0856 0
42 76 28 4.2969 0
46 36 30 4.3063 0
53 74 48 4.3282 0
91 73 35 4.2132 0
64 28 95 4.151 0
81 61 40 4.06 0
32 69 39 4.0102 0
68 25 86 3.844 0
46 97 39 3.9964 0
41 77 40 3.846 0
74 63 56 3.7924 0
86 29 45 3.8488 0
70 83 30 3.581 0
55 59 61 3.6794 0
27 47 38 3.7378 0
51 95 31 3.4855 0
46 39 39 3.7243 0
68 109 50 3.6492 0
73 48 69 3.519 0
85 98 42 3.6367 0
54 35 64 3.6356 0
60 36 100 3.6052 0
66 106 41 3.5419 0
65 34 88 3.3274 0
57 21 43 3.5669 0
68 69 55 3.4895 0
44 57 50 3.4817 0
78 39 29 3.346 0
65 41 69 2.191 0
55 34 90 3.4535 0
75 25 97 3.4242 0
63 38 54 3.3225 0
63 55 37 3.3831 0
66 20 60 3.4124 0
52 75 36 2.8989 0
51 23 49 3.2624 0
68 39 33 3.2518 0
68 91 29 3.2414 0
49 92 50 3.2242 0
43 85 29 3.3202 0
38 63 43 3.1602 0
85 70 29 3.2363 0
59 109 29 3.2363 0
73 102 48 3.1999 0
31 76 30 3.1335 0
46 59 30 3.2083 0
57 24 86 3.2091 0
63 69 30 3.0863 0
54 56 43 2.2841 0
71 53 37 2.8893 0
28 52 30 3.0623 0
64 72 43 2.9437 0
76 40 70 2.9629 0
76 60 47 3.0173 0
0
