128
127 0 127 92.0296 0
0 127 0 56.4289 0
0 127 127 63.4486 0
127 127 0 56.4289 0
0 0 0 56.4289 0
96 33 0 41.4124 0
118 127 96 37.9664 0
19 45 77 33.0021 0
63 127 59 27.1729 0
63 84 20 21.2491 0
61 84 85 20.123 0
100 85 60 18.4665 0
30 92 59 16.9431 0
30 63 25 16.2966 0
63 6 39 15.2199 0
45 66 110 12.8814 0
50 40 29 12.1782 0
59 37 55 12.0162 0
70 86 54 10.9507 0
72 109 101 10.3134 0
93 77 31 10.1625 0
86 59 53 9.9903 0
42 17 51 9.7924 0
105 61 44 9.5228 0
85 92 103 9.5229 0
45 70 53 8.9911 0
64 56 33 8.1467 0
94 87 87 8.232 0
84 102 75 7.2915 0
37 85 34 7.1389 0
60 55 76 6.872 0
53 94 49 6.7807 0
50 54 49 6.7807 0
77 106 35 6.1422 0
49 106 35 6.1422 0
80 66 35 6.131 0
86 93 35 6.131 0
90 107 48 5.9257 0
28 71 47 5.9476 0
77 66 72 5.8595 0
73 26 48 5.7729 0
34 82 85 5.8258 0
55 55 63 5.5768 0
86 43 48 5.5904 0
27 43 38 5.4483 0
86 76 79 5.3747 0
69 50 65 5.4947 0
51 62 36 5.1231 0
47 21 36 5.1363 0
65 31 36 5.1231 0
76 71 48 4.9987 0
78 100 47 4.765 0
42 36 47 4.765 0
57 77 60 4.7125 0
80 104 88 4.7166 0
98 47 46 4.5486 0
55 81 49 4.5662 0
45 72 68 4.5174 0
27 80 40 4.4902 0
39 108 46 4.3876 0
78 92 67 4.3684 0
35 35 37 4.1152 0
80 17 43 4.0859 0
45 94 37 4.1152 0
91 61 37 4.1152 0
78 55 37 4.1152 0
44 74 37 4.1152 0
68 44 37 4.1152 0
80 72 58 4.0573 0
66 65 69 3.9979 0
83 32 46 3.7571 0
36 60 46 3.7571 0
41 47 46 3.7571 0
31 26 46 3.814 0
45 83 46 3.7571 0
55 23 46 3.7571 0
86 72 46 3.7571 0
78 56 65 3.5973 0
39 77 76 3.4779 0
78 48 59 3.5241 0
40 71 94 3.4415 0
71 57 72 3.2846 0
60 103 38 3.1074 0
31 71 101 3.3 0
28 34 42 3.2285 0
39 49 38 3.1074 0
47 65 92 3.1752 0
40 101 38 3.1074 0
96 91 38 3.1743 0
42 80 100 3.1704 0
55 26 38 3.1074 0
41 29 38 3.1074 0
72 24 38 3.1074 0
85 86 77 3.1803 0
81 82 38 3.1074 0
80 78 68 3.1354 0
69 67 38 3.1074 0
68 102 38 3.1074 0
46 53 38 3.1074 0
51 64 74 2.9654 0
32 76 93 2.9732 0
69 99 45 2.7492 0
38 81 94 2.9565 0
82 89 45 2.7492 0
53 70 66 2.9206 0
48 103 45 2.7492 0
87 96 45 2.7492 0
65 75 63 2.8544 0
75 39 44 1.4227 0
94 69 45 2.7492 0
87 98 85 2.857 0
85 71 69 2.8125 0
77 65 62 2.7256 0
48 43 45 2.7492 0
81 81 45 2.7492 0
63 96 45 2.7492 0
79 50 45 2.7492 0
53 61 82 2.6522 0
59 50 45 2.7492 0
39 78 45 2.7492 0
83 24 45 2.7492 0
64 25 45 2.7492 0
49 30 45 2.7492 0
91 34 45 2.7492 0
60 69 66 2.5641 0
72 35 45 2.5707 0
83 93 90 2.571 0
74 42 59 2.552 0
0
