128
0 127 0 73.1255 0
119 0 125 56.0935 0
127 127 127 70.1506 0
127 0 0 67.1622 0
0 0 127 61.7946 0
15 10 20 45.2884 0
16 104 113 42.208 0
109 104 21 38.7092 0
64 57 107 23.755 0
64 60 31 23.5303 0
62 111 67 17.9351 0
72 0 68 16.7415 0
0 49 66 14.9982 0
127 49 67 14.5951 0
87 54 70 9.4985 0
42 28 69 12.4641 0
101 57 90 11.7799 0
86 26 70 11.581 0
64 89 88 11.3368 0
37 48 84 10.9878 0
26 79 66 10.9189 0
127 78 61 10.8541 0
82 75 82 10.8258 0
100 60 44 10.6968 0
28 60 44 10.6014 0
100 81 65 10.6202 0
65 27 44 10.4279 0
62 22 95 10.2091 0
66 92 45 10.1812 0
46 73 81 9.9314 0
124 63 46 9.5336 0
62 39 71 9.4465 0
5 74 66 9.2431 0
123 56 90 8.565 0
9 59 88 8.458 0
110 32 68 8.3654 0
26 65 81 7.8652 0
48 7 74 7.9174 0
88 41 85 7.8188 0
87 44 47 7.4591 0
9 60 47 7.4043 0
68 85 66 7.0965 0
19 34 68 7.211 0
40 54 66 7.1631 0
42 75 48 6.895 0
36 99 67 6.7707 0
61 9 48 6.7838 0
76 30 87 6.7686 0
52 79 65 6.2931 0
54 53 77 6.4002 0
88 106 63 6.4032 0
86 74 48 6.4428 0
18 48 80 6.3383 0
52 37 85 6.3746 0
41 48 48 6.3996 0
104 57 70 6.1201 0
121 67 78 6.3308 0
71 52 77 6.1753 0
78 19 53 6.2486 0
26 58 64 6.0788 0
81 75 64 6.1047 0
107 70 77 5.9158 0
64 74 77 5.8152 0
51 8 59 5.7167 0
23 56 93 5.6661 0
63 41 55 5.6239 0
82 31 50 5.4268 0
50 89 49 5.3885 0
51 35 49 5.4183 0
69 20 80 5.0795 0
72 51 64 4.8112 0
99 36 77 5.016 0
114 52 51 4.9113 0
114 46 83 4.8361 0
58 13 82 4.7874 0
82 55 54 4.7004 0
48 64 63 4.6915 0
48 18 83 4.5617 0
75 80 50 4.5828 0
57 51 63 4.3347 0
72 32 62 4.3776 0
57 80 51 4.3666 0
42 83 70 4.4264 0
73 40 50 4.3807 0
14 68 76 4.3782 0
72 65 61 3.0591 0
71 64 78 4.2108 0
66 38 85 4.0951 0
58 85 73 4.0423 0
90 41 63 3.8375 0
95 97 64 4.0394 0
16 50 51 3.8835 0
80 64 62 4.0147 0
77 104 51 3.9694 0
98 74 51 3.9592 0
20 48 67 3.9739 0
82 101 72 3.9174 0
57 64 76 3.8787 0
36 43 62 3.8236 0
56 15 66 3.7494 0
113 73 68 3.8227 0
92 31 55 3.7666 0
47 57 54 3.6603 0
100 39 63 3.8155 0
101 64 62 3.6849 0
42 74 66 3.678 0
51 97 82 3.5976 0
81 91 62 2.1618 0
108 72 51 3.3728 0
96 71 76 3.5616 0
86 60 84 3.6165 0
23 73 52 3.6004 0
56 89 63 3.5369 0
64 30 82 3.4925 0
83 85 51 3.3716 0
27 51 72 3.4421 0
86 63 51 3.3728 0
52 24 51 3.3728 0
104 47 51 3.3716 0
30 46 51 3.3728 0
74 44 84 3.3843 0
52 99 51 3.4108 0
14 70 51 3.3728 0
41 63 51 3.3728 0
51 45 51 3.3728 0
79 84 70 3.3641 0
80 93 51 3.3716 0
93 41 71 3.2355 0
0
