128
0 0 0 73.3538 0
127 127 0 67.2833 0
127 0 127 64.244 0
0 127 127 62.6959 0
116 118 120 52.4484 0
12 121 16 47.8618 0
16 16 119 46.6733 0
120 13 16 46.6189 0
62 70 33 24.2304 0
122 65 66 22.3742 0
17 69 66 22.0479 0
67 62 113 21.067 0
68 0 65 19.4641 0
55 127 67 17.41 0
71 38 84 14.5402 0
68 73 74 12.8478 0
69 33 45 13.5374 0
60 92 93 13.5904 0
94 60 91 12.0797 0
64 107 45 11.5463 0
95 58 45 11.4635 0
82 114 65 10.9295 0
33 39 68 10.6169 0
40 75 92 10.5931 0
105 37 66 9.0849 0
91 75 75 9.0014 0
91 79 48 8.4398 0
49 96 68 5.4664 0
48 42 81 7.842 0
63 16 88 7.7449 0
49 56 66 5.6825 0
48 45 49 7.432 0
79 93 49 7.4325 0
42 9 70 7.1121 0
67 111 83 7.1995 0
49 105 79 7.0305 0
88 25 59 6.9564 0
46 105 58 6.9495 0
67 45 63 6.9152 0
25 100 66 6.7071 0
92 41 76 6.6314 0
111 93 65 6.5725 0
88 41 50 6.5212 0
39 84 50 6.4241 0
80 85 85 6.3683 0
94 9 64 6.2799 0
88 56 72 5.8329 0
50 51 93 6.0631 0
75 101 76 5.9022 0
41 59 99 5.8581 0
37 22 69 5.8113 0
32 59 89 5.6326 0
72 87 60 5.7554 0
71 28 65 5.7447 0
49 65 81 5.6736 0
35 51 51 5.6057 0
49 83 67 5.1059 0
52 93 51 5.4162 0
78 50 51 5.4162 0
88 91 64 3.4591 0
79 39 64 5.274 0
59 103 68 4.9457 0
103 48 80 5.0331 0
68 59 61 5.1428 0
76 58 84 4.9816 0
34 116 65 4.9184 0
91 93 55 4.8934 0
51 29 64 2.6381 0
79 73 58 4.7377 0
42 91 84 4.5195 0
100 107 65 4.8289 0
103 85 73 4.6609 0
74 99 64 4.6261 0
33 49 81 4.7353 0
79 19 79 4.5031 0
51 32 52 4.4085 0
40 62 52 4.4084 0
72 91 71 4.4484 0
95 72 61 4.3282 0
50 9 80 4.4821 0
55 69 90 4.3878 0
66 54 73 4.4092 0
88 54 60 4.3761 0
57 20 52 4.4084 0
82 16 52 4.4084 0
103 21 65 4.3212 0
101 45 54 4.2137 0
92 102 70 4.247 0
54 73 62 4.0609 0
62 23 73 4.0398 0
33 86 83 4.2192 0
52 30 84 4.1264 0
47 56 55 4.0301 0
40 102 68 3.9527 0
65 59 85 3.8729 0
29 91 76 3.9247 0
107 86 56 3.8478 0
30 90 55 3.8144 0
41 73 53 3.8458 0
53 76 83 3.7218 0
58 42 70 3.6995 0
64 92 53 3.4005 0
89 40 65 3.6109 0
47 55 83 3.6495 0
62 48 53 3.5632 0
82 104 53 3.5592 0
62 35 67 3.4327 0
79 82 54 3.5486 0
52 55 76 3.4624 0
81 60 53 3.4005 0
103 79 53 3.4874 0
85 68 53 3.4005 0
51 71 70 3.2952 0
42 94 53 3.4005 0
41 29 76 3.3627 0
42 70 75 3.2153 0
40 112 75 3.1411 0
60 79 60 3.1686 0
87 13 73 3.175 0
96 91 66 2.8327 0
94 40 59 3.1028 0
41 37 55 2.8685 0
85 46 69 2.9002 0
48 12 61 3.0434 0
87 91 79 2.8108 0
51 20 77 1.5784 0
83 52 80 2.8485 0
85 65 69 2.9081 0
0
