128
127 0 127 79.3748 0
0 127 127 76.0694 0
0 0 0 64.1585 0
127 127 0 62.7097 0
20 108 8 44.7249 0
6 10 107 41.6089 0
104 25 10 41.0814 0
106 109 95 35.0184 0
51 26 64 20.4037 0
66 109 55 19.94 0
69 71 27 18.1111 0
49 51 97 17.5148 0
127 61 51 17.0166 0
0 69 53 16.8481 0
72 60 75 13.7417 0
37 60 69 13.1002 0
39 59 34 12.5463 0
69 78 95 12.2084 0
58 39 34 11.3194 0
57 84 74 11.0285 0
88 84 59 10.9395 0
102 63 66 10.6918 0
4 42 64 10.4206 0
81 35 57 9.9081 0
12 58 76 9.5182 0
55 70 57 9.4111 0
96 69 36 9.1333 0
118 85 59 8.6823 0
23 36 60 8.183 0
104 47 55 7.7515 0
40 97 57 7.6535 0
71 60 52 7.3489 0
25 74 57 6.8399 0
19 63 38 7.0553 0
54 86 43 6.8678 0
24 55 90 6.9154 0
83 91 42 6.8755 0
85 65 58 6.6161 0
77 85 74 6.6393 0
31 41 77 6.5795 0
73 49 40 6.4955 0
19 87 56 6.4304 0
37 43 46 6.3156 0
68 46 55 6.1316 0
51 74 88 5.8464 0
104 58 45 5.9071 0
114 74 73 5.6961 0
84 74 84 5.7334 0
104 91 56 5.7225 0
51 87 57 5.4458 0
106 70 81 5.1123 0
86 57 40 5.0029 0
44 76 40 5.0043 0
86 78 43 4.7326 0
95 75 75 4.6116 0
84 68 46 4.6418 0
32 47 56 4.5193 0
33 63 51 4.3845 0
19 63 63 4.3093 0
43 90 68 4.2843 0
26 76 69 4.2626 0
19 40 73 4.1553 0
93 43 62 4.2513 0
32 87 55 4.2665 0
37 54 51 4.2675 0
24 72 45 4.1529 0
95 66 51 4.0171 0
43 63 51 4.1468 0
74 71 58 4.0511 0
94 84 41 4.1673 0
110 72 41 3.995 0
24 51 41 3.9965 0
41 70 85 4.0342 0
91 56 75 4.0393 0
56 58 41 3.9965 0
7 48 50 3.9116 0
40 71 55 3.9422 0
81 45 68 3.889 0
60 45 78 3.6717 0
41 85 54 3.7191 0
106 72 54 3.6666 0
77 50 60 3.4696 0
72 87 64 3.5649 0
61 85 58 3.4715 0
51 66 44 3.5429 0
53 57 76 3.3986 0
96 90 47 3.4204 0
94 40 52 3.3587 0
34 74 42 2.9886 0
42 48 56 3.1625 0
55 60 68 3.1153 0
10 54 42 3.154 0
46 73 79 3.056 0
48 48 75 3.0838 0
13 50 55 3.0868 0
26 51 79 3.0225 0
72 89 42 2.993 0
81 74 68 3.0291 0
52 74 44 3.0532 0
65 87 42 2.993 0
91 73 49 2.9486 0
63 52 42 2.9886 0
21 66 50 2.9462 0
52 51 42 2.9886 0
112 74 63 2.8152 0
62 48 63 3.0032 0
14 41 53 2.8882 0
103 81 42 2.9871 0
35 90 65 2.9422 0
31 44 66 2.8602 0
47 74 67 2.9606 0
13 54 61 2.8825 0
55 48 54 2.869 0
28 39 49 2.9071 0
97 49 66 2.8645 0
25 82 49 2.8254 0
25 46 84 2.8881 0
29 92 61 2.7146 0
98 57 53 2.6194 0
99 80 69 2.5751 0
45 90 47 2.7547 0
102 85 64 2.6506 0
65 54 60 2.7446 0
12 44 76 2.5384 0
110 81 68 2.7061 0
61 64 47 2.6825 0
76 45 49 2.576 0
58 82 52 2.594 0
0
