128
62 63 116 31.0171 0
127 127 0 55.5526 0
0 0 0 55.555 0
0 127 0 55.5558 0
127 0 0 55.5544 0
127 127 127 59.2651 0
0 127 127 57.5056 0
127 0 127 56.5255 0
0 0 127 56.5153 0
63 63 9 32.2049 0
63 2 63 9.3234 0
6 64 63 8.9864 0
127 62 87 16.0205 0
0 37 63 15.7945 0
127 37 63 15.7981 0
127 63 36 15.9773 0
0 64 36 15.976 0
90 0 63 15.7227 0
0 63 89 15.6723 0
37 0 63 15.7212 0
0 89 63 15.5204 0
38 127 63 15.3357 0
127 88 61 15.3017 0
88 127 61 14.9677 0
63 0 33 14.0838 0
64 109 27 14.0632 0
63 20 100 13.6443 0
62 127 90 13.5112 0
100 69 94 11.4969 0
55 0 85 11.3407 0
64 101 95 11.385 0
101 72 30 11.0395 0
59 127 45 10.5208 0
25 54 31 10.0317 0
74 26 31 10.0317 0
27 53 95 9.916 0
19 108 61 9.7959 0
109 107 61 9.8144 0
29 74 32 9.0238 0
54 28 32 9.0238 0
101 51 32 9.0238 0
95 48 93 8.8302 0
23 73 94 8.8241 0
64 99 60 3.3128 0
76 3 84 8.6324 0
63 125 65 8.3522 0
21 19 67 8.3903 0
106 19 67 8.391 0
82 35 94 8.295 0
47 94 33 8.0209 0
87 87 33 8.0159 0
120 61 62 7.9802 0
87 85 91 7.686 0
46 92 93 7.7065 0
40 39 93 7.5727 0
87 100 72 4.3375 0
77 122 40 7.0223 0
87 41 34 7.008 0
40 100 53 4.3413 0
39 37 34 7.0081 0
87 100 53 4.3375 0
40 100 69 4.3414 0
81 7 43 5.9794 0
72 91 35 6.0002 0
82 101 36 5.6408 0
80 120 81 5.6856 0
38 78 91 5.7236 0
81 99 88 5.4073 0
45 8 42 5.335 0
45 119 82 5.3235 0
109 27 54 5.1552 0
110 47 88 5.1394 0
27 18 53 5.1605 0
100 18 53 5.1569 0
18 27 53 5.1563 0
45 26 91 5.1292 0
50 111 89 5.0492 0
43 118 44 5.0469 0
34 89 36 4.9923 0
42 81 36 4.9923 0
63 100 50 4.7079 0
10 83 82 4.9585 0
53 35 91 4.9612 0
117 82 41 4.9714 0
117 42 44 4.9602 0
10 45 41 4.97 0
10 85 44 4.9589 0
10 45 82 4.9513 0
117 80 79 4.953 0
36 66 90 4.8726 0
29 110 73 4.7211 0
17 98 73 4.7195 0
74 88 89 4.7426 0
63 100 69 4.7079 0
33 88 90 4.4822 0
111 96 72 4.3694 0
40 100 79 4.3414 0
96 111 51 4.3738 0
96 111 71 4.3738 0
40 100 43 4.3413 0
70 7 50 4.2827 0
111 96 50 4.3694 0
16 96 50 4.3699 0
31 111 50 4.3692 0
40 11 81 4.3392 0
116 40 81 4.3378 0
53 7 51 4.3066 0
110 30 75 4.128 0
84 72 88 4.1428 0
78 111 87 4.3121 0
88 56 37 3.9844 0
37 62 37 3.9844 0
54 120 74 4.1067 0
17 30 74 4.127 0
94 15 77 4.1099 0
45 109 37 3.9845 0
88 29 37 3.9844 0
60 93 37 4.056 0
104 83 86 4.0849 0
80 15 90 4.0665 0
15 79 37 4.0039 0
116 70 53 3.947 0
100 87 37 3.9844 0
27 40 37 3.9845 0
11 55 73 3.9453 0
50 42 37 3.9844 0
67 38 37 3.9844 0
72 120 51 3.9478 0
0
