128
127 127 127 83.2491 0
0 0 127 83.2516 0
0 127 57 60.5984 0
127 0 57 60.5954 0
0 22 0 44.1325 0
108 125 0 44.1798 0
64 64 0 20.2043 0
67 16 0 21.9951 0
109 58 0 21.0743 0
57 38 49 18.2678 0
88 73 49 18.2678 0
50 101 2 16.9306 0
25 54 46 16.0771 0
29 75 3 15.3401 0
72 104 44 14.8203 0
48 79 92 14.3333 0
79 48 92 14.3296 0
43 66 67 13.0542 0
65 83 68 11.95 0
56 81 45 11.4261 0
109 75 28 10.4841 0
48 20 27 9.7289 0
77 53 67 9.4751 0
89 37 10 8.3781 0
60 48 75 8.2592 0
19 67 25 8.1709 0
48 62 39 7.9316 0
66 20 31 7.409 0
80 48 38 7.1812 0
48 42 11 7.228 0
88 76 11 7.228 0
59 107 25 7.2585 0
78 67 78 7.275 0
53 74 118 7.2102 0
74 53 118 7.2069 0
39 56 12 6.2202 0
76 86 12 6.2202 0
38 74 37 6.1733 0
35 36 35 6.1268 0
104 59 33 5.6294 0
51 60 84 5.3219 0
63 64 126 5.0791 0
83 50 13 5.2123 0
64 41 13 5.2133 0
89 93 34 4.9627 0
64 63 49 4.0042 0
68 75 84 4.6828 0
63 63 36 4.0003 0
64 64 26 4.719 0
69 96 14 4.3787 0
49 81 14 4.2044 0
72 85 35 4.1576 0
97 86 31 4.3236 0
92 52 35 4.1576 0
55 98 35 4.2933 0
69 75 35 4.1576 0
76 36 35 4.1576 0
86 64 14 4.2045 0
74 44 14 4.2046 0
47 29 15 4.1628 0
61 86 14 4.2044 0
75 59 35 4.1576 0
52 61 52 4.1013 0
76 25 24 3.9817 0
72 56 53 3.6618 0
99 79 16 3.7032 0
102 52 25 3.6819 0
68 53 35 3.7536 0
71 103 24 3.7069 0
74 59 107 3.7544 0
53 68 107 3.7525 0
59 53 87 3.7502 0
72 56 43 3.6617 0
28 71 34 3.5293 0
37 89 15 3.4875 0
60 74 106 3.3932 0
44 84 34 3.1497 0
43 49 34 3.1497 0
67 53 107 3.3947 0
83 29 18 3.3975 0
74 67 89 3.3947 0
74 67 67 3.3937 0
28 59 15 3.2453 0
77 36 15 3.1966 0
45 68 15 3.1966 0
49 90 34 3.1497 0
63 90 34 3.1497 0
98 44 19 3.1661 0
80 88 34 3.1497 0
66 74 93 3.1162 0
27 79 22 3.152 0
57 72 58 3.0254 0
57 55 34 3.0247 0
48 73 34 3.1497 0
57 72 77 3.0258 0
57 55 65 3.0244 0
40 32 26 2.7921 0
25 55 25 2.9238 0
74 28 33 2.9577 0
49 100 23 2.7694 0
64 53 64 2.8355 0
92 49 16 2.7722 0
97 84 23 2.7662 0
36 48 27 1.2799 0
54 60 93 2.4467 0
88 84 22 1.253 0
58 32 24 1.2857 0
73 67 34 2.4436 0
39 84 23 1.253 0
31 85 19 2.5005 0
66 32 25 1.2857 0
60 54 95 2.443 0
67 73 55 2.4447 0
72 58 79 2.4444 0
39 45 16 2.444 0
92 77 24 1.2169 0
56 33 16 2.2576 0
90 46 24 1.1449 0
66 102 18 2.4137 0
44 32 32 2.1547 0
90 57 16 2.1887 0
78 75 16 2.1887 0
67 95 26 1.2857 0
60 25 23 2.1494 0
39 65 16 2.1887 0
57 71 34 2.2436 0
68 82 16 2.1887 0
36 64 33 2.1418 0
0
