128
127 127 127 66.5153 0
4 4 1 58.2071 0
0 0 127 66.5153 0
0 127 0 63.4981 0
127 0 0 63.4946 0
123 123 1 58.2038 0
120 7 117 52.4948 0
7 120 117 52.4948 0
65 62 98 26.2054 0
63 63 0 17.8415 0
63 63 34 14.5427 0
66 127 48 14.5077 0
127 66 48 14.507 0
61 0 48 14.5077 0
0 61 48 14.507 0
66 0 79 12.8179 0
61 127 79 12.8179 0
127 61 79 12.8127 0
0 66 79 12.8127 0
62 100 88 11.5702 0
27 65 88 11.57 0
64 24 88 11.0456 0
103 62 87 10.5622 0
63 59 60 10.6972 0
86 0 63 10.1003 0
127 41 63 10.1003 0
0 86 63 10.1003 0
41 127 63 10.1003 0
2 40 61 9.2298 0
125 87 61 9.2298 0
87 125 61 9.2298 0
40 2 61 9.2298 0
64 109 32 8.4446 0
63 18 32 8.4446 0
109 64 32 8.4434 0
18 63 32 8.4434 0
91 63 6 8.058 0
36 64 6 8.058 0
64 91 6 8.058 0
63 36 6 8.058 0
89 68 51 3.7447 0
78 90 83 6.5307 0
46 86 83 6.5307 0
89 81 83 6.5307 0
37 49 83 6.3392 0
48 35 83 6.3859 0
92 48 83 6.2069 0
29 65 20 6.0401 0
65 98 20 6.0401 0
62 29 20 6.0401 0
98 62 20 6.0401 0
80 36 83 6.0114 0
89 70 34 3.2136 0
116 47 51 5.6911 0
80 11 51 5.691 0
11 80 51 5.6911 0
47 116 51 5.691 0
13 29 61 5.1833 0
114 98 61 5.1833 0
29 13 61 5.1832 0
98 114 61 5.1832 0
91 55 62 1.6413 0
44 13 51 4.9523 0
83 114 51 4.9523 0
13 44 51 4.9518 0
114 83 51 4.9518 0
48 7 73 5.0078 0
79 120 73 5.0078 0
120 79 73 5.0049 0
7 48 73 5.0049 0
98 12 63 4.8749 0
12 98 63 4.8749 0
115 29 63 4.8749 0
29 115 63 4.8749 0
63 74 52 4.6689 0
15 53 80 4.8071 0
112 74 80 4.8071 0
63 74 68 4.6691 0
74 112 80 4.8054 0
54 111 43 4.6942 0
73 16 43 4.6942 0
111 54 43 4.6942 0
16 73 43 4.6942 0
51 111 80 4.6198 0
16 76 80 4.6192 0
75 109 41 4.5637 0
52 18 41 4.5637 0
109 75 41 4.561 0
18 52 41 4.561 0
90 57 33 2.51 0
101 77 81 4.5149 0
37 77 81 4.5149 0
21 21 61 4.3084 0
106 106 61 4.3081 0
53 14 79 4.3135 0
73 69 68 4.1906 0
54 69 51 4.1978 0
54 69 69 4.1957 0
77 15 79 4.1965 0
112 50 79 4.1953 0
53 83 6 4.0938 0
89 59 47 3.6814 0
83 74 6 4.0938 0
10 81 74 4.0802 0
46 117 74 4.0726 0
89 66 60 3.8872 0
75 82 6 3.9122 0
105 20 62 3.7447 0
82 52 6 3.9122 0
21 106 62 3.7448 0
74 43 7 3.8506 0
89 58 56 3.8238 0
90 14 56 3.8174 0
113 37 56 3.8159 0
37 113 56 3.8174 0
14 90 56 3.8159 0
71 72 57 3.8377 0
124 73 66 3.725 0
3 54 66 3.725 0
54 3 66 3.725 0
73 124 66 3.725 0
79 25 80 3.507 0
90 69 80 3.507 0
44 75 7 3.5751 0
26 48 80 3.507 0
103 48 80 3.507 0
73 70 19 3.6598 0
89 69 42 3.6022 0
0
