128
127 127 127 93.4716 0
0 0 65 70.3658 0
0 127 0 63.0165 0
127 0 0 63.0165 0
113 100 0 35.7946 0
24 69 127 23.5476 0
85 38 64 21.2728 0
39 85 64 20.9916 0
56 40 122 17.8906 0
71 106 33 16.4176 0
64 68 0 13.473 0
51 29 0 15.8661 0
100 66 39 15.7898 0
28 52 1 15.3938 0
67 42 93 12.0664 0
40 69 94 11.9333 0
65 46 38 11.4794 0
34 69 36 10.5392 0
67 94 4 9.7579 0
80 84 45 9.1302 0
88 62 5 8.4336 0
71 46 5 8.4336 0
50 88 35 8.2553 0
65 27 27 8.0492 0
43 70 6 7.4257 0
85 48 33 7.3801 0
63 87 47 7.1568 0
84 68 57 6.6115 0
50 54 7 6.4179 0
56 71 82 6.3281 0
55 59 105 6.1924 0
29 66 19 5.9407 0
69 81 59 5.9709 0
53 55 92 5.8481 0
85 87 30 5.5719 0
61 47 76 5.635 0
59 49 59 5.393 0
54 84 8 5.41 0
97 60 18 5.0387 0
49 49 31 5.0103 0
79 56 42 4.9352 0
43 62 50 4.8075 0
48 63 77 4.7275 0
37 49 110 4.7358 0
49 49 101 4.5662 0
64 76 70 4.5417 0
40 55 30 4.3565 0
76 80 9 4.4021 0
32 54 22 4.2508 0
54 32 21 4.2508 0
76 35 29 4.2955 0
52 53 50 4.2488 0
67 31 14 4.0358 0
59 96 18 4.1335 0
79 64 68 3.8862 0
39 42 15 3.9241 0
45 62 109 3.8984 0
76 54 84 3.5647 0
75 56 30 3.7359 0
75 85 32 3.6565 0
83 77 33 3.533 0
55 53 70 3.6537 0
52 52 80 3.6048 0
76 58 10 3.3943 0
58 46 10 3.3943 0
36 55 102 3.5206 0
56 66 97 3.4743 0
83 51 10 3.3943 0
79 70 10 3.3943 0
75 73 63 3.2867 0
55 36 29 3.3951 0
41 81 29 3.361 0
65 55 103 3.4303 0
51 59 29 2.9542 0
52 55 41 3.3145 0
78 92 19 3.3119 0
47 76 41 3.1171 0
83 59 29 3.3486 0
66 59 29 3.3486 0
95 69 19 3.2301 0
67 86 36 3.108 0
46 37 19 2.965 0
61 88 29 3.0298 0
91 79 26 2.9974 0
82 71 46 3.0581 0
78 60 75 2.9656 0
55 94 25 2.9941 0
64 54 52 2.7797 0
76 75 55 2.8865 0
52 56 58 2.7687 0
93 52 25 2.9056 0
70 51 80 2.7377 0
46 61 68 2.5864 0
42 58 41 2.7654 0
83 62 48 2.7952 0
43 61 59 2.7938 0
71 57 89 2.7581 0
48 60 116 2.6756 0
62 54 11 2.3864 0
53 80 44 2.6098 0
34 74 22 2.6136 0
37 47 21 2.4857 0
68 82 11 2.3864 0
50 61 85 2.4822 0
47 45 11 2.3864 0
46 77 33 2.4964 0
65 70 78 2.518 0
72 71 70 2.4858 0
77 88 11 2.3864 0
62 81 11 2.3864 0
43 60 11 2.3864 0
70 94 17 2.4099 0
47 79 11 2.3864 0
55 64 90 2.401 0
53 75 11 2.3864 0
67 53 72 2.4304 0
75 56 50 2.3575 0
41 52 98 2.3859 0
34 71 12 2.4215 0
50 63 11 2.3864 0
76 44 28 2.3407 0
84 76 11 2.3864 0
69 56 11 2.3864 0
64 38 11 2.3864 0
46 70 46 2.3401 0
42 59 81 2.2951 0
43 53 37 2.335 0
54 43 28 2.3407 0
0
