128
64 64 114 31.7588 0
0 0 0 56.3264 0
127 127 0 56.3264 0
0 127 0 56.3264 0
127 0 0 56.3264 0
0 0 127 56.7787 0
127 0 127 56.7787 0
0 127 127 56.7787 0
127 127 127 56.7798 0
63 64 11 32.007 0
0 91 63 14.9285 0
0 36 63 14.9285 0
36 0 63 14.9284 0
127 36 63 14.9284 0
127 91 63 14.9284 0
91 127 63 14.9284 0
91 0 63 14.9284 0
36 127 63 14.9284 0
0 63 93 13.5669 0
63 0 93 13.5669 0
63 127 93 13.5669 0
127 64 93 13.5669 0
108 64 27 13.5431 0
19 64 27 13.5431 0
64 19 27 13.5418 0
63 108 27 13.5418 0
61 93 63 6.213 0
35 72 63 6.3526 0
91 75 62 6.4144 0
63 63 57 10.3514 0
82 40 70 6.5305 0
54 127 41 10.4737 0
0 54 41 10.4737 0
127 73 41 10.4737 0
54 0 41 10.4736 0
48 38 54 6.4154 0
103 57 96 9.8076 0
67 24 96 9.8076 0
26 71 96 9.8284 0
71 102 96 9.8076 0
126 52 43 9.3886 0
1 75 43 9.3886 0
75 1 43 9.3885 0
75 126 43 9.3885 0
127 61 69 9.2343 0
66 0 69 9.2343 0
0 61 69 9.2343 0
61 127 69 9.2343 0
48 38 78 6.4154 0
108 108 65 8.6128 0
19 19 63 8.6129 0
19 108 63 8.6129 0
108 19 63 8.6128 0
29 51 95 8.7997 0
49 31 94 8.4169 0
83 36 34 8.1616 0
97 78 94 8.1242 0
52 99 94 7.9314 0
45 35 34 7.967 0
93 81 34 7.8028 0
33 81 33 7.6434 0
87 39 92 7.4883 0
32 47 33 7.424 0
82 93 33 7.424 0
45 94 33 7.424 0
82 40 54 6.5305 0
61 93 79 6.213 0
91 75 78 6.4144 0
85 91 93 6.7839 0
37 86 93 6.7839 0
35 72 78 6.3526 0
95 47 34 6.4162 0
63 59 75 6.4945 0
91 75 48 6.4144 0
35 72 49 6.3526 0
61 93 42 6.243 0
121 46 83 5.7784 0
81 6 83 5.7783 0
6 81 83 5.7782 0
81 121 83 5.7783 0
121 81 83 5.7784 0
46 6 83 5.7783 0
46 121 83 5.7782 0
6 46 83 5.7782 0
4 64 54 5.1304 0
64 123 54 5.1303 0
64 4 54 5.1302 0
123 63 54 5.1301 0
41 43 91 5.1218 0
44 39 66 4.6996 0
82 25 91 4.7796 0
49 15 91 4.8086 0
15 49 91 4.808 0
112 78 91 4.808 0
36 66 38 4.5816 0
91 68 37 4.6654 0
81 22 36 4.4618 0
47 21 36 4.4144 0
80 106 36 4.4144 0
19 47 36 4.4004 0
29 16 74 4.3524 0
29 111 74 4.3523 0
98 16 74 4.3523 0
111 29 74 4.3522 0
16 98 74 4.3522 0
16 29 74 4.3522 0
62 36 36 4.4004 0
110 99 53 4.1398 0
107 81 36 4.4004 0
107 46 36 4.4004 0
46 107 36 4.4004 0
20 81 36 4.4004 0
65 70 71 4.3327 0
99 110 54 4.1398 0
74 121 74 4.0947 0
53 6 74 4.0947 0
79 40 82 4.1378 0
42 118 46 4.1968 0
42 9 46 4.1967 0
118 85 46 4.1967 0
9 42 46 4.1967 0
121 74 72 4.0947 0
6 74 72 4.0947 0
10 87 46 4.0786 0
117 40 46 4.0785 0
87 117 46 4.0785 0
87 10 46 4.0784 0
14 78 90 3.9976 0
0
