128
0 127 127 105.273 0
127 0 0 53.5077 0
127 0 127 55.6343 0
127 127 0 53.5264 0
0 0 0 52.9081 0
47 1 79 36.445 0
78 53 45 28.8972 0
9 82 0 28.4675 0
127 117 83 28.1996 0
48 118 6 23.6836 0
119 77 114 21.7682 0
63 63 0 17.8228 0
92 54 90 16.6383 0
34 41 46 15.4684 0
127 64 30 15.143 0
97 64 0 14.998 0
63 28 1 14.8551 0
63 1 28 14.7632 0
98 83 71 14.5518 0
127 31 62 14.4216 0
96 0 62 14.2001 0
42 72 29 13.5147 0
78 96 42 13.0962 0
127 87 53 11.6973 0
89 28 77 11.2709 0
127 56 88 11.2104 0
4 57 32 11.2338 0
94 123 57 10.9378 0
71 124 34 10.6422 0
72 92 3 10.3412 0
57 92 30 10.3777 0
127 77 80 9.8363 0
36 53 3 9.8769 0
45 49 24 9.0007 0
99 86 46 8.9586 0
109 61 68 8.9148 0
127 54 53 8.2269 0
80 3 45 8.2416 0
82 44 4 8.1658 0
52 26 38 8.1764 0
74 84 23 8.0342 0
105 43 70 8.0526 0
47 85 4 7.9625 0
89 103 60 7.6646 0
24 61 37 7.6143 0
109 18 68 7.3525 0
109 72 54 7.2338 0
103 91 92 7.1793 0
127 70 63 6.8999 0
108 56 19 6.6481 0
108 71 19 6.6518 0
120 42 44 6.719 0
84 20 60 6.6447 0
126 53 69 6.5913 0
92 84 31 6.6084 0
111 104 54 6.1913 0
45 39 8 6.1722 0
54 35 25 6.0061 0
24 53 15 6.0189 0
73 110 22 6.0303 0
65 19 43 5.8387 0
73 20 19 5.9224 0
85 81 7 5.9478 0
120 41 80 5.783 0
54 20 19 5.7666 0
61 76 22 5.5786 0
109 68 82 5.6531 0
31 99 23 5.5268 0
104 17 53 5.5318 0
85 118 42 5.3597 0
104 76 90 5.3027 0
96 105 72 5.3472 0
77 18 49 5.1622 0
98 28 62 5.214 0
45 10 37 5.1526 0
117 81 38 5.0374 0
111 51 57 4.9785 0
30 52 28 4.943 0
114 54 99 4.8956 0
106 74 40 4.6917 0
40 68 6 4.7974 0
37 20 41 4.8206 0
62 106 37 4.6957 0
123 70 50 4.5423 0
86 77 21 4.5249 0
15 70 32 4.5595 0
80 12 34 4.5412 0
14 44 36 4.5776 0
39 91 29 4.5231 0
105 36 58 4.5199 0
81 111 53 4.4815 0
38 92 15 4.4706 0
111 27 50 4.4787 0
59 43 18 4.4249 0
116 85 88 4.4035 0
77 100 16 4.4383 0
120 87 69 4.3716 0
92 12 46 4.3483 0
64 25 31 4.3788 0
98 50 15 4.2318 0
80 33 13 4.3116 0
112 50 29 4.2841 0
112 60 51 4.2304 0
101 110 50 4.2504 0
100 75 31 4.1682 0
42 34 28 4.0481 0
97 78 15 3.9033 0
101 97 57 3.9113 0
95 100 48 3.9232 0
103 110 60 4.0242 0
112 28 75 3.9608 0
103 37 82 3.9973 0
111 78 29 3.7222 0
48 30 15 3.7169 0
49 15 29 3.9709 0
18 49 25 3.8583 0
92 23 52 3.826 0
57 116 33 3.8394 0
111 53 79 3.8319 0
98 15 74 3.8164 0
18 58 23 3.6466 0
24 74 32 3.7961 0
113 95 48 3.808 0
58 90 9 3.6204 0
52 84 18 3.6716 0
110 64 43 3.5531 0
62 85 17 3.6311 0
53 60 20 3.6295 0
0
