128
0 127 0 72.2721 0
119 0 127 54.4831 0
127 0 0 71.7105 0
127 127 127 57.6994 0
0 0 127 59.4878 0
11 127 127 54.0373 0
119 119 21 47.6653 0
10 10 22 45.2864 0
125 63 74 24.1346 0
70 68 39 24.1168 0
0 67 79 21.715 0
67 127 74 21.3299 0
63 0 74 20.6795 0
79 64 126 19.7846 0
61 29 49 14.0381 0
32 62 49 14.0381 0
44 67 127 13.4256 0
61 38 115 12.3545 0
67 94 110 11.7101 0
101 60 103 11.2569 0
69 102 52 11.0145 0
66 24 95 10.1854 0
18 65 108 9.3382 0
98 55 54 8.9987 0
100 75 54 8.9987 0
12 39 71 8.6962 0
58 103 92 8.2348 0
109 93 71 8.0086 0
109 33 72 8.0086 0
39 114 71 7.8978 0
82 39 55 7.9909 0
51 93 55 7.9909 0
42 41 55 7.9909 0
36 12 70 7.9825 0
76 103 91 7.6744 0
90 13 72 7.6426 0
14 95 73 7.653 0
93 113 72 7.2326 0
15 50 58 6.8871 0
85 91 56 6.983 0
37 83 56 6.983 0
49 22 86 6.8754 0
52 82 114 6.6044 0
103 76 93 6.3541 0
81 21 83 6.1475 0
44 49 116 6.1677 0
52 108 57 6.0521 0
94 77 103 5.8364 0
48 107 81 5.5747 0
17 76 58 5.7133 0
77 18 58 5.4311 0
79 43 109 5.37 0
50 32 98 5.4776 0
47 17 59 5.052 0
31 57 116 5.3185 0
104 46 90 5.1936 0
19 55 96 5.0858 0
106 85 83 4.985 0
77 35 101 5.0089 0
28 42 58 4.9672 0
23 106 72 5.0106 0
48 76 58 4.9672 0
54 51 58 4.9672 0
85 106 81 4.7111 0
83 85 108 4.6777 0
105 43 61 4.6006 0
52 93 100 4.5465 0
20 76 97 4.476 0
19 25 70 4.4744 0
31 72 114 4.4347 0
18 48 87 4.4741 0
83 109 59 4.391 0
55 55 117 4.3575 0
105 20 72 4.3884 0
105 107 71 4.2855 0
88 50 107 4.1402 0
82 94 98 4.1626 0
64 47 59 3.9594 0
95 38 59 3.9594 0
39 21 79 4.0836 0
49 64 59 3.9594 0
98 88 59 3.9594 0
84 52 59 3.9594 0
39 28 59 3.9594 0
86 27 59 3.9594 0
63 88 59 3.9594 0
25 83 59 3.9594 0
19 84 87 3.8889 0
47 40 105 3.8735 0
80 29 91 3.746 0
16 84 66 3.7996 0
58 72 116 3.7823 0
41 78 113 3.5876 0
96 46 97 3.514 0
46 100 88 3.4811 0
46 19 74 3.3229 0
75 80 108 3.3108 0
38 105 80 3.3273 0
74 89 60 2.9515 0
67 103 83 3.2106 0
77 28 60 2.9515 0
43 103 60 2.9515 0
26 19 69 3.1492 0
48 87 105 3.0985 0
89 101 60 2.9515 0
45 53 60 2.9515 0
75 48 60 2.9515 0
33 34 60 2.9515 0
104 41 80 2.9692 0
104 84 63 2.9955 0
89 66 60 2.9515 0
57 82 60 2.9515 0
71 42 60 2.9515 0
59 24 82 3.0385 0
71 23 80 2.861 0
34 94 60 2.9515 0
104 82 72 2.9692 0
104 44 72 2.9692 0
53 41 60 2.9515 0
94 96 60 2.9515 0
43 30 91 2.9185 0
29 76 60 2.9515 0
47 26 60 2.9515 0
88 73 60 2.9515 0
87 98 90 2.9245 0
87 81 60 2.9515 0
21 66 95 2.9073 0
79 19 73 2.8332 0
0
