128
0 0 127 71.1392 0
127 127 0 68.3619 0
96 0 0 61.0654 0
104 127 127 59.3586 0
0 106 0 59.208 0
127 13 122 55.6002 0
12 108 98 37.8515 0
13 23 29 28.4754 0
71 63 80 25.3297 0
56 124 58 21.7857 0
53 59 36 18.9628 0
73 9 74 15.7576 0
93 63 44 14.6541 0
127 54 44 14.1631 0
63 91 40 13.627 0
24 63 74 13.4275 0
49 12 57 12.7479 0
127 72 84 12.5414 0
0 71 67 10.6382 0
0 47 58 9.7441 0
122 90 70 9.6432 0
120 35 59 9.4904 0
25 60 45 8.7821 0
50 32 45 8.5877 0
106 63 85 8.2896 0
127 75 58 8.5287 0
127 51 68 8.1944 0
59 96 85 8.2889 0
85 110 63 8.1895 0
74 45 50 7.9475 0
79 81 52 7.7194 0
61 30 84 7.2817 0
94 21 67 7.2786 0
42 82 47 6.5719 0
53 80 58 6.505 0
7 59 47 6.5846 0
53 45 59 6.505 0
41 77 79 6.3841 0
40 48 79 6.3841 0
28 41 66 6.3996 0
81 32 83 6.2739 0
32 22 59 5.9259 0
32 105 58 5.9639 0
89 47 58 5.8521 0
45 98 48 5.564 0
106 27 63 5.7059 0
107 47 48 5.564 0
32 46 48 5.564 0
113 71 48 5.564 0
120 64 68 5.5512 0
15 47 65 5.3917 0
98 103 66 5.4346 0
29 80 65 5.3917 0
93 77 60 5.2737 0
100 76 82 5.311 0
98 59 64 5.2961 0
50 39 81 5.0297 0
47 88 79 5.0787 0
37 31 66 4.8749 0
75 104 49 4.9657 0
38 63 59 4.4134 0
36 92 65 4.9566 0
53 20 74 4.7077 0
65 107 78 4.8976 0
30 74 49 4.5562 0
74 107 72 4.6418 0
93 83 49 4.6991 0
81 95 49 4.5562 0
64 32 49 4.5562 0
8 84 61 4.4721 0
65 84 58 4.4532 0
51 106 79 4.423 0
99 50 81 4.43 0
108 97 65 4.3444 0
17 81 64 4.3839 0
12 37 60 4.3111 0
111 80 81 4.2574 0
72 94 81 4.2574 0
98 71 68 4.2763 0
90 39 81 4.2581 0
61 41 51 4.0483 0
66 21 58 3.7791 0
119 56 80 3.9214 0
49 36 68 2.9716 0
65 42 59 3.8907 0
51 85 70 3.7054 0
39 26 50 3.6741 0
38 36 50 3.5483 0
85 84 63 3.4737 0
10 57 63 3.376 0
104 78 50 3.5483 0
4 69 52 3.5902 0
19 48 50 3.5483 0
19 71 50 3.5483 0
95 44 50 3.5604 0
49 91 63 2.9716 0
50 44 70 3.4813 0
37 92 50 3.5483 0
50 67 58 3.4813 0
23 29 61 3.5311 0
94 48 68 3.4579 0
50 56 60 3.4813 0
32 51 63 3.376 0
116 83 57 3.4423 0
40 104 65 3.3087 0
100 59 74 3.3201 0
92 84 80 3.3683 0
62 23 51 3.2426 0
84 22 61 3.1475 0
94 79 70 3.1394 0
89 24 77 3.14 0
42 38 76 3.1575 0
29 65 57 2.9271 0
108 94 73 3.037 0
35 67 51 2.852 0
118 43 70 2.9831 0
85 40 51 2.8872 0
77 41 61 2.8828 0
73 105 62 2.861 0
14 90 60 2.8191 0
76 22 58 2.734 0
88 43 67 2.7967 0
59 22 68 2.767 0
109 38 51 2.8353 0
100 70 60 2.7088 0
41 67 75 2.6827 0
22 97 59 2.7629 0
46 105 72 2.7799 0
0
