128
127 56 127 78.7508 0
0 38 0 78.7508 0
5 127 111 62.0956 0
106 127 10 58.65 0
96 0 38 29.8386 0
44 0 90 26.9565 0
44 66 80 15.6375 0
77 68 47 15.2305 0
77 123 79 15.0058 0
45 106 48 14.2226 0
78 38 50 12.2068 0
50 38 78 11.5638 0
64 98 76 11.199 0
58 125 60 9.5068 0
64 90 53 9.202 0
61 5 57 9.1002 0
77 5 73 9.0062 0
39 87 62 8.1626 0
65 24 73 8.1753 0
66 22 55 7.1675 0
63 77 73 6.228 0
56 72 56 6.1604 0
85 88 59 6.1914 0
64 52 56 6.1596 0
86 104 69 5.7878 0
51 86 72 5.5567 0
62 51 72 5.5012 0
64 107 57 5.1517 0
52 83 58 4.1808 0
60 113 69 4.1438 0
78 19 69 4.1438 0
85 25 61 4.2217 0
49 97 69 4.1438 0
63 34 58 4.1669 0
75 98 58 4.1438 0
78 92 69 4.1438 0
48 24 69 4.1438 0
64 66 71 3.9862 0
66 37 71 3.9455 0
72 83 70 3.4441 0
46 75 59 3.4667 0
62 63 59 3.136 0
86 17 66 3.1799 0
79 52 59 3.136 0
55 17 59 3.136 0
52 105 68 3.136 0
52 92 59 3.183 0
74 107 68 3.136 0
60 42 59 3.136 0
47 50 68 3.1816 0
56 25 60 3.1707 0
64 12 68 3.2037 0
72 13 59 3.136 0
55 58 59 3.136 0
74 83 59 3.1883 0
77 19 59 3.136 0
65 78 59 3.136 0
76 27 68 3.136 0
69 117 60 2.9218 0
48 7 60 2.6026 0
82 100 61 2.5582 0
74 34 68 2.536 0
66 59 69 2.5048 0
52 112 67 2.2476 0
77 100 67 2.1281 0
55 27 67 2.3122 0
57 101 60 2.4229 0
75 90 60 2.1928 0
55 55 68 2.3572 0
46 119 60 2.3535 0
72 72 68 2.3572 0
67 44 69 2.3316 0
48 68 60 2.1281 0
70 15 67 2.1281 0
57 112 60 2.1281 0
72 55 60 2.2515 0
59 32 67 2.1281 0
73 49 60 2.1281 0
57 15 67 2.1281 0
53 64 60 2.2001 0
68 100 60 2.1281 0
82 78 62 2.165 0
75 77 67 2.1281 0
56 36 60 2.1281 0
47 80 67 2.1909 0
54 20 67 2.1281 0
60 60 69 2.0459 0
50 13 60 2.1429 0
67 44 60 2.1281 0
59 80 60 2.1281 0
78 83 67 2.1281 0
64 69 60 2.1326 0
74 27 60 2.1281 0
52 77 67 2.1281 0
75 108 60 2.1281 0
55 47 60 2.1281 0
69 112 67 2.1281 0
71 102 64 2.0626 0
61 43 69 2.1002 0
54 49 69 2.0071 0
60 86 69 1.9298 0
66 85 69 1.9298 0
66 116 66 1.8579 0
69 10 65 1.7753 0
44 103 65 1.7773 0
72 45 67 1.5979 0
74 8 62 1.7371 0
84 113 66 1.57 0
72 52 67 1.6028 0
56 73 68 1.5454 0
56 101 65 1.5664 0
71 26 64 1.4736 0
71 58 68 1.5454 0
67 71 68 1.4886 0
54 31 61 1.1804 0
79 111 66 1.286 0
63 83 66 1.2288 0
71 111 61 1.1202 0
75 119 62 1.3734 0
75 113 61 1.2478 0
56 81 68 1.2668 0
47 30 66 1.2202 0
52 15 66 1.3077 0
49 61 61 1.1202 0
53 92 67 1.2668 0
74 68 66 1.2346 0
46 64 62 1.1999 0
48 17 66 1.1204 0
0
