128
63 127 0 96.1625 0
127 0 127 70.2338 0
0 0 88 61.512 0
8 99 127 43.8415 0
87 97 126 33.6618 0
125 82 88 19.3937 0
71 35 68 17.0874 0
51 47 127 16.5609 0
126 49 54 16.6269 0
55 73 97 14.097 0
0 75 75 12.4998 0
60 43 99 11.9567 0
93 71 88 11.3466 0
99 45 63 10.8502 0
32 70 86 10.2845 0
73 65 85 7.9331 0
53 72 122 7.4058 0
2 63 57 7.3986 0
47 46 64 6.9736 0
51 47 81 6.8686 0
73 56 123 6.5094 0
105 67 74 6.418 0
76 66 100 6.3702 0
77 48 91 6.2667 0
20 67 73 6.0112 0
88 48 80 6.0697 0
122 71 64 6.1754 0
34 55 112 5.913 0
47 63 80 5.9556 0
112 53 73 5.896 0
73 52 109 5.5496 0
124 59 76 5.5368 0
43 51 101 5.4306 0
15 70 86 5.1663 0
107 70 103 5.2779 0
84 62 76 4.8686 0
61 61 78 4.8378 0
36 66 101 4.5466 0
68 66 110 4.4933 0
35 51 62 4.0115 0
36 62 73 4.1427 0
19 57 59 4.1253 0
101 52 79 4.1079 0
65 65 125 4.0413 0
42 67 110 3.9134 0
93 62 72 3.8841 0
65 49 84 3.8753 0
43 51 90 3.683 0
87 65 103 3.7051 0
14 66 64 3.7728 0
110 65 64 3.5708 0
63 54 111 3.5584 0
97 67 103 3.4546 0
41 50 75 3.4376 0
80 53 100 3.4104 0
87 52 91 3.1959 0
27 54 61 3.1172 0
63 68 117 3.2338 0
41 64 120 3.2044 0
85 51 62 3.1849 0
26 58 106 3.0015 0
108 58 60 3.0422 0
69 59 74 3.0301 0
107 65 85 3.0574 0
81 57 114 3.0497 0
33 55 102 3.0214 0
28 62 68 2.9795 0
115 66 70 2.8137 0
11 65 93 2.7702 0
54 59 73 2.9235 0
107 67 93 2.8849 0
87 51 70 2.7567 0
20 67 93 2.8849 0
95 53 85 2.8636 0
53 55 107 2.7397 0
76 59 73 2.7485 0
116 58 82 2.6978 0
57 50 64 2.7929 0
58 65 113 2.7214 0
68 61 95 2.703 0
101 62 66 2.6287 0
44 61 89 2.6552 0
37 54 94 2.4584 0
28 65 99 2.6148 0
54 50 71 2.5925 0
50 65 112 2.5773 0
21 63 64 2.5637 0
82 55 107 2.5348 0
73 53 99 2.4922 0
44 56 110 2.3234 0
82 61 91 2.4741 0
46 59 71 2.4389 0
39 52 84 2.4421 0
40 62 94 2.4408 0
38 52 69 2.4158 0
20 64 82 2.4027 0
94 53 74 2.238 0
110 56 82 2.2431 0
59 50 75 2.3498 0
79 51 82 2.2692 0
12 59 61 2.2426 0
65 58 117 2.099 0
50 52 91 2.2088 0
83 60 84 2.2726 0
102 65 98 2.2101 0
81 64 108 2.2631 0
81 61 120 2.2226 0
63 59 86 2.056 0
8 65 85 2.0846 0
67 62 103 2.2021 0
85 62 97 2.1701 0
55 59 83 2.1998 0
113 65 79 2.1613 0
76 64 111 1.9287 0
18 61 101 2.0593 0
86 61 118 2.0598 0
58 52 87 2.0214 0
13 66 79 2.0165 0
102 59 61 2.0197 0
73 51 83 1.9842 0
97 61 78 1.8518 0
112 66 97 1.9685 0
46 67 116 1.9651 0
86 59 69 1.9763 0
29 61 74 1.9368 0
82 51 73 1.9407 0
43 63 104 1.8878 0
101 56 87 1.7282 0
0
