128
0 0 127 91.8138 0
127 127 127 85.6117 0
127 0 0 84.2123 0
0 127 0 80.8415 0
80 83 43 19.0666 0
50 54 45 17.3622 0
46 86 78 16.0186 0
80 51 75 15.2947 0
68 73 74 8.7482 0
53 79 54 7.7399 0
103 56 70 7.5043 0
61 93 60 7.2961 0
103 70 55 6.732 0
30 65 56 6.7015 0
58 60 72 6.715 0
26 76 68 6.5861 0
73 61 56 5.8845 0
87 60 56 5.8133 0
40 74 57 5.1914 0
46 64 69 5.0197 0
116 69 57 4.957 0
64 70 57 4.7163 0
116 58 68 4.5148 0
72 84 66 4.3048 0
36 69 68 4.1146 0
82 72 70 4.0998 0
62 52 64 3.872 0
91 67 69 3.9443 0
18 66 58 3.7114 0
123 63 63 3.7808 0
13 75 67 3.7763 0
63 83 66 3.0764 0
40 65 61 3.056 0
81 80 66 2.9365 0
94 57 63 2.938 0
68 63 66 2.689 0
94 66 59 2.7005 0
63 82 59 2.701 0
9 67 59 2.7101 0
99 59 59 2.7094 0
96 78 59 2.7005 0
48 70 59 2.7005 0
59 77 66 2.4886 0
54 70 70 2.5625 0
5 73 65 2.3521 0
67 57 62 2.4363 0
110 63 65 2.3397 0
32 74 60 2.205 0
61 63 60 2.0482 0
105 60 60 1.9222 0
74 66 66 1.9277 0
101 66 67 1.945 0
84 69 60 1.6926 0
77 75 66 1.8267 0
72 71 60 1.6926 0
52 57 65 1.8165 0
88 74 67 1.8284 0
77 69 60 1.6926 0
80 65 60 1.6926 0
111 61 60 1.7867 0
22 73 60 1.7544 0
22 68 65 1.7605 0
95 72 60 1.6926 0
68 76 60 1.6944 0
42 72 65 1.5193 0
88 71 60 1.6926 0
56 66 60 1.6926 0
91 75 60 1.6926 0
56 71 60 1.6926 0
97 69 67 1.6107 0
63 66 66 1.453 0
106 66 66 1.5275 0
117 65 65 1.5612 0
18 71 66 1.4515 0
80 67 66 1.4442 0
97 63 66 1.4145 0
72 77 64 1.2488 0
86 81 64 1.352 0
56 54 64 1.3239 0
45 77 62 1.3507 0
27 68 64 1.3516 0
8 71 62 1.3344 0
59 69 69 1.297 0
60 76 61 1.128 0
59 64 64 1.2709 0
64 76 64 1.1932 0
91 61 65 1.1825 0
85 66 67 1.1475 0
76 79 64 1.135 0
67 81 63 1.2088 0
94 73 66 1.1719 0
66 64 61 0.896 0
46 71 67 1.1423 0
45 74 64 1.1539 0
110 57 63 1.0321 0
62 62 64 1.1262 0
88 78 65 0.9854 0
36 73 63 1.0166 0
45 64 61 1.0371 0
55 74 68 0.9923 0
52 67 61 0.6848 0
89 67 61 0.6848 0
92 80 61 0.8483 0
75 71 66 0.8929 0
63 58 64 0.8425 0
84 76 65 0.8312 0
16 71 61 0.6848 0
23 67 61 0.8401 0
19 75 63 0.8351 0
109 65 61 0.7394 0
48 65 61 0.7954 0
88 63 65 0.7292 0
115 61 61 0.6848 0
59 67 66 0.697 0
11 72 61 0.8489 0
79 61 61 0.8683 0
68 77 64 0.8195 0
18 68 64 0.7469 0
72 62 64 0.8736 0
45 67 61 0.8128 0
56 85 61 0.8127 0
98 64 61 0.6848 0
72 75 61 0.6848 0
101 64 61 0.7847 0
104 69 65 0.6576 0
60 59 61 0.6848 0
62 57 61 0.766 0
14 69 61 0.6848 0
0
