128
127 127 75 63.5817 0
0 0 59 63.0989 0
0 127 127 72.5977 0
127 0 127 65.6575 0
124 0 0 60.1181 0
0 124 0 53.3083 0
99 84 0 25.8712 0
50 63 0 24.4963 0
38 39 127 22.1935 0
77 72 119 21.3332 0
98 48 61 19.9014 0
28 78 51 18.8428 0
69 113 17 17.3646 0
50 116 50 16.8068 0
79 14 61 15.5333 0
88 70 36 13.2128 0
55 24 11 12.3501 0
38 62 83 12.4534 0
89 62 89 11.4203 0
61 27 95 11.15 0
55 98 71 9.9078 0
63 78 45 7.9276 0
81 56 14 9.1161 0
50 70 34 8.9816 0
46 45 96 8.6721 0
64 81 26 8.7546 0
66 89 95 8.6978 0
63 47 39 4.7451 0
32 59 30 8.6954 0
48 63 108 8.5675 0
77 67 55 7.7206 0
80 34 43 7.6068 0
68 16 39 7.5613 0
70 42 16 7.5292 0
43 84 73 7.4266 0
43 57 63 7.4125 0
54 92 16 7.1053 0
83 43 86 7.1601 0
79 49 100 6.9361 0
34 78 24 6.7953 0
53 69 53 6.6964 0
64 53 28 6.5584 0
68 44 120 6.3945 0
82 31 77 6.4698 0
57 72 98 6.5803 0
84 69 72 6.1294 0
94 50 34 6.2145 0
67 18 80 6.1803 0
74 69 21 5.8493 0
67 99 50 5.781 0
43 38 18 5.7468 0
63 43 63 2.4101 0
59 52 111 5.5404 0
63 60 98 5.4702 0
40 56 47 5.5012 0
38 98 39 5.2682 0
62 29 114 5.1588 0
69 107 40 5.1369 0
74 40 68 4.9385 0
60 18 28 4.9504 0
50 105 30 4.9737 0
47 94 57 4.6725 0
61 95 30 4.8007 0
35 46 20 4.5828 0
76 36 56 4.5676 0
81 76 83 4.5457 0
48 45 79 4.4786 0
55 90 85 4.2439 0
77 35 30 4.3213 0
82 77 93 4.3598 0
57 41 19 4.4002 0
75 36 94 4.2818 0
83 79 52 4.2954 0
68 71 93 4.2437 0
76 29 87 4.3232 0
45 69 67 4.2894 0
46 78 84 4.2379 0
63 56 44 4.0958 0
42 86 19 4.0767 0
88 102 23 4.1822 0
82 76 63 4.1518 0
72 90 19 4.1026 0
54 41 67 4.0766 0
50 34 27 4.0051 0
73 61 29 3.8645 0
63 45 49 3.8728 0
92 55 23 4.0325 0
72 63 43 3.7728 0
63 90 40 4.0133 0
67 94 81 3.9583 0
67 52 104 3.9021 0
92 87 30 3.8383 0
88 41 36 3.7119 0
47 75 93 3.6058 0
63 84 61 1.556 0
75 26 35 3.6583 0
77 103 35 3.6396 0
66 96 61 3.432 0
35 90 32 3.6307 0
76 46 111 3.5141 0
64 73 57 3.3308 0
69 72 35 3.4037 0
77 80 21 3.4277 0
50 37 86 3.4658 0
80 52 79 3.4977 0
81 59 75 3.4301 0
52 38 38 3.4163 0
53 56 98 3.4181 0
75 77 48 3.4092 0
54 40 52 3.3828 0
48 47 67 3.3649 0
78 45 75 3.2374 0
58 96 57 3.2316 0
49 101 21 3.2819 0
47 52 73 3.2939 0
48 62 46 3.232 0
56 62 43 3.1632 0
76 71 89 3.1472 0
60 105 35 3.1756 0
50 34 104 3.2001 0
67 20 22 3.1468 0
81 44 20 3.0688 0
69 31 20 3.0688 0
63 21 70 3.0793 0
71 22 29 3.0295 0
43 95 47 2.9963 0
72 80 36 3.0104 0
63 41 75 1.0688 0
0
