128
0 127 0 87.619 0
127 0 0 76.1744 0
0 0 127 75.4476 0
127 127 127 71.0319 0
97 33 98 29.8829 0
35 96 106 26.9772 0
97 87 43 24.3312 0
36 26 36 23.9746 0
70 70 94 14.877 0
63 55 38 14.1014 0
75 0 76 13.8629 0
35 65 75 13.7169 0
55 126 84 11.7848 0
90 53 61 11.6349 0
78 114 61 10.8481 0
89 72 75 10.8836 0
55 0 48 9.1858 0
63 25 66 5.985 0
40 55 54 8.7173 0
58 49 88 8.6371 0
43 45 68 7.6524 0
56 3 65 6.5632 0
83 35 63 6.6366 0
43 85 74 6.5062 0
65 34 46 6.1627 0
67 75 46 6.0384 0
51 77 82 6.14 0
63 33 83 6.1037 0
84 92 72 5.9917 0
66 125 69 5.7447 0
45 31 65 5.6287 0
82 22 66 5.6748 0
67 18 83 5.3688 0
79 85 81 5.4311 0
63 15 50 5.3708 0
66 91 93 5.2782 0
64 83 60 3.3514 0
71 99 55 5.2917 0
63 98 75 1.1802 0
47 12 61 5.0717 0
79 61 49 5.0209 0
67 3 58 4.9658 0
76 43 48 4.9553 0
63 13 62 4.8087 0
47 110 79 4.6903 0
79 59 79 4.5836 0
53 63 82 4.3901 0
64 68 60 2.0421 0
72 53 83 4.1237 0
46 100 76 4.1516 0
63 35 71 4.1105 0
64 111 77 3.1431 0
78 98 63 4.031 0
56 70 48 4.0226 0
61 110 93 4.0519 0
64 45 59 1.9531 0
62 14 74 3.8418 0
63 86 75 1.2425 0
48 51 79 3.8892 0
68 89 50 3.8432 0
64 34 60 3.8528 0
62 25 52 3.8288 0
44 68 56 3.7951 0
58 85 87 3.6137 0
44 78 65 3.5243 0
80 102 73 3.5078 0
83 68 60 3.5161 0
64 57 59 2.3645 0
49 65 50 3.5654 0
50 47 50 3.4922 0
64 57 75 1.7885 0
64 91 60 3.2189 0
70 120 78 3.3077 0
74 91 87 3.2312 0
64 101 94 2.9515 0
63 116 66 3.1489 0
82 83 67 3.0793 0
81 51 74 3.0804 0
46 42 57 3.0573 0
58 41 49 3.0148 0
48 39 77 2.9694 0
53 39 82 2.8659 0
79 45 70 2.6212 0
63 98 61 2.83 0
66 24 76 2.7929 0
66 20 58 2.7929 0
63 78 75 1.2819 0
48 22 66 2.6952 0
78 13 62 2.6892 0
65 106 61 2.6109 0
73 26 66 2.5406 0
75 70 50 2.415 0
74 33 50 2.5328 0
53 26 66 2.5406 0
51 87 81 2.4147 0
77 51 51 2.5239 0
60 24 81 2.5401 0
78 94 81 2.4965 0
55 111 88 2.413 0
63 59 81 2.5051 0
47 94 71 2.4213 0
69 46 82 2.4486 0
64 48 74 0.8641 0
63 70 75 1.4864 0
79 37 54 2.3958 0
58 120 70 2.3226 0
64 43 51 2.236 0
63 51 59 2.1778 0
78 18 75 2.225 0
49 92 79 2.2823 0
64 74 60 1.9483 0
79 90 64 2.1782 0
66 115 86 2.1977 0
80 43 56 2.1633 0
58 77 50 2.0069 0
79 27 59 2.1378 0
46 55 65 2.0925 0
74 78 78 1.955 0
68 86 86 2.1129 0
78 82 72 1.967 0
75 116 75 2.0022 0
71 26 50 2.0254 0
64 65 76 1.7885 0
60 27 75 1.7851 0
57 70 81 2.0699 0
63 84 50 2.0104 0
69 21 50 2.0213 0
63 63 60 2.0421 0
0
