128
0 127 0 86.0325 0
127 71 127 70.0743 0
127 0 0 74.2762 0
0 0 127 73.22 0
35 119 115 33.3723 0
32 21 33 27.1519 0
96 85 39 23.1787 0
88 126 63 21.0396 0
84 1 85 19.417 0
33 75 85 17.7043 0
62 52 36 14.6107 0
33 53 61 13.7243 0
59 0 66 10.36 0
91 54 56 10.2151 0
54 56 91 10.1285 0
63 27 67 6.9669 0
73 121 91 9.8767 0
87 28 69 9.2283 0
58 127 79 8.8079 0
67 33 90 8.8079 0
56 87 96 7.9265 0
66 74 43 7.5492 0
73 101 54 7.1959 0
42 33 65 6.9186 0
59 3 47 7.049 0
84 97 66 6.8688 0
64 25 47 6.8158 0
42 99 79 6.6997 0
59 74 88 6.456 0
64 19 82 6.0674 0
63 84 60 4.0203 0
44 48 79 5.7368 0
84 44 69 5.9107 0
79 61 46 5.688 0
46 61 47 5.7259 0
64 102 76 1.466 0
64 16 59 5.6138 0
46 10 62 5.4922 0
79 45 47 5.1751 0
80 28 84 5.2285 0
63 67 60 2.4006 0
48 116 78 4.5635 0
65 14 71 4.6059 0
74 4 62 4.5955 0
84 39 55 4.5416 0
63 89 76 1.5752 0
66 111 62 4.5446 0
54 69 46 4.5256 0
71 37 46 4.5256 0
86 68 62 4.3738 0
41 73 63 4.3738 0
64 44 59 2.347 0
69 89 48 4.4518 0
54 41 86 4.2665 0
68 48 86 4.3231 0
82 15 64 4.1342 0
63 57 58 2.8243 0
47 45 49 4.0326 0
85 82 65 4.0873 0
45 21 65 3.895 0
82 104 76 3.9578 0
67 106 98 3.9771 0
64 93 60 3.9932 0
61 119 68 3.9499 0
48 92 87 3.879 0
64 114 81 3.7253 0
64 36 77 3.8617 0
80 110 83 3.6679 0
64 64 78 2.1753 0
42 68 55 3.6905 0
65 64 85 3.6326 0
62 98 98 3.5794 0
66 32 57 3.598 0
61 36 47 3.5716 0
43 87 69 3.5701 0
68 5 55 3.5179 0
58 11 76 3.4849 0
81 37 79 3.3506 0
44 58 76 3.3684 0
50 5 54 3.174 0
64 53 77 2.014 0
67 13 49 3.182 0
59 15 48 3.1599 0
46 38 77 2.9583 0
63 79 76 1.6551 0
52 27 68 3.0762 0
64 101 61 2.9908 0
74 26 67 2.8338 0
46 45 70 2.8888 0
82 31 57 2.8786 0
47 107 74 2.7553 0
67 28 78 2.5902 0
53 83 85 2.7349 0
45 39 55 2.5632 0
65 83 88 2.5087 0
53 38 48 2.6993 0
78 92 58 2.5995 0
70 64 48 2.5099 0
83 66 53 2.6181 0
75 41 84 2.6116 0
47 108 81 2.6001 0
60 35 60 2.5902 0
63 50 58 2.5497 0
84 54 69 2.4058 0
60 25 57 2.5902 0
67 36 63 2.5902 0
76 104 65 2.5084 0
60 30 79 2.5902 0
84 60 68 2.5571 0
69 56 84 2.4823 0
54 117 71 2.4488 0
62 43 84 2.4209 0
43 65 69 2.4546 0
59 116 87 2.4576 0
81 24 58 2.485 0
64 73 60 2.4141 0
78 34 50 2.4577 0
47 90 79 2.4276 0
58 27 84 2.4363 0
84 74 67 2.358 0
66 37 69 2.3815 0
60 37 68 2.3815 0
69 120 78 2.2047 0
81 45 60 2.2427 0
64 45 53 2.1756 0
44 82 64 2.2315 0
63 108 77 2.1727 0
69 10 64 2.1908 0
0
