128
63 63 127 66.0587 0
127 127 0 63.8198 0
0 0 0 63.81 0
127 0 2 62.1112 0
0 127 2 62.1012 0
64 63 26 28.2136 0
103 127 82 20.3049 0
127 24 82 20.2945 0
24 127 82 20.2835 0
25 0 81 19.3729 0
0 29 81 17.5861 0
127 96 82 17.2771 0
96 0 81 16.7503 0
0 96 81 16.7452 0
23 64 41 14.1749 0
64 22 41 13.8064 0
105 63 41 13.8064 0
39 85 53 13.4246 0
83 90 53 13.0659 0
62 106 41 12.9791 0
46 34 56 11.4129 0
57 127 81 10.7899 0
127 57 81 10.7833 0
82 34 55 10.9089 0
57 0 81 10.7899 0
0 59 81 10.6676 0
0 57 48 9.3707 0
70 127 48 9.3564 0
45 127 59 9.3254 0
127 45 59 9.3172 0
45 0 59 9.3254 0
0 81 58 9.0505 0
81 0 58 9.0435 0
127 81 58 9.0251 0
99 75 61 8.7586 0
61 0 49 8.5202 0
127 61 49 8.5103 0
78 127 65 8.2865 0
101 56 63 7.5775 0
66 25 63 7.3916 0
25 59 63 7.3599 0
1 49 64 7.3187 0
86 65 56 7.1307 0
75 120 80 7.0406 0
52 101 64 7.1259 0
96 44 47 6.9318 0
32 44 47 6.9318 0
40 64 56 6.7618 0
25 75 65 6.2273 0
118 73 79 5.924 0
69 103 66 6.0538 0
74 9 79 5.924 0
9 74 79 5.924 0
67 1 66 5.7442 0
96 40 66 5.7272 0
126 68 67 5.8152 0
61 126 62 5.7064 0
1 66 65 5.7039 0
111 104 65 5.5735 0
16 104 65 5.568 0
104 16 65 5.5551 0
17 22 65 5.4694 0
30 41 66 5.449 0
44 104 49 5.1968 0
100 24 78 4.9161 0
79 110 49 5.1001 0
7 38 59 5.1213 0
71 47 56 5.1053 0
105 82 49 4.9813 0
58 88 49 4.9416 0
24 27 78 4.9161 0
104 97 78 4.9532 0
12 79 49 4.9161 0
25 101 78 4.9161 0
88 54 49 4.9161 0
13 48 49 4.9285 0
48 13 49 4.9285 0
96 89 67 4.891 0
46 113 78 4.9161 0
113 46 78 4.9161 0
79 12 49 4.9161 0
115 48 49 4.9161 0
57 48 56 4.7364 0
117 94 61 4.7199 0
88 120 58 4.7139 0
56 122 50 4.614 0
81 101 69 4.4684 0
39 97 68 4.3402 0
51 23 68 4.3112 0
95 11 61 4.3664 0
11 95 61 4.3475 0
34 117 60 4.2279 0
117 34 60 4.2203 0
34 10 60 4.2279 0
95 103 77 4.166 0
49 14 77 4.0998 0
14 49 77 4.0998 0
54 74 57 4.0577 0
29 87 69 4.051 0
48 114 50 3.9235 0
73 75 56 4.0577 0
89 30 69 3.9256 0
36 31 69 3.9038 0
7 70 50 3.9329 0
115 81 50 3.9082 0
119 72 50 3.9082 0
42 54 50 3.9082 0
86 109 77 3.9501 0
80 25 68 3.9078 0
106 67 70 3.8216 0
21 91 77 3.9082 0
65 114 77 3.9082 0
21 83 50 3.9188 0
109 84 77 3.9082 0
26 16 62 3.6407 0
111 26 62 3.6566 0
100 112 62 3.8186 0
26 111 62 3.6407 0
91 97 70 3.7339 0
112 59 76 3.7382 0
87 20 76 3.6417 0
40 19 76 3.4599 0
19 40 76 3.4599 0
82 119 51 3.5101 0
55 87 61 3.4193 0
24 48 70 3.3624 0
102 33 76 3.3772 0
77 109 75 3.1787 0
0
