128
127 0 127 81.2967 0
0 0 0 81.2967 0
127 127 0 81.2967 0
0 127 127 81.2967 0
41 87 41 20.7656 0
86 40 41 20.7656 0
41 40 86 20.7656 0
86 87 86 20.7656 0
67 67 48 11.6723 0
69 57 79 11.6723 0
61 36 61 10.0962 0
61 91 66 10.0962 0
12 77 50 10.1953 0
12 50 77 10.1953 0
115 77 77 10.1953 0
115 50 50 10.1953 0
53 71 76 8.6486 0
46 58 52 7.6408 0
87 67 53 6.6329 0
89 61 74 6.6329 0
127 68 67 6.5751 0
0 68 60 6.5751 0
28 65 54 5.625 0
74 83 55 5.7412 0
75 42 69 5.5715 0
102 65 73 5.625 0
99 61 54 5.625 0
35 67 73 5.625 0
24 62 72 4.6171 0
66 51 55 4.6171 0
68 73 72 4.6171 0
49 45 56 4.6337 0
3 57 66 4.3631 0
124 57 61 4.3631 0
47 83 69 4.3088 0
17 64 56 3.9536 0
110 63 56 3.9535 0
54 58 71 3.6093 0
83 49 71 3.6093 0
34 56 56 3.6093 0
41 76 71 3.6093 0
61 80 56 3.6093 0
57 54 56 3.6093 0
52 68 56 3.6093 0
41 45 61 3.5851 0
84 78 56 3.6093 0
78 68 71 3.6093 0
46 60 71 3.6093 0
63 64 65 3.3344 0
24 48 69 3.3465 0
103 48 58 3.3465 0
24 79 58 3.3465 0
103 79 69 3.3465 0
90 46 65 3.0891 0
90 81 62 3.0891 0
37 81 65 3.0891 0
73 83 65 2.9473 0
81 82 62 2.9552 0
31 47 64 2.845 0
9 63 57 2.6014 0
111 64 70 2.6989 0
16 64 70 2.6973 0
6 64 70 2.6388 0
121 64 57 2.6388 0
43 68 57 2.6014 0
33 57 70 2.6014 0
37 63 57 2.6014 0
73 56 57 2.6014 0
58 51 70 2.6014 0
118 64 70 2.6014 0
100 70 57 2.6014 0
90 51 70 2.6014 0
90 58 57 2.6014 0
82 58 57 2.6014 0
98 73 70 2.6014 0
55 75 57 2.6014 0
97 56 70 2.6014 0
79 72 57 2.6014 0
51 45 64 2.3253 0
98 48 63 2.097 0
29 79 63 2.097 0
98 79 64 2.097 0
52 82 62 2.1993 0
82 46 65 2.0812 0
71 45 59 1.9491 0
23 72 58 1.5935 0
36 69 58 1.5935 0
67 46 69 1.7047 0
92 76 58 1.5935 0
8 73 62 1.8064 0
119 73 65 1.8064 0
69 81 69 1.7963 0
26 71 69 1.5935 0
18 63 63 1.6971 0
88 70 69 1.5935 0
57 62 58 1.5935 0
28 54 69 1.5935 0
122 60 68 1.7337 0
104 55 58 1.5935 0
78 62 58 1.5935 0
44 68 69 1.5935 0
58 63 69 1.5935 0
5 60 59 1.7337 0
75 74 69 1.5935 0
29 75 58 1.5935 0
20 58 58 1.5935 0
109 63 65 1.6993 0
25 58 58 1.5935 0
60 46 69 1.7047 0
36 49 58 1.7123 0
105 57 69 1.5935 0
60 77 69 1.5935 0
62 69 69 1.5935 0
54 80 69 1.6408 0
96 74 58 1.5935 0
93 71 69 1.5935 0
11 67 69 1.5935 0
73 50 58 1.5935 0
30 74 69 1.5935 0
74 75 58 1.5935 0
67 79 58 1.5935 0
11 62 69 1.5935 0
109 59 69 1.5935 0
115 67 58 1.5935 0
40 52 58 1.5935 0
28 54 58 1.5935 0
21 56 69 1.5935 0
35 76 69 1.5935 0
0
