128
127 127 0 77.2378 0
0 1 125 56.468 0
127 0 127 69.3212 0
0 0 0 66.5353 0
0 127 127 63.3928 0
0 117 13 49.6909 0
110 7 15 43.0417 0
96 99 106 35.3925 0
65 54 31 22.3626 0
55 57 109 21.9935 0
56 9 69 21.729 0
0 60 67 18.4645 0
52 127 61 18.421 0
122 50 56 16.49 0
32 68 40 13.555 0
51 89 40 13.2917 0
69 100 65 12.5463 0
52 85 87 12.5024 0
77 30 53 10.9703 0
116 74 71 10.4686 0
42 36 84 10.2831 0
97 53 43 10.2681 0
68 36 84 10.2831 0
36 60 67 8.297 0
83 60 69 5.0887 0
8 61 95 9.2635 0
8 88 65 9.2689 0
27 22 68 8.8302 0
86 85 64 8.4419 0
54 106 80 8.4685 0
24 61 105 8.3974 0
9 33 68 8.2566 0
84 57 95 7.9207 0
37 47 47 7.7914 0
52 30 46 7.7332 0
71 81 46 7.4592 0
84 33 71 7.2351 0
93 22 61 6.9624 0
62 60 72 2.8996 0
36 75 94 6.6015 0
112 64 87 6.4304 0
16 56 47 6.4495 0
13 74 49 6.1833 0
86 68 47 6.2366 0
28 115 63 6.2044 0
36 79 77 6.276 0
53 60 67 5.9641 0
71 60 67 5.9641 0
95 60 67 5.9641 0
36 52 87 5.6375 0
111 55 76 5.4034 0
69 81 79 5.3763 0
101 82 68 5.4183 0
111 30 59 5.4034 0
36 63 82 5.3914 0
36 73 60 5.3537 0
33 87 48 5.2287 0
67 73 89 5.2517 0
19 104 64 5.255 0
12 42 79 5.2353 0
42 105 48 5.2287 0
12 78 79 5.232 0
38 27 56 5.0499 0
55 104 52 4.9455 0
63 36 66 4.9023 0
98 60 92 4.6855 0
83 43 84 4.6713 0
50 71 49 4.2208 0
33 45 96 4.6442 0
37 47 62 4.3916 0
37 48 74 4.3812 0
110 69 57 4.3955 0
75 66 91 4.3949 0
42 97 78 4.2628 0
32 90 78 4.2768 0
73 83 59 4.1818 0
13 49 88 4.2241 0
13 42 57 4.2304 0
60 75 49 4.2208 0
89 41 49 4.2348 0
23 82 49 4.2208 0
24 47 49 4.2208 0
73 83 69 4.1818 0
62 37 53 3.9482 0
106 62 68 4.0921 0
72 50 89 4.0108 0
73 37 67 3.8944 0
55 44 84 3.8477 0
82 80 52 3.7556 0
23 61 70 3.7016 0
55 39 77 3.6768 0
107 64 50 3.6581 0
25 50 97 3.4765 0
96 32 68 3.5505 0
33 64 95 3.4284 0
14 70 85 3.2162 0
36 81 66 3.3724 0
38 58 54 3.331 0
109 46 72 3.3877 0
37 96 50 3.213 0
84 57 50 3.213 0
46 62 50 3.213 0
48 41 50 3.213 0
41 106 77 3.2268 0
99 66 50 3.213 0
83 48 50 3.213 0
75 70 50 3.213 0
65 90 52 3.2455 0
40 34 50 3.213 0
14 77 59 3.2193 0
33 53 57 3.2345 0
19 30 75 3.2115 0
103 38 50 3.213 0
95 35 50 3.213 0
53 104 62 3.1671 0
29 30 80 3.0629 0
26 72 97 3.1255 0
78 79 76 3.0621 0
31 84 85 2.9936 0
91 40 77 2.9716 0
89 49 87 2.7977 0
43 113 76 2.9538 0
102 28 62 2.8896 0
38 28 73 2.8518 0
43 70 88 2.8421 0
73 58 90 2.8213 0
32 56 97 2.7158 0
38 113 51 2.7336 0
0
