128
127 127 0 74.3062 0
0 0 0 74.3062 0
127 0 127 60.5849 0
0 127 127 60.5849 0
114 122 127 52.2328 0
13 5 127 52.2328 0
19 108 31 37.7686 0
109 19 31 37.7686 0
65 62 121 23.8356 0
64 24 73 22.9636 0
64 103 73 22.4866 0
66 61 36 21.4465 0
0 61 84 16.9402 0
127 66 84 16.9402 0
94 63 87 14.4559 0
33 63 87 14.4557 0
64 64 83 12.4556 0
28 36 73 10.4502 0
97 91 74 10.3921 0
0 68 52 10.0268 0
127 59 53 9.5978 0
36 65 47 9.6617 0
97 63 47 9.4467 0
95 37 74 9.3842 0
33 90 76 9.3842 0
127 44 68 9.2405 0
0 83 68 9.2405 0
55 89 103 8.8887 0
105 65 65 8.0985 0
22 64 61 8.0985 0
117 89 75 8.3928 0
84 63 65 7.9637 0
43 62 64 7.9637 0
8 39 73 7.5603 0
76 39 101 7.4373 0
56 39 100 7.3686 0
72 88 99 7.3685 0
76 85 51 7.1349 0
43 47 70 7.1639 0
39 73 106 6.7173 0
52 48 88 6.6815 0
48 43 51 6.5386 0
43 87 91 6.3606 0
56 84 51 6.5386 0
83 48 69 6.4738 0
85 87 88 6.3606 0
87 40 89 6.371 0
40 40 87 6.3812 0
112 40 74 6.3622 0
15 87 74 6.3606 0
74 48 89 6.3274 0
104 50 68 6.0334 0
21 53 72 5.8285 0
62 68 64 5.8149 0
3 54 61 5.7969 0
124 73 61 5.7969 0
61 54 67 5.5415 0
42 86 63 5.3527 0
51 71 95 5.422 0
88 74 105 5.3335 0
87 77 51 5.4008 0
37 41 59 5.3527 0
87 86 59 5.3527 0
19 72 74 5.2187 0
41 53 105 5.3335 0
91 53 105 5.3335 0
78 42 54 5.1348 0
48 71 75 5.296 0
112 66 52 4.7905 0
80 72 75 4.5416 0
86 50 52 4.3929 0
76 72 94 4.6115 0
36 50 52 4.3929 0
49 55 78 4.3926 0
48 73 52 4.4204 0
13 59 52 4.3929 0
17 42 83 4.3449 0
109 74 95 4.0956 0
109 56 53 4.1393 0
18 53 95 4.0956 0
40 74 69 4.0593 0
49 74 85 4.0593 0
108 73 75 3.9087 0
27 44 87 3.7218 0
100 44 86 3.5897 0
45 55 53 3.6746 0
45 82 53 3.7907 0
17 74 92 3.6168 0
17 43 65 3.7694 0
110 53 92 3.6168 0
27 55 53 3.6746 0
89 74 72 3.6754 0
78 74 84 3.6743 0
77 56 74 3.6283 0
80 80 104 3.5669 0
117 47 82 3.5154 0
10 80 82 3.5154 0
32 84 89 3.337 0
79 54 97 3.3847 0
14 72 53 3.5127 0
105 84 85 3.337 0
97 84 88 3.337 0
111 54 75 3.3944 0
24 84 67 3.337 0
105 73 53 3.4197 0
49 54 97 3.3847 0
97 84 59 3.337 0
97 77 53 3.385 0
83 43 79 3.337 0
55 84 90 3.337 0
46 84 81 3.337 0
43 43 97 3.337 0
68 75 70 3.0514 0
23 84 84 3.337 0
104 84 63 3.337 0
83 84 74 3.337 0
63 84 92 3.337 0
92 43 62 3.337 0
45 84 73 3.337 0
66 43 94 3.337 0
113 83 86 3.3019 0
121 82 65 3.2459 0
100 74 72 3.0826 0
97 74 102 3.1429 0
86 45 103 3.0601 0
69 60 64 2.7895 0
60 75 71 3.0514 0
27 73 69 3.0591 0
0
