128
127 127 127 63.347 0
2 1 2 60.4991 0
0 127 0 63.341 0
127 0 0 63.3521 0
0 0 127 63.3391 0
126 125 2 60.5066 0
126 2 125 60.5049 0
1 125 125 60.4938 0
63 64 26 27.5984 0
63 64 118 25.3939 0
63 98 88 15.2448 0
64 29 88 15.2433 0
97 63 88 15.2523 0
30 64 88 15.2274 0
0 76 64 11.9938 0
127 51 63 12.0109 0
51 127 61 11.9917 0
21 64 40 12.876 0
64 21 40 12.876 0
106 64 40 12.876 0
64 109 40 12.8747 0
76 0 60 12.0133 0
64 0 84 12.613 0
63 127 84 12.6109 0
127 76 59 12.0101 0
0 51 60 11.9961 0
51 0 57 11.9933 0
76 127 56 12.0087 0
125 64 84 11.478 0
3 62 84 11.0512 0
86 86 81 9.5238 0
73 53 84 9.345 0
54 74 84 9.3202 0
43 43 81 8.9901 0
41 88 79 8.5445 0
88 40 80 8.2754 0
45 38 45 7.8353 0
81 94 45 7.9258 0
46 94 45 7.9236 0
36 80 45 7.8339 0
87 44 45 7.8366 0
91 79 45 7.8342 0
31 112 64 7.4624 0
96 15 64 7.458 0
96 112 63 7.4542 0
15 31 63 7.4477 0
112 31 64 7.4733 0
31 15 63 7.4685 0
15 96 64 7.4498 0
115 95 64 7.0838 0
30 46 46 6.8267 0
47 6 75 5.93 0
80 121 75 5.9161 0
82 78 95 5.8703 0
72 38 47 5.8209 0
13 77 79 5.7551 0
114 50 79 5.7592 0
83 30 47 5.8209 0
102 46 47 5.8209 0
63 63 76 5.7621 0
73 54 60 4.4389 0
113 77 79 5.5953 0
63 64 61 5.3333 0
49 114 79 5.3162 0
78 13 79 5.3085 0
50 45 95 5.2957 0
15 50 79 5.3539 0
53 72 66 4.4386 0
11 78 49 5.0152 0
14 48 48 4.9195 0
63 90 48 4.813 0
115 49 49 4.6647 0
44 28 79 4.8204 0
83 24 79 4.8089 0
22 82 48 4.8116 0
28 45 79 4.8748 0
26 84 79 4.8089 0
78 110 79 4.8229 0
49 17 79 4.8245 0
81 108 48 4.813 0
47 110 48 4.813 0
89 65 48 4.8123 0
107 81 48 4.8124 0
44 24 48 4.813 0
101 83 79 4.8089 0
103 44 79 4.8089 0
44 104 79 4.8089 0
60 39 48 4.813 0
38 61 48 4.8119 0
108 106 64 4.6216 0
88 7 71 4.6295 0
68 51 69 4.2958 0
74 114 68 4.5543 0
75 41 75 4.5232 0
5 66 50 4.2713 0
54 13 69 4.3584 0
59 76 59 4.2808 0
51 68 57 4.277 0
41 75 74 4.3464 0
76 59 68 4.2954 0
60 61 87 4.2871 0
87 73 73 4.1753 0
122 62 50 4.0721 0
96 50 72 4.0539 0
120 84 74 4.0907 0
7 43 74 4.0686 0
79 13 49 4.0435 0
49 15 49 4.114 0
29 52 71 3.8404 0
41 120 73 4.0258 0
78 97 74 3.8976 0
51 46 62 0.5642 0
95 91 49 3.8051 0
107 91 55 3.7608 0
33 92 49 3.8051 0
94 54 49 3.8027 0
85 56 49 3.8048 0
33 35 49 3.8051 0
44 51 49 3.8049 0
91 106 73 3.8257 0
91 21 54 3.8249 0
106 36 54 3.8229 0
106 91 73 3.8194 0
21 36 73 3.8107 0
48 82 49 3.8043 0
21 91 54 3.8095 0
36 21 73 3.8061 0
84 102 78 3.801 0
0
