128
0 50 0 88.1083 0
127 127 127 73.5488 0
127 0 93 56.5171 0
57 53 104 29.5088 0
37 127 79 27.2222 0
76 127 40 26.1335 0
101 67 51 25.1299 0
46 1 91 23.4569 0
56 92 87 12.0313 0
69 0 54 11.7678 0
81 36 57 10.7716 0
73 92 54 10.6132 0
62 24 72 9.3404 0
62 76 72 9.1587 0
63 103 68 8.7209 0
84 72 82 8.4413 0
80 86 72 7.956 0
86 48 75 7.9425 0
75 36 75 6.8073 0
71 20 57 6.5786 0
75 62 71 6.3632 0
87 102 61 6.3781 0
67 50 68 6.0597 0
71 75 58 5.3576 0
70 119 71 5.3983 0
55 89 67 5.3192 0
68 6 72 4.9702 0
74 53 58 4.9441 0
55 7 63 4.7624 0
71 64 60 4.4881 0
72 94 80 4.4067 0
60 41 71 4.1258 0
80 99 70 4.1263 0
76 111 67 4.0945 0
66 112 78 4.0465 0
73 13 66 3.9171 0
61 59 70 3.7418 0
73 79 80 3.7069 0
67 31 61 3.3078 0
69 13 79 3.1387 0
61 15 60 3.2081 0
61 84 61 3.1351 0
79 73 70 2.9994 0
69 90 69 2.9811 0
71 102 78 2.8513 0
68 42 62 2.7312 0
74 26 79 2.7064 0
59 113 61 2.6005 0
69 87 77 2.7483 0
72 69 78 2.5118 0
69 36 66 2.4445 0
77 46 68 2.5193 0
60 12 68 2.4584 0
79 53 67 2.2692 0
73 95 72 2.401 0
76 54 77 2.3275 0
77 28 68 2.36 0
72 15 73 2.2684 0
75 71 65 2.0553 0
73 106 61 2.018 0
83 48 64 2.2119 0
67 58 63 2.1402 0
73 82 64 2.084 0
81 21 61 2.1227 0
60 93 61 2.0031 0
72 28 64 2.1394 0
77 19 66 2.0136 0
78 81 61 1.9589 0
73 77 66 1.9204 0
65 69 62 1.7685 0
79 107 61 1.937 0
73 108 76 1.8863 0
61 92 72 1.838 0
61 35 66 1.838 0
67 85 64 1.828 0
72 20 78 1.8187 0
65 35 78 1.7188 0
73 46 62 1.7509 0
63 7 66 1.7498 0
76 99 76 1.6473 0
66 43 74 1.6782 0
74 97 67 1.6715 0
74 71 72 1.7197 0
73 50 76 1.6959 0
71 41 67 1.5235 0
61 65 67 1.5565 0
63 87 67 1.5687 0
80 24 66 1.6393 0
66 16 64 1.6564 0
67 62 66 1.5164 0
78 106 72 1.4173 0
73 24 67 1.5169 0
68 113 64 1.4795 0
64 94 75 1.4976 0
79 105 66 1.4068 0
73 102 73 1.4703 0
63 42 65 1.3731 0
74 45 77 1.4503 0
69 70 64 1.3251 0
74 23 73 1.3032 0
68 13 62 1.4376 0
74 76 72 1.2289 0
65 13 68 1.3135 0
76 53 71 1.2766 0
74 45 73 1.3806 0
75 55 65 1.3732 0
75 19 72 1.2142 0
71 54 75 1.2016 0
74 104 66 1.3032 0
63 114 71 1.1854 0
78 26 73 1.2764 0
61 36 77 1.2368 0
68 56 74 1.2548 0
67 58 71 1.2766 0
68 66 77 1.2775 0
62 88 71 1.2751 0
73 19 68 1.2648 0
67 64 74 1.2546 0
66 36 70 1.1625 0
64 87 75 1.2305 0
64 114 66 1.1854 0
65 112 62 1.2467 0
69 93 74 1.1773 0
70 67 66 1.2161 0
71 111 71 1.1965 0
68 9 65 1.0998 0
64 13 77 1.2144 0
76 73 75 1.2161 0
0
