128
59 0 127 75.8363 0
127 127 0 72.2702 0
0 19 0 64.3622 0
0 127 121 62.8975 0
127 6 21 49.1971 0
127 91 106 38.5235 0
23 111 28 33.2208 0
75 112 79 21.9983 0
70 59 33 21.2674 0
0 56 80 16.4555 0
127 41 82 14.2039 0
54 82 87 14.1703 0
127 63 60 13.8744 0
81 77 85 12.1621 0
71 26 43 11.8139 0
0 77 51 11.6785 0
39 70 43 11.2383 0
63 92 43 11.2279 0
102 58 43 11.1467 0
31 71 83 10.272 0
44 101 67 9.9196 0
44 45 55 9.1306 0
97 61 81 8.2207 0
98 92 68 8.0033 0
78 57 67 7.7983 0
93 35 58 7.6073 0
54 57 65 7.2736 0
20 74 47 7.1348 0
16 41 67 6.9446 0
106 48 77 6.7796 0
9 61 58 6.5269 0
5 78 70 6.1 0
86 78 48 6.2356 0
111 32 69 6.2116 0
9 91 61 5.9457 0
105 49 62 5.6104 0
31 58 65 3.8321 0
57 38 48 6.1073 0
26 56 75 5.9627 0
77 97 54 5.9153 0
59 97 60 5.8881 0
22 80 71 5.7019 0
102 73 53 5.807 0
103 73 72 5.6533 0
90 46 49 5.5944 0
26 56 56 5.5772 0
54 78 49 5.2825 0
23 80 59 5.3396 0
36 86 78 5.2599 0
122 43 62 5.2479 0
113 59 78 5.1909 0
15 73 78 5.1202 0
47 65 78 5.0995 0
68 66 78 5.1129 0
45 86 49 5.1103 0
28 96 66 5.0788 0
118 81 63 4.9311 0
28 40 61 4.862 0
68 78 63 0.9435 0
87 95 60 4.3965 0
66 50 63 4.4595 0
81 39 50 4.2459 0
49 59 51 4.3155 0
50 95 53 4.347 0
90 67 50 4.3485 0
77 85 50 4.2912 0
13 68 67 4.0701 0
116 51 50 4.0916 0
35 55 50 4.0916 0
40 66 60 3.5747 0
110 87 66 4.1199 0
112 69 50 4.0916 0
65 61 69 3.8797 0
41 78 66 1.4556 0
87 48 68 3.9098 0
57 63 76 3.7163 0
98 75 63 3.8319 0
85 63 76 3.7163 0
106 45 52 3.7006 0
88 56 52 3.6039 0
82 29 55 3.6791 0
43 52 67 3.649 0
79 45 63 3.5005 0
89 55 61 3.4885 0
31 82 51 3.5906 0
68 78 51 3.3635 0
42 68 70 3.4469 0
84 71 61 1.5069 0
19 95 62 3.472 0
62 71 60 1.3573 0
36 59 76 3.4654 0
95 78 76 3.4266 0
69 85 76 3.3316 0
35 61 56 3.3356 0
19 48 76 3.2564 0
92 66 67 1.7911 0
69 94 60 3.1769 0
67 41 51 3.2457 0
53 67 51 3.1023 0
19 64 76 3.1057 0
17 63 51 3.2092 0
100 36 68 3.0743 0
13 50 60 3.1293 0
54 78 63 0.9435 0
26 65 51 3.0865 0
78 85 63 0.8961 0
93 87 58 3.1356 0
57 94 73 3.1413 0
85 88 51 3.0837 0
76 76 51 3.0837 0
89 90 76 3.0837 0
67 75 76 3.0837 0
29 69 64 1.4251 0
62 85 67 1.2821 0
88 54 75 2.7974 0
37 47 66 3.0209 0
100 61 61 1.3693 0
83 62 55 2.7293 0
105 35 61 2.8422 0
25 53 65 2.9381 0
37 62 69 2.7776 0
35 94 59 2.8684 0
94 41 68 2.8019 0
55 71 67 1.3775 0
42 94 55 2.8648 0
69 71 67 1.3375 0
18 67 58 2.6641 0
99 52 69 2.7636 0
0
