128
0 0 127 92.3201 0
127 127 0 54.3531 0
0 127 0 54.3531 0
127 127 127 54.3531 0
127 0 0 54.3531 0
127 17 93 38.8704 0
17 127 94 38.8704 0
5 32 0 37.7093 0
118 76 64 25.4842 0
77 118 63 25.4842 0
58 69 0 22.9767 0
56 13 27 21.4689 0
57 58 48 19.5153 0
97 58 124 19.4377 0
59 96 124 19.0918 0
19 69 42 17.7402 0
82 18 56 16.4133 0
97 64 9 14.6904 0
64 107 23 14.4005 0
42 105 49 12.3818 0
105 42 50 12.3818 0
73 73 105 11.9257 0
65 66 78 11.4523 0
77 42 12 10.8861 0
73 103 97 10.615 0
24 84 68 10.3661 0
102 74 98 9.9109 0
35 39 38 9.9209 0
102 58 33 9.3582 0
29 71 16 8.8799 0
101 78 33 8.3503 0
49 42 15 7.8639 0
82 85 15 7.8639 0
70 46 70 7.4208 0
36 70 62 7.4208 0
100 56 93 7.3491 0
54 100 82 7.3424 0
98 97 47 7.0612 0
83 99 35 6.3346 0
99 47 69 6.3346 0
55 99 97 6.463 0
46 99 69 6.3346 0
81 28 31 6.3346 0
83 28 78 6.3346 0
71 34 42 6.4577 0
96 98 82 6.4623 0
47 71 75 6.413 0
28 91 50 6.3346 0
49 93 17 5.8915 0
79 54 100 5.7857 0
54 79 100 5.7856 0
46 98 31 5.3267 0
61 98 43 5.3267 0
72 39 58 5.4051 0
98 56 79 5.3267 0
84 87 111 5.3289 0
98 88 90 5.3267 0
29 84 84 5.3267 0
38 90 111 5.2677 0
72 43 33 4.9469 0
41 72 33 4.9633 0
79 58 18 4.835 0
38 83 18 4.835 0
36 55 33 4.9206 0
93 80 110 4.847 0
40 52 18 4.835 0
94 30 41 4.6423 0
73 33 70 4.7159 0
97 33 64 4.6423 0
33 97 65 4.6423 0
97 48 22 4.492 0
73 73 35 4.3972 0
90 35 110 4.4789 0
73 58 91 4.3972 0
30 90 38 4.3188 0
55 73 90 4.3972 0
97 66 85 4.3188 0
54 97 60 4.3188 0
30 82 26 4.3188 0
30 58 24 4.3188 0
73 52 83 4.3972 0
73 72 61 4.3972 0
97 58 47 4.3188 0
97 42 34 4.3188 0
71 97 39 4.3188 0
86 97 90 4.3188 0
94 81 19 4.1847 0
49 40 32 4.098 0
62 42 19 3.8374 0
79 72 19 3.8271 0
68 88 19 3.8271 0
63 39 32 3.9058 0
75 90 107 3.8955 0
80 96 22 3.5277 0
74 58 66 3.3894 0
96 55 60 3.3109 0
34 74 74 3.4682 0
95 95 71 3.4641 0
47 83 107 3.4038 0
83 47 107 3.4038 0
57 96 70 3.3109 0
66 96 81 3.3109 0
39 74 51 3.3894 0
71 34 30 3.4461 0
46 96 104 3.3224 0
74 64 32 3.3894 0
96 89 38 3.3109 0
57 74 66 3.3894 0
91 31 71 3.3109 0
49 74 64 3.3894 0
47 74 86 3.3894 0
74 42 81 3.3894 0
96 76 85 3.3109 0
31 86 95 3.3109 0
96 83 45 3.3109 0
96 73 44 3.3109 0
37 96 34 3.3109 0
96 45 104 3.3224 0
85 31 93 3.3111 0
86 96 45 3.3109 0
96 46 85 3.3109 0
56 96 51 3.3109 0
54 96 36 3.3109 0
75 96 83 3.3109 0
82 95 106 3.1331 0
74 56 31 2.968 0
74 87 96 2.8471 0
40 63 31 3.0427 0
0
