128
0 0 127 92.3201 0
127 127 0 54.3531 0
0 127 0 54.3531 0
127 127 127 54.3531 0
127 0 50 54.5897 0
44 1 0 40.8566 0
17 127 94 38.8704 0
75 118 65 25.4842 0
117 79 63 24.4763 0
97 54 0 23.4661 0
51 67 0 22.9767 0
98 58 103 23.0082 0
71 55 52 22.5412 0
12 53 22 22.4975 0
59 96 124 19.0918 0
18 79 52 16.4133 0
63 107 23 14.4005 0
41 105 50 12.3818 0
41 42 39 11.0752 0
41 66 39 10.8735 0
101 66 33 10.7163 0
70 67 84 10.4445 0
77 85 13 9.8786 0
74 102 98 9.9109 0
67 75 104 9.6223 0
42 68 61 9.4367 0
72 29 33 8.5237 0
68 42 15 7.8639 0
82 84 113 7.6699 0
81 31 16 7.7799 0
52 71 77 7.6704 0
87 70 75 7.4208 0
81 100 36 7.3424 0
27 83 76 7.3424 0
56 100 94 7.3491 0
95 99 46 6.8871 0
49 99 74 6.3346 0
96 98 82 6.4623 0
78 78 34 6.4514 0
99 86 90 6.3346 0
28 77 30 6.3892 0
59 99 43 6.3346 0
99 87 38 6.3346 0
50 78 50 5.8707 0
93 49 33 5.8015 0
49 92 17 5.8428 0
76 68 17 5.8428 0
56 34 33 5.7479 0
30 96 63 5.6436 0
78 79 69 5.5864 0
95 78 18 5.5265 0
52 80 100 5.3391 0
45 98 29 5.3267 0
38 90 111 5.2677 0
56 72 33 5.1029 0
54 44 18 4.835 0
42 46 18 4.8433 0
72 55 18 4.835 0
62 87 18 4.835 0
48 80 33 4.5786 0
51 80 62 4.5786 0
56 73 90 4.3972 0
93 73 46 4.4601 0
52 97 62 4.3188 0
87 97 90 4.3188 0
85 41 32 4.3461 0
30 93 39 4.3827 0
39 73 75 4.3972 0
60 97 82 4.3188 0
30 85 89 4.3188 0
33 78 19 4.1847 0
85 68 32 4.0478 0
39 86 19 3.8271 0
52 56 32 3.9564 0
80 79 98 3.7938 0
85 74 19 3.8374 0
55 45 32 3.8019 0
66 73 32 3.7995 0
79 79 80 3.5176 0
79 81 48 3.5707 0
46 80 70 3.5707 0
70 96 41 3.3109 0
39 96 69 3.3109 0
78 81 59 3.5707 0
48 96 85 3.3109 0
32 75 68 3.52 0
88 74 62 3.3894 0
82 96 22 3.5277 0
96 77 83 3.408 0
46 96 104 3.3224 0
89 74 38 3.3894 0
96 80 29 3.3109 0
59 74 67 3.3894 0
68 74 71 3.3894 0
56 96 53 3.3109 0
79 96 86 3.3109 0
67 96 87 3.3109 0
84 96 47 3.3109 0
31 88 31 3.3109 0
50 96 37 3.3109 0
37 96 34 3.3109 0
45 84 108 3.2006 0
46 75 87 3.1971 0
82 75 87 3.1971 0
74 88 105 3.092 0
64 40 31 3.044 0
74 85 97 2.8473 0
33 34 29 2.9664 0
53 91 102 2.8471 0
53 77 40 2.9573 0
56 63 30 2.7617 0
63 53 20 2.8192 0
94 95 69 2.8287 0
94 95 57 2.8287 0
67 78 20 2.8192 0
46 81 78 2.8766 0
43 81 97 2.7604 0
89 86 20 2.8192 0
83 32 28 2.8591 0
87 58 31 2.8071 0
81 42 20 2.8327 0
92 36 20 2.8192 0
35 40 20 2.8192 0
78 49 20 2.8192 0
37 54 31 2.7916 0
92 85 107 2.7747 0
83 94 106 2.4266 0
86 82 102 2.5628 0
0
