128
127 0 127 65.346 0
7 119 8 53.1234 0
127 127 0 65.346 0
0 0 0 65.346 0
0 127 127 65.346 0
120 119 119 53.1234 0
120 8 8 53.1234 0
7 8 119 53.1234 0
64 64 31 27.7257 0
63 64 96 27.7257 0
64 120 65 22.7962 0
65 7 62 22.7962 0
0 63 72 17.7549 0
127 62 55 17.5141 0
104 63 85 12.7571 0
24 63 43 12.2134 0
40 62 63 11.1823 0
100 71 45 10.142 0
27 59 82 10.064 0
27 83 64 7.4082 0
95 49 49 8.9683 0
51 32 46 8.7256 0
35 21 64 8.686 0
52 30 81 8.7263 0
76 31 81 8.7256 0
48 89 64 7.4082 0
118 86 65 8.4426 0
9 87 62 8.4426 0
9 38 64 8.4426 0
33 41 63 7.4082 0
67 87 63 7.4082 0
93 105 63 7.6781 0
76 39 64 7.4082 0
54 39 63 7.4082 0
49 96 80 7.7178 0
51 97 47 7.7186 0
76 33 47 7.7178 0
94 22 64 7.6781 0
78 95 80 7.7178 0
36 46 47 7.7178 0
36 105 61 7.6781 0
76 97 47 7.7186 0
32 77 80 7.7178 0
117 39 62 7.4347 0
36 82 48 6.7099 0
89 85 48 6.7701 0
37 43 79 6.7099 0
11 50 53 6.759 0
115 49 74 5.8044 0
12 75 53 5.8044 0
73 54 63 5.6279 0
81 89 65 5.614 0
73 72 64 5.6279 0
85 62 61 4.5045 0
56 53 64 5.5335 0
24 51 61 5.1904 0
114 75 74 4.8694 0
104 91 65 4.6676 0
104 35 66 4.4243 0
17 79 77 4.7681 0
35 90 77 4.6941 0
54 73 65 4.7145 0
20 25 64 4.6545 0
20 102 63 4.6545 0
107 102 64 4.6545 0
22 80 50 4.6941 0
107 25 63 4.6545 0
94 91 62 4.6132 0
112 80 51 4.59 0
91 35 67 4.3747 0
86 26 53 4.1803 0
84 70 67 4.2361 0
84 54 67 4.1461 0
39 81 60 4.1328 0
16 47 76 4.0921 0
88 27 75 3.967 0
88 100 52 3.967 0
39 27 52 3.967 0
64 91 51 3.6863 0
39 101 73 3.8065 0
91 35 51 3.6863 0
101 85 51 3.7892 0
48 85 51 3.6863 0
22 72 60 3.6598 0
112 45 52 3.7994 0
25 45 76 3.6863 0
82 44 51 3.6863 0
107 82 76 3.6863 0
63 36 51 3.6863 0
39 97 51 3.6878 0
39 30 76 3.6878 0
22 47 51 3.6863 0
63 74 62 3.7066 0
83 80 60 3.6517 0
34 34 51 3.6863 0
22 37 60 3.6598 0
84 101 71 3.6466 0
96 35 59 3.3767 0
106 66 66 2.6357 0
65 43 67 3.5452 0
43 34 65 3.4164 0
25 63 68 3.4824 0
106 53 67 2.6519 0
83 48 60 3.4508 0
35 93 64 3.4164 0
22 41 68 3.3767 0
43 51 74 3.4689 0
65 34 66 3.4164 0
87 35 59 3.3767 0
22 93 60 3.4164 0
44 43 68 3.3767 0
22 93 68 3.3767 0
83 79 68 3.3767 0
57 82 67 3.3564 0
106 77 59 2.6166 0
42 74 53 3.2152 0
42 74 74 3.2152 0
24 63 60 2.904 0
35 72 52 3.0034 0
106 43 59 2.6519 0
85 72 59 2.9247 0
106 73 68 2.6235 0
90 98 75 2.8709 0
82 100 60 2.6387 0
38 79 68 2.8285 0
56 87 52 2.6784 0
91 61 52 2.8496 0
106 52 60 2.6519 0
0
