128
0 0 127 77.7613 0
127 127 0 60.0973 0
0 127 0 60.0973 0
127 127 127 60.0973 0
127 0 0 60.0973 0
127 17 110 50.0583 0
16 127 112 50.0882 0
0 15 0 49.0125 0
66 105 58 25.2527 0
62 24 49 23.237 0
118 73 63 22.28 0
11 63 51 20.2704 0
75 65 127 19.6971 0
61 51 0 18.5904 0
64 85 5 14.5317 0
66 50 87 13.1053 0
28 92 59 12.661 0
68 92 99 12.1504 0
96 35 57 12.1649 0
45 51 67 11.6506 0
88 65 7 11.4613 0
107 62 32 11.2906 0
35 65 8 10.5453 0
21 74 81 10.1856 0
32 40 45 9.8918 0
47 75 120 9.731 0
91 89 79 9.1267 0
53 89 27 9.1267 0
82 38 75 9.1267 0
76 88 27 8.1189 0
49 39 23 8.1189 0
23 64 24 8.1698 0
94 88 47 8.1189 0
104 70 95 8.1698 0
51 88 84 8.1189 0
40 88 41 8.1189 0
56 63 105 8.0405 0
73 39 22 8.1189 0
84 56 99 7.8848 0
82 61 48 2.0187 0
52 60 35 3.0266 0
40 56 47 7.0581 0
74 60 31 3.0266 0
102 47 43 6.1772 0
102 49 69 6.1541 0
37 86 78 6.1031 0
95 65 109 6.0797 0
87 41 41 6.1031 0
47 57 85 6.0502 0
86 60 66 3.0266 0
68 60 49 3.0266 0
51 70 13 5.4113 0
27 60 74 5.3267 0
54 85 109 5.3647 0
73 85 82 5.0953 0
91 85 61 5.0953 0
26 52 32 5.1462 0
101 77 39 5.1462 0
101 62 83 5.1462 0
86 85 96 5.0953 0
44 85 68 5.0953 0
27 82 41 4.8035 0
51 84 98 4.7841 0
70 64 102 4.746 0
41 51 14 4.6108 0
82 81 14 4.625 0
45 81 14 4.625 0
82 46 14 4.625 0
99 60 47 4.5613 0
72 68 14 4.3891 0
80 84 110 4.449 0
100 58 17 4.4962 0
85 43 29 4.0874 0
37 43 30 4.0874 0
100 81 88 4.3948 0
27 74 33 4.1383 0
100 52 54 4.1383 0
100 69 18 4.2154 0
59 59 61 4.0344 0
81 43 61 4.0874 0
27 76 67 4.1383 0
27 72 96 4.1383 0
85 84 36 4.0874 0
67 84 36 4.0874 0
42 58 28 1.9952 0
36 59 81 4.0344 0
64 43 70 4.089 0
45 43 35 4.0874 0
77 43 34 4.0874 0
44 84 53 4.0874 0
63 84 80 4.0874 0
96 59 92 4.0749 0
59 59 72 4.0344 0
61 43 28 4.0874 0
43 67 104 4.009 0
84 44 88 3.6957 0
77 59 55 2.7733 0
63 81 112 3.6766 0
72 60 40 3.0266 0
82 60 35 3.0266 0
91 60 38 3.0266 0
33 75 114 3.6349 0
59 60 30 3.0266 0
61 69 15 3.3839 0
89 60 46 3.0266 0
44 46 51 3.4062 0
79 68 101 3.0301 0
60 59 38 3.0031 0
58 83 39 3.0795 0
80 83 73 3.0795 0
82 44 50 3.0795 0
99 69 44 3.1304 0
89 57 77 0.9873 0
94 83 34 3.0795 0
99 75 26 3.1304 0
82 83 46 3.0795 0
96 59 69 3.0553 0
99 48 33 3.1304 0
83 60 59 3.0266 0
99 74 83 3.1304 0
48 60 96 3.0784 0
99 56 76 3.162 0
75 77 99 3.054 0
52 83 44 3.0795 0
79 83 89 3.0795 0
65 83 24 3.0795 0
41 83 28 3.0795 0
73 44 67 3.0795 0
0
