128
127 0 127 77.5875 0
0 0 0 77.5875 0
127 127 0 77.5875 0
0 127 127 77.5875 0
91 90 90 24.5651 0
92 37 37 24.5651 0
38 90 37 24.5651 0
38 37 90 24.5651 0
0 46 81 14.241 0
0 81 46 14.241 0
58 43 57 13.1537 0
58 84 70 13.1537 0
127 80 80 13.0996 0
127 47 49 12.4295 0
68 67 40 12.0485 0
62 66 90 12.0536 0
70 47 78 9.7058 0
79 80 57 9.1222 0
49 59 44 7.9493 0
0 63 62 7.4381 0
127 62 67 7.4381 0
88 49 68 7.1064 0
24 64 60 3.9015 0
106 63 66 3.9015 0
37 77 68 6.0986 0
18 77 59 6.0986 0
17 50 67 6.0986 0
82 58 84 6.122 0
31 50 61 6.0986 0
96 77 61 6.0986 0
109 77 66 6.0986 0
109 50 61 6.0986 0
87 67 46 6.0715 0
44 68 84 5.8992 0
48 63 63 3.9015 0
78 63 63 3.9015 0
19 67 47 5.09 0
75 51 62 5.0907 0
35 60 47 5.09 0
104 63 49 5.0628 0
60 63 65 3.9015 0
93 63 60 3.9015 0
37 64 66 3.9015 0
124 64 54 4.4145 0
18 58 82 4.3488 0
43 52 64 4.0828 0
40 52 52 4.0984 0
93 61 82 4.1467 0
111 69 82 4.0859 0
61 75 54 4.0828 0
115 60 48 4.1199 0
100 52 68 4.0828 0
39 64 56 3.9015 0
26 75 67 4.0828 0
75 75 70 4.0828 0
63 63 56 3.9015 0
33 66 82 3.9253 0
78 63 54 3.9015 0
89 63 68 3.9015 0
20 64 68 3.9015 0
121 74 64 3.5442 0
6 74 64 3.5442 0
54 64 57 3.5173 0
68 64 68 3.4657 0
110 63 57 3.3212 0
4 63 74 3.4066 0
72 53 51 3.3342 0
58 55 78 3.2421 0
7 53 63 3.1824 0
27 63 52 3.1501 0
104 64 81 3.1926 0
120 53 63 3.1824 0
70 73 77 3.0101 0
50 53 69 3.0749 0
95 62 51 3.1657 0
87 74 66 3.0749 0
77 67 79 2.9795 0
31 74 60 3.0749 0
44 74 75 3.0949 0
92 74 52 3.0949 0
47 74 61 3.0749 0
53 74 56 3.0749 0
86 63 56 3.095 0
16 64 58 2.9515 0
98 53 60 3.0749 0
57 53 71 3.0749 0
102 65 59 2.8936 0
97 63 68 2.9755 0
28 63 69 2.873 0
53 65 69 2.8936 0
71 63 59 2.8563 0
97 69 49 2.9018 0
52 70 78 2.9018 0
55 70 49 2.9018 0
10 66 49 2.902 0
24 64 81 2.9011 0
32 65 60 2.8936 0
50 60 78 2.7271 0
113 64 69 2.5225 0
119 65 79 2.5652 0
110 54 51 2.4174 0
5 69 70 2.3988 0
33 73 76 2.4174 0
94 54 76 2.4174 0
5 63 52 2.4233 0
15 54 76 2.4174 0
88 55 77 2.3569 0
10 61 80 2.1429 0
83 54 59 2.0671 0
15 73 68 2.0671 0
81 62 70 2.0589 0
105 73 58 2.0671 0
75 63 70 2.0589 0
78 54 70 2.0671 0
31 54 52 2.0948 0
17 54 58 2.0671 0
115 61 63 1.554 0
69 73 60 2.0671 0
107 54 70 2.0671 0
82 54 75 2.0948 0
46 64 70 2.0589 0
113 73 75 2.0948 0
25 54 70 2.0671 0
40 73 60 2.0671 0
99 73 69 2.0671 0
26 73 56 2.0671 0
22 54 60 2.0671 0
59 59 50 1.9223 0
0
