128
127 127 0 54.7717 0
0 0 127 53.2768 0
127 0 127 53.667 0
0 0 0 52.8065 0
0 127 127 52.8065 0
127 0 0 52.8623 0
127 127 127 52.8065 0
0 127 0 52.7857 0
64 61 0 15.1161 0
64 65 127 12.8121 0
64 127 93 17.0859 0
64 0 34 17.0482 0
127 64 95 16.5406 0
127 62 34 16.2211 0
0 63 30 15.7534 0
0 64 97 15.5097 0
29 63 0 15.5252 0
63 29 0 15.5212 0
62 96 0 15.1969 0
96 62 0 15.1975 0
29 127 63 14.7805 0
98 0 63 14.8135 0
98 64 127 14.7817 0
29 64 127 14.7816 0
0 29 63 14.7746 0
0 98 64 14.7746 0
63 98 127 14.772 0
127 29 63 14.7746 0
29 0 64 14.7804 0
63 29 127 14.7725 0
63 0 98 14.7657 0
127 97 65 14.3319 0
62 127 30 14.3058 0
97 127 65 14.3075 0
81 124 46 9.1924 0
63 0 67 6.0153 0
77 0 77 8.7645 0
81 46 125 8.8469 0
50 0 77 8.7645 0
0 53 54 8.3753 0
0 50 76 8.5683 0
114 45 49 8.344 0
48 48 123 8.2944 0
82 82 124 8.3889 0
0 77 52 8.4041 0
51 127 51 8.3639 0
8 83 83 8.3125 0
11 42 45 8.1395 0
44 83 123 8.1497 0
81 80 7 8.061 0
82 43 7 8.061 0
43 44 7 8.061 0
43 82 7 8.061 0
127 51 73 7.8708 0
52 127 70 7.7473 0
127 76 55 7.7066 0
52 0 57 7.5608 0
75 0 58 7.4042 0
0 75 70 7.3008 0
52 105 100 7.2829 0
126 75 72 7.3294 0
73 127 69 7.4284 0
41 7 45 7.2924 0
117 84 84 7.327 0
60 23 23 7.2681 0
67 104 104 7.2681 0
109 109 59 7.11 0
41 121 82 6.909 0
109 69 18 7.0348 0
69 109 18 7.0154 0
20 54 20 6.9797 0
22 22 74 6.8472 0
20 72 107 6.7957 0
76 108 32 6.6957 0
126 53 57 6.786 0
86 119 83 6.7334 0
51 19 99 6.6784 0
18 108 55 6.6562 0
19 18 55 6.6413 0
19 109 72 6.6413 0
67 127 55 6.5681 0
86 7 44 6.4932 0
108 73 108 6.4129 0
75 21 23 6.2157 0
107 54 18 6.2889 0
54 109 20 6.0947 0
45 11 88 6.227 0
18 35 81 6.2023 0
120 40 81 6.0877 0
109 20 54 6.1019 0
18 73 20 6.1069 0
90 12 80 5.9465 0
25 44 32 6.0583 0
20 55 109 5.9602 0
107 55 109 5.9602 0
109 20 72 5.9507 0
72 18 107 5.946 0
93 112 50 5.9089 0
120 87 47 5.8284 0
39 119 45 5.8608 0
106 31 47 5.8158 0
8 88 45 5.8568 0
109 106 74 5.5737 0
81 9 89 5.673 0
23 92 82 4.3974 0
17 79 96 5.3416 0
79 107 97 5.1471 0
111 46 34 5.4038 0
109 92 76 5.3416 0
63 10 56 5.0293 0
45 18 34 5.3774 0
82 17 37 5.3088 0
105 61 29 5.1631 0
110 80 95 5.1694 0
10 64 50 4.8885 0
9 46 89 5.1092 0
64 117 71 5.0293 0
98 47 23 5.0307 0
105 100 50 5.0241 0
1 62 67 5.0628 0
126 63 66 4.9817 0
35 12 80 4.9448 0
114 82 70 4.7996 0
60 20 108 4.7466 0
102 92 86 4.4678 0
63 48 119 4.8151 0
106 91 44 4.7849 0
11 81 35 4.6696 0
0
