128
64 0 127 68.7742 0
0 127 0 67.2918 0
127 0 0 67.3657 0
127 127 127 63.0162 0
1 119 127 58.8754 0
0 0 11 58.5249 0
119 120 12 51.468 0
59 60 30 25.3004 0
64 114 66 24.5191 0
0 37 79 17.8194 0
127 51 93 17.6916 0
58 80 92 17.0774 0
98 64 49 16.6568 0
22 62 48 14.7046 0
57 25 48 12.7547 0
127 78 68 11.9054 0
0 78 68 11.9203 0
127 66 46 11.3593 0
114 33 72 11.2587 0
17 57 94 11.1375 0
90 70 95 10.7404 0
42 84 53 10.7537 0
79 86 47 10.1024 0
36 41 54 9.9292 0
127 49 64 9.8396 0
86 40 54 9.5662 0
82 89 82 9.1486 0
64 59 75 8.6026 0
36 65 92 8.0416 0
0 51 56 7.9343 0
78 23 54 7.6568 0
42 64 60 7.4657 0
32 106 67 7.4035 0
63 81 67 7.1801 0
96 106 66 7.1425 0
23 28 68 7.1794 0
3 63 81 7.0204 0
13 93 66 6.9496 0
114 93 66 6.9119 0
94 88 57 6.8606 0
23 83 57 6.6225 0
42 95 80 6.7174 0
109 70 89 6.5181 0
102 56 91 6.4546 0
64 45 65 6.4705 0
74 72 57 6.3862 0
61 86 50 6.3484 0
1 66 53 6.0209 0
76 53 57 6.0542 0
106 43 57 5.8185 0
75 64 88 5.5352 0
5 59 67 5.5291 0
99 25 64 5.3013 0
107 84 57 5.2754 0
40 22 59 5.1795 0
51 47 58 5.1488 0
20 43 57 5.2014 0
69 34 60 5.0474 0
54 73 58 4.9344 0
35 81 87 4.8898 0
102 95 71 4.6261 0
25 94 71 4.576 0
30 67 66 4.6127 0
20 72 87 4.5101 0
115 78 51 4.4253 0
85 59 78 2.3957 0
50 88 72 4.3169 0
116 51 51 4.2807 0
119 71 82 4.1788 0
70 40 51 4.1533 0
31 57 66 4.2045 0
120 61 70 4.2187 0
45 65 78 3.2275 0
9 74 82 4.1935 0
89 100 76 4.1723 0
100 79 86 4.0347 0
70 72 75 4.1269 0
8 76 51 4.0533 0
56 36 63 4.0101 0
53 60 83 4.0191 0
96 43 65 3.7054 0
109 87 75 3.9708 0
78 75 84 3.9433 0
29 93 57 3.9209 0
83 82 61 3.9374 0
31 84 66 3.6837 0
90 23 59 3.8141 0
27 37 75 3.8924 0
85 61 66 3.8136 0
74 85 71 3.7679 0
107 43 85 3.6972 0
32 75 61 3.7522 0
54 60 60 3.6356 0
15 85 75 3.7475 0
101 82 66 3.2006 0
63 69 65 3.5459 0
115 79 80 3.5253 0
99 35 58 3.5758 0
88 70 67 3.6048 0
61 41 55 3.6165 0
21 43 85 3.5478 0
28 44 66 3.524 0
98 33 70 3.4476 0
56 49 72 3.5222 0
31 53 88 3.4547 0
105 99 62 3.4752 0
43 45 66 3.3926 0
42 100 52 3.2315 0
58 71 72 3.2024 0
15 34 62 3.3631 0
104 53 74 0.6352 0
112 52 60 3.1889 0
39 55 77 1.3469 0
70 62 58 3.3555 0
114 49 71 3.1588 0
32 98 76 3.3427 0
19 52 67 2.0064 0
87 97 52 3.2917 0
72 48 72 3.1816 0
118 87 57 3.2966 0
23 99 62 3.1545 0
15 75 60 3.2297 0
112 75 60 3.2478 0
82 65 78 3.2262 0
41 84 79 3.1937 0
123 63 61 3.1349 0
91 84 67 3.1603 0
96 64 76 0.8371 0
0
