128
127 0 127 77.7366 0
127 127 0 74.2275 0
0 0 0 64.7807 0
0 127 127 64.2611 0
1 117 11 50.9959 0
0 12 115 49.235 0
57 68 65 36.6918 0
95 24 21 34.1202 0
88 117 95 27.5729 0
48 0 68 17.2499 0
49 127 60 17.1431 0
114 82 79 16.4873 0
127 51 48 13.7962 0
14 64 43 10.7383 0
13 64 85 10.6155 0
0 44 63 10.3325 0
0 83 65 10.3325 0
52 24 84 10.2425 0
103 63 52 10.0872 0
72 10 57 9.3727 0
56 24 45 9.176 0
72 115 61 7.4665 0
127 63 68 7.4681 0
60 109 45 7.3509 0
55 114 81 7.2406 0
0 67 56 6.9964 0
0 60 72 6.9964 0
28 17 65 6.7783 0
95 94 69 6.8046 0
30 111 63 6.7496 0
41 28 53 6.3411 0
108 61 69 6.4196 0
37 30 75 6.3784 0
20 47 51 6.3162 0
108 43 56 6.1212 0
29 36 55 5.8961 0
20 47 76 5.7653 0
53 25 61 5.6448 0
46 106 47 5.5526 0
12 95 64 5.5633 0
12 32 64 5.5633 0
98 53 66 5.445 0
121 72 59 5.471 0
65 26 59 5.4342 0
65 26 71 5.421 0
94 49 53 5.2522 0
28 36 68 5.1786 0
82 105 63 5.1267 0
18 80 51 4.9982 0
17 78 77 4.9312 0
21 45 63 4.8356 0
100 73 64 4.6519 0
6 51 49 4.6036 0
17 55 61 4.5454 0
81 22 61 4.4706 0
64 114 72 4.327 0
74 31 54 4.1961 0
21 102 63 3.9831 0
16 59 70 4.1957 0
35 29 63 4.0817 0
98 37 58 4.1498 0
67 14 71 3.9644 0
44 25 67 4.1245 0
97 77 54 4.0105 0
114 51 62 3.938 0
6 76 50 3.9004 0
37 16 57 3.9951 0
7 78 78 3.8502 0
16 70 58 3.93 0
88 29 60 3.7085 0
91 44 67 3.7384 0
6 50 77 3.6714 0
45 15 51 3.6293 0
75 31 71 3.5193 0
16 72 68 3.5606 0
37 110 53 3.4794 0
36 17 75 3.5019 0
69 24 50 3.483 0
42 112 74 3.471 0
87 41 55 3.3571 0
4 71 73 3.3902 0
75 31 63 3.4602 0
44 105 78 3.3335 0
21 26 61 3.2066 0
22 88 75 3.2595 0
96 81 68 3.1737 0
36 101 51 3.1814 0
85 38 67 3.2052 0
100 87 62 3.1671 0
25 91 54 3.1726 0
17 77 62 3.1665 0
61 15 77 3.0669 0
59 14 54 2.8889 0
88 97 61 2.9435 0
20 84 59 2.978 0
110 78 59 2.8434 0
69 104 50 2.9168 0
56 22 70 2.7085 0
83 37 60 2.8011 0
75 19 67 2.8533 0
119 67 50 2.6068 0
19 83 66 2.5829 0
22 26 68 2.5658 0
119 57 63 2.6286 0
27 94 74 2.5954 0
105 82 60 2.6227 0
5 56 56 2.3933 0
14 63 62 2.3885 0
9 84 54 2.4725 0
16 51 68 2.5311 0
22 88 68 2.4889 0
9 44 52 2.487 0
11 39 56 2.4364 0
11 39 70 2.4364 0
11 88 72 2.4364 0
63 106 77 2.4379 0
114 63 61 2.351 0
84 98 68 2.376 0
36 109 72 2.4635 0
11 88 58 2.4364 0
33 99 74 2.4326 0
103 49 50 2.3115 0
110 51 51 2.4243 0
5 70 65 2.2534 0
5 57 63 2.2534 0
30 98 53 2.3117 0
38 102 75 2.3014 0
52 15 53 2.2476 0
0
