128
0 127 104 62.4888 0
127 0 104 62.4888 0
127 127 0 60.4607 0
0 0 0 60.4607 0
0 0 127 65.3118 0
127 127 127 65.3118 0
31 96 10 39.6199 0
97 30 10 39.6199 0
64 64 127 19.3113 0
57 5 58 19.9083 0
5 57 58 19.9083 0
122 70 58 19.9083 0
70 122 58 19.9083 0
58 64 65 9.9276 0
50 49 34 15.431 0
78 77 34 15.431 0
92 64 76 14.5189 0
35 63 76 14.5189 0
58 31 81 13.3218 0
69 96 82 13.3218 0
91 91 66 12.7924 0
36 37 66 12.1108 0
54 93 63 9.8825 0
74 34 63 9.8461 0
36 64 110 9.0552 0
63 91 110 9.0552 0
91 63 110 9.0552 0
64 36 110 9.0552 0
36 82 61 8.0206 0
91 45 61 8.0206 0
56 38 60 7.652 0
67 98 42 7.3682 0
29 60 42 7.3682 0
98 66 42 7.3682 0
61 29 42 7.3682 0
67 64 81 6.9831 0
76 66 60 7.0877 0
71 88 61 6.8373 0
56 73 43 6.3601 0
82 98 43 6.3603 0
29 45 43 6.3603 0
101 81 43 6.3601 0
75 56 43 6.3601 0
45 27 43 6.3601 0
109 46 54 6.204 0
46 109 54 6.204 0
81 18 54 6.204 0
18 81 54 6.204 0
33 20 57 6.3038 0
40 42 84 5.7506 0
108 93 55 5.7273 0
93 108 55 5.7273 0
19 34 55 5.7273 0
88 83 85 5.5436 0
38 52 94 5.5025 0
89 75 94 5.5025 0
64 63 44 5.3522 0
68 41 44 5.3522 0
42 67 44 5.3522 0
55 57 104 4.9614 0
89 74 58 5.0697 0
44 68 58 5.0034 0
73 68 103 4.7534 0
72 57 71 4.9616 0
55 70 104 4.9614 0
39 54 58 4.9906 0
72 57 104 4.9616 0
72 40 91 4.9153 0
54 87 91 4.8544 0
71 71 71 4.8512 0
75 42 119 4.7161 0
52 85 119 4.7159 0
76 39 80 4.6959 0
51 88 80 4.6959 0
42 75 119 4.7055 0
85 52 119 4.7055 0
26 73 58 4.7567 0
101 54 58 4.7567 0
85 57 58 4.7008 0
88 55 94 4.5093 0
39 72 94 4.5093 0
54 64 83 4.4522 0
35 34 45 4.3443 0
59 88 45 4.3489 0
75 88 99 4.4218 0
52 39 99 4.4218 0
103 103 57 4.313 0
88 57 45 4.3489 0
92 92 45 4.3443 0
71 55 57 4.1762 0
88 29 57 4.0846 0
39 98 57 4.0846 0
71 22 46 3.9648 0
105 56 46 3.9648 0
22 71 46 3.9648 0
56 105 46 3.9648 0
30 59 57 3.8413 0
29 50 57 3.8375 0
77 98 57 3.8362 0
64 63 102 3.7655 0
97 68 57 3.8413 0
86 44 73 3.7927 0
41 83 73 3.7927 0
34 67 57 3.8361 0
64 74 105 3.754 0
48 58 56 3.7651 0
58 57 78 3.7508 0
48 28 57 3.7365 0
54 44 118 3.6302 0
44 54 118 3.6165 0
87 65 97 3.4139 0
40 63 95 3.4139 0
62 87 96 3.4139 0
70 43 74 3.3554 0
57 84 74 3.3554 0
77 63 88 3.2956 0
61 40 96 3.4139 0
98 78 56 3.117 0
84 73 117 3.3397 0
59 49 109 3.2279 0
58 71 78 3.1468 0
73 84 117 3.3194 0
66 51 46 3.3365 0
63 53 101 3.2815 0
45 41 93 3.306 0
82 86 93 3.306 0
68 49 109 3.2279 0
58 78 109 3.1721 0
0
