128
0 0 127 81.6071 0
127 127 0 61.2332 0
0 127 0 61.2332 0
127 0 0 53.2435 0
127 52 127 54.3476 0
23 127 127 46.3146 0
23 0 0 46.3146 0
95 127 90 32.9732 0
66 61 5 27.3098 0
90 11 69 24.5321 0
71 56 73 21.8394 0
50 107 64 21.144 0
122 58 48 21.0797 0
6 89 73 20.1349 0
6 55 40 20.0718 0
61 77 109 17.1404 0
115 89 67 14.4249 0
70 19 35 13.5275 0
64 96 29 13.7067 0
83 98 54 13.1164 0
37 66 70 11.9526 0
102 57 21 11.2701 0
45 52 52 10.7591 0
50 22 51 10.5039 0
32 54 22 10.176 0
101 44 67 9.2665 0
39 76 92 9.0187 0
101 69 70 9.0783 0
63 101 99 7.8689 0
85 67 48 7.5146 0
57 67 48 7.5146 0
38 73 25 7.1523 0
81 78 93 7.4 0
45 90 39 7.1903 0
89 42 25 7.1523 0
108 31 50 7.2155 0
29 90 51 7.0099 0
19 78 50 6.9694 0
21 82 96 6.8769 0
86 51 48 6.7276 0
75 95 74 6.5759 0
20 30 45 6.5993 0
62 29 63 6.4557 0
45 42 26 6.1445 0
57 33 26 6.1445 0
50 38 64 6.2341 0
81 91 101 6.1445 0
92 76 82 5.9837 0
91 75 26 6.1445 0
22 57 62 5.9829 0
107 82 48 5.9616 0
52 76 82 5.9837 0
30 97 83 5.7666 0
34 27 45 5.4645 0
40 68 47 5.7197 0
89 27 38 5.4645 0
65 49 46 5.5368 0
71 67 46 5.5368 0
25 69 27 5.3132 0
51 99 91 5.2607 0
80 84 27 5.3712 0
48 84 27 5.3712 0
65 97 85 5.1595 0
94 92 69 5.2101 0
86 88 37 5.1745 0
67 88 47 5.1745 0
76 36 27 5.1366 0
22 69 60 4.7028 0
28 77 81 4.7191 0
74 56 45 4.5289 0
105 71 31 4.2267 0
71 28 52 4.4566 0
47 70 56 4.491 0
50 28 36 4.4566 0
63 79 86 4.3144 0
56 87 47 4.1667 0
96 57 62 4.2183 0
40 97 88 4.249 0
75 45 48 4.201 0
33 48 62 4.2183 0
44 88 99 4.1287 0
76 87 41 4.1667 0
99 88 53 4.179 0
96 87 43 4.1667 0
22 76 38 3.9458 0
105 45 32 3.9857 0
105 88 84 3.9458 0
105 39 41 3.9458 0
105 76 39 3.9458 0
22 41 54 3.9458 0
69 89 64 3.8444 0
31 89 64 3.8444 0
89 71 59 3.8086 0
85 31 29 3.6045 0
52 73 65 3.7074 0
81 29 47 3.4488 0
104 80 80 3.4937 0
86 92 75 3.3891 0
41 29 38 3.4488 0
41 86 51 3.1588 0
96 29 47 3.4488 0
25 43 29 3.3901 0
56 44 44 3.1932 0
31 91 72 3.3385 0
89 41 61 3.2704 0
38 41 61 3.2704 0
87 58 29 3.1209 0
74 96 88 3.288 0
32 86 98 3.1822 0
89 75 70 3.3027 0
72 80 85 3.0498 0
58 44 52 3.1932 0
34 86 40 3.1588 0
33 41 29 3.1209 0
49 73 29 3.1209 0
44 64 29 3.1209 0
55 43 29 3.1209 0
93 90 98 3.1209 0
56 79 29 3.1209 0
23 36 36 2.9379 0
46 57 29 3.1209 0
87 66 29 3.1209 0
67 37 29 3.1209 0
104 74 58 3.0059 0
82 79 81 2.7969 0
96 87 61 2.8327 0
54 76 72 2.9487 0
92 82 91 2.9487 0
0
