128
57 127 127 69.6437 0
0 0 0 67.6937 0
127 127 0 73.0266 0
127 0 127 67.6937 0
0 126 16 53.729 0
13 18 114 47.1996 0
109 14 19 41.5919 0
62 61 45 28.6536 0
0 73 72 21.9614 0
122 78 82 21.0091 0
61 14 64 20.7054 0
91 58 79 14.6032 0
32 58 73 11.0917 0
101 68 56 11.1389 0
110 45 63 10.8876 0
22 56 52 10.343 0
45 96 53 9.6621 0
26 76 50 9.1372 0
79 36 76 8.8339 0
47 40 74 8.5282 0
76 94 56 7.7582 0
13 45 65 7.6032 0
101 95 71 7.112 0
93 80 75 6.5859 0
95 49 53 6.1602 0
41 74 72 6.0858 0
37 41 62 6.1032 0
91 19 64 6.0606 0
80 76 72 5.8084 0
15 98 69 5.6754 0
29 78 74 5.6862 0
41 33 53 5.578 0
81 33 54 5.2132 0
32 20 64 5.0528 0
96 39 72 4.8461 0
89 81 54 4.5701 0
30 91 54 4.5702 0
33 74 63 4.6837 0
28 41 54 4.5701 0
79 87 67 4.149 0
48 84 66 4.149 0
88 75 64 3.6758 0
85 24 72 3.8378 0
34 103 60 3.8289 0
18 86 56 3.8262 0
34 93 64 3.5528 0
97 38 57 3.6233 0
17 32 63 3.5717 0
87 41 55 3.5623 0
82 105 60 3.3926 0
38 82 55 3.5623 0
21 90 72 3.5625 0
110 29 63 3.5717 0
91 31 72 3.5623 0
47 36 61 3.4628 0
32 42 71 3.1713 0
93 105 66 3.0658 0
80 41 64 3.1411 0
80 31 64 3.1411 0
25 105 64 3.037 0
83 24 56 2.9677 0
38 24 56 2.9123 0
89 51 61 2.6679 0
18 93 61 2.5638 0
39 23 70 2.7534 0
25 44 71 2.5544 0
20 42 56 2.7292 0
24 76 63 2.6679 0
91 90 71 2.5544 0
40 30 71 2.5544 0
32 32 56 2.5544 0
36 35 71 2.6046 0
109 81 59 2.564 0
97 83 56 2.5544 0
37 83 71 2.5544 0
90 32 56 2.5544 0
109 87 63 2.5638 0
96 91 62 2.4408 0
32 50 60 2.4691 0
89 91 56 2.5544 0
29 89 71 2.5544 0
41 91 65 2.4408 0
81 84 58 2.3307 0
81 46 69 2.3307 0
95 43 64 1.9676 0
100 23 64 2.0291 0
95 49 64 2.2234 0
97 37 64 2.0717 0
24 23 64 2.0291 0
101 77 69 1.8968 0
106 23 63 2.0295 0
81 94 66 2.1332 0
81 80 64 2.1332 0
83 23 62 2.1034 0
19 24 64 2.0576 0
87 104 64 2.0291 0
95 99 63 1.9676 0
19 36 58 1.8034 0
41 77 63 1.6601 0
96 77 66 1.6601 0
86 87 70 1.5465 0
94 89 57 1.7459 0
32 97 58 1.7865 0
24 35 57 1.5465 0
30 36 70 1.5466 0
84 50 65 1.6601 0
19 89 65 1.556 0
25 86 57 1.5465 0
44 84 57 1.6376 0
23 50 66 1.6601 0
89 43 70 1.5465 0
86 98 57 1.5465 0
39 77 59 1.6603 0
94 25 70 1.6099 0
103 83 57 1.5465 0
89 25 57 1.6099 0
104 35 70 1.6207 0
19 37 68 1.5562 0
32 99 65 1.537 0
92 99 70 1.5465 0
27 98 57 1.5465 0
86 93 70 1.5465 0
36 88 57 1.5465 0
85 87 57 1.5465 0
97 31 70 1.5465 0
22 94 57 1.5465 0
24 97 70 1.5465 0
42 85 70 1.5465 0
0
