128
127 127 0 77.7513 0
0 0 0 77.7513 0
127 0 127 77.5079 0
0 127 127 77.5079 0
30 30 98 27.0532 0
97 97 98 27.0532 0
97 30 30 26.9375 0
30 97 30 26.9375 0
64 63 67 18.6522 0
101 65 65 14.6628 0
26 62 65 14.6628 0
63 101 63 14.6633 0
64 26 63 14.6633 0
51 76 0 12.7184 0
76 51 0 12.7184 0
52 52 125 12.7148 0
75 75 125 12.7148 0
63 63 98 10.6445 0
63 63 36 10.0549 0
43 41 65 8.6416 0
84 86 65 8.6416 0
40 84 63 8.3309 0
87 43 63 8.3309 0
92 61 45 6.5923 0
35 66 45 6.5923 0
65 93 84 5.9856 0
62 34 84 5.9856 0
81 58 19 6.0959 0
46 69 19 6.0959 0
69 46 19 6.0132 0
58 81 19 6.0132 0
92 65 85 5.9385 0
35 62 85 5.9385 0
68 81 107 5.9003 0
59 46 107 5.9003 0
62 92 41 5.5931 0
65 35 41 5.5931 0
69 76 88 5.1251 0
45 76 77 5.1067 0
50 70 87 4.9247 0
66 76 46 5.0637 0
81 69 108 4.9618 0
46 58 108 4.9618 0
50 59 87 5.0204 0
57 50 87 4.9247 0
77 57 87 4.9247 0
59 85 77 4.8678 0
69 44 83 4.7051 0
45 49 53 4.7881 0
82 78 53 4.7881 0
77 68 88 4.6693 0
50 66 47 4.7389 0
84 51 77 4.7678 0
71 52 46 4.6399 0
60 51 46 4.7375 0
75 82 78 4.6474 0
76 61 45 4.6902 0
50 82 51 4.6816 0
77 45 51 4.6816 0
58 77 86 4.566 0
70 88 48 4.5033 0
57 39 48 4.5033 0
50 45 77 4.516 0
40 66 32 4.3858 0
87 61 32 4.3858 0
59 59 2 4.3182 0
68 68 2 4.3182 0
66 87 96 4.3734 0
61 40 96 4.3734 0
51 56 48 4.3462 0
75 71 45 4.2676 0
40 61 96 4.1038 0
87 66 96 4.1038 0
43 66 55 4.1559 0
61 87 31 4.1291 0
66 40 31 4.1291 0
42 58 77 3.984 0
85 69 77 3.984 0
73 38 76 3.9605 0
56 76 44 3.923 0
90 52 53 3.7305 0
37 75 53 3.7305 0
59 68 123 3.7883 0
68 59 123 3.7883 0
68 50 91 3.5907 0
85 60 54 3.6015 0
49 89 73 3.6466 0
65 83 54 3.5631 0
58 44 40 3.488 0
48 56 96 3.5096 0
69 83 40 3.488 0
90 73 50 3.4678 0
37 54 50 3.4678 0
38 50 74 3.4104 0
89 77 74 3.4104 0
78 71 99 3.303 0
55 90 48 3.3969 0
72 37 48 3.3969 0
54 37 75 3.3138 0
50 38 54 3.1364 0
77 89 54 3.1364 0
37 71 79 3.2046 0
57 77 96 3.2665 0
45 69 39 3.0216 0
65 41 75 3.0814 0
81 42 74 3.1398 0
56 80 29 3.1417 0
71 47 29 3.1417 0
64 76 12 3.0986 0
63 51 12 3.0986 0
60 44 55 3.0972 0
82 58 39 3.0216 0
76 64 12 3.0743 0
51 63 12 3.0715 0
53 66 115 3.0646 0
74 61 115 3.0646 0
58 49 97 2.9825 0
49 69 97 2.9825 0
78 58 97 2.9825 0
69 78 97 2.9825 0
72 90 76 2.9563 0
43 53 45 2.9794 0
84 74 45 2.9794 0
71 85 86 2.9629 0
59 85 89 2.8844 0
77 38 69 2.7922 0
72 47 36 2.7906 0
55 80 36 2.7906 0
0
