128
127 127 88 64.2032 0
0 0 95 64.1938 0
0 123 0 60.1922 0
127 4 0 60.1922 0
127 0 127 65.4573 0
0 127 127 65.346 0
30 14 0 34.9361 0
92 110 0 30.7305 0
73 25 58 20.0869 0
50 102 61 20.0134 0
26 70 56 19.0023 0
100 55 55 18.0813 0
68 67 0 13.5503 0
98 70 23 13.9888 0
88 70 127 13.6143 0
30 59 24 12.9809 0
59 41 127 12.8054 0
40 59 126 12.2262 0
60 76 127 12.0353 0
93 58 85 11.0262 0
64 111 33 11.0049 0
45 32 41 10.9652 0
65 32 26 10.9652 0
68 34 89 11.016 0
34 70 87 10.9393 0
42 64 3 10.6135 0
59 92 90 9.9346 0
67 42 4 9.6143 0
82 94 38 9.5904 0
64 91 110 8.9268 0
58 64 96 4.9133 0
90 65 105 8.0026 0
92 79 45 7.9415 0
59 87 7 7.2787 0
88 41 77 7.3727 0
38 62 104 6.9078 0
70 59 122 6.996 0
36 49 42 6.9337 0
67 38 108 6.9846 0
75 89 55 6.911 0
87 58 8 6.3864 0
48 91 36 6.0632 0
42 87 83 5.8646 0
56 39 74 5.9767 0
90 52 32 5.9258 0
39 56 74 5.8999 0
68 88 76 5.9031 0
50 39 61 5.9767 0
39 45 55 5.9143 0
37 77 32 5.9258 0
76 86 119 5.7651 0
60 98 16 5.6628 0
53 50 8 5.4873 0
88 40 40 5.0699 0
38 42 29 5.0925 0
87 76 58 4.979 0
87 71 68 4.979 0
79 64 96 4.9133 0
66 89 45 4.9179 0
80 38 32 4.9179 0
85 75 9 4.6689 0
39 86 42 4.5181 0
52 76 9 4.4795 0
54 89 19 4.4373 0
57 58 119 3.9724 0
83 41 89 4.1899 0
47 64 95 4.0328 0
50 39 26 3.91 0
55 41 108 3.9609 0
41 71 112 3.8842 0
86 71 92 3.9711 0
82 54 119 3.9939 0
68 64 95 4.0328 0
69 88 17 3.91 0
75 86 67 3.8874 0
74 48 119 3.9724 0
56 41 99 3.9609 0
77 88 24 3.91 0
88 67 39 3.91 0
88 54 20 3.91 0
86 72 79 3.9711 0
86 52 103 3.9711 0
41 56 94 3.8842 0
41 55 85 3.8842 0
54 41 51 3.9609 0
52 86 103 3.8874 0
41 75 103 3.8842 0
61 39 41 3.91 0
71 86 99 3.8874 0
41 82 73 3.8986 0
39 74 20 3.91 0
41 52 63 3.8842 0
53 100 30 3.7837 0
87 86 26 3.6602 0
77 51 10 3.4716 0
71 83 10 3.4716 0
68 98 41 3.4714 0
43 50 10 3.4896 0
57 88 42 3.4785 0
54 42 86 2.9531 0
40 66 37 2.9022 0
44 85 93 3.1431 0
85 52 73 2.9632 0
85 61 72 2.9632 0
73 40 38 2.9022 0
87 81 33 2.9022 0
42 66 74 2.8763 0
47 87 26 2.9022 0
42 52 111 2.8763 0
75 42 78 2.9531 0
68 42 76 2.9531 0
56 40 13 3.0318 0
40 59 39 2.9022 0
85 76 106 2.9632 0
78 42 101 2.9531 0
85 50 95 2.9632 0
53 85 78 2.8795 0
45 75 118 2.9824 0
85 53 111 2.9632 0
78 40 21 2.9022 0
73 72 118 2.9645 0
67 85 62 2.8795 0
65 85 53 2.8795 0
73 40 16 2.9022 0
71 85 89 2.8795 0
76 85 105 2.8795 0
42 47 69 2.8763 0
42 74 72 2.8763 0
0
