128
127 64 127 80.2672 0
0 64 0 74.9334 0
17 0 104 47.334 0
103 0 19 46.3056 0
20 127 102 45.3233 0
102 127 20 45.1673 0
41 56 82 16.0185 0
67 12 68 14.3169 0
75 48 48 14.1346 0
75 79 48 14.1365 0
70 115 70 13.9387 0
49 114 53 11.6695 0
51 83 78 10.8588 0
45 14 54 10.1258 0
57 33 78 9.1964 0
59 29 52 9.2536 0
58 95 53 8.2457 0
53 70 64 6.9997 0
56 47 59 6.6635 0
68 63 62 6.2189 0
73 100 55 6.23 0
37 37 69 5.9078 0
88 9 70 5.8797 0
34 87 71 5.823 0
57 99 73 5.6823 0
61 56 71 5.4322 0
53 83 60 5.4522 0
78 28 56 5.2221 0
87 95 57 4.9917 0
91 117 69 4.9407 0
38 75 71 4.632 0
63 45 70 4.6028 0
63 75 70 4.6258 0
37 96 64 4.5193 0
66 92 73 4.4428 0
88 31 58 4.3651 0
45 98 57 4.2142 0
45 30 57 4.2142 0
70 32 72 3.9734 0
43 95 71 3.6942 0
52 108 68 3.688 0
52 43 69 3.4687 0
63 81 63 3.4654 0
50 23 71 3.396 0
49 55 63 3.428 0
32 20 58 3.3787 0
85 19 68 3.2356 0
33 107 58 3.3295 0
48 38 58 3.2447 0
43 84 64 2.9857 0
32 29 64 3.0809 0
44 30 71 3.1073 0
68 84 70 3.1012 0
79 26 69 3.0176 0
71 74 65 2.8167 0
87 109 67 2.5046 0
72 97 70 2.6302 0
41 45 65 2.5987 0
39 29 64 2.6414 0
46 89 59 2.5652 0
47 37 70 2.3203 0
42 36 61 2.5417 0
95 15 66 2.4762 0
60 56 62 2.4753 0
63 74 61 2.3451 0
84 14 63 2.4209 0
69 35 59 2.1985 0
61 104 60 2.4362 0
46 47 62 2.3696 0
70 41 70 2.3645 0
36 27 59 2.3507 0
83 38 60 2.3708 0
79 100 68 2.2439 0
47 102 70 2.2856 0
63 39 59 2.1985 0
68 47 64 2.3075 0
83 104 67 2.2876 0
79 93 59 2.1985 0
39 104 59 2.1985 0
44 20 66 2.2552 0
82 106 59 2.1985 0
80 20 59 2.2005 0
70 29 59 2.1985 0
64 87 59 2.1985 0
62 86 69 2.1628 0
85 23 59 2.1985 0
70 92 59 2.1985 0
68 51 68 2.0219 0
48 42 63 2.0475 0
92 101 61 2.0483 0
73 54 64 1.9686 0
44 107 65 1.8708 0
64 33 65 0.7863 0
41 90 62 1.9229 0
45 42 69 1.7978 0
56 106 63 1.8416 0
65 99 69 1.8492 0
85 26 66 1.7671 0
91 19 67 1.8239 0
92 25 60 1.731 0
52 20 65 1.6845 0
82 89 60 1.699 0
43 25 68 1.7409 0
41 103 66 1.7573 0
29 100 63 1.6622 0
64 50 63 1.7415 0
67 54 62 1.6925 0
50 49 66 1.6782 0
72 80 67 1.6385 0
39 24 66 1.5727 0
71 47 68 1.5614 0
86 113 64 1.5599 0
40 107 63 1.5376 0
97 109 64 1.512 0
87 102 65 1.5207 0
66 102 60 1.498 0
62 68 67 1.4179 0
41 79 65 1.4842 0
77 84 64 1.3983 0
50 95 71 1.3885 0
89 23 66 1.4512 0
42 89 69 1.322 0
59 103 66 1.3305 0
74 35 60 1.1906 0
25 22 60 1.4067 0
64 44 63 1.3508 0
41 25 60 1.1906 0
59 90 70 1.3949 0
0
