128
127 127 127 71.4608 0
127 0 0 71.4608 0
0 127 0 71.0163 0
0 0 127 71.0163 0
28 98 98 33.4981 0
28 29 29 33.4981 0
98 98 29 33.4945 0
99 29 98 33.4945 0
2 63 63 17.7887 0
71 71 82 17.4052 0
63 7 63 17.5818 0
63 120 64 17.5818 0
71 56 45 17.4052 0
126 68 60 16.8027 0
56 84 49 13.3412 0
56 43 78 13.3412 0
33 69 51 11.3569 0
33 58 76 11.3569 0
101 68 75 10.3319 0
99 58 52 10.316 0
74 97 73 8.2978 0
74 30 54 8.2978 0
48 54 56 6.3285 0
48 73 71 6.3285 0
116 46 64 6.5038 0
88 86 71 6.3329 0
88 41 56 6.3329 0
58 89 71 6.3574 0
58 38 56 6.3574 0
75 48 71 6.3142 0
47 103 57 5.5363 0
47 24 70 5.5363 0
88 56 70 5.3372 0
36 86 57 5.3393 0
36 41 70 5.3393 0
70 31 70 5.3018 0
83 73 57 5.3514 0
69 97 57 5.274 0
74 81 57 5.274 0
53 61 70 5.3139 0
53 66 57 5.3139 0
84 19 62 5.1523 0
84 108 65 5.1523 0
19 79 58 5.0133 0
20 48 69 4.7816 0
109 55 69 4.5981 0
113 86 63 4.517 0
100 84 69 4.3187 0
100 43 58 4.3187 0
94 72 58 4.278 0
104 72 58 4.2662 0
27 72 69 4.2801 0
27 55 58 4.2801 0
16 39 64 3.5461 0
16 88 63 3.5461 0
88 30 59 3.3131 0
88 97 68 3.3131 0
58 99 59 3.5173 0
58 28 68 3.5173 0
88 75 68 3.3131 0
36 96 59 3.3783 0
36 31 68 3.3783 0
109 79 68 3.259 0
66 73 59 3.3625 0
66 54 68 3.3625 0
88 66 68 3.3583 0
36 51 59 3.3612 0
36 76 68 3.3612 0
44 34 68 3.2583 0
44 93 59 3.2583 0
100 54 68 3.3369 0
51 26 59 3.338 0
51 101 68 3.338 0
25 40 68 3.2621 0
25 87 59 3.2621 0
49 84 68 3.3387 0
49 43 59 3.3387 0
46 73 59 3.2583 0
46 54 68 3.2583 0
88 65 59 3.2714 0
77 38 68 3.2583 0
40 106 63 3.1477 0
40 21 64 3.1477 0
20 49 60 3.0284 0
20 78 67 3.0284 0
77 23 67 3.0189 0
77 104 60 3.0189 0
58 99 67 2.595 0
58 28 60 2.595 0
110 54 60 2.6168 0
84 44 67 2.4202 0
71 41 60 2.4665 0
71 86 67 2.4665 0
49 33 60 2.3365 0
49 94 67 2.3365 0
55 80 67 2.357 0
55 47 60 2.3569 0
78 92 60 2.3272 0
84 83 60 2.4202 0
97 91 67 2.4625 0
97 36 60 2.4625 0
41 48 67 2.3298 0
41 79 60 2.3298 0
41 45 60 2.3275 0
41 82 67 2.3275 0
87 50 60 2.3707 0
28 81 60 2.3924 0
28 46 67 2.3924 0
40 69 67 2.3972 0
40 58 60 2.3972 0
88 56 60 2.3807 0
68 88 60 2.3728 0
68 39 67 2.3728 0
107 80 60 2.3506 0
30 35 67 2.2504 0
79 86 67 2.3185 0
79 41 60 2.3185 0
79 31 67 2.3459 0
79 56 67 2.3255 0
107 47 60 2.3506 0
23 63 60 2.345 0
23 64 67 2.345 0
44 62 67 2.3217 0
44 65 60 2.3217 0
93 48 67 2.3414 0
56 58 60 2.2831 0
56 69 67 2.2831 0
89 80 60 2.2825 0
0
