128
0 0 127 76.034 0
127 127 0 70.2677 0
93 0 0 60.0811 0
50 127 127 59.336 0
0 124 3 55.7814 0
127 4 108 51.0894 0
0 30 11 36.8843 0
127 98 95 27.9432 0
7 82 70 22.1444 0
49 66 20 20.6547 0
127 56 58 19.9423 0
79 54 122 18.1792 0
56 112 51 16.8685 0
71 22 71 15.7068 0
36 17 46 12.9759 0
92 101 72 12.4357 0
108 66 113 12.2572 0
9 51 55 10.8566 0
81 64 30 10.3911 0
102 37 61 10.1016 0
76 92 53 10.0075 0
36 96 62 9.8752 0
74 33 96 9.4431 0
60 93 31 9.3832 0
34 70 89 9.2492 0
2 68 39 9.156 0
49 31 60 9.0522 0
55 62 104 8.6373 0
112 81 64 8.4696 0
21 66 32 8.3765 0
43 39 32 8.3887 0
23 35 52 8.006 0
123 61 88 7.9537 0
65 95 68 7.5932 0
67 55 47 5.2426 0
70 39 52 7.4804 0
113 57 33 7.3674 0
67 72 47 5.2512 0
22 56 68 6.8957 0
96 81 106 6.745 0
73 81 34 6.3596 0
85 38 56 6.591 0
101 48 47 6.4989 0
99 63 34 6.3596 0
94 87 58 6.3263 0
65 47 102 6.2033 0
55 84 47 4.9621 0
37 84 47 4.9234 0
55 43 47 4.9544 0
25 72 47 5.23 0
55 37 77 5.7445 0
28 45 62 5.7447 0
46 59 91 5.6514 0
30 79 35 5.6866 0
37 43 47 4.9233 0
25 55 47 5.2199 0
102 77 53 5.5273 0
93 92 91 5.52 0
31 49 35 5.5317 0
57 44 35 5.5211 0
67 52 35 5.5131 0
80 53 48 4.7984 0
80 74 48 4.7983 0
40 87 35 5.4015 0
52 92 63 5.4139 0
91 33 73 5.2739 0
85 74 109 5.3154 0
34 88 76 5.0477 0
26 92 50 4.911 0
58 32 48 4.9677 0
49 72 92 4.768 0
63 37 86 4.6858 0
92 70 47 3.6516 0
28 60 79 4.6886 0
119 70 78 4.6482 0
37 100 46 4.5861 0
35 36 59 4.5503 0
68 68 106 4.4763 0
85 42 101 4.4181 0
84 33 84 4.2608 0
47 98 36 4.3438 0
61 39 62 4.2809 0
14 65 48 4.2129 0
55 51 95 4.2085 0
54 90 74 4.2044 0
97 52 106 4.0677 0
114 59 98 4.1404 0
92 57 46 3.6516 0
110 45 73 4.059 0
108 69 48 3.9836 0
74 94 77 3.9748 0
63 86 58 3.9722 0
89 83 48 3.9343 0
48 50 85 3.8941 0
46 78 85 3.8619 0
46 32 46 3.7625 0
55 43 86 3.8113 0
103 88 75 3.8452 0
68 70 37 3.6935 0
19 85 46 3.7625 0
76 64 46 2.9274 0
11 80 43 3.5977 0
114 68 97 3.5276 0
116 52 80 3.4315 0
77 93 69 3.599 0
90 45 47 3.4412 0
31 59 37 3.5144 0
20 62 58 3.5453 0
46 93 50 3.4983 0
44 90 73 3.2684 0
50 85 37 3.3359 0
48 28 37 3.3964 0
78 51 37 3.3359 0
22 54 37 3.3359 0
63 78 37 3.4017 0
93 53 37 3.3359 0
83 78 37 3.3359 0
19 78 37 3.3359 0
102 53 57 3.1862 0
67 62 37 3.3622 0
92 71 37 3.3359 0
100 86 67 3.267 0
32 32 37 3.3359 0
52 26 44 3.3148 0
83 93 84 3.2354 0
81 85 41 3.292 0
40 55 84 3.2073 0
39 37 67 3.1118 0
0
