128
0 127 127 72.1659 0
0 0 0 72.1678 0
127 0 127 72.0831 0
127 127 0 72.0831 0
30 98 30 32.1894 0
97 29 30 32.1894 0
30 29 97 32.1894 0
98 98 97 32.1894 0
58 69 81 17.9144 0
57 57 45 17.699 0
127 58 57 15.6843 0
65 17 65 15.6117 0
62 110 65 15.6117 0
0 58 71 15.5414 0
88 69 50 11.7843 0
69 86 50 11.7843 0
91 58 76 11.6578 0
28 67 75 10.6499 0
74 42 75 10.6499 0
29 59 52 9.7685 0
6 80 60 8.5045 0
120 80 66 8.0187 0
110 68 72 7.6263 0
46 91 72 7.0609 0
49 32 55 6.8126 0
107 72 55 6.7449 0
56 45 71 6.6184 0
38 43 56 5.737 0
81 99 58 6.062 0
108 52 70 5.6105 0
88 87 56 5.737 0
102 58 56 5.737 0
14 67 56 5.7727 0
79 52 56 5.737 0
68 38 56 5.737 0
80 76 70 5.6105 0
51 78 56 5.737 0
34 84 70 5.6105 0
71 87 70 5.6105 0
41 55 70 5.6471 0
84 28 67 4.9868 0
41 72 57 4.7719 0
90 37 69 4.6963 0
15 51 57 4.7292 0
99 82 57 4.7292 0
99 44 69 4.6026 0
21 53 69 4.6026 0
75 58 69 4.6026 0
10 40 66 4.352 0
17 77 69 3.9719 0
24 73 58 3.7213 0
24 46 58 3.7213 0
90 54 58 3.7213 0
116 41 61 3.8959 0
55 91 58 3.7213 0
39 29 61 3.6909 0
40 75 68 3.5948 0
73 66 58 3.726 0
58 90 68 3.5948 0
54 34 69 3.7237 0
97 75 68 3.5948 0
31 53 68 3.5948 0
24 83 68 3.5948 0
37 97 67 3.2301 0
63 73 59 3.159 0
44 62 62 3.1985 0
45 45 67 2.5869 0
50 53 67 2.9518 0
92 97 61 2.7379 0
76 95 68 2.8632 0
71 47 59 2.7134 0
19 79 59 2.7134 0
16 46 68 2.7469 0
64 53 67 2.6748 0
89 79 67 2.5869 0
41 53 59 2.7825 0
110 82 59 2.7134 0
88 71 67 2.5869 0
106 78 67 2.5869 0
31 37 59 2.7134 0
55 40 59 2.7134 0
86 46 67 2.5869 0
62 37 67 2.5869 0
48 39 67 2.5869 0
80 79 59 2.7134 0
70 73 59 2.7134 0
111 47 59 2.7134 0
47 42 59 2.7134 0
77 39 59 2.7134 0
41 66 67 2.6588 0
97 90 59 2.7134 0
33 77 59 2.7134 0
104 49 59 2.7134 0
112 44 67 2.5932 0
84 84 67 2.5869 0
76 66 67 2.6089 0
44 81 67 2.5869 0
80 90 67 2.5869 0
98 36 67 2.5854 0
100 67 67 2.5869 0
114 90 66 2.537 0
46 97 62 2.5142 0
47 30 65 2.5142 0
77 31 60 2.4775 0
12 92 61 2.4374 0
13 71 67 2.27 0
17 84 67 2.1539 0
30 92 67 1.9897 0
114 34 61 2.0171 0
40 80 60 1.7055 0
45 73 64 2.0533 0
87 46 60 1.7055 0
32 31 61 1.8315 0
59 80 60 1.7055 0
62 84 66 1.579 0
30 70 60 1.7055 0
96 51 60 1.7055 0
76 60 60 1.7055 0
47 85 60 1.7055 0
98 65 60 1.8542 0
71 53 60 1.7055 0
58 35 60 1.7055 0
25 80 60 1.7055 0
14 44 60 1.8051 0
96 31 66 1.8315 0
72 75 66 1.579 0
104 38 66 1.579 0
80 85 60 1.7055 0
0
