128
127 0 0 79.6143 0
0 127 127 69.066 0
65 0 127 60.3741 0
10 126 0 57.2551 0
127 124 124 56.9583 0
0 0 21 48.0381 0
126 127 17 47.4993 0
52 63 51 29.3121 0
127 47 93 22.9618 0
70 127 65 22.7943 0
0 41 93 22.1455 0
70 77 111 16.6376 0
91 55 76 16.2771 0
71 97 28 14.8019 0
2 62 32 13.5581 0
52 14 55 12.9497 0
0 83 56 12.5957 0
94 73 52 12.6654 0
127 88 64 11.7833 0
70 101 91 11.5888 0
99 62 110 11.1146 0
23 22 72 10.9801 0
30 57 99 10.6311 0
87 99 75 10.0288 0
77 77 84 9.9165 0
41 110 60 9.7918 0
0 45 59 9.495 0
0 68 74 8.8554 0
25 57 79 8.5032 0
49 64 101 8.379 0
50 27 36 8.3856 0
125 77 45 8.2704 0
103 106 65 8.17 0
69 58 89 7.8345 0
80 87 61 7.7563 0
115 58 66 7.4953 0
18 96 58 7.3315 0
91 80 72 7.1141 0
54 103 77 7.154 0
125 75 79 7.0386 0
91 87 37 7.049 0
0 62 54 6.8349 0
88 69 96 6.9155 0
45 51 86 6.8503 0
55 85 93 6.739 0
106 78 36 6.7163 0
20 50 36 6.7163 0
127 68 58 6.618 0
54 111 45 6.2491 0
12 34 64 5.8227 0
20 74 37 5.7085 0
51 29 68 5.6924 0
80 111 42 5.61 0
82 90 47 5.5952 0
110 94 70 5.5666 0
90 109 53 5.4431 0
85 90 90 5.4257 0
40 22 68 5.3531 0
34 22 58 5.1542 0
72 88 73 4.9249 0
26 34 84 4.7474 0
55 61 87 4.4717 0
102 73 69 4.7654 0
112 96 59 4.7635 0
7 48 45 4.5286 0
51 97 38 4.7006 0
28 42 92 4.6128 0
30 99 64 4.3049 0
125 66 70 4.4545 0
10 78 41 4.3771 0
37 61 85 4.4717 0
17 64 91 4.4358 0
71 93 48 4.3438 0
46 77 95 4.3628 0
101 92 77 4.2105 0
10 67 84 4.1808 0
9 79 71 4.2089 0
91 81 95 4.0648 0
30 100 54 3.9146 0
71 100 74 3.9896 0
50 93 84 4.064 0
65 110 42 3.9461 0
42 100 72 3.8916 0
58 71 94 3.9999 0
108 62 56 3.7138 0
117 87 50 3.7711 0
35 48 80 3.8253 0
25 48 69 3.8253 0
49 37 75 3.6766 0
38 34 39 3.6927 0
110 70 99 3.7485 0
14 86 67 3.7245 0
117 73 90 3.6642 0
20 62 39 3.6927 0
28 41 39 3.6927 0
87 99 39 3.6927 0
69 92 58 3.6653 0
3 57 66 3.6327 0
15 87 48 3.3998 0
101 62 93 3.4638 0
38 72 96 3.4017 0
116 87 76 3.4434 0
97 76 100 3.3521 0
54 105 64 3.392 0
38 23 49 3.3652 0
93 87 62 3.2953 0
98 91 69 3.2026 0
21 30 59 3.1724 0
54 107 55 3.1425 0
106 66 63 3.063 0
98 74 79 3.1294 0
91 74 84 3.0417 0
34 30 79 3.099 0
44 105 47 2.929 0
6 69 48 2.9961 0
63 94 45 3.0088 0
75 96 68 2.9737 0
35 47 89 2.824 0
90 90 53 2.758 0
89 106 62 2.887 0
11 41 51 2.8196 0
98 103 53 2.7339 0
66 86 93 2.8067 0
32 47 73 2.8174 0
19 47 75 2.8174 0
29 47 85 2.8174 0
67 90 65 2.7591 0
67 68 81 2.7591 0
0
