128
64 63 86 40.5262 0
0 127 0 52.7538 0
127 0 0 52.7538 0
0 0 0 52.7538 0
127 127 0 52.7538 0
0 127 127 52.7538 0
127 127 127 52.7538 0
0 0 127 52.7538 0
127 0 127 52.7538 0
83 1 64 23.0555 0
127 63 68 21.2601 0
61 73 0 19.3401 0
84 127 63 19.1476 0
0 90 64 19.2722 0
0 35 64 17.759 0
62 35 2 17.3244 0
127 63 29 15.5182 0
96 65 4 15.3086 0
29 127 64 14.9906 0
29 0 64 14.7959 0
0 63 98 14.7506 0
0 63 29 14.7506 0
64 127 98 14.7506 0
64 127 29 14.7506 0
63 0 29 14.7506 0
63 0 98 14.7506 0
26 63 5 14.3253 0
125 100 64 14.0251 0
125 27 63 14.0251 0
122 63 103 13.0815 0
63 106 8 12.668 0
20 62 117 11.7081 0
62 107 116 11.1361 0
117 44 44 9.2614 0
24 23 55 9.192 0
49 75 39 9.1839 0
61 47 38 9.0441 0
24 103 53 9.0283 0
79 69 38 9.0077 0
69 20 112 8.9239 0
50 127 50 8.7758 0
25 104 73 8.8053 0
50 0 50 8.7759 0
50 0 77 8.7759 0
51 127 77 8.5611 0
23 24 74 8.6238 0
123 83 44 8.4226 0
85 44 12 7.2456 0
82 87 12 7.2456 0
106 112 56 7.3558 0
0 59 75 7.126 0
0 59 52 7.126 0
43 49 12 7.2456 0
104 55 113 7.1481 0
116 38 80 7.022 0
105 112 72 6.85 0
72 18 19 6.6411 0
7 44 41 6.5148 0
38 81 13 6.2377 0
63 65 35 6.4239 0
65 80 41 6.4526 0
7 45 87 6.4498 0
53 21 107 6.2451 0
48 57 41 6.2506 0
120 87 82 6.332 0
107 18 55 6.1668 0
48 93 13 6.2377 0
107 18 72 6.1669 0
54 19 19 6.0835 0
7 81 40 6.0964 0
115 49 90 6.0254 0
76 53 40 6.0268 0
8 82 88 5.8612 0
82 118 38 5.6807 0
82 118 89 5.6807 0
109 74 21 5.5751 0
17 74 22 5.6489 0
107 53 19 5.5512 0
46 118 90 5.5042 0
46 118 37 5.5042 0
37 9 46 5.5 0
105 73 107 5.5458 0
37 118 46 5.5 0
38 9 82 5.3741 0
19 37 49 5.4038 0
88 77 48 5.3663 0
80 11 36 5.1488 0
113 71 44 5.2299 0
17 75 104 5.1567 0
118 78 91 5.1687 0
55 37 48 5.264 0
77 83 45 5.1058 0
74 56 14 5.2299 0
75 110 104 5.1567 0
17 52 23 5.1567 0
75 110 23 5.1566 0
52 110 23 5.1567 0
46 9 38 5.0852 0
80 11 92 5.1427 0
70 38 47 5.1801 0
38 118 81 5.0982 0
46 10 91 5.0847 0
41 82 50 5.0821 0
90 63 47 4.9452 0
38 68 47 5.0057 0
51 111 102 4.8306 0
95 20 45 4.9275 0
54 88 48 4.8753 0
59 125 64 4.9047 0
47 45 46 4.7476 0
18 38 79 4.8605 0
17 51 103 4.6703 0
77 100 111 4.731 0
94 20 83 4.6161 0
112 59 45 4.222 0
20 90 79 4.5884 0
114 96 48 4.4606 0
24 35 64 4.4317 0
4 71 48 4.3649 0
19 88 48 4.219 0
112 43 58 4.222 0
110 102 77 4.2902 0
114 80 32 4.1892 0
44 63 15 4.222 0
112 41 68 4.222 0
81 74 15 4.222 0
113 30 48 4.1705 0
112 79 53 4.222 0
0
