128
127 127 127 84.7953 0
0 0 0 55.3646 0
0 0 127 65.7098 0
0 127 0 55.3665 0
127 0 0 55.3661 0
109 0 101 44.8472 0
101 117 0 44.0761 0
21 90 82 35.1218 0
54 63 8 26.6125 0
53 0 57 20.7191 0
126 66 40 20.3375 0
59 106 46 17.9563 0
4 63 39 17.201 0
31 35 58 16.5856 0
100 50 65 16.1637 0
45 68 122 14.8377 0
95 61 20 14.5164 0
64 23 21 13.5085 0
75 41 127 13.1822 0
87 26 52 12.9364 0
67 82 65 11.3688 0
80 41 25 9.4773 0
84 87 52 9.3756 0
80 66 71 8.7749 0
100 77 51 8.4779 0
77 9 41 8.3117 0
90 49 89 8.0254 0
45 27 38 7.9842 0
59 13 83 7.8321 0
25 53 27 7.4623 0
34 47 80 7.6013 0
48 23 75 7.4226 0
27 75 27 7.4637 0
80 77 27 7.4613 0
55 32 53 7.0052 0
45 92 28 6.789 0
42 55 67 6.7496 0
67 88 28 6.4534 0
110 89 43 6.4607 0
110 43 43 6.4366 0
24 59 53 6.4284 0
74 17 66 6.3973 0
56 48 122 6.2285 0
39 57 103 6.3459 0
83 35 72 6.1912 0
35 95 42 6.1668 0
86 47 107 6.1125 0
62 79 83 5.9257 0
71 37 49 5.677 0
66 59 121 5.6356 0
66 27 113 5.4811 0
90 70 60 5.5926 0
36 44 29 5.446 0
17 83 41 5.5591 0
51 37 29 5.4483 0
45 86 48 5.5047 0
51 13 33 5.363 0
79 42 62 5.2977 0
54 77 104 4.9773 0
98 93 44 5.1087 0
42 36 81 4.9798 0
82 44 51 4.6993 0
38 52 92 4.6783 0
63 20 94 4.6103 0
18 45 41 4.6342 0
56 71 73 4.5785 0
34 86 30 4.4377 0
84 28 33 4.4935 0
65 42 30 4.438 0
102 77 30 4.4377 0
51 81 56 4.4239 0
94 43 30 4.438 0
76 55 30 4.4388 0
27 70 47 4.359 0
78 94 39 4.228 0
101 35 44 4.2475 0
58 79 94 4.2871 0
64 13 37 4.1766 0
108 50 31 4.117 0
54 25 64 4.1295 0
86 60 82 4.0534 0
71 73 80 3.9453 0
93 43 46 3.9396 0
80 74 58 3.7905 0
84 45 78 3.924 0
34 78 46 3.9394 0
45 44 72 3.7922 0
52 72 64 3.8377 0
53 24 87 3.8716 0
60 36 118 3.8118 0
34 58 58 3.7789 0
48 40 46 3.7456 0
92 33 36 3.7114 0
73 15 52 3.6654 0
92 78 31 3.4298 0
65 23 103 3.5649 0
70 86 48 3.4848 0
102 64 48 3.4331 0
45 52 111 3.5707 0
55 87 31 3.4298 0
81 53 74 3.5184 0
55 34 41 3.4908 0
71 30 58 3.4708 0
50 42 64 3.5092 0
39 78 31 3.4324 0
78 17 31 3.4822 0
75 65 31 3.4298 0
33 64 31 3.4315 0
49 64 71 3.3164 0
76 54 115 3.3659 0
69 17 76 3.2321 0
51 33 65 3.3867 0
104 55 45 3.233 0
76 25 74 3.2726 0
47 35 72 3.1913 0
79 38 110 3.3211 0
83 38 83 3.1682 0
62 36 44 3.2149 0
42 56 80 3.1799 0
59 20 71 3.1699 0
23 52 45 3.2304 0
60 84 51 3.1219 0
76 28 65 3.1881 0
45 67 103 3.1835 0
38 35 32 3.1549 0
109 83 34 3.0469 0
77 35 41 3.0073 0
79 50 67 3.1078 0
0
