128
55 127 8 63.9918 0
71 0 119 63.7774 0
127 127 127 73.8055 0
0 0 0 73.6177 0
0 98 118 55.4959 0
127 28 9 55.4825 0
61 75 83 17.2932 0
61 53 44 17.297 0
123 49 79 16.5955 0
5 77 48 16.0847 0
115 89 46 15.3634 0
11 38 80 14.4983 0
32 65 49 12.2493 0
90 70 49 12.2973 0
92 64 78 12.2798 0
37 56 78 12.2601 0
124 70 62 9.3252 0
4 56 65 8.8639 0
79 32 53 8.6792 0
73 97 72 7.6666 0
45 94 72 7.683 0
54 30 55 7.436 0
85 48 54 7.2565 0
71 75 55 6.2904 0
57 52 72 6.2749 0
37 47 55 6.3719 0
32 37 72 6.2032 0
82 82 72 6.3018 0
100 45 72 6.2806 0
75 56 72 6.2872 0
38 78 72 6.2678 0
109 67 55 6.2314 0
93 89 55 6.2485 0
50 72 55 6.2193 0
110 70 72 6.2053 0
19 60 71 5.3121 0
17 55 56 5.3423 0
28 82 56 5.2949 0
112 30 69 5.3237 0
15 95 57 5.3196 0
87 98 64 5.1036 0
38 29 64 5.0485 0
93 31 60 4.8069 0
59 94 70 4.784 0
101 57 57 4.3432 0
26 69 70 4.3858 0
85 48 70 4.258 0
42 36 57 4.3309 0
95 82 70 4.308 0
82 86 57 4.2711 0
41 80 57 4.1944 0
48 45 70 4.2197 0
66 35 57 4.1863 0
33 96 66 4.0731 0
102 30 65 3.7095 0
12 67 67 3.6283 0
26 47 58 3.4823 0
101 95 60 3.5294 0
69 47 69 3.4803 0
58 80 58 3.5335 0
25 96 62 3.4091 0
80 58 58 3.5003 0
89 90 69 3.501 0
61 71 58 3.3176 0
106 60 69 3.3425 0
26 47 69 3.4722 0
102 80 58 3.4294 0
51 61 69 3.2011 0
115 59 60 3.1484 0
103 78 69 3.2462 0
46 67 69 3.2863 0
97 45 58 3.286 0
76 66 58 3.2737 0
45 60 58 3.3106 0
33 88 69 3.2627 0
79 69 69 3.2954 0
49 41 58 3.2311 0
65 59 69 3.1785 0
42 38 69 3.1994 0
75 44 58 3.2 0
18 65 58 3.1952 0
24 31 67 2.9881 0
115 82 64 2.9033 0
22 89 59 2.6885 0
12 45 62 2.7781 0
106 37 68 2.7657 0
66 89 68 2.682 0
49 82 59 2.3475 0
47 80 68 2.556 0
90 57 59 2.3832 0
78 93 62 2.5085 0
109 55 59 2.3172 0
36 69 68 2.4779 0
94 38 68 2.4641 0
26 80 68 2.4515 0
77 44 68 2.3418 0
34 38 59 2.2885 0
66 83 59 2.2602 0
47 31 64 2.3465 0
19 49 68 2.3817 0
61 43 68 2.3217 0
79 79 59 2.3976 0
36 86 59 2.2019 0
18 71 68 2.3069 0
29 36 62 2.2644 0
31 90 59 2.3997 0
104 49 59 2.3941 0
39 44 68 2.3581 0
71 64 68 2.329 0
104 53 68 2.3158 0
45 51 59 2.353 0
76 52 59 2.1706 0
113 61 66 2.3173 0
67 67 59 2.294 0
46 74 68 2.2821 0
24 74 59 2.334 0
71 86 59 2.3298 0
111 79 68 2.252 0
73 83 68 2.2032 0
109 77 59 2.301 0
89 38 59 2.2923 0
89 41 68 2.2568 0
92 52 68 2.2619 0
76 75 68 2.1706 0
54 88 68 2.2588 0
82 92 68 2.2007 0
27 54 59 2.1714 0
51 36 66 2.2083 0
0
