128
68 59 127 29.1809 0
0 127 0 52.7531 0
127 0 0 52.7531 0
0 0 0 52.7531 0
127 127 0 52.7531 0
0 127 127 52.7531 0
127 127 127 52.7531 0
0 0 127 52.7531 0
127 0 127 52.7531 0
64 0 59 28.7668 0
127 71 63 28.7668 0
68 59 0 29.1809 0
62 127 70 28.7668 0
0 63 73 28.7668 0
13 63 28 16.1805 0
63 113 26 15.7816 0
113 26 64 15.7816 0
64 15 102 15.2237 0
25 63 112 15.2237 0
64 102 112 15.2237 0
104 111 63 15.1944 0
16 104 63 15.1944 0
110 64 22 14.8847 0
110 64 105 14.8847 0
17 22 63 14.8847 0
63 20 20 13.8212 0
62 59 67 4.4406 0
57 78 48 3.9822 0
19 84 45 9.6172 0
42 83 108 9.6172 0
108 44 85 9.6172 0
19 42 44 9.6172 0
85 108 44 9.6172 0
40 80 19 9.6172 0
73 78 75 4.5059 0
107 45 42 8.6093 0
77 92 20 8.6093 0
38 107 47 8.6093 0
88 20 82 8.6093 0
43 20 86 8.6093 0
34 50 20 8.6093 0
75 49 49 3.3094 0
52 48 49 3.2624 0
45 37 106 7.6014 0
83 87 106 7.6014 0
53 78 70 3.9822 0
56 90 21 7.6014 0
54 59 85 4.4406 0
92 81 21 7.6014 0
46 35 21 7.6014 0
35 21 46 7.6014 0
95 21 48 7.6161 0
75 52 83 3.3096 0
73 78 42 4.5059 0
89 105 84 6.5935 0
56 78 90 3.9822 0
46 22 34 6.5935 0
83 22 36 6.5935 0
22 91 83 6.5935 0
32 105 80 6.6103 0
105 84 90 6.5935 0
105 95 80 6.6103 0
22 35 82 6.5935 0
47 105 95 6.6103 0
95 47 22 6.6103 0
80 32 105 6.6103 0
95 47 105 6.6103 0
80 105 95 6.6103 0
105 83 35 6.5935 0
75 66 55 3.2166 0
53 59 37 4.4406 0
23 80 97 5.9083 0
81 31 23 5.7289 0
38 23 71 5.5857 0
75 48 64 3.3094 0
96 81 104 5.7289 0
23 48 96 5.7289 0
104 96 47 5.7289 0
53 104 44 5.5857 0
90 23 66 5.5857 0
41 64 23 5.5857 0
52 48 74 3.2624 0
29 24 81 5.3005 0
75 70 89 2.9689 0
71 59 36 4.7798 0
71 59 77 4.7798 0
51 61 56 2.4248 0
46 99 25 4.821 0
71 59 88 4.7798 0
55 59 48 4.4406 0
73 78 53 4.5059 0
73 78 64 4.5059 0
25 82 28 4.821 0
71 59 62 4.7798 0
103 45 70 4.5778 0
71 59 51 4.7798 0
41 52 103 4.5778 0
32 45 103 4.6012 0
52 48 61 3.2624 0
103 31 44 4.7296 0
83 24 96 4.7296 0
57 82 103 4.7009 0
67 103 45 4.5778 0
37 103 67 4.5778 0
103 59 86 4.5778 0
44 68 103 4.5778 0
103 59 41 4.5778 0
57 24 83 4.5778 0
39 24 59 4.5778 0
101 27 82 4.6062 0
45 103 35 4.5778 0
24 63 47 4.5778 0
24 41 59 4.5778 0
73 78 98 4.506 0
73 78 29 4.506 0
58 35 103 4.5778 0
73 24 82 4.5778 0
24 84 60 4.5778 0
54 78 27 4.4305 0
103 44 58 4.5778 0
73 78 86 4.5059 0
85 103 60 4.5778 0
87 103 72 4.5778 0
57 78 60 3.9822 0
60 59 57 4.4406 0
82 102 29 4.3693 0
54 59 73 4.4406 0
60 78 38 3.9822 0
0
