128
97 127 0 73.4161 0
127 0 127 74.0983 0
0 0 0 74.4975 0
0 127 127 72.3337 0
30 32 97 30.6149 0
91 32 36 27.2109 0
89 89 94 27.0516 0
17 88 40 22.572 0
56 59 46 16.6463 0
127 79 75 15.4514 0
127 56 46 15.2964 0
69 53 81 15.0642 0
0 58 73 13.7061 0
65 24 68 13.3986 0
51 76 79 13.0962 0
56 100 70 10.8205 0
29 60 53 9.5226 0
48 84 53 9.4695 0
27 68 76 9.1127 0
93 57 75 8.8287 0
103 63 54 8.4623 0
85 65 54 8.4613 0
38 97 62 7.3376 0
110 62 74 7.3379 0
70 75 59 7.0997 0
51 35 56 6.9693 0
12 63 56 6.4715 0
46 57 73 6.1328 0
33 74 61 6.0266 0
38 47 57 5.5586 0
121 54 67 5.5928 0
66 41 57 5.4381 0
93 75 62 5.4354 0
7 76 67 5.1448 0
34 56 69 5.0824 0
80 36 72 5.1524 0
118 38 55 5.0393 0
75 52 58 4.9344 0
34 81 72 4.8982 0
121 75 55 4.7115 0
68 79 71 4.524 0
87 53 61 4.4419 0
75 70 71 4.4325 0
62 86 58 4.4302 0
39 33 62 4.3464 0
71 94 67 4.2744 0
111 90 68 4.1563 0
51 47 71 4.1111 0
119 64 63 4.0398 0
84 67 71 3.9739 0
26 51 64 3.9966 0
9 40 69 3.8175 0
85 46 71 3.8948 0
41 89 71 3.8705 0
22 55 71 3.8952 0
99 69 71 3.8705 0
107 76 71 3.8787 0
107 49 58 3.8292 0
11 52 59 3.7373 0
106 76 59 3.4236 0
96 53 60 3.5714 0
43 70 59 3.4224 0
50 34 68 3.4887 0
83 77 59 3.4573 0
73 63 59 3.4221 0
58 76 59 3.4293 0
119 45 63 3.4556 0
19 50 59 3.4224 0
65 69 70 3.2923 0
48 51 64 3.3073 0
24 80 70 3.1699 0
113 71 54 3.2662 0
110 44 64 2.889 0
55 55 68 3.024 0
103 50 70 2.8626 0
111 51 70 2.98 0
16 49 70 2.8626 0
56 62 70 2.8626 0
110 38 60 2.9262 0
66 88 70 2.8626 0
110 82 66 2.889 0
15 67 70 2.8626 0
59 41 70 2.8626 0
90 40 70 2.8626 0
97 46 70 2.8942 0
39 68 70 2.8682 0
16 79 70 2.8626 0
55 49 64 2.7565 0
23 70 60 2.6593 0
36 86 60 2.4145 0
66 49 62 2.4038 0
67 58 63 2.5457 0
50 45 60 2.4145 0
71 86 60 2.4145 0
26 43 60 2.4145 0
34 39 60 2.4145 0
53 69 64 2.4721 0
56 44 60 2.4145 0
75 43 60 2.4145 0
77 83 60 2.4143 0
42 63 60 2.4145 0
42 55 60 2.4145 0
112 44 56 2.3917 0
17 71 60 2.4144 0
85 74 67 2.0663 0
87 35 67 2.2674 0
47 76 63 2.2995 0
31 35 63 2.2466 0
30 92 67 2.2674 0
77 35 64 2.2466 0
10 84 65 2.111 0
10 46 65 2.111 0
38 74 69 2.144 0
76 78 69 2.1795 0
37 48 68 2.0884 0
67 91 61 2.0804 0
91 48 67 2.001 0
25 79 63 1.9779 0
60 86 69 1.8547 0
114 65 57 2.0178 0
75 58 64 1.7866 0
86 79 65 1.9779 0
11 72 61 1.991 0
24 58 65 1.9809 0
83 54 69 1.9132 0
72 86 69 1.8547 0
32 48 67 2.001 0
17 73 69 1.8547 0
0
