128
127 104 127 86.4062 0
0 104 0 86.6537 0
113 0 14 66.3575 0
14 0 113 66.1058 0
76 61 52 12.827 0
52 61 76 12.5876 0
52 35 52 12.0897 0
74 36 76 11.7953 0
57 54 56 5.8135 0
70 54 72 6.0148 0
72 42 58 5.9129 0
56 42 70 5.6729 0
56 80 71 5.3477 0
71 80 57 5.2302 0
70 19 71 5.2255 0
57 17 57 4.9191 0
67 125 60 4.3931 0
60 125 67 4.3639 0
59 65 58 3.7471 0
68 64 69 3.6027 0
69 90 58 3.5607 0
64 73 58 3.3695 0
64 24 59 3.3079 0
67 32 58 3.194 0
69 6 69 3.1053 0
58 93 69 3.0721 0
58 117 69 3.0811 0
71 26 64 2.8044 0
68 113 59 2.7473 0
60 32 70 2.665 0
63 30 64 2.4801 0
58 6 59 2.7126 0
64 12 63 2.5157 0
63 18 63 2.5157 0
64 55 63 2.1731 0
63 45 59 2.4228 0
58 50 65 2.1893 0
64 90 63 2.3917 0
57 28 66 2.2431 0
62 49 69 2.1879 0
56 72 65 2.1612 0
65 71 71 2.115 0
65 51 59 2.19 0
69 47 65 2.1893 0
71 69 65 2.1583 0
64 82 64 1.2652 0
63 4 64 2.0275 0
57 24 62 1.9477 0
62 26 70 1.9466 0
71 74 63 1.983 0
64 39 64 1.271 0
58 87 67 1.8006 0
69 12 67 1.8006 0
63 116 64 1.2701 0
63 69 64 1.2652 0
67 104 60 1.5 0
60 109 67 1.4275 0
64 84 60 1.5357 0
60 100 67 1.4275 0
63 79 60 1.5357 0
67 96 60 1.5 0
64 23 65 1.5993 0
69 51 62 1.5655 0
58 60 62 1.6065 0
64 39 60 1.5407 0
63 59 60 1.5357 0
58 72 60 1.4201 0
63 48 64 1.2652 0
64 65 63 1.2652 0
64 111 64 1.2652 0
60 105 67 1.4275 0
64 97 63 1.2652 0
61 73 70 1.4169 0
64 74 64 1.2789 0
64 43 64 1.2652 0
65 118 60 1.1845 0
64 106 64 1.2652 0
63 35 63 1.2652 0
63 60 64 1.2652 0
63 78 64 1.2652 0
65 44 68 1.2214 0
64 80 69 1.2574 0
63 101 63 1.2652 0
58 11 61 1.3146 0
66 100 60 1.1802 0
66 108 60 1.1802 0
59 43 62 1.2232 0
62 84 68 1.2214 0
68 85 62 1.2232 0
68 80 65 1.1931 0
59 83 64 1.0065 0
58 80 63 1.2576 0
68 36 62 1.2232 0
58 34 65 1.2444 0
62 36 68 1.2214 0
65 76 70 1.1508 0
57 69 62 1.1961 0
69 73 67 0.9752 0
57 75 62 1.139 0
63 67 68 1.0073 0
59 67 64 1.0065 0
62 21 69 0.9732 0
58 21 65 0.9684 0
68 118 62 0.8987 0
69 59 65 1.0496 0
62 88 69 0.9732 0
67 27 68 0.9757 0
65 14 69 0.9732 0
59 46 64 1.0065 0
69 21 62 0.9759 0
60 23 68 0.9757 0
65 10 69 0.9732 0
60 113 66 0.779 0
68 70 68 0.8212 0
58 18 64 0.7963 0
64 94 61 0.8329 0
69 31 64 0.7962 0
64 115 61 0.8329 0
58 55 64 0.7963 0
59 71 68 0.8212 0
64 41 68 0.8249 0
63 68 61 0.8329 0
69 56 64 0.7962 0
69 18 64 0.7962 0
69 15 64 0.7962 0
64 112 61 0.8329 0
66 82 67 0.7783 0
63 17 69 0.7936 0
0
