128
0 127 127 94.5811 0
127 0 0 93.1616 0
12 74 0 42.2743 0
111 46 127 41.4007 0
91 127 26 40.1879 0
26 0 88 39.5613 0
92 78 76 20.1285 0
39 48 53 18.689 0
54 29 127 15.4509 0
78 14 95 13.1464 0
47 99 35 11.4197 0
66 86 3 11.2585 0
59 35 71 10.103 0
71 91 57 9.7143 0
85 48 82 9.4492 0
41 77 44 9.4502 0
63 65 61 7.2023 0
52 63 31 8.3402 0
64 40 97 5.5568 0
84 82 47 7.9771 0
45 44 81 7.8499 0
74 32 83 7.716 0
76 64 96 7.4141 0
63 26 105 7.312 0
64 79 34 5.5303 0
64 57 75 6.5536 0
63 46 114 6.7262 0
54 98 12 6.5047 0
64 72 48 6.1356 0
45 38 107 5.8015 0
56 91 49 5.7146 0
63 81 22 5.5418 0
64 50 86 5.4053 0
69 55 106 5.0445 0
46 41 95 4.9331 0
63 47 60 4.8597 0
80 55 68 4.841 0
67 79 68 4.6821 0
61 29 86 4.7077 0
73 43 72 4.6222 0
81 69 54 4.6765 0
56 67 18 4.6238 0
81 81 33 4.5407 0
59 58 43 4.2212 0
65 93 42 4.3701 0
46 71 58 4.343 0
79 33 95 4.2047 0
69 69 84 4.0167 0
58 84 58 4.007 0
47 56 74 3.8957 0
60 71 10 3.9509 0
47 80 31 3.7605 0
62 53 52 3.6948 0
58 96 23 3.4939 0
67 73 76 3.4766 0
80 85 13 3.59 0
79 61 60 3.527 0
54 36 85 3.5641 0
50 82 54 3.5433 0
80 83 22 3.4789 0
70 31 113 3.3413 0
63 93 33 3.296 0
73 49 65 3.1824 0
79 42 93 3.1395 0
50 66 44 3.1506 0
51 93 21 3.0181 0
53 43 111 3.0512 0
79 53 95 2.9824 0
74 28 107 2.9362 0
75 89 43 2.8361 0
64 93 17 2.7989 0
65 59 98 2.7504 0
51 49 72 2.7273 0
66 64 90 2.6761 0
64 36 110 2.6548 0
59 79 64 2.6664 0
64 92 26 2.6563 0
57 78 12 2.6458 0
63 49 104 2.6549 0
70 64 70 2.5156 0
63 63 37 2.4858 0
57 63 70 2.5504 0
63 67 28 2.6295 0
48 62 68 2.546 0
50 75 26 2.5103 0
51 29 108 2.5673 0
63 22 93 2.4902 0
48 87 26 2.5609 0
77 79 56 2.4745 0
48 49 91 2.4761 0
79 58 76 2.4791 0
78 60 86 2.5153 0
78 72 42 2.4169 0
48 68 65 2.3941 0
74 54 60 2.36 0
49 68 51 2.1612 0
63 49 98 2.3283 0
51 35 92 2.2577 0
59 76 41 2.2921 0
68 78 15 2.2901 0
50 86 43 2.2603 0
59 46 92 2.1965 0
70 71 56 2.2287 0
68 53 56 2.0845 0
57 48 66 2.061 0
75 54 100 2.0958 0
67 26 91 1.994 0
78 29 102 2.064 0
50 74 34 2.0836 0
49 45 103 2.0993 0
78 86 38 2.1228 0
58 58 67 2.0424 0
53 79 60 1.9923 0
72 79 62 2.0957 0
54 48 107 2.0645 0
57 72 54 2.0764 0
78 76 38 2.0458 0
69 38 114 1.9603 0
54 87 12 1.9345 0
66 58 47 1.9343 0
67 46 68 1.9538 0
61 73 73 1.9648 0
68 43 90 1.9979 0
66 74 12 1.9948 0
64 80 60 1.7657 0
49 34 100 1.9004 0
76 50 73 1.952 0
68 32 98 1.8881 0
0
