128
0 127 127 94.0281 0
127 0 0 91.6728 0
10 71 0 44.0412 0
113 47 127 42.6762 0
94 127 28 41.3248 0
24 0 85 40.6632 0
93 81 74 21.1413 0
40 47 51 17.8382 0
56 26 127 16.7614 0
78 12 97 14.1668 0
66 86 2 12.738 0
46 100 34 12.1282 0
60 34 70 9.6625 0
86 49 81 9.6308 0
68 91 56 9.031 0
64 62 65 7.2517 0
41 75 44 8.9278 0
63 40 96 5.6233 0
77 32 82 8.4209 0
53 100 13 8.1981 0
44 45 78 8.0072 0
53 61 31 7.8611 0
76 65 96 7.7564 0
85 80 45 7.6324 0
63 47 113 7.4863 0
63 80 26 5.6276 0
64 70 51 6.6243 0
64 54 78 6.2839 0
44 37 109 6.3468 0
62 25 103 6.229 0
52 90 49 5.6252 0
63 76 39 5.4877 0
45 42 93 5.3924 0
62 94 42 5.4744 0
65 24 86 5.4226 0
81 55 67 5.0567 0
63 46 58 5.139 0
65 80 67 5.0634 0
68 57 104 5.0346 0
74 42 71 4.8052 0
82 81 31 4.8975 0
70 70 84 4.8115 0
63 91 22 4.5653 0
45 69 58 4.6518 0
72 28 110 4.5836 0
81 64 57 4.4946 0
57 65 18 4.4552 0
61 47 87 4.4344 0
46 57 72 4.243 0
81 85 12 4.2833 0
60 56 43 4.1006 0
63 90 32 4.1723 0
60 71 10 4.0858 0
80 34 95 4.026 0
46 81 32 3.8632 0
67 74 75 3.7674 0
52 36 84 3.8282 0
81 83 21 3.7255 0
46 64 66 3.707 0
55 84 57 3.6052 0
65 34 109 3.5693 0
80 69 48 3.5318 0
63 50 99 3.4166 0
80 43 93 3.2875 0
60 78 16 3.4244 0
48 79 55 3.1023 0
64 53 50 3.0606 0
59 32 84 3.1623 0
49 73 29 2.9692 0
79 62 84 2.9868 0
74 49 63 3.1162 0
75 89 45 3.0891 0
80 54 93 3.0054 0
51 45 109 3.0676 0
50 65 42 2.9979 0
53 46 69 2.7973 0
47 44 102 2.7939 0
63 57 91 1.5094 0
79 74 37 2.7351 0
52 70 23 2.7225 0
52 28 106 2.5679 0
65 64 90 2.7551 0
63 61 37 2.6291 0
62 66 25 2.4885 0
77 56 59 2.6077 0
49 91 21 2.4975 0
77 81 55 2.6271 0
68 79 17 2.4769 0
80 74 54 2.5513 0
68 32 99 2.4956 0
47 86 26 2.5862 0
61 39 105 2.5495 0
69 37 115 2.3539 0
80 60 75 2.569 0
64 60 95 2.5577 0
57 69 60 2.392 0
48 35 98 2.418 0
58 80 62 2.4533 0
48 85 41 2.3559 0
63 69 79 2.2767 0
68 44 89 2.4284 0
68 45 66 2.314 0
77 54 99 2.3407 0
64 85 38 2.2145 0
50 35 91 2.3436 0
70 51 57 2.227 0
70 70 59 2.2995 0
57 61 73 2.2459 0
79 86 38 2.2699 0
72 80 61 2.1567 0
58 46 65 2.2128 0
53 88 12 2.0701 0
59 53 104 2.2332 0
65 35 82 2.2004 0
63 66 84 2.2094 0
67 73 12 2.1005 0
48 49 88 2.0538 0
78 28 104 2.126 0
49 66 48 2.1554 0
55 80 12 2.0946 0
50 71 35 2.0497 0
64 83 46 1.5069 0
58 64 56 2.0502 0
79 63 65 1.961 0
65 65 31 1.954 0
76 84 50 2.0347 0
70 91 41 2.0202 0
49 75 61 2.0002 0
0
