128
0 127 0 92.4075 0
127 0 127 91.8373 0
0 43 107 42.1147 0
87 127 105 41.8516 0
127 87 23 41.5656 0
40 0 23 41.5656 0
52 72 84 19.1837 0
72 51 44 19.0131 0
34 11 77 12.1769 0
9 34 53 12.1096 0
91 115 52 11.4746 0
85 81 76 11.1455 0
45 39 76 11.1486 0
42 46 52 10.9501 0
82 81 52 10.9501 0
115 91 75 10.8605 0
95 63 55 7.9265 0
63 96 72 7.1402 0
34 55 72 7.085 0
79 100 56 6.9186 0
21 22 66 6.6328 0
105 106 64 6.5777 0
61 50 71 6.145 0
73 62 71 6.1576 0
62 28 57 6.0226 0
24 48 57 5.9108 0
103 78 71 6.0826 0
93 95 57 5.9108 0
29 33 57 5.9108 0
49 62 57 5.9108 0
60 70 57 5.9108 0
99 95 70 5.1789 0
49 19 70 5.1657 0
66 82 58 4.9029 0
49 31 58 4.9029 0
13 52 62 4.4595 0
23 60 68 4.4207 0
114 76 67 4.4083 0
29 43 69 4.1696 0
76 113 60 4.2575 0
86 96 69 4.1696 0
85 66 69 4.1425 0
97 78 59 3.895 0
106 68 61 4.2002 0
75 99 69 4.1521 0
71 76 69 4.1506 0
71 87 69 4.1216 0
56 40 59 3.895 0
71 71 59 3.895 0
69 107 66 3.835 0
70 91 59 3.895 0
31 56 59 3.895 0
57 19 62 3.7792 0
55 29 68 3.1592 0
49 54 68 3.1573 0
31 29 75 3.3677 0
95 71 68 3.1492 0
71 52 68 3.2133 0
32 66 68 3.2523 0
59 40 68 3.1474 0
24 51 68 3.0983 0
39 33 60 2.8871 0
97 86 68 3.0918 0
63 85 68 3.0581 0
84 66 60 2.8871 0
97 86 60 2.8871 0
43 26 68 2.8214 0
54 50 60 2.8871 0
37 61 60 2.8871 0
31 36 72 2.6573 0
18 32 66 2.5502 0
38 26 74 2.4996 0
93 101 67 2.2784 0
60 59 67 2.2484 0
78 92 67 2.1915 0
56 87 67 2.2175 0
77 70 67 2.2029 0
44 59 67 2.1889 0
64 63 67 2.2816 0
30 19 63 2.3159 0
81 58 67 2.2327 0
66 57 67 2.2647 0
92 90 67 2.2356 0
40 63 67 2.1889 0
25 30 71 2.0943 0
83 103 67 2.2514 0
42 50 67 2.1651 0
49 27 67 2.2203 0
55 56 67 2.2175 0
67 44 67 2.2175 0
101 69 67 2.1915 0
22 56 61 2.166 0
61 34 67 2.1628 0
53 47 67 2.1411 0
22 45 67 2.0909 0
104 87 67 2.0833 0
36 46 67 2.0447 0
63 38 61 1.8793 0
34 37 67 2.0674 0
56 57 61 1.8793 0
55 77 61 1.8793 0
104 95 61 1.8793 0
92 65 67 2.0449 0
66 68 67 2.0924 0
38 68 67 2.0524 0
35 27 61 1.8793 0
46 11 66 1.9986 0
68 35 61 1.9292 0
42 24 61 1.8793 0
104 80 61 1.8793 0
77 91 61 1.8793 0
86 55 61 1.8793 0
52 24 61 1.8793 0
85 93 61 1.8793 0
31 41 61 1.8793 0
19 54 66 1.973 0
78 66 61 1.8793 0
16 45 61 1.8793 0
69 102 61 1.9292 0
91 87 61 1.8793 0
86 60 61 1.8793 0
96 104 61 1.8793 0
41 66 61 1.8793 0
103 75 61 1.8793 0
52 71 61 1.8793 0
59 62 61 1.8793 0
22 37 61 1.8793 0
78 71 61 1.8793 0
0
