128
0 0 0 70.1782 0
127 127 0 69.3607 0
127 0 127 67.7256 0
0 127 127 62.7946 0
116 121 122 52.0615 0
12 16 117 47.4565 0
11 117 17 46.9675 0
108 20 22 39.7283 0
61 67 34 24.683 0
62 68 103 24.4943 0
62 123 67 22.4197 0
62 16 66 20.4537 0
127 69 78 15.7669 0
0 65 77 15.2135 0
24 66 46 11.807 0
98 66 91 11.5729 0
123 61 51 11.3236 0
96 67 47 10.7992 0
28 67 90 10.8861 0
69 36 89 9.2925 0
72 97 49 8.7834 0
5 74 54 8.8385 0
55 100 88 8.2463 0
64 69 69 7.982 0
122 44 63 7.8184 0
50 39 50 7.7755 0
54 97 50 7.7755 0
5 43 68 7.8184 0
5 89 65 7.8184 0
71 39 50 7.7755 0
37 50 50 7.7755 0
85 84 50 7.7755 0
35 29 65 7.3513 0
6 56 55 7.4948 0
88 29 68 7.3513 0
85 50 87 7.1927 0
89 108 68 7.3016 0
35 108 67 7.3016 0
72 98 87 7.1927 0
52 41 87 7.1927 0
19 79 78 7.1442 0
108 54 77 7.0402 0
121 92 69 7.0328 0
85 52 51 6.7677 0
108 83 76 6.7677 0
36 82 51 6.7677 0
86 82 86 6.1849 0
40 86 86 6.1849 0
40 52 86 6.1849 0
20 54 78 6.1529 0
107 97 68 6.0272 0
20 97 67 6.0272 0
120 78 58 5.8062 0
81 32 79 4.8455 0
21 66 74 4.7519 0
103 53 53 4.7519 0
82 105 56 4.772 0
22 50 53 4.7519 0
110 75 53 4.7519 0
45 32 78 4.4964 0
81 105 78 4.4483 0
22 32 67 4.3277 0
44 104 80 4.5123 0
43 105 57 4.4314 0
82 32 57 4.4795 0
97 81 82 4.3371 0
102 32 66 4.3277 0
83 93 84 4.1691 0
105 70 76 4.0114 0
96 49 81 3.8109 0
48 86 54 3.744 0
30 84 81 3.8109 0
38 36 54 3.8181 0
30 50 81 3.8109 0
39 96 81 3.8109 0
19 44 73 3.744 0
39 68 54 3.744 0
97 82 54 3.744 0
42 95 54 3.744 0
41 41 81 3.7013 0
17 81 54 3.744 0
85 96 54 3.744 0
83 41 54 3.744 0
82 72 54 3.744 0
51 88 83 3.1613 0
12 33 66 3.5233 0
62 90 83 3.1613 0
114 33 64 3.3283 0
72 49 83 3.1613 0
76 85 83 3.1613 0
84 68 83 3.1613 0
40 74 83 3.1613 0
45 33 60 3.3198 0
92 89 81 3.2774 0
100 104 65 3.2701 0
61 47 83 3.1613 0
41 62 83 3.1613 0
81 60 83 3.1613 0
117 53 70 2.9988 0
23 89 74 3.0036 0
104 43 74 3.0036 0
88 41 80 2.803 0
62 89 55 2.7362 0
105 83 55 2.7362 0
50 50 55 2.7362 0
114 45 72 2.7462 0
80 61 55 2.7362 0
114 49 55 2.7462 0
16 89 72 2.7362 0
74 52 55 2.7362 0
26 84 55 2.7362 0
32 92 80 2.803 0
41 60 55 2.7362 0
27 43 55 2.7362 0
109 66 55 2.7362 0
117 58 65 2.779 0
117 82 67 2.779 0
10 77 66 2.779 0
56 86 55 2.7362 0
35 92 55 2.7362 0
65 48 55 2.7362 0
57 48 55 2.7362 0
43 75 55 2.7362 0
109 64 72 2.7362 0
96 90 55 2.7362 0
61 42 55 2.7362 0
73 86 55 2.7362 0
93 44 55 2.7362 0
0
