128
64 64 0 58.7538 0
0 127 127 86.0064 0
127 0 127 85.9265 0
127 127 74 50.4104 0
0 0 74 50.4104 0
83 0 35 14.8949 0
127 44 35 14.8949 0
0 83 35 14.8949 0
44 127 35 14.8949 0
81 81 85 14.288 0
46 46 85 14.288 0
0 52 34 13.4346 0
52 0 34 13.4346 0
75 127 35 13.0801 0
127 75 35 13.0801 0
111 68 57 11.7192 0
59 16 57 11.719 0
16 59 57 11.7192 0
68 111 57 11.719 0
63 63 71 10.3449 0
25 110 35 9.1847 0
102 17 35 9.1847 0
69 93 68 8.3332 0
58 34 68 8.3332 0
93 69 68 8.3332 0
34 58 68 8.3332 0
84 88 64 6.9438 0
43 39 64 6.9438 0
72 72 103 6.7136 0
77 17 50 6.2322 0
110 50 50 6.232 0
50 110 50 6.2322 0
17 77 50 6.232 0
55 56 102 6.0071 0
96 81 58 5.8698 0
31 46 58 5.8698 0
111 30 40 5.7976 0
16 97 40 5.7976 0
99 53 57 5.167 0
74 28 57 5.1667 0
54 98 58 5.1306 0
29 73 58 5.1305 0
82 98 55 4.9539 0
45 29 55 4.9539 0
88 113 35 4.8899 0
113 88 35 4.8899 0
15 38 35 4.5958 0
38 15 35 4.5958 0
65 44 75 4.5042 0
62 83 75 4.5042 0
44 65 75 4.5041 0
83 62 75 4.5041 0
75 70 63 4.2765 0
88 17 46 4.2541 0
39 110 46 4.2541 0
76 59 63 4.2167 0
59 76 63 4.2164 0
23 45 50 4.0834 0
104 82 50 4.0834 0
106 39 47 3.9918 0
90 55 64 3.9771 0
72 37 64 3.977 0
64 63 87 3.8808 0
21 88 47 3.9918 0
82 109 47 4.0234 0
45 18 47 4.0234 0
52 55 62 4.0339 0
38 72 65 3.9665 0
55 89 65 3.9665 0
66 8 43 4.0064 0
8 66 43 4.0063 0
65 50 63 3.9809 0
50 65 63 3.9807 0
117 58 45 3.9852 0
58 117 45 3.9851 0
83 27 52 3.9081 0
100 44 52 3.908 0
44 100 52 3.9081 0
27 83 52 3.908 0
90 91 54 3.5648 0
37 36 54 3.5648 0
68 76 64 3.606 0
94 24 46 3.5611 0
113 82 45 3.4694 0
14 45 45 3.4694 0
77 62 83 3.3877 0
65 50 83 3.3875 0
33 103 46 3.5611 0
50 65 83 3.3877 0
62 77 83 3.3875 0
63 53 91 3.4833 0
74 64 91 3.4833 0
53 63 91 3.4833 0
64 74 91 3.4833 0
22 32 35 3.4353 0
32 22 35 3.4353 0
101 31 46 3.4155 0
26 96 46 3.4155 0
69 69 114 2.8791 0
92 45 57 3.1741 0
82 35 57 3.174 0
37 79 60 3.1795 0
48 90 60 3.1792 0
58 58 121 3.121 0
91 31 50 2.9681 0
51 74 61 3.0856 0
74 51 61 3.0856 0
36 96 50 2.9681 0
69 69 121 3.0525 0
117 61 36 3.0342 0
61 117 36 3.0342 0
65 31 58 2.9626 0
96 62 58 2.9624 0
59 57 112 3.0203 0
83 77 67 2.9186 0
44 50 67 2.9186 0
74 44 69 2.9863 0
83 53 69 2.9862 0
31 91 50 2.968 0
96 36 50 2.968 0
57 48 61 2.7112 0
41 90 56 2.9302 0
86 48 63 2.9126 0
79 41 63 2.9123 0
34 86 54 2.8806 0
88 39 56 2.8533 0
63 63 123 2.8633 0
44 78 66 2.705 0
0
