128
0 127 0 82.6527 0
0 0 127 72.7368 0
127 0 0 72.5113 0
127 127 127 71.5176 0
97 31 97 32.0266 0
105 95 33 28.9808 0
34 24 34 27.9793 0
44 84 92 26.965 0
69 61 43 20.4308 0
62 0 62 16.061 0
127 59 71 14.5144 0
75 113 60 13.3271 0
82 73 78 12.9815 0
55 47 78 12.9994 0
3 46 53 12.6779 0
9 69 76 11.9935 0
39 63 59 11.4487 0
68 30 53 10.4284 0
100 60 52 9.9571 0
69 91 52 9.8312 0
62 25 74 9.1419 0
103 66 72 8.8958 0
76 95 73 7.8154 0
24 55 72 7.5873 0
121 80 63 7.0738 0
21 56 56 6.8818 0
89 45 55 6.8366 0
57 103 66 6.7064 0
73 55 71 6.6322 0
83 81 59 6.3883 0
52 79 56 6.3577 0
84 9 67 6.1105 0
49 47 56 6.1008 0
36 46 71 6.0149 0
63 65 71 6.0531 0
115 69 56 5.9818 0
96 79 65 6.0128 0
47 30 70 5.6209 0
87 56 69 5.5821 0
71 40 70 5.0155 0
89 70 58 4.9994 0
90 89 70 4.7918 0
84 33 57 4.7918 0
113 52 57 4.7918 0
74 17 70 4.7918 0
118 41 67 4.5895 0
46 15 65 4.5932 0
69 83 69 4.3196 0
107 80 69 4.1761 0
26 68 69 4.0942 0
75 27 67 4.2473 0
54 32 60 4.2426 0
29 47 58 4.2156 0
102 46 58 4.0946 0
36 36 66 4.1482 0
10 51 69 4.105 0
105 74 60 4.0032 0
78 41 58 3.8187 0
108 53 69 3.8144 0
91 104 63 3.7955 0
20 43 58 3.7839 0
23 77 69 3.8307 0
11 62 58 3.8207 0
55 91 58 3.7839 0
81 23 58 3.7839 0
82 96 58 3.7839 0
76 15 58 3.7896 0
60 42 58 3.7839 0
56 20 58 3.7839 0
64 93 69 3.7839 0
27 37 64 3.5781 0
54 61 66 3.3779 0
97 54 68 3.4716 0
65 74 65 3.2578 0
54 69 66 3.3779 0
97 38 60 3.327 0
39 47 59 3.3233 0
82 47 68 3.3233 0
87 60 60 3.2002 0
15 33 59 3.1463 0
81 38 65 3.0397 0
53 55 61 3.1198 0
44 39 67 2.9224 0
24 67 59 3.0375 0
85 101 68 3.0142 0
8 58 64 2.9732 0
61 35 65 2.7961 0
26 44 68 2.776 0
62 79 59 2.8716 0
114 72 68 2.818 0
19 45 68 2.8405 0
42 78 59 2.79 0
82 63 64 2.7626 0
73 81 62 2.7021 0
101 88 68 2.776 0
49 96 64 2.6335 0
46 38 60 2.4569 0
64 56 66 2.5824 0
112 47 67 2.505 0
92 67 66 2.5022 0
92 33 61 2.4127 0
82 28 64 2.4246 0
67 100 67 2.4054 0
71 71 65 2.3538 0
21 63 65 2.2918 0
79 85 67 2.2723 0
89 27 60 2.1422 0
83 54 61 2.1327 0
54 35 67 2.1724 0
55 76 65 2.1715 0
54 17 67 2.0328 0
90 54 61 2.1176 0
67 34 66 2.0634 0
89 39 63 2.0629 0
116 89 63 2.0336 0
67 48 67 1.9642 0
39 20 65 2.0168 0
49 27 62 2.0378 0
65 100 61 2.0131 0
79 48 60 1.9642 0
104 83 63 1.9764 0
62 86 67 1.7681 0
90 48 67 1.9642 0
93 15 66 1.9698 0
50 22 67 1.7681 0
47 87 60 1.7681 0
44 47 66 1.821 0
103 48 67 1.9642 0
0
