128
0 0 127 86.1895 0
127 127 75 72.5558 0
127 0 0 66.8456 0
0 127 0 62.0987 0
8 22 0 41.5915 0
115 35 127 32.8016 0
33 94 75 25.1559 0
84 41 69 22.7294 0
90 81 0 21.1495 0
30 61 43 19.3489 0
52 64 0 17.404 0
57 35 37 17.3451 0
76 71 124 16.5274 0
55 88 40 15.1574 0
58 80 102 12.2284 0
62 90 14 10.0445 0
97 66 28 9.0866 0
62 40 10 8.5844 0
93 55 97 8.3387 0
52 45 61 7.8503 0
53 59 26 7.8193 0
62 77 81 7.7839 0
80 45 102 7.787 0
103 55 46 7.6584 0
76 87 26 7.3424 0
62 80 61 7.3011 0
74 53 8 6.8616 0
41 73 21 6.7133 0
80 45 39 6.478 0
72 75 49 6.1504 0
50 68 87 6.1939 0
81 64 102 6.0751 0
66 62 104 5.9697 0
40 53 20 5.9121 0
86 59 17 5.6239 0
60 54 80 5.4818 0
50 74 57 5.2781 0
70 51 93 5.1952 0
71 72 67 5.0585 0
75 80 38 4.9548 0
92 48 42 4.7555 0
49 42 16 4.5858 0
73 53 45 4.6476 0
83 63 90 4.4337 0
31 64 68 4.5351 0
49 83 20 4.4401 0
82 51 114 4.4462 0
63 51 53 4.4919 0
59 63 95 4.4431 0
74 43 24 4.4026 0
71 75 91 4.3143 0
74 55 109 4.2712 0
77 67 77 4.2435 0
55 72 27 4.1955 0
63 65 20 4.1195 0
52 52 72 4.1639 0
53 68 36 4.0203 0
42 53 63 4.0704 0
77 70 58 3.817 0
72 65 11 3.6818 0
52 53 51 3.6301 0
87 57 109 3.6567 0
67 76 11 3.6772 0
94 54 34 3.5565 0
75 76 100 3.2463 0
82 54 45 3.2603 0
91 80 26 3.2809 0
52 71 77 3.1287 0
72 64 88 1.8835 0
89 55 26 2.9276 0
82 72 46 3.1476 0
65 81 25 3.1286 0
62 55 90 3.0661 0
53 58 38 3.0106 0
85 68 22 2.876 0
55 75 70 2.8954 0
48 56 58 2.9201 0
52 59 82 2.95 0
94 61 54 2.9472 0
42 70 61 2.9462 0
79 53 93 2.9225 0
39 63 65 2.8648 0
66 46 21 2.7935 0
47 81 12 2.7992 0
80 67 65 2.8555 0
80 51 17 2.716 0
90 55 47 2.7609 0
44 48 12 2.6694 0
58 79 23 2.5602 0
68 71 58 2.7519 0
75 63 94 2.6676 0
76 63 84 2.6538 0
94 59 40 2.6199 0
69 53 102 2.659 0
53 66 44 2.4046 0
51 60 53 2.6253 0
72 44 16 2.5987 0
68 74 40 2.5913 0
59 51 68 2.5547 0
67 64 76 1.2849 0
93 68 40 2.5199 0
51 66 51 2.5411 0
41 67 81 2.5386 0
72 72 83 2.5272 0
36 57 67 2.2807 0
63 74 70 2.5106 0
56 46 19 2.3937 0
60 70 90 2.5058 0
48 49 23 2.5012 0
61 52 61 2.4755 0
70 56 52 2.4169 0
68 64 95 2.4159 0
57 60 88 2.3969 0
65 54 46 2.3633 0
69 56 86 2.3048 0
80 45 29 2.2761 0
47 57 76 2.2314 0
87 71 107 2.3336 0
85 68 52 2.2852 0
62 74 50 2.2862 0
69 80 30 2.3153 0
82 76 40 2.3021 0
86 59 50 2.114 0
69 70 75 2.156 0
47 66 57 2.2313 0
44 54 70 2.1814 0
53 72 19 2.1856 0
53 61 47 2.0624 0
0
