128
64 64 109 35.0158 0
0 0 0 54.2292 0
127 127 0 54.2292 0
0 127 0 54.2292 0
127 0 0 54.2292 0
0 0 127 54.2292 0
127 0 127 54.2292 0
0 127 127 54.2292 0
127 127 127 54.2292 0
64 0 64 33.7188 0
63 127 64 33.7188 0
64 64 4 33.308 0
0 63 69 30.1036 0
127 69 64 30.1036 0
51 76 59 16.9583 0
76 51 59 16.9583 0
20 66 27 14.4015 0
111 24 64 14.0025 0
17 105 64 13.271 0
17 22 64 13.271 0
108 109 64 12.8696 0
46 44 67 12.2614 0
105 58 28 12.2905 0
81 83 62 12.0367 0
56 25 26 11.1348 0
72 103 27 10.1607 0
105 51 94 9.094 0
51 98 28 9.119 0
77 30 28 9.119 0
85 35 81 8.9237 0
43 30 88 8.8953 0
106 40 46 8.9383 0
22 38 47 8.7992 0
44 43 45 8.681 0
22 86 45 7.9304 0
97 78 29 8.119 0
36 44 29 8.1119 0
85 99 88 7.8874 0
42 97 90 7.9053 0
103 76 94 7.3817 0
89 43 30 7.3959 0
25 49 95 7.2752 0
25 77 95 7.2752 0
37 83 30 7.1033 0
85 89 30 7.1033 0
25 37 82 7.0631 0
104 42 78 6.9225 0
23 92 81 6.9225 0
86 96 48 6.6988 0
87 33 47 6.2224 0
103 94 79 5.9147 0
40 96 49 5.8717 0
87 70 48 5.8717 0
103 95 47 5.9147 0
40 94 73 5.8717 0
29 86 65 5.9831 0
73 73 47 5.6909 0
87 86 80 5.8717 0
67 90 47 5.7917 0
87 68 72 5.8717 0
40 61 74 5.8717 0
40 84 81 5.8717 0
60 37 47 5.6909 0
40 28 47 5.6909 0
49 85 37 5.6854 0
41 58 47 5.6909 0
55 56 47 5.6909 0
31 19 50 5.388 0
31 19 78 5.388 0
28 39 65 5.3485 0
97 19 50 5.3994 0
95 108 49 5.388 0
95 108 79 5.388 0
31 108 49 5.388 0
88 32 65 5.08 0
88 96 73 4.8638 0
102 83 42 4.9068 0
25 49 37 4.9345 0
102 43 65 4.9068 0
38 44 84 4.7639 0
61 86 37 4.6822 0
88 50 79 4.8638 0
30 107 78 4.3939 0
43 20 37 4.4108 0
84 107 37 4.4108 0
92 38 94 4.2695 0
97 20 77 4.3939 0
41 32 33 4.3673 0
51 40 33 4.3087 0
92 89 94 4.2695 0
64 38 33 4.0797 0
79 48 36 4.2519 0
34 87 94 4.0911 0
34 40 94 4.0911 0
89 82 46 3.8559 0
90 66 33 4.0797 0
101 30 82 3.8989 0
37 58 33 4.0797 0
73 88 33 4.0797 0
26 58 45 3.8989 0
90 22 85 3.9061 0
39 68 33 4.0797 0
88 56 33 4.0797 0
26 71 46 3.8989 0
101 88 90 3.9329 0
38 95 33 4.0797 0
52 94 45 3.6752 0
79 39 39 3.9899 0
38 29 61 3.8559 0
38 71 79 3.8559 0
38 94 60 3.8559 0
89 21 43 3.9336 0
101 38 89 3.8989 0
64 64 45 3.6752 0
101 64 90 3.9329 0
101 70 40 3.8989 0
101 92 58 3.8989 0
27 62 92 3.7512 0
76 32 45 3.9252 0
101 93 68 3.8989 0
101 55 45 3.8989 0
89 98 60 3.8559 0
38 29 75 3.8559 0
26 99 49 3.8989 0
38 58 61 3.8559 0
78 88 45 3.6752 0
65 79 42 3.7146 0
50 31 45 3.724 0
0
