128
127 127 0 76.7682 0
0 0 0 72.3746 0
0 127 127 72.3746 0
127 0 127 67.1955 0
111 12 21 39.4974 0
30 26 101 34.929 0
100 94 102 32.5116 0
24 99 28 32.1259 0
69 55 34 20.48 0
68 17 62 19.1025 0
61 99 65 17.775 0
73 54 89 16.4485 0
127 72 73 11.7635 0
0 56 79 11.4899 0
46 70 84 11.4092 0
0 68 50 10.4602 0
39 61 44 10.4013 0
127 53 48 10.2792 0
102 55 45 9.3934 0
46 37 59 8.7041 0
100 57 81 8.3855 0
57 80 46 8.3855 0
127 49 68 8.3042 0
21 64 80 7.3777 0
68 77 80 7.3777 0
20 63 47 7.3777 0
3 84 59 6.9998 0
86 88 64 6.6884 0
120 36 61 6.771 0
73 83 48 6.6981 0
37 88 64 6.6884 0
3 53 60 6.3031 0
90 67 48 6.3698 0
116 56 79 6.3698 0
3 71 68 6.3031 0
60 40 75 6.1598 0
6 41 68 5.9063 0
95 23 64 5.7219 0
31 40 61 5.6805 0
87 39 78 5.3619 0
91 43 49 5.3619 0
52 54 78 5.3619 0
82 34 49 5.3619 0
112 80 67 5.1901 0
23 86 64 4.6726 0
44 85 75 4.54 0
122 66 56 4.6981 0
59 41 54 4.6654 0
20 41 64 4.6726 0
89 66 77 4.354 0
33 59 77 4.354 0
76 35 77 4.3573 0
80 73 77 4.354 0
49 50 50 4.354 0
97 44 77 4.354 0
114 63 50 4.354 0
44 76 50 4.354 0
84 77 50 4.354 0
29 75 77 4.354 0
40 46 50 4.3559 0
109 67 77 4.354 0
109 29 63 4.2242 0
99 85 65 4.0867 0
63 41 64 3.725 0
84 29 76 3.6465 0
78 85 73 3.7452 0
47 85 54 3.7452 0
60 66 76 3.3462 0
113 45 51 3.3462 0
75 77 63 1.6478 0
92 55 65 1.0118 0
31 49 51 3.3462 0
55 68 51 3.3462 0
106 67 51 3.3462 0
76 72 51 3.3462 0
89 50 76 3.3462 0
36 81 76 3.3485 0
87 52 51 3.3462 0
109 47 76 3.3462 0
29 71 51 3.3462 0
16 53 76 3.3462 0
10 57 51 3.3462 0
10 68 76 3.3462 0
54 81 76 3.3485 0
42 57 76 3.3462 0
67 73 51 3.3462 0
122 60 63 3.1647 0
70 38 52 3.2286 0
47 76 63 0.7205 0
15 77 59 1.6478 0
117 72 60 3.0207 0
15 77 68 1.6478 0
91 77 59 1.6478 0
89 26 57 2.8406 0
89 26 71 2.8406 0
30 77 59 1.6478 0
76 84 59 2.6569 0
15 84 61 2.6569 0
42 77 68 1.6478 0
83 84 54 2.7623 0
38 43 67 2.6569 0
24 53 52 2.3383 0
46 43 70 2.6569 0
29 77 67 1.6478 0
69 38 71 2.6702 0
31 84 72 2.6569 0
52 43 68 2.6569 0
53 77 66 1.6478 0
83 77 68 1.6478 0
58 75 75 2.3383 0
98 72 52 2.3383 0
104 44 52 2.3383 0
17 53 52 2.3383 0
23 54 75 2.3383 0
48 69 52 2.3383 0
53 58 52 2.3383 0
18 73 52 2.3383 0
118 41 70 2.423 0
66 77 61 1.6478 0
59 59 75 2.3383 0
34 68 75 2.3383 0
99 40 52 2.3383 0
95 36 75 2.3383 0
113 54 52 2.3383 0
92 76 52 2.3383 0
17 73 75 2.3383 0
101 70 75 2.3383 0
7 62 66 2.2716 0
0
