128
0 127 127 84.1768 0
127 0 127 84.1768 0
127 127 0 76.9319 0
0 0 0 76.9319 0
46 81 39 22.4631 0
82 46 39 22.4631 0
94 93 87 20.9197 0
33 34 87 20.9197 0
63 63 77 16.5557 0
71 106 66 10.5634 0
56 21 66 10.5634 0
16 70 52 10.2885 0
5 48 74 9.9494 0
122 79 74 9.9494 0
113 58 53 9.8635 0
76 76 52 9.409 0
51 51 52 9.409 0
67 88 74 7.7842 0
60 38 74 7.3937 0
32 58 54 7.345 0
37 60 74 7.3036 0
90 67 74 7.3036 0
106 71 72 6.9318 0
21 56 72 6.9318 0
92 71 55 6.4041 0
59 35 55 6.3372 0
69 92 55 6.3372 0
7 58 60 5.5412 0
70 29 59 5.3209 0
55 98 61 5.209 0
78 79 70 5.2661 0
81 66 63 4.9419 0
120 70 61 4.8836 0
50 46 69 4.5613 0
85 55 69 4.5613 0
72 41 69 4.5613 0
48 78 69 4.5613 0
104 71 57 4.3214 0
42 58 62 4.4506 0
47 37 57 4.3214 0
98 61 57 4.3214 0
81 89 57 4.3214 0
38 46 57 4.3214 0
55 88 68 3.5534 0
37 71 68 3.5534 0
109 84 68 3.678 0
18 43 68 3.678 0
101 50 58 3.6208 0
49 65 61 3.5439 0
80 47 68 3.5534 0
64 53 58 3.5551 0
99 62 68 3.5534 0
50 35 68 3.5534 0
26 66 68 3.5534 0
17 55 58 3.3135 0
114 64 67 3.4279 0
13 63 67 3.4279 0
30 70 58 3.3135 0
63 45 58 3.3135 0
65 82 58 3.3135 0
92 82 58 3.3135 0
45 69 68 3.1986 0
89 77 68 2.8708 0
43 51 70 2.9748 0
62 73 59 2.9871 0
85 98 64 2.8448 0
42 29 63 2.8448 0
80 97 59 2.8768 0
31 51 69 2.7739 0
96 76 69 2.7739 0
77 88 67 2.5456 0
27 78 59 2.7365 0
30 47 59 2.6704 0
75 59 61 2.5584 0
37 48 67 2.5456 0
60 82 67 2.5456 0
65 45 67 2.5456 0
71 33 67 2.55 0
94 55 67 2.5456 0
61 95 67 2.4449 0
49 53 65 2.4878 0
25 46 67 2.392 0
102 81 67 2.392 0
88 62 59 2.3057 0
38 66 59 2.3057 0
86 73 64 2.3816 0
106 61 67 2.3234 0
60 91 59 2.3057 0
85 82 59 2.3057 0
98 79 59 2.3082 0
22 50 59 2.3057 0
67 39 59 2.3057 0
89 88 59 2.3057 0
39 38 59 2.3057 0
111 75 59 2.3057 0
22 60 59 2.3057 0
78 34 63 2.2591 0
78 94 67 2.1571 0
42 45 67 2.1712 0
19 66 67 2.1553 0
31 46 66 1.9268 0
96 81 66 1.9267 0
28 40 64 1.755 0
65 32 67 1.8258 0
98 84 61 1.8219 0
70 55 60 1.7998 0
74 50 67 1.7151 0
48 92 62 1.7255 0
54 70 61 1.7122 0
56 78 66 1.5377 0
103 87 65 1.5951 0
96 46 60 1.7259 0
30 56 66 1.5377 0
49 86 67 1.6232 0
63 96 61 1.5262 0
112 77 66 1.5377 0
35 54 66 1.5924 0
44 37 66 1.5377 0
82 91 66 1.5377 0
58 46 68 1.5924 0
70 48 66 1.5377 0
24 41 66 1.5689 0
73 84 66 1.5377 0
31 70 66 1.5377 0
111 69 60 1.2978 0
57 43 60 1.2978 0
104 78 60 1.2978 0
73 75 65 1.5134 0
0
