128
127 0 127 73.181 0
0 0 0 73.181 0
127 127 0 73.181 0
0 127 127 73.181 0
95 95 96 30.6018 0
95 32 31 30.6018 0
32 95 31 30.6018 0
32 32 96 30.6018 0
56 81 71 16.2091 0
56 46 57 16.2091 0
0 71 57 14.9868 0
127 71 70 14.9868 0
61 66 106 13.8492 0
61 61 21 13.8492 0
83 77 57 12.1778 0
85 50 70 12.1905 0
67 52 85 10.1619 0
24 74 66 9.4273 0
22 53 62 9.4656 0
107 53 64 9.2024 0
65 74 44 9.154 0
122 59 48 9.1553 0
5 59 79 9.1553 0
104 73 61 8.4198 0
77 71 32 6.851 0
79 58 97 6.4448 0
34 56 48 6.1304 0
46 56 35 6.1321 0
46 71 92 6.1321 0
34 71 79 6.1304 0
38 57 66 5.5268 0
39 70 60 5.3318 0
69 57 41 5.1225 0
78 57 53 5.1225 0
51 70 51 5.1225 0
75 70 76 5.1225 0
69 70 88 5.1225 0
91 70 42 5.1225 0
100 57 78 5.1225 0
88 57 88 5.1225 0
52 57 78 5.1225 0
102 69 47 4.1147 0
107 69 74 4.1147 0
92 58 56 4.1147 0
89 69 72 4.1147 0
22 58 48 4.1147 0
69 58 71 4.1147 0
88 67 32 3.6024 0
11 67 41 3.4009 0
116 67 86 3.4009 0
68 68 60 3.3627 0
29 68 54 3.1068 0
19 68 52 3.1068 0
108 59 50 3.1068 0
54 68 38 3.1068 0
80 68 43 3.1068 0
13 59 49 3.2158 0
114 59 78 3.2158 0
72 68 67 3.1068 0
31 59 73 3.1068 0
111 68 48 3.1068 0
20 59 77 3.1068 0
53 59 88 3.1068 0
13 68 73 3.2158 0
101 59 53 3.1068 0
44 59 45 3.1068 0
72 59 63 3.1068 0
114 68 55 3.2158 0
40 68 70 3.113 0
80 59 83 3.1068 0
98 68 74 3.1068 0
21 68 78 3.1068 0
40 59 56 3.1068 0
36 59 35 3.1099 0
36 68 92 3.1099 0
61 68 56 3.1068 0
61 59 73 3.1068 0
60 68 87 3.1068 0
60 59 40 3.1068 0
97 59 87 3.1068 0
46 59 71 3.1068 0
44 68 81 3.1068 0
12 60 68 2.7201 0
115 60 36 2.7201 0
12 60 91 2.7201 0
42 67 51 2.0989 0
73 60 34 2.3454 0
78 60 42 2.0989 0
27 67 85 2.0989 0
53 67 86 2.0989 0
76 67 93 2.3454 0
82 67 69 2.2568 0
97 67 53 2.0989 0
83 61 59 2.2347 0
71 67 53 2.0989 0
93 61 94 2.1878 0
81 67 82 2.0989 0
37 60 76 2.0989 0
15 67 81 2.0989 0
30 60 40 2.0989 0
99 67 39 2.0989 0
42 60 79 2.0989 0
70 60 56 2.0989 0
92 60 80 2.0989 0
108 60 75 2.0989 0
44 61 61 2.2347 0
70 60 49 2.0989 0
97 60 69 2.0989 0
16 60 85 2.0989 0
95 66 33 2.1878 0
75 67 47 2.0989 0
50 67 43 2.0989 0
47 67 59 2.15 0
78 67 87 2.0989 0
35 67 50 2.0989 0
85 67 78 2.0989 0
95 67 68 2.0989 0
39 67 86 2.0989 0
39 60 41 2.0989 0
51 60 42 2.0989 0
83 60 46 2.0989 0
24 60 41 2.0989 0
110 67 83 2.0989 0
107 60 84 2.0989 0
17 67 46 2.0989 0
30 67 90 2.0989 0
45 67 45 2.0989 0
94 67 62 2.0989 0
0
