128
127 0 127 65.8153 0
0 0 0 65.8153 0
127 127 0 65.8153 0
0 127 127 65.8153 0
118 118 118 51.8552 0
118 9 9 51.8552 0
9 118 9 51.8552 0
9 9 118 51.8552 0
64 99 63 26.2111 0
64 28 64 26.2111 0
7 64 63 23.2119 0
120 64 64 23.2119 0
65 65 127 18.7021 0
63 58 0 16.9188 0
63 84 100 12.3183 0
63 42 27 12.1008 0
63 85 24 12.1008 0
63 42 103 12.1008 0
45 66 100 8.7212 0
41 62 39 5.319 0
33 45 52 9.0817 0
86 62 41 5.319 0
33 45 73 9.0817 0
33 82 74 9.0817 0
80 62 90 5.319 0
85 65 106 8.1685 0
95 81 51 8.148 0
33 81 52 8.0742 0
94 81 75 8.0742 0
95 46 75 8.148 0
95 46 53 8.148 0
22 64 92 8.0938 0
105 64 35 8.0938 0
45 81 88 8.0693 0
80 46 90 8.0693 0
80 81 37 8.0693 0
46 46 39 8.0693 0
87 64 9 7.8378 0
38 64 9 7.8378 0
38 63 116 7.8757 0
23 63 33 7.5262 0
46 62 58 5.319 0
51 62 77 5.319 0
82 47 39 7.0614 0
44 47 87 7.0614 0
47 80 36 7.0614 0
104 66 91 7.0859 0
82 80 86 7.0614 0
61 64 43 3.6118 0
67 64 100 6.6198 0
87 62 66 5.319 0
74 62 24 5.319 0
72 62 69 5.319 0
76 76 12 5.8797 0
49 74 11 6.0009 0
58 62 65 5.319 0
69 62 82 5.319 0
87 62 26 5.319 0
43 62 26 5.319 0
74 62 37 5.319 0
51 62 46 5.319 0
66 62 52 5.319 0
58 62 87 5.319 0
86 62 53 5.319 0
87 62 78 5.319 0
60 62 33 5.319 0
40 62 73 5.319 0
41 62 86 5.319 0
50 50 113 5.1099 0
102 64 104 5.0702 0
80 77 99 4.97 0
97 64 115 4.8406 0
101 54 85 4.7783 0
50 76 110 4.7975 0
26 54 83 4.7783 0
37 63 51 4.6196 0
26 73 43 4.7783 0
76 63 58 4.6196 0
78 50 112 4.5832 0
78 50 15 4.5832 0
26 55 43 4.4189 0
56 63 23 4.4036 0
49 50 16 4.2156 0
28 75 86 4.2541 0
100 53 41 4.3898 0
78 77 110 4.1633 0
76 61 48 4.3111 0
79 50 27 4.0378 0
45 50 25 4.0378 0
87 77 63 4.0378 0
79 77 24 4.0378 0
88 50 64 4.0378 0
58 77 41 4.0378 0
26 63 110 4.0706 0
26 64 17 4.0706 0
101 63 17 4.0706 0
48 50 99 4.0378 0
41 77 62 4.0378 0
69 77 85 4.0378 0
82 50 103 4.0378 0
35 77 39 4.0378 0
45 77 48 4.0378 0
67 77 39 4.0378 0
68 50 42 4.0378 0
94 77 38 4.0455 0
33 50 38 4.0455 0
46 77 23 4.0378 0
93 50 90 4.0378 0
61 50 86 4.0378 0
82 50 77 4.0378 0
82 77 50 4.0378 0
82 50 51 4.0378 0
56 64 55 3.6118 0
61 64 75 3.6118 0
50 64 34 3.6118 0
90 61 89 3.6357 0
98 75 86 3.5765 0
37 64 62 3.6118 0
57 60 104 3.3032 0
77 60 77 3.3032 0
48 60 68 3.3032 0
45 51 56 3.0299 0
59 76 83 3.0299 0
100 71 44 3.1885 0
82 76 75 3.0299 0
37 76 96 3.1649 0
40 51 63 3.0299 0
54 51 91 3.0299 0
0
