128
64 64 110 34.8648 0
0 0 0 53.2534 0
127 127 0 53.2534 0
0 127 0 53.2534 0
127 0 0 53.2534 0
0 0 127 54.346 0
127 0 127 54.346 0
0 127 127 54.346 0
127 127 127 54.346 0
64 64 16 36.2426 0
72 127 63 28.3257 0
127 55 63 28.3256 0
0 55 63 28.3256 0
55 0 63 28.3256 0
114 99 63 15.4174 0
28 114 63 15.3435 0
99 13 63 15.3435 0
80 47 64 14.7813 0
47 79 64 14.7813 0
80 80 64 14.7813 0
49 47 63 14.7813 0
69 18 98 11.866 0
18 69 98 11.866 0
57 109 97 11.173 0
71 18 30 11.1913 0
18 71 30 11.1913 0
109 70 97 11.173 0
17 91 52 11.0958 0
55 109 31 10.8008 0
109 72 31 10.8008 0
22 22 68 10.3587 0
18 87 78 10.1361 0
106 51 31 8.0336 0
82 20 81 8.0983 0
45 107 80 8.0983 0
107 82 80 8.0976 0
75 106 31 8.0336 0
21 50 31 8.0336 0
51 21 31 8.0336 0
107 50 94 7.6552 0
77 107 94 7.6552 0
106 88 43 7.3292 0
39 106 43 7.3292 0
88 21 43 7.3292 0
20 49 93 7.0919 0
49 20 93 7.0919 0
40 39 83 6.7183 0
39 39 44 6.7183 0
40 88 84 6.7183 0
88 88 84 6.7183 0
87 39 84 6.7183 0
87 39 44 6.7183 0
40 88 44 6.7183 0
88 88 44 6.7183 0
28 22 51 6.5563 0
105 30 77 6.1335 0
105 30 49 6.1335 0
97 105 49 6.0832 0
97 105 78 6.0832 0
38 63 51 5.7105 0
38 63 76 5.7105 0
89 63 76 5.7105 0
64 38 76 5.7105 0
65 38 51 5.7105 0
62 89 76 5.7105 0
62 89 51 5.7105 0
89 63 51 5.7105 0
23 39 41 5.4045 0
80 23 55 5.5272 0
47 104 55 5.5272 0
104 80 55 5.5266 0
39 23 42 5.4045 0
104 39 40 5.4045 0
37 23 83 5.1385 0
23 37 83 5.1385 0
88 104 39 5.4045 0
84 28 95 5.0901 0
99 84 95 5.0901 0
43 99 95 5.0901 0
28 84 95 5.0901 0
23 76 46 5.0486 0
32 42 97 4.9816 0
42 32 97 4.9816 0
104 40 84 4.9276 0
53 37 81 4.7026 0
37 52 47 4.7026 0
37 51 81 4.7026 0
37 76 82 4.7026 0
37 76 46 4.7026 0
86 104 84 4.6286 0
91 36 32 4.6238 0
36 91 32 4.6238 0
37 36 32 4.6238 0
24 80 65 4.6145 0
80 24 68 4.6145 0
47 103 67 4.6145 0
103 80 67 4.6139 0
24 72 80 4.6128 0
92 38 96 4.4251 0
86 97 30 4.4581 0
24 88 37 4.4694 0
96 87 30 4.4581 0
43 98 30 4.4581 0
84 29 30 4.4581 0
72 24 46 4.2601 0
86 96 96 4.1818 0
104 95 82 4.2964 0
32 104 82 4.2964 0
55 103 46 4.2601 0
103 72 46 4.2601 0
36 91 95 4.1397 0
75 91 47 3.6947 0
69 24 82 4.0407 0
91 52 46 3.6947 0
52 91 82 3.6947 0
24 34 53 4.0407 0
96 24 80 4.0407 0
103 60 40 4.0407 0
24 59 40 4.0407 0
51 91 48 3.6947 0
63 91 62 3.6947 0
36 62 65 3.6947 0
76 91 80 3.6947 0
76 36 48 3.6947 0
30 83 31 3.4502 0
91 77 48 3.6947 0
91 77 80 3.6947 0
72 36 83 3.6947 0
0
