128
64 64 18 36.1652 0
0 0 127 53.5349 0
127 127 127 53.5349 0
127 0 127 53.5349 0
0 127 127 53.5349 0
0 0 0 53.5349 0
0 127 0 53.5349 0
127 0 0 53.5349 0
127 127 0 53.5349 0
64 64 112 35.2622 0
127 55 63 27.8793 0
55 127 63 27.8793 0
0 55 65 27.8793 0
55 0 65 27.8793 0
115 98 63 15.7528 0
98 12 63 15.7173 0
12 98 64 15.7173 0
47 80 66 15.1976 0
80 47 65 15.1976 0
48 47 65 15.1976 0
81 78 66 14.1897 0
70 17 31 11.7512 0
17 70 31 11.7512 0
91 111 73 11.6489 0
109 70 97 11.3309 0
69 109 97 11.3309 0
21 21 62 11.1483 0
19 71 98 11.0721 0
70 19 98 11.0721 0
109 73 32 10.4261 0
72 109 32 10.4261 0
90 109 50 9.6971 0
52 106 31 8.2496 0
106 52 31 8.2496 0
23 51 98 8.254 0
49 20 34 7.8755 0
20 49 34 7.8755 0
107 81 80 7.8376 0
82 20 81 7.6643 0
50 24 98 7.7092 0
106 50 95 7.7022 0
20 82 81 7.6643 0
20 81 48 7.6453 0
49 105 96 7.4531 0
88 88 47 7.1346 0
39 39 85 7.1346 0
39 39 45 7.1346 0
106 88 43 6.8103 0
81 21 47 6.8148 0
29 106 50 6.6997 0
106 30 78 6.6277 0
106 30 49 6.6095 0
30 106 78 6.6061 0
65 89 77 6.1267 0
65 89 54 6.1267 0
38 86 46 6.1267 0
41 89 86 6.1267 0
87 89 86 6.1267 0
38 63 78 6.1267 0
64 38 78 6.1267 0
88 38 84 6.1267 0
38 63 53 6.1267 0
89 39 43 6.1267 0
22 37 43 5.7474 0
37 22 45 5.7474 0
29 22 78 5.7073 0
40 105 40 5.6382 0
105 40 40 5.6382 0
22 40 87 5.6382 0
40 22 87 5.6382 0
90 63 53 5.1188 0
65 37 53 5.1188 0
90 62 77 5.1188 0
104 80 56 5.0303 0
83 98 98 4.9894 0
35 36 32 4.9579 0
73 104 80 4.8009 0
104 39 87 4.6556 0
39 104 87 4.6556 0
75 104 48 4.5885 0
97 41 31 4.6074 0
23 32 75 4.5885 0
79 23 60 4.719 0
82 104 87 4.6713 0
38 35 98 4.7086 0
93 23 43 4.5885 0
98 85 31 4.6074 0
40 96 31 4.6074 0
104 94 83 4.5878 0
83 30 98 4.5022 0
30 84 98 4.5022 0
88 32 31 4.6402 0
32 88 31 4.6402 0
85 99 31 4.6076 0
95 23 82 4.5885 0
23 86 36 4.589 0
97 84 98 4.5022 0
23 95 46 4.5885 0
23 95 82 4.5885 0
91 37 97 4.4981 0
51 91 48 4.111 0
76 36 83 4.111 0
91 50 84 4.111 0
78 36 47 4.111 0
24 80 64 4.1206 0
39 93 98 4.3075 0
80 103 62 4.1203 0
103 80 67 4.12 0
91 75 49 4.111 0
91 91 35 4.2348 0
76 91 83 4.111 0
54 91 82 4.111 0
36 52 49 4.111 0
36 74 47 4.111 0
36 73 84 4.111 0
51 36 46 4.111 0
103 72 47 3.9304 0
76 91 47 4.111 0
36 53 83 4.111 0
91 54 48 4.111 0
53 36 85 4.111 0
91 72 83 4.111 0
24 27 47 4.0612 0
56 103 86 3.8846 0
91 92 97 3.851 0
102 100 46 3.6101 0
85 24 35 3.7201 0
87 24 92 3.7201 0
0
