128
127 127 127 77.1409 0
0 0 127 77.1409 0
0 127 0 75.395 0
127 0 0 75.395 0
93 93 33 27.1844 0
34 34 33 27.1844 0
92 35 91 26.4162 0
35 92 91 26.4162 0
60 67 37 13.8179 0
89 59 57 13.5766 0
38 68 57 13.5766 0
68 68 91 12.7041 0
50 127 80 11.9056 0
77 0 80 11.9056 0
51 0 44 11.2252 0
76 127 44 11.2252 0
49 58 81 9.9685 0
83 72 75 8.0387 0
68 127 64 7.9736 0
58 0 63 7.9736 0
41 47 66 7.9075 0
73 49 43 7.7904 0
60 89 44 6.7628 0
45 88 58 6.5553 0
82 39 58 6.5553 0
59 44 84 6.4905 0
84 86 66 5.9808 0
46 12 57 5.9082 0
81 115 57 5.9082 0
66 33 45 5.7549 0
68 86 83 5.6751 0
73 3 62 4.9499 0
50 81 48 5.1247 0
67 111 46 4.747 0
54 124 62 4.9499 0
44 113 67 4.7282 0
63 20 46 4.747 0
76 60 76 4.7068 0
83 13 67 4.7282 0
63 101 46 4.747 0
45 32 64 4.6866 0
80 76 58 4.6382 0
50 41 75 4.4838 0
46 102 62 4.351 0
81 27 62 4.351 0
81 102 62 4.351 0
67 17 82 4.2673 0
60 110 82 4.2673 0
76 86 75 3.8914 0
66 4 53 3.9421 0
68 53 81 4.0444 0
62 123 53 3.9421 0
62 43 47 3.7391 0
47 23 61 3.7039 0
76 71 49 3.7279 0
49 52 56 3.344 0
59 51 47 3.7391 0
51 56 49 3.7279 0
61 31 82 3.6749 0
53 71 76 3.5219 0
67 96 81 3.452 0
72 78 77 3.1525 0
74 63 48 3.097 0
55 33 77 3.1525 0
51 112 74 3.076 0
76 15 74 3.076 0
74 38 48 3.097 0
77 30 54 3.0084 0
50 97 54 3.0084 0
58 76 79 3.006 0
73 94 76 2.9295 0
63 5 74 2.9342 0
69 79 48 2.7313 0
54 15 48 2.7816 0
61 11 48 2.7313 0
79 18 61 2.7453 0
79 93 61 2.7453 0
81 96 68 2.578 0
75 112 50 2.3594 0
79 54 71 2.4071 0
77 106 56 2.3855 0
47 81 65 2.4581 0
80 46 65 2.4581 0
48 68 71 2.4071 0
48 55 62 2.4339 0
48 74 71 2.4071 0
78 84 59 2.4097 0
49 43 59 2.4097 0
65 103 81 2.2707 0
52 91 50 2.3594 0
62 24 81 2.2707 0
50 33 72 2.0377 0
76 47 54 2.0498 0
49 112 60 2.0982 0
64 121 73 1.9263 0
77 22 57 2.074 0
68 6 69 1.9263 0
73 51 75 2.1141 0
50 106 57 2.074 0
51 20 54 2.0498 0
59 121 68 1.9263 0
65 55 49 1.7234 0
77 96 72 2.0377 0
57 27 77 1.9677 0
78 10 61 1.7868 0
70 101 77 1.9677 0
71 20 76 1.7447 0
68 85 49 1.7234 0
74 121 57 1.9263 0
47 58 67 1.8352 0
79 109 64 1.811 0
67 46 79 1.8212 0
61 117 49 1.7234 0
48 119 64 1.8472 0
48 95 64 1.811 0
60 103 79 1.8212 0
63 79 81 1.876 0
54 96 49 1.7959 0
67 25 79 1.8212 0
67 13 49 1.7234 0
80 20 67 1.8352 0
48 17 64 1.811 0
48 39 64 1.811 0
56 109 76 1.7447 0
71 72 76 1.7447 0
79 70 64 1.811 0
72 67 75 1.5217 0
51 46 55 1.7384 0
0
