128
63 0 127 75.9997 0
110 127 0 55.8426 0
127 127 121 65.156 0
127 0 0 60.8599 0
0 0 0 60.8589 0
0 127 116 60.9075 0
5 111 6 49.2209 0
63 60 23 27.0219 0
0 55 69 23.654 0
126 66 55 23.6835 0
61 86 75 22.1826 0
55 124 55 19.6217 0
64 19 37 13.4503 0
95 68 77 13.171 0
23 60 38 12.176 0
42 59 64 11.427 0
115 33 64 10.9621 0
57 95 39 10.8956 0
77 58 63 10.0586 0
29 74 75 10.0062 0
95 75 40 9.8878 0
83 110 61 9.848 0
96 52 40 9.8878 0
15 85 59 9.1652 0
41 82 42 8.1305 0
81 34 42 7.872 0
80 87 42 7.9942 0
109 94 56 7.9168 0
37 44 42 7.872 0
90 91 65 7.7692 0
38 103 63 7.3633 0
16 27 62 7.1175 0
60 51 60 7.0687 0
105 48 72 6.8639 0
50 34 43 6.8641 0
89 45 61 6.6102 0
32 90 68 6.3433 0
86 73 59 6.2916 0
38 41 59 6.0148 0
38 77 59 6.0137 0
71 105 44 5.9083 0
82 17 48 5.802 0
20 43 48 5.6025 0
45 18 47 5.384 0
107 43 49 5.2945 0
57 39 54 5.1243 0
21 100 58 5.2385 0
70 41 56 5.2273 0
21 76 47 5.2081 0
38 69 47 5.0354 0
106 83 69 4.9766 0
81 46 49 4.9926 0
30 47 68 4.9178 0
41 96 45 4.848 0
22 38 58 4.5259 0
82 84 56 4.5075 0
22 70 56 4.5343 0
67 83 46 4.4618 0
67 37 46 4.4618 0
84 58 48 4.4826 0
41 56 47 4.4565 0
47 47 53 4.4859 0
100 109 58 4.4211 0
27 109 57 4.4211 0
91 59 56 4.3306 0
91 33 58 4.3656 0
64 64 57 4.2904 0
83 69 48 4.0427 0
105 21 59 4.1838 0
103 87 46 4.13 0
38 31 46 3.8401 0
36 89 57 3.999 0
80 38 57 4.0182 0
80 94 57 3.999 0
94 38 46 3.8405 0
94 89 46 3.8405 0
95 19 55 3.8367 0
55 81 46 3.8493 0
81 100 46 3.8405 0
104 48 58 3.8134 0
49 78 52 3.7256 0
32 19 54 3.6155 0
22 37 68 3.5513 0
95 56 64 3.4928 0
36 108 50 3.3542 0
35 31 58 3.3577 0
92 82 57 3.3577 0
103 82 57 3.3584 0
24 48 56 3.2597 0
70 91 48 3.2504 0
24 61 56 3.2597 0
105 33 52 3.1271 0
70 105 56 3.0858 0
75 77 47 3.1989 0
25 20 59 3.0727 0
76 75 56 3.0956 0
56 61 56 3.0975 0
52 70 56 3.094 0
48 101 56 2.9912 0
103 40 58 3.1008 0
91 99 56 2.9912 0
70 70 56 2.9973 0
92 29 47 2.8327 0
44 32 56 2.9912 0
48 39 56 2.9905 0
42 95 56 2.9912 0
88 96 47 2.8327 0
47 72 47 2.8327 0
42 105 47 2.9308 0
31 75 47 2.8323 0
31 89 47 2.8322 0
20 74 64 2.9096 0
90 64 47 2.8327 0
46 85 53 2.8496 0
27 61 68 2.8157 0
30 82 47 2.8322 0
95 79 63 2.7802 0
52 44 47 2.8327 0
31 34 47 2.8321 0
100 39 68 2.8157 0
30 38 65 2.78 0
94 102 62 2.7804 0
45 69 53 2.6148 0
23 28 54 2.5062 0
93 66 60 2.455 0
23 85 49 2.4311 0
34 68 55 2.324 0
92 67 54 2.3201 0
0
