128
0 127 0 73.177 0
127 0 0 73.177 0
0 0 127 69.709 0
127 127 127 68.8408 0
100 27 103 35.4246 0
104 104 27 35.2611 0
28 99 102 34.8181 0
25 25 28 34.073 0
63 65 41 20.8656 0
59 58 84 18.1913 0
60 127 74 15.033 0
127 60 74 14.5397 0
68 0 73 14.4789 0
71 88 79 13.3062 0
0 66 75 13.0713 0
96 69 78 12.0511 0
28 59 76 11.5389 0
67 33 51 11.0479 0
60 25 76 10.895 0
64 106 52 10.8441 0
96 61 51 10.6692 0
32 64 51 10.6401 0
6 59 52 10.5478 0
83 52 68 9.6889 0
61 12 52 9.6208 0
50 40 63 9.4437 0
126 81 60 9.3038 0
116 66 53 8.6782 0
45 4 61 8.6228 0
83 123 62 8.6658 0
48 87 54 7.712 0
107 47 64 7.4303 0
76 108 72 7.2769 0
73 89 55 6.8961 0
8 43 62 6.9717 0
86 76 55 6.6485 0
60 104 71 6.5783 0
34 41 71 6.5374 0
72 39 72 6.1275 0
91 87 72 6.0729 0
85 40 56 6.1 0
53 80 72 5.9795 0
41 72 72 5.8861 0
8 83 67 5.8033 0
17 72 56 5.7682 0
34 81 56 5.7567 0
78 68 71 5.6882 0
33 49 60 5.7097 0
76 21 69 5.5039 0
61 91 61 5.2623 0
18 73 71 5.262 0
21 53 58 5.2107 0
42 118 67 5.1929 0
109 80 71 5.0537 0
75 19 57 5.1022 0
40 30 70 4.9604 0
13 51 71 4.85 0
53 93 70 4.7128 0
53 25 57 4.7074 0
85 10 68 4.8511 0
47 16 70 4.7626 0
106 76 57 4.7744 0
87 98 70 4.783 0
45 53 57 4.716 0
64 46 62 4.6229 0
96 45 57 4.6437 0
49 100 57 4.5785 0
79 105 59 4.3365 0
49 108 69 4.1798 0
42 50 70 4.1443 0
52 116 58 3.9705 0
115 90 64 3.9711 0
107 58 70 3.8946 0
28 76 69 3.7557 0
98 53 70 3.928 0
44 72 58 3.6761 0
23 44 70 3.8976 0
84 78 70 3.8507 0
7 73 60 3.8302 0
81 30 58 3.761 0
98 36 63 3.6599 0
85 87 58 3.7027 0
46 21 62 3.7197 0
73 46 58 3.5706 0
97 79 58 3.5706 0
80 31 68 3.3769 0
83 65 58 3.5726 0
67 20 63 3.5032 0
71 118 60 3.4359 0
19 36 65 3.4171 0
78 10 60 3.2619 0
24 82 59 3.241 0
89 39 66 3.2317 0
65 82 61 3.2944 0
44 85 69 3.3312 0
40 96 59 3.201 0
110 68 69 3.1577 0
96 98 67 3.0743 0
54 54 62 3.0201 0
103 87 69 3.0395 0
82 96 59 3.0353 0
63 76 69 3.0713 0
21 67 64 2.8776 0
117 76 69 2.9697 0
94 28 64 2.9991 0
30 29 66 2.9074 0
17 89 66 2.9239 0
42 60 69 2.889 0
76 77 59 2.8614 0
69 72 69 2.8343 0
36 80 69 2.8537 0
87 111 68 2.7468 0
82 38 69 2.8343 0
34 97 63 2.7791 0
46 108 59 2.807 0
47 100 68 2.7468 0
77 94 64 2.8395 0
19 62 59 2.7302 0
55 12 68 2.7664 0
44 62 59 2.7006 0
40 21 68 2.6257 0
108 57 59 2.7185 0
58 82 59 2.6226 0
92 85 60 2.6916 0
93 115 63 2.6112 0
113 82 59 2.6906 0
51 77 59 2.6218 0
34 12 63 2.6078 0
0
