128
0 127 127 109.136 0
127 0 0 72.25 0
127 127 16 54.6958 0
8 0 30 49.0836 0
85 0 109 43.22 0
111 67 73 27.0798 0
69 73 26 23.3962 0
60 39 54 18.5188 0
33 14 87 13.5299 0
64 3 57 11.323 0
77 46 80 10.7343 0
76 63 59 9.7211 0
90 35 66 9.4549 0
51 25 77 8.7159 0
91 95 58 8.2059 0
50 8 71 7.8326 0
96 79 43 7.4542 0
77 18 61 7.2956 0
73 103 38 7.273 0
96 63 40 6.9801 0
79 80 55 6.5025 0
77 93 47 5.6833 0
81 52 48 5.5879 0
64 33 78 5.4615 0
59 21 36 5.2084 0
92 46 55 5.199 0
62 12 42 4.6753 0
54 16 61 4.3403 0
93 53 47 4.2881 0
85 106 53 3.9962 0
78 28 70 3.7956 0
81 49 58 3.8455 0
89 91 45 3.6544 0
70 17 49 3.7126 0
80 47 39 3.6559 0
82 29 56 3.5569 0
75 115 42 3.3864 0
85 65 48 3.3715 0
59 20 67 3.3943 0
85 53 37 3.3169 0
66 15 67 3.2938 0
82 95 37 3.2592 0
55 17 50 3.1831 0
87 38 53 3.2066 0
90 83 55 3.1448 0
83 54 68 3.1186 0
88 48 63 2.9549 0
63 24 72 2.7727 0
85 72 50 2.8795 0
86 98 47 2.723 0
79 45 64 2.4256 0
80 42 45 2.3978 0
85 59 43 2.2674 0
88 87 39 2.335 0
70 20 69 2.3751 0
83 85 46 2.1684 0
75 23 50 2.3138 0
83 113 52 2.2879 0
89 46 47 2.2631 0
82 44 52 2.2284 0
78 102 48 2.2193 0
92 60 50 2.2351 0
92 71 49 2.2407 0
75 32 75 2.2526 0
60 13 70 2.1525 0
91 76 52 2.1666 0
85 78 47 2.049 0
84 46 68 2.1338 0
59 19 45 1.9658 0
79 29 63 2.0042 0
89 85 49 2.014 0
68 28 71 1.9987 0
86 59 50 1.9797 0
49 12 81 1.9713 0
85 55 55 1.8741 0
77 107 47 1.8382 0
81 42 58 1.7694 0
68 26 39 1.8447 0
67 19 41 1.8362 0
82 109 47 1.8288 0
71 34 72 1.6585 0
85 74 59 1.7829 0
90 54 56 1.7098 0
82 89 55 1.6401 0
72 25 72 1.5537 0
80 97 54 1.6272 0
76 40 68 1.7142 0
78 27 51 1.6803 0
65 22 66 1.6175 0
78 35 71 1.3853 0
83 34 51 1.6199 0
67 17 55 1.5067 0
67 17 61 1.6128 0
63 15 49 1.4844 0
62 19 61 1.5257 0
73 24 68 1.56 0
88 49 41 1.5887 0
82 90 41 1.544 0
78 39 41 1.5234 0
72 28 75 1.4626 0
83 104 47 1.4658 0
59 17 56 1.3598 0
70 21 44 1.4009 0
79 40 63 1.4569 0
56 12 47 1.317 0
80 49 67 1.3465 0
49 17 86 1.2889 0
65 18 72 1.3714 0
83 87 51 1.3678 0
74 37 70 1.4052 0
86 69 55 1.2972 0
85 96 42 1.2366 0
78 115 47 1.3207 0
91 70 44 1.2893 0
88 78 58 1.2874 0
86 41 47 1.3386 0
77 110 44 1.3532 0
87 70 45 1.0802 0
88 53 60 1.0485 0
89 54 41 1.2364 0
83 35 56 1.1867 0
63 21 44 1.2771 0
87 43 50 1.2008 0
58 12 66 1.188 0
87 60 39 1.2242 0
58 14 74 1.1631 0
55 16 44 1.0976 0
84 54 60 1.1788 0
0
