128
0 63 127 69.2153 0
127 0 0 65.0343 0
0 127 0 65.0343 0
127 127 127 65.0343 0
0 0 5 60.7532 0
115 1 126 60.4116 0
120 120 7 54.1058 0
62 62 28 27.6539 0
51 127 76 25.1517 0
127 61 66 23.7975 0
51 4 72 22.3281 0
69 42 78 16.6543 0
67 87 77 16.2463 0
81 66 98 15.5711 0
22 62 42 13.619 0
63 102 42 13.5437 0
64 22 43 12.6169 0
84 114 63 11.5131 0
98 70 45 10.5201 0
83 10 63 9.8048 0
96 52 79 9.6769 0
95 50 47 8.5043 0
56 64 69 8.1833 0
82 88 47 8.5043 0
82 37 47 8.5043 0
37 82 47 8.5043 0
45 34 47 8.5043 0
112 91 63 8.4099 0
43 94 69 8.1833 0
45 35 69 8.1833 0
101 71 83 7.8264 0
21 111 69 7.3973 0
110 33 65 7.4892 0
95 67 68 7.1754 0
22 16 69 7.1431 0
73 65 68 7.1754 0
20 82 54 6.7725 0
31 43 49 6.4886 0
102 84 74 6.5045 0
47 51 67 6.1675 0
46 77 67 6.1675 0
85 28 67 6.1675 0
14 46 53 6.1268 0
51 87 50 5.4807 0
43 99 50 5.4807 0
98 40 68 5.3638 0
86 98 71 5.3523 0
97 18 63 4.9937 0
18 95 61 5.0224 0
18 35 59 4.9874 0
108 81 53 4.8676 0
101 109 63 4.9874 0
82 22 51 4.4728 0
107 44 52 4.77 0
31 32 66 4.6782 0
96 86 51 4.4728 0
82 71 77 4.5206 0
73 22 65 4.3743 0
59 38 51 4.4728 0
83 74 51 4.4728 0
38 68 51 4.4728 0
86 60 51 4.4728 0
68 86 51 4.4728 0
42 49 51 4.4728 0
81 61 77 4.437 0
42 64 65 4.1518 0
30 93 65 4.1518 0
91 91 78 4.06 0
36 83 65 4.1518 0
37 45 65 4.1518 0
92 55 65 4.1518 0
31 108 62 4.1564 0
79 102 52 3.9502 0
31 19 60 3.9795 0
68 108 59 3.9795 0
48 109 52 3.8962 0
84 86 90 3.8621 0
91 38 76 3.5152 0
98 90 65 3.7114 0
107 21 64 3.7571 0
40 21 53 3.6076 0
39 58 52 3.4649 0
33 102 73 3.4312 0
95 34 52 3.4649 0
84 90 65 3.4738 0
70 39 52 3.4649 0
33 32 52 3.4649 0
88 100 52 3.465 0
105 80 64 3.424 0
34 95 52 3.4649 0
33 25 73 3.4312 0
83 51 52 3.4649 0
55 99 64 3.1439 0
79 55 64 3.1439 0
58 30 64 3.1439 0
39 110 55 3.3412 0
49 23 53 3.1284 0
99 49 64 3.1439 0
73 102 64 3.1439 0
37 72 64 3.1439 0
37 54 64 3.1439 0
79 74 64 3.1439 0
20 26 63 2.9717 0
57 52 64 3.1439 0
38 26 64 3.1439 0
65 57 64 3.1439 0
51 86 64 3.1439 0
53 43 64 3.1439 0
65 25 64 3.1439 0
64 103 64 3.1439 0
90 20 55 3.097 0
103 98 69 3.0634 0
75 19 56 3.0037 0
84 38 64 2.8682 0
20 71 57 2.9717 0
93 104 71 2.8538 0
27 91 53 2.4571 0
58 81 53 2.4571 0
46 73 53 2.4571 0
73 78 53 2.4571 0
22 40 53 2.5431 0
95 78 90 2.5587 0
90 79 53 2.4571 0
95 95 53 2.4571 0
99 94 73 2.47 0
102 37 53 2.4571 0
76 46 53 2.4571 0
31 73 53 2.4571 0
0
