128
0 63 127 69.2153 0
127 0 0 65.0343 0
0 127 0 65.0343 0
127 127 127 65.0343 0
0 0 5 60.7532 0
115 1 126 60.4116 0
120 120 7 54.1058 0
63 63 28 27.6539 0
51 127 76 25.1517 0
127 61 66 23.7975 0
51 4 72 22.3281 0
69 42 78 16.6543 0
67 87 77 16.2463 0
81 66 98 15.5711 0
22 62 42 13.619 0
62 23 42 13.5508 0
64 106 43 12.7666 0
84 114 63 11.2319 0
99 69 45 10.5201 0
83 10 63 9.8048 0
96 52 79 9.6769 0
81 36 47 8.5043 0
41 39 47 8.5043 0
56 64 71 8.4047 0
47 92 47 8.5043 0
96 49 47 8.5043 0
112 91 63 8.4099 0
43 94 69 8.1833 0
45 35 69 8.1833 0
101 71 83 7.8264 0
85 85 48 7.4964 0
33 81 48 7.4964 0
21 111 69 7.3973 0
110 33 65 7.4892 0
95 67 68 7.1754 0
22 16 69 7.1431 0
75 65 71 6.8558 0
19 83 55 6.6296 0
102 84 74 6.5045 0
48 51 67 6.1675 0
45 78 67 6.1675 0
84 27 67 6.1675 0
14 46 53 6.1268 0
81 99 50 5.4807 0
26 43 50 5.4807 0
71 88 50 5.4807 0
98 40 67 5.3638 0
44 24 51 5.3225 0
86 98 71 5.3523 0
97 18 64 4.9937 0
18 95 61 5.0224 0
18 35 59 4.9874 0
108 81 53 4.8676 0
101 109 63 4.9874 0
46 109 51 4.823 0
31 32 66 4.6782 0
40 53 51 4.4728 0
55 39 51 4.4728 0
39 68 51 4.4728 0
79 19 51 4.552 0
98 84 51 4.4728 0
60 87 51 4.4728 0
87 59 51 4.4728 0
67 39 51 4.4728 0
108 42 54 4.3853 0
70 105 65 4.3743 0
29 94 65 4.1518 0
71 22 65 4.3743 0
42 65 65 4.1518 0
85 70 78 4.2071 0
38 46 65 4.1518 0
92 55 65 4.1518 0
31 108 62 4.1564 0
91 91 77 4.06 0
31 19 60 3.9795 0
84 86 90 3.8621 0
91 38 76 3.5152 0
98 90 65 3.7114 0
107 21 64 3.7571 0
84 71 52 3.4649 0
34 93 52 3.4649 0
33 102 73 3.4312 0
80 49 52 3.4649 0
84 90 65 3.4738 0
84 59 75 3.4649 0
105 80 64 3.424 0
91 96 52 3.4649 0
30 34 52 3.4649 0
33 25 73 3.4312 0
93 35 52 3.4649 0
89 27 52 3.4649 0
39 101 52 3.4649 0
50 80 52 3.4649 0
38 109 56 3.1864 0
38 57 64 3.1439 0
78 99 64 3.1439 0
78 75 64 3.1439 0
101 49 64 3.1439 0
54 98 64 3.1439 0
32 86 64 3.1439 0
31 41 64 3.1439 0
62 28 64 3.1439 0
20 26 63 2.9717 0
35 79 64 3.1439 0
79 56 66 3.1871 0
84 37 64 3.1439 0
62 102 64 3.1439 0
51 86 64 3.1439 0
37 25 64 3.1439 0
90 20 55 3.097 0
67 59 66 3.0308 0
103 98 69 3.0634 0
66 70 66 2.9872 0
73 20 57 2.9717 0
20 71 57 2.9717 0
93 104 70 2.8538 0
87 90 84 2.8017 0
43 77 53 2.4571 0
27 90 53 2.4571 0
50 31 53 2.4571 0
35 26 53 2.4571 0
95 78 90 2.5587 0
99 94 73 2.47 0
47 48 53 2.4571 0
75 27 53 2.4571 0
89 31 75 2.4663 0
98 77 65 2.5259 0
92 47 64 2.3803 0
0
