128
0 127 127 74.5083 0
127 0 127 74.4955 0
127 127 0 65.0504 0
0 0 0 65.0358 0
8 8 110 44.4952 0
119 119 110 44.4952 0
105 23 15 40.7865 0
23 105 15 40.7875 0
73 72 93 20.66 0
64 64 36 19.5928 0
64 4 56 19.0874 0
5 55 66 18.9415 0
70 124 63 18.8832 0
124 70 63 18.8563 0
40 55 92 13.8993 0
58 29 78 13.665 0
32 59 43 12.5377 0
69 97 44 11.5298 0
95 71 44 11.5298 0
46 76 73 11.5213 0
55 33 44 11.5298 0
63 95 72 10.7338 0
96 63 72 10.3256 0
75 47 73 10.2959 0
85 100 70 8.8716 0
38 15 64 8.7537 0
33 50 70 8.5598 0
100 83 74 8.4712 0
110 46 59 7.742 0
12 81 59 7.457 0
45 108 59 7.4372 0
26 75 68 7.1746 0
110 93 64 6.9559 0
25 35 68 6.5889 0
87 88 49 6.4904 0
42 76 49 6.4904 0
54 86 49 6.4904 0
37 39 49 6.4904 0
73 37 49 6.4904 0
84 51 49 6.4904 0
65 61 68 6.3821 0
79 29 67 6.1667 0
45 94 67 6.1667 0
85 76 67 6.1667 0
97 109 64 6.1118 0
96 46 67 5.9264 0
36 38 79 5.7053 0
20 72 51 5.572 0
105 57 50 5.6595 0
58 49 84 5.562 0
47 49 50 5.4826 0
80 64 67 5.4314 0
23 43 52 5.1659 0
43 60 66 5.0586 0
88 15 58 4.9814 0
42 30 66 4.696 0
88 37 67 4.8673 0
53 52 74 4.5607 0
55 105 51 4.6919 0
85 101 51 4.4747 0
44 23 53 4.4959 0
80 78 51 4.4747 0
102 85 51 4.4747 0
76 25 51 4.4747 0
49 41 66 4.4079 0
62 80 66 4.4441 0
19 25 64 4.2587 0
62 43 65 4.151 0
31 64 65 4.2226 0
36 87 65 4.151 0
76 89 65 4.151 0
37 28 75 4.1027 0
19 35 58 3.9895 0
97 49 52 3.4668 0
81 88 75 3.6759 0
83 63 52 3.4668 0
31 77 52 3.4668 0
84 40 52 3.4668 0
74 72 65 3.5242 0
57 47 52 3.4668 0
50 96 52 3.4668 0
67 46 52 3.4668 0
94 57 52 3.4668 0
69 83 52 3.4668 0
43 88 52 3.4668 0
46 64 52 3.4668 0
88 110 55 3.3695 0
107 105 63 3.2701 0
53 53 65 3.2815 0
20 91 59 2.9816 0
45 41 75 3.2521 0
80 19 64 3.2483 0
54 61 81 3.1838 0
69 26 64 3.1431 0
99 75 64 3.1431 0
53 87 64 3.1431 0
48 23 62 3.1652 0
68 34 64 3.1431 0
89 28 64 3.1431 0
92 83 64 3.1431 0
64 51 64 3.1431 0
28 89 64 3.1431 0
87 53 66 2.9815 0
110 86 54 3.0534 0
26 20 64 2.9614 0
107 34 59 2.9816 0
87 83 74 2.9127 0
43 60 75 2.7796 0
56 105 63 2.5254 0
58 64 75 2.7037 0
68 28 53 2.4589 0
77 86 53 2.4589 0
90 90 76 2.6809 0
97 94 53 2.4589 0
91 43 53 2.4589 0
24 43 61 2.6003 0
70 83 65 2.4606 0
28 35 53 2.4589 0
34 84 53 2.4589 0
35 27 53 2.4589 0
95 94 75 2.5811 0
93 99 53 2.4589 0
105 57 63 2.5155 0
81 19 53 2.5875 0
48 43 81 2.4701 0
76 46 53 2.4589 0
97 35 63 2.1352 0
24 82 53 2.4589 0
0
