128
63 0 127 70.1744 0
0 127 0 65.0343 0
127 127 127 65.0343 0
127 0 0 65.0343 0
0 0 5 60.7532 0
2 116 125 59.3274 0
120 120 7 54.1058 0
63 63 28 27.6539 0
125 54 73 24.576 0
61 127 66 23.7975 0
1 50 74 23.0468 0
64 82 85 20.6953 0
22 62 42 13.619 0
62 22 42 13.619 0
33 67 80 12.5766 0
104 65 43 12.5435 0
14 82 62 11.257 0
90 63 80 10.6459 0
71 98 45 10.5201 0
101 81 73 9.4604 0
84 101 70 9.1911 0
42 99 70 9.1911 0
116 87 62 8.7304 0
70 56 70 8.6027 0
81 36 47 8.5043 0
37 43 47 8.5043 0
51 99 47 8.5043 0
38 83 47 8.5043 0
112 23 69 8.0228 0
86 86 48 7.4964 0
95 46 48 7.4964 0
32 50 68 7.1754 0
16 23 68 7.0165 0
54 50 68 6.1918 0
80 18 52 6.27 0
29 109 64 6.0871 0
93 51 67 6.1675 0
44 18 53 5.7335 0
54 63 67 5.5791 0
99 109 63 5.5877 0
51 58 78 5.5524 0
51 38 50 5.4807 0
28 85 73 5.3275 0
82 109 54 5.3233 0
18 99 63 4.9874 0
109 101 63 4.9874 0
39 109 57 4.9874 0
89 72 66 4.9789 0
18 45 51 4.823 0
100 19 63 4.6976 0
38 86 78 4.6943 0
77 44 66 4.6302 0
39 29 51 4.4728 0
88 70 51 4.4728 0
52 85 51 4.4728 0
108 81 51 4.552 0
67 39 51 4.4728 0
39 65 51 4.4728 0
35 79 66 4.2762 0
87 60 51 4.4728 0
98 80 51 4.4728 0
83 50 51 4.4728 0
22 67 65 4.3743 0
28 19 62 4.2663 0
26 39 66 4.2791 0
99 41 66 4.2791 0
56 97 65 4.1518 0
98 67 65 4.1518 0
47 40 65 4.1518 0
65 43 65 4.1518 0
80 88 65 4.1518 0
68 98 65 4.1518 0
48 86 65 4.1518 0
74 69 65 4.1518 0
106 41 53 4.0585 0
19 35 58 3.9795 0
89 89 77 3.8755 0
108 34 59 3.9795 0
108 74 59 3.9392 0
91 19 57 3.9796 0
42 52 77 3.9246 0
38 98 52 3.4649 0
85 36 65 3.7761 0
87 78 75 3.6729 0
26 77 52 3.5923 0
26 86 52 3.5923 0
106 94 69 3.5664 0
95 43 74 3.5669 0
94 33 52 3.4649 0
60 90 52 3.4649 0
86 100 52 3.4649 0
86 49 75 3.4895 0
88 26 52 3.4649 0
25 38 52 3.4649 0
68 84 52 3.4649 0
90 62 64 3.1439 0
48 28 52 3.4649 0
98 89 52 3.4649 0
44 53 52 3.4649 0
36 55 52 3.4649 0
104 33 74 3.4648 0
76 80 52 3.4649 0
52 74 64 3.1439 0
56 40 64 3.1439 0
63 67 64 3.1439 0
40 58 66 3.2574 0
32 61 64 3.1439 0
41 34 64 3.1439 0
24 35 74 3.1409 0
40 70 65 3.1807 0
93 26 64 3.1439 0
35 28 64 3.1439 0
28 73 64 3.1439 0
25 58 64 3.1439 0
37 20 60 2.9717 0
23 93 69 2.8538 0
90 107 59 2.9717 0
77 79 64 2.9132 0
105 50 53 2.9582 0
28 88 64 2.8538 0
104 34 66 2.8538 0
30 40 73 2.7825 0
93 96 53 2.4571 0
106 89 54 2.6416 0
45 71 53 2.4571 0
51 47 53 2.4571 0
75 27 53 2.4571 0
32 33 53 2.4571 0
0
