128
127 127 0 73.0691 0
0 0 0 73.0691 0
127 0 127 72.7222 0
0 127 127 72.7222 0
95 32 32 31.1068 0
32 95 32 31.1068 0
95 96 95 30.5387 0
31 31 95 30.5387 0
71 55 81 16.7184 0
0 57 70 16.0173 0
71 71 47 15.9751 0
127 58 58 15.7582 0
65 18 66 14.7198 0
62 109 65 14.5994 0
56 83 77 12.6938 0
56 41 51 11.9436 0
36 57 52 10.9357 0
34 69 75 10.6786 0
98 58 74 9.6725 0
96 68 54 8.92 0
120 80 68 7.8842 0
7 79 60 7.8336 0
19 65 56 6.9042 0
79 92 56 6.9042 0
49 59 71 6.6405 0
80 35 71 6.2638 0
50 68 57 5.8964 0
72 50 57 5.8964 0
91 83 57 5.8964 0
60 89 57 5.8964 0
75 76 70 5.6556 0
110 69 70 5.6534 0
90 44 70 5.6578 0
38 86 70 5.6453 0
58 38 70 5.6306 0
45 28 60 5.4977 0
86 70 70 5.6261 0
45 97 69 5.3226 0
19 75 70 5.1316 0
37 40 58 4.8885 0
19 52 58 4.8885 0
112 74 58 4.8885 0
84 57 58 4.8885 0
57 58 58 4.8885 0
22 58 69 4.6516 0
51 47 69 4.6342 0
70 91 69 4.2462 0
106 55 59 3.8806 0
51 79 59 3.8806 0
71 36 59 3.8806 0
102 82 59 3.8806 0
29 71 59 3.8806 0
99 72 68 3.6465 0
39 72 59 3.8806 0
26 44 59 3.8806 0
25 83 68 3.6578 0
34 55 68 3.6465 0
48 70 68 3.6123 0
69 38 68 3.6191 0
103 44 68 3.6578 0
109 51 68 3.6549 0
61 69 68 3.6521 0
115 39 61 3.5151 0
12 40 66 3.3852 0
89 96 60 3.3889 0
90 33 68 3.2614 0
21 76 60 2.8727 0
42 51 67 2.6585 0
44 47 60 2.8727 0
110 47 60 2.8727 0
86 75 60 2.8727 0
108 63 60 2.8727 0
69 86 60 2.8727 0
50 53 60 2.8727 0
96 53 60 2.8727 0
107 79 67 2.6448 0
27 51 67 2.6585 0
114 45 66 2.5804 0
86 58 67 2.6549 0
20 48 67 2.6448 0
97 38 67 2.6153 0
13 45 61 2.7552 0
76 97 65 2.6945 0
69 83 67 2.6623 0
51 32 67 2.5686 0
85 79 67 2.6448 0
78 86 67 2.6418 0
44 76 67 2.6585 0
18 65 67 2.6514 0
49 39 67 2.5994 0
35 95 67 2.5686 0
29 89 67 2.6153 0
35 31 61 2.5562 0
114 90 67 2.4603 0
12 89 62 2.4162 0
85 66 61 1.8649 0
63 52 61 1.8649 0
82 82 61 1.8649 0
51 95 61 2.0405 0
80 44 61 1.8649 0
18 83 67 1.9934 0
49 86 61 1.8649 0
104 75 61 1.8649 0
67 58 61 1.8649 0
75 42 61 1.8649 0
59 47 66 1.6332 0
47 59 61 1.8649 0
78 31 62 1.8642 0
101 89 61 1.8649 0
110 85 67 1.988 0
13 70 65 1.9937 0
70 92 61 1.8649 0
109 58 66 1.6674 0
112 83 61 1.8659 0
58 70 61 1.8649 0
27 51 61 1.8649 0
57 76 61 1.8649 0
42 78 61 1.8649 0
45 82 61 1.8649 0
42 66 61 1.8649 0
20 41 61 1.8649 0
32 47 61 1.8649 0
52 90 61 1.8649 0
43 44 66 1.6782 0
67 43 61 1.8649 0
45 39 61 1.8649 0
72 58 61 1.8649 0
80 50 61 1.8649 0
0
