128
0 127 127 73.6542 0
127 0 0 68.9772 0
0 0 77 61.4457 0
126 127 14 57.7443 0
112 2 127 57.67 0
9 125 0 52.6587 0
118 106 116 45.2191 0
21 43 0 27.9092 0
117 59 68 20.5905 0
73 35 65 19.3367 0
60 117 55 19.1559 0
47 46 125 18.8951 0
8 75 51 17.2631 0
55 38 33 16.313 0
79 73 0 13.7469 0
69 71 119 13.6917 0
61 42 95 12.2815 0
71 102 82 11.687 0
48 73 0 11.0489 0
61 47 0 10.6783 0
89 102 67 10.4445 0
65 93 6 10.1272 0
30 97 53 9.8062 0
102 86 63 9.1018 0
63 105 25 8.7584 0
22 69 27 8.5265 0
108 66 39 8.2237 0
47 63 102 8.2297 0
87 62 107 7.8126 0
19 55 37 7.8217 0
94 69 16 7.499 0
104 59 94 7.4367 0
48 47 57 7.2422 0
69 90 100 7.1616 0
81 47 41 7.2422 0
94 47 81 7.2676 0
95 47 53 7.2422 0
81 47 90 7.2422 0
19 68 73 7.2157 0
49 96 69 7.1414 0
34 48 38 6.2343 0
70 48 17 6.2343 0
51 48 73 6.2343 0
33 72 16 5.9551 0
83 88 82 5.6264 0
106 77 50 5.4683 0
43 49 99 5.4202 0
79 75 101 5.3026 0
80 101 51 5.1699 0
70 49 115 5.3176 0
76 49 28 5.2264 0
93 85 76 5.1729 0
26 52 112 5.1596 0
46 49 85 5.2264 0
38 89 66 5.2147 0
43 102 44 4.9601 0
25 85 64 4.9112 0
56 75 104 4.7928 0
73 98 65 4.8759 0
98 64 28 4.5431 0
78 85 92 4.6514 0
92 88 52 4.6396 0
23 63 86 4.5397 0
62 64 2 4.5846 0
72 103 37 4.5411 0
42 71 89 4.3751 0
51 105 35 4.4365 0
75 54 5 4.2832 0
77 50 105 4.2185 0
37 50 51 4.2185 0
86 67 86 0.9519 0
51 50 13 4.2185 0
59 50 51 4.2185 0
68 50 46 4.2185 0
76 87 15 4.237 0
85 68 95 4.0096 0
103 54 46 4.1019 0
39 82 75 4.1238 0
63 96 67 4.1373 0
79 55 116 4.0328 0
26 75 65 4.0971 0
55 95 18 4.1196 0
26 88 41 4.1231 0
23 81 35 4.0301 0
45 97 57 3.8798 0
84 77 91 3.9135 0
72 95 20 3.7055 0
99 73 32 3.7144 0
62 78 7 3.6302 0
102 80 76 3.6778 0
79 91 72 3.6256 0
21 61 62 3.7552 0
50 89 80 3.7121 0
102 69 86 3.5966 0
50 58 5 3.5314 0
34 92 40 3.6073 0
58 93 87 3.5688 0
52 86 8 3.4685 0
86 78 17 3.4971 0
34 51 104 3.2107 0
55 97 79 3.458 0
22 56 49 3.4136 0
38 51 27 3.2107 0
49 75 95 3.3363 0
75 66 102 3.3428 0
60 65 104 3.2329 0
91 51 64 3.2107 0
72 51 83 3.2107 0
95 51 92 3.3045 0
93 51 42 3.2107 0
88 52 99 3.2904 0
60 83 102 3.3094 0
43 51 44 3.2107 0
40 76 81 3.2455 0
42 51 68 3.2107 0
29 51 47 3.2107 0
71 51 36 3.2107 0
60 51 15 3.2107 0
64 51 80 3.2107 0
42 65 12 3.103 0
45 51 20 3.2107 0
56 51 82 3.2107 0
35 59 110 3.1217 0
79 94 59 3.0088 0
23 59 95 3.0564 0
59 87 95 2.993 0
83 58 9 3.0906 0
98 60 84 3.0463 0
0
