128
127 127 0 83.6039 0
127 0 127 83.5156 0
0 127 127 83.2999 0
0 0 0 83.1846 0
82 82 82 19.0409 0
45 45 82 18.8937 0
44 82 45 18.9957 0
81 45 46 18.6966 0
72 75 55 8.9237 0
56 75 71 8.6891 0
72 52 73 8.4292 0
55 52 54 8.2085 0
109 53 53 8.066 0
18 74 53 7.8168 0
19 53 75 7.9175 0
108 73 74 7.531 0
4 56 71 5.9944 0
3 70 57 5.9813 0
122 71 71 5.7153 0
123 57 57 5.4047 0
41 55 58 5.3369 0
92 71 61 5.0935 0
30 55 64 4.9962 0
93 56 65 4.8965 0
41 71 71 4.8328 0
63 63 51 4.6445 0
62 63 76 4.6129 0
85 68 52 4.1263 0
26 71 63 4.1116 0
85 59 75 4.1238 0
59 57 67 3.6694 0
29 61 75 3.6436 0
99 61 52 3.6467 0
29 65 52 3.5952 0
60 70 59 3.6147 0
82 57 66 3.6029 0
98 66 75 3.5962 0
68 70 67 3.569 0
65 57 61 3.4817 0
103 57 64 3.4882 0
103 70 63 3.4733 0
124 64 64 3.3676 0
35 70 63 3.1225 0
13 57 65 2.9754 0
93 66 53 2.7987 0
4 61 62 2.8492 0
35 60 53 2.6213 0
20 57 64 2.6618 0
113 58 63 2.5633 0
47 61 53 2.6277 0
48 66 74 2.5944 0
35 65 74 2.6358 0
83 69 61 2.3797 0
70 64 74 2.5944 0
111 69 64 2.5845 0
93 60 73 2.2914 0
95 69 69 2.4473 0
78 69 64 2.4312 0
74 58 63 2.3095 0
45 69 64 2.2628 0
47 58 64 2.2201 0
19 69 65 2.1867 0
10 69 63 2.0335 0
33 69 69 2.0287 0
31 69 58 1.9843 0
53 58 64 2.0074 0
5 66 65 1.9503 0
24 59 58 1.8266 0
119 68 63 1.7183 0
99 59 59 1.589 0
94 59 56 1.7531 0
37 58 66 1.6712 0
55 63 73 1.6031 0
72 63 54 1.623 0
30 67 73 1.7152 0
119 59 64 1.6354 0
56 63 54 1.6605 0
79 65 54 1.6249 0
41 62 54 1.6887 0
98 59 71 1.5972 0
105 63 54 1.6249 0
22 63 73 1.6213 0
11 61 73 1.6188 0
92 65 73 1.6259 0
75 67 68 1.6043 0
22 63 54 1.5911 0
10 66 54 1.5885 0
75 63 73 1.5907 0
54 68 60 1.4905 0
104 63 73 1.5804 0
15 64 61 0.6902 0
87 68 66 1.5284 0
42 59 66 1.5165 0
30 59 55 1.3765 0
25 68 69 1.4298 0
63 68 64 1.4874 0
68 59 56 1.402 0
87 59 61 1.4002 0
64 59 70 1.4691 0
116 68 66 1.4472 0
97 68 56 1.3914 0
101 68 57 1.3875 0
48 59 59 1.2068 0
101 68 69 1.3875 0
69 59 65 1.3317 0
71 59 59 1.1908 0
25 59 69 1.3348 0
51 68 64 1.3124 0
58 60 61 1.0735 0
110 60 68 1.3155 0
41 67 60 1.2677 0
50 68 60 1.2744 0
15 64 67 0.6887 0
109 67 59 1.2176 0
56 67 55 1.2029 0
41 67 65 1.2677 0
48 68 68 1.2344 0
90 59 59 1.188 0
76 60 67 1.1178 0
26 68 56 1.1437 0
74 67 63 1.1475 0
17 68 61 1.0688 0
79 60 72 1.0605 0
24 60 62 1.0313 0
57 67 63 1.0641 0
35 68 58 1.1096 0
23 67 59 1.0246 0
11 68 58 0.9994 0
0
