128
0 0 127 70.4109 0
0 127 0 69.9675 0
127 127 127 68.8752 0
127 0 0 68.5528 0
109 109 19 41.063 0
111 18 108 41.0378 0
21 108 107 39.6066 0
22 20 21 38.4807 0
49 61 66 26.7825 0
64 119 64 19.408 0
64 9 63 19.3463 0
127 63 63 17.1931 0
87 61 43 15.0563 0
88 65 85 14.1254 0
0 58 48 11.8351 0
0 69 79 11.7602 0
70 91 81 11.6113 0
65 91 46 11.607 0
72 35 47 10.649 0
72 33 78 8.9585 0
82 95 60 8.8488 0
88 25 63 8.2193 0
17 69 51 7.3824 0
4 85 66 7.3022 0
5 41 60 7.293 0
85 45 76 6.8882 0
106 56 76 6.5844 0
106 71 51 6.5626 0
88 85 76 6.5726 0
107 71 76 6.5621 0
1 53 68 6.561 0
107 53 51 6.5609 0
122 88 61 6.4657 0
46 93 52 6.2444 0
16 59 75 6.0656 0
82 81 52 5.955 0
94 63 64 6.0019 0
18 72 74 5.8241 0
121 38 65 5.859 0
52 94 75 5.7089 0
19 53 53 5.7964 0
39 108 64 5.5833 0
50 28 75 5.5641 0
39 20 63 5.5156 0
54 31 52 5.553 0
88 39 52 5.5808 0
2 74 57 5.4313 0
81 38 63 5.4126 0
94 79 53 5.1622 0
101 44 65 3.1715 0
25 82 56 5.0402 0
35 89 56 4.9399 0
102 82 65 3.1298 0
96 101 64 4.8335 0
100 82 74 4.5673 0
98 45 53 4.5749 0
20 75 63 4.1735 0
29 86 68 4.2855 0
97 48 74 4.025 0
105 62 66 3.9945 0
42 92 71 3.9392 0
47 104 54 3.8748 0
20 49 72 3.7001 0
17 65 65 3.5013 0
116 80 54 3.6721 0
87 71 66 3.6401 0
14 93 65 3.6292 0
116 47 73 3.6356 0
80 46 54 3.6306 0
76 78 73 3.5497 0
87 55 64 3.6093 0
18 57 63 3.5593 0
83 83 66 3.5554 0
45 92 63 3.5446 0
73 32 63 3.5398 0
91 96 71 3.5318 0
88 34 72 3.4331 0
3 66 63 3.2474 0
103 26 64 3.2746 0
84 48 61 3.1815 0
102 82 57 3.2687 0
22 81 70 3.1039 0
54 91 59 3.0716 0
30 103 64 2.9636 0
30 25 63 2.9007 0
36 91 65 3.0042 0
18 32 62 3.0027 0
103 61 57 3.0017 0
114 95 62 2.9905 0
86 74 58 3.0413 0
117 80 72 2.9959 0
47 104 72 2.9762 0
72 79 55 2.8217 0
48 24 55 2.9595 0
11 50 72 2.5405 0
22 47 60 2.8815 0
116 46 55 2.8354 0
98 36 56 2.7871 0
43 23 71 2.8258 0
109 81 72 2.5294 0
45 32 55 2.7129 0
55 91 66 2.799 0
107 99 63 2.7507 0
25 42 71 2.667 0
84 76 71 2.5863 0
75 73 55 2.6583 0
26 42 57 2.65 0
16 80 55 2.5332 0
95 40 72 2.5294 0
38 33 72 2.6245 0
113 31 64 2.5723 0
79 53 72 2.5405 0
91 53 72 2.5303 0
108 43 55 2.5294 0
14 45 55 2.5294 0
74 44 72 2.5405 0
10 78 55 2.5294 0
13 83 72 2.5405 0
109 45 72 2.5294 0
95 75 72 2.5294 0
109 82 55 2.5294 0
96 90 72 2.5294 0
93 88 55 2.5737 0
20 97 65 2.5697 0
54 98 55 2.5294 0
59 33 72 2.5424 0
76 52 55 2.5294 0
60 89 62 2.4337 0
0
